file_name,url_punct_char_count,external_link_count,embedded_js_count,tag_count,whitespace_ratio,internal_link_count,form_count,script_entropy,entropy,total_script_characters,min_link_length,url_digit_count,html_whitespace_ratio,TARGET
sample_06438.html,0.6735153073470901,1.4508052491548091,5.233232022767749,0.27656088008176244,0.2679616397772661,-0.20863147734925316,0.5684261156270678,0.696831197576546,0.7793969580205343,0.7234358162464399,-0.017134301856757187,0.042663583640671326,-0.6872611458182438,0
sample_05043.html,-0.39455129650937437,-0.34942621602408036,-0.4993703348891979,-0.38807974889826136,-0.16290427059346818,-0.3304845408950493,-0.10977361938621372,0.6141423667277572,0.5659877759004527,-0.19037783021566296,-0.0209911431324574,-0.08540651884975704,-1.0999451962471427,1
sample_04636.html,0.45109097435082435,1.0225948520976944,-0.26051190332015844,0.7121561230748241,-0.07617727040103241,-0.14161229239906528,1.2466258506403491,0.6762960852380162,0.6086478405200809,-0.11587865379086477,-0.01584868809819045,0.19519001078746398,-0.356226497287859,0
sample_06557.html,-0.16675439508324713,-0.4105991298893824,2.605789275508315,-0.10790816068206673,0.6692236824090314,0.10818648786981676,-0.10977361938621372,0.7041649375841974,0.7557911028884196,-0.05838375899341921,-0.009420619305356762,-0.06601511350092382,-0.18372087755004535,0
sample_05323.html,-0.37574730700485914,-0.39312115449929613,-0.4993703348891979,-0.40750770574536976,-0.45257106366892685,-0.2634653559448614,-0.44887348689285445,0.4080974985032993,-0.3377860720217351,-0.2643442354145389,-0.013277460581056975,-0.10045656479213506,-0.18971701377273167,0
sample_09293.html,-0.33115498903700874,-0.3406872283290372,-0.021653471751118984,-0.17539474762465376,0.30249250383076143,-0.1477049455763551,-0.44887348689285445,0.5715280441505952,1.3597726738741784,-0.12599020768284797,-0.02613359816672435,0.03354672888711541,-0.9522860800790534,1
sample_03675.html,0.13518395067496866,0.17491304567850874,0.13758548262824066,-0.04860176609615691,0.5372049650498286,0.11427914104710657,-0.10977361938621372,0.7265256688609654,0.07930334609967095,-0.1919539450923497,-0.02613359816672435,-0.08395939904760531,-0.039888822454192285,0
sample_05882.html,-0.3590923448722885,-0.39312115449929613,0.13758548262824066,-0.3338859745352748,0.29992761188371664,-0.17816821146280412,-0.44887348689285445,0.7269560242983315,0.7354586226319014,-0.19042222781782314,-0.02613359816672435,-0.084538246968466,-0.36852939193350503,0
sample_02168.html,-0.44182989869215544,-0.46303305605964135,-0.5789898120788778,-0.4606789560637717,-0.7343906102748531,-0.3304845408950493,-0.10977361938621372,-1.9925510562714843,0.08095313684288441,-0.2694832578645808,-0.00042132299538959916,-0.1034955163766537,-0.45071318135541083,1
sample_05014.html,0.28346683933914585,-0.22708038829347624,0.7745413001456792,0.6865930219602079,1.1349444203626358,1.0403624239951572,0.9075259831337085,0.39952784937485036,-0.24789624581214847,-0.13297173062253778,-0.02613359816672435,-0.08280170320588393,-0.6430184663897398,0
sample_07547.html,-0.04479709172539128,-0.0348226590025269,0.21720495981792048,-0.10893068472665138,0.5273795994743395,-0.11724167968990606,-0.44887348689285445,0.641371687070021,0.718396195395037,0.467294949983766,-0.02613359816672435,-0.058779514490165156,-0.786878865353941,1
sample_09308.html,1.7576996164931389,0.03508924255781832,-0.18089242613047862,1.494387017182083,0.6663659490879457,2.990011440727895,-0.10977361938621372,0.5476337485494125,-0.837581663813237,-0.24122418408962013,-0.02613359816672435,0.449014824084878,0.5428755565083547,0
sample_06602.html,-0.3273941911361057,-0.3406872283290372,-0.4993703348891979,-0.3931923691211846,0.4911933928541008,-0.2817433154767308,-0.10977361938621372,0.343253371727165,0.013881530544676085,-0.25871683934073486,-0.004278164271089811,-0.09582578142524951,-0.2023741806974135,1
sample_08176.html,1.0818305080165633,1.8178427323466215,0.45606339138695995,0.8491743450491676,0.30146410403239454,-0.23909474323570218,0.9075259831337085,0.6942202841841522,0.5592131056299888,-0.17433919643529444,-0.022276756891024138,0.09128680899296955,-0.22621330355156527,0
sample_01678.html,-0.4520377787088923,-0.4805110314497277,-0.5789898120788778,-0.49237720144589586,-2.256016803315404,-0.3365771940723391,-0.44887348689285445,-1.9925510562714843,-1.4078000403100033,-0.2694943572651209,-0.027419211925291086,-0.10364022835686888,-1.3155472897162082,1
sample_07846.html,-0.3521080059134686,-0.44555508066955507,-0.4993703348891979,0.3563177555593653,0.8316034097730566,0.8636754818537528,0.9075259831337085,-1.9925510562714843,0.5397611412315303,-0.26943886026242064,-0.02613359816672435,-0.011313984979588314,-0.08887172051661732,1
sample_09445.html,0.0852190642772568,0.131218107203293,0.13758548262824066,-0.01792604475861735,-0.28276724577226003,-0.0502224947397182,0.22932624812042704,0.5552483895732525,-0.28444242426127575,-0.14076350980165106,-0.0209911431324574,-0.04734726805316646,0.21492640010458855,0
sample_03893.html,-0.11356596762761836,-0.061039622087656356,-0.18089242613047862,0.5649126606546343,-0.006348389340745628,0.5468575166346828,-0.10977361938621372,0.554613817259386,-0.06962635116999316,0.4114982634689477,-0.02613359816672435,-0.0758555281555556,-0.19976148619810713,0
sample_03261.html,-0.36930022488902536,-0.46303305605964135,-0.34013138050983827,-0.35229140733779857,0.33309298910088636,-0.14161229239906528,-0.10977361938621372,0.40380108870517384,-0.10325653751684397,-0.2563637664262448,-0.02613359816672435,-0.08092044746308667,0.19015225553639703,0
sample_09837.html,-0.3521080059134686,-0.46303305605964135,1.0133997317147188,-0.29093996466271943,0.678871029740493,-0.1537975987536449,-0.10977361938621372,0.6715219599392238,0.8525391041317624,0.2141065242647446,-0.00042132299538959916,-0.09336567776159158,-0.4202264826622514,1
sample_06666.html,-0.35962960171527464,-0.3057312775488646,-0.4197508576995181,-0.3533139313823832,0.529557671918042,-0.3304845408950493,-0.44887348689285445,0.5886630682859546,-0.6207343479127563,-0.26476601263506067,-0.02613359816672435,-0.09828588508890747,0.916047341823905,0
sample_08551.html,-0.4520377787088923,-0.4805110314497277,-0.4993703348891979,-0.4913546774013112,-2.256016803315404,-0.3365771940723391,-0.44887348689285445,0.36192587744384835,-0.3127391880546308,-0.2680070375927545,-0.027419211925291086,-0.10364022835686888,-0.9705573146606707,1
sample_07104.html,-0.39455129650937437,-0.4717720437546845,-0.5789898120788778,-0.38398965271992275,0.5727694976845553,-0.22690943688112258,-0.10977361938621372,-1.9925510562714843,0.8752550932826074,-0.26937226385918034,-0.02613359816672435,-0.10320609241622336,-0.2091589257355431,1
sample_00711.html,-0.4429044123781278,-0.4717720437546845,-0.4993703348891979,-0.48828710526755725,-0.9394793580061619,-0.32439188771775945,-0.44887348689285445,0.3923621654178647,-0.2520747414555531,-0.26691929633982986,-0.0107062330639235,-0.10320609241622336,-1.0010023971497055,1
sample_02337.html,-0.3940140396663882,-0.4105991298893824,-0.4993703348891979,-0.37580946036324553,-0.6891072807681635,-0.31220658136317986,0.22932624812042704,0.5775595788144166,1.4115044180747924,-0.2398811566242744,-0.02613359816672435,0.0008418213584862436,-0.4865859190682433,1
sample_01471.html,-0.26883319525061544,-0.08725658517278581,0.05796600543856084,0.04956054218396968,1.1724910751670816,-0.1477049455763551,-0.10977361938621372,0.5339729312158222,-1.066687598963549,-0.23245565766298268,-0.02613359816672435,-0.07831563181921355,1.5491715128656105,0
sample_08024.html,-0.41281802917090343,-0.46303305605964135,-0.4197508576995181,-0.43716090303832467,0.1396284905364718,-0.20253882417196337,-0.44887348689285445,0.10067813050661828,-0.07900223035308174,-0.25043668653785944,-0.01970552937389066,-0.10016714083170472,0.49855808003628455,1
sample_08319.html,0.39091820793637566,1.0925067536580397,1.0133997317147188,0.22134458167419122,1.2704718988106718,-0.32439188771775945,0.5684261156270678,0.5510801004889002,-0.02103162352098313,-0.11526818676116216,-0.02613359816672435,-0.040690516963268496,0.5916134509028874,0
sample_05922.html,0.10079951272385512,0.22734697184876765,0.9337802545250389,0.5505973240304491,1.203788160148696,-0.0502224947397182,-0.10977361938621372,0.6616653734467127,1.7457637521491218,-0.09981782120941617,-0.02613359816672435,-0.01869429597056215,-0.3348820650910546,0
sample_04063.html,-0.4332337892043771,-0.4717720437546845,-0.4197508576995181,-0.43920595112749394,-0.5498168799907667,-0.2573727027675716,-0.10977361938621372,0.40139478109889704,0.27503548295533803,-0.2675630615711526,-0.02613359816672435,-0.10132483667342611,-0.3732409407576299,1
sample_03788.html,-0.36177862908721925,-0.3756431791092098,-0.4197508576995181,-0.38194460463075347,1.3500717195250638,-0.2208167837038328,-0.10977361938621372,0.3853357266404807,0.5696983816960371,-0.26221315051084976,-0.011991846822490236,-0.09712818924718608,-0.19295414689877835,1
sample_00450.html,-0.4520377787088923,-0.4805110314497277,-0.4993703348891979,-0.4893096293121419,-1.2220532489725586,-0.3365771940723391,-0.44887348689285445,0.34540612434398205,-0.3509012897668083,-0.2678294471841138,-0.027419211925291086,-0.10364022835686888,0.11082971052464799,1
sample_09469.html,-0.2946215237139506,-0.3406872283290372,-0.4197508576995181,-0.2725345318601957,-0.6365881682396257,-0.07459310744887743,-0.44887348689285445,0.5296036248983791,-0.6083810918195904,-0.2602707554163415,-0.02613359816672435,-0.09220798191987019,0.2756415345248962,0
sample_09885.html,0.07339941373156152,0.20986899645868135,0.3764439141972801,0.10988946081446414,0.6409576131440241,-0.04412984156242839,0.22932624812042704,0.5368605443323826,0.6734816412210071,2.830834599183081,-0.0209911431324574,0.15307882454484856,-1.1423533989784103,0
sample_07141.html,-0.4450534397500724,-0.4805110314497277,-0.5789898120788778,-0.42898071068164745,0.2621742996695351,-0.30002127500860026,-0.10977361938621372,-1.9925510562714843,-0.568306198501085,-0.26943886026242064,-0.008135005546790024,-0.10364022835686888,0.036300929807954324,1
sample_06978.html,-0.3821943891206929,-0.2882533021587783,-0.5789898120788778,-0.37376441227407625,1.0511664063880717,-0.31829923454046966,-0.44887348689285445,-1.9925510562714843,-0.7873152263219263,-0.2694943572651209,-0.02613359816672435,-0.10204839657450197,0.24703945536138674,1
sample_04203.html,-0.4171160839147926,-0.44555508066955507,-0.4993703348891979,-0.4637465281975256,0.26547052895854195,-0.30611392818589006,-0.10977361938621372,0.36868178952685593,-0.056850127536756084,-0.25880563454505523,-0.02613359816672435,-0.10175897261407163,0.5317621656219589,1
sample_09988.html,0.22598035713962786,0.5157335657851917,0.2968244370076003,-0.031218857338217828,0.8347353620459892,-0.12333433286719588,0.5684261156270678,0.7008834959458072,0.24059538950241482,-0.23301062768998504,-0.02613359816672435,0.036440968491418875,-0.12899851563667686,1
sample_09194.html,-0.43538281657632166,-0.4805110314497277,-0.4993703348891979,-0.3165030657773357,0.8275359639062684,-0.1537975987536449,-0.10977361938621372,-0.17131392189562852,-0.9263571103559429,-0.2650323982480218,-0.02613359816672435,-0.10335080439643853,1.555125250624696,1
sample_04255.html,0.5053539154924254,0.2186079841537245,0.45606339138695995,0.9943727593801881,1.55764968252448,1.143937528009084,0.22932624812042704,0.49987484459995585,0.9334152802361508,0.022708461352167142,-0.02613359816672435,0.024574586113774666,-0.9193267374081128,0
sample_08719.html,-0.26507239734971244,-0.42807710527946874,-0.34013138050983827,-0.42080051832497023,0.23996129885080023,-0.2878359686540206,-0.44887348689285445,0.3489712777323546,2.2390793506185473,-0.22494136349737057,-0.02613359816672435,0.3374418873389794,-0.4505665728919449,1
sample_08216.html,-0.119475792900466,-0.19212443751330363,0.13758548262824066,-0.056781958452834125,0.883889932790449,0.40063384037972744,-0.44887348689285445,0.7720527103454988,0.9293254755714438,-0.03030227562709927,-0.02613359816672435,-0.049517947756394065,-0.18307031145680547,0
sample_08808.html,-0.1785740456289424,-0.08725658517278581,0.21720495981792048,0.3665429960052118,0.6649447887793511,0.07163056880607792,-0.44887348689285445,0.6372430468597979,-1.5182126788215329,-0.24940444228763506,-0.02613359816672435,-0.08685363865190877,1.9132762720087413,0
sample_07437.html,-0.3075156879456182,-0.38438216680425297,0.13758548262824066,-0.1528992186437914,-0.10478961982168644,-0.0502224947397182,0.9075259831337085,0.3446390838797575,-0.3274469679176766,-0.23953707520753292,-0.02613359816672435,-0.08265699122566875,0.4862996959548247,1
sample_03928.html,-0.4520377787088923,-0.4805110314497277,-0.5789898120788778,-0.4903321533567266,-1.114558160185379,-0.3365771940723391,-0.44887348689285445,-1.9925510562714843,-1.60279190543054,-0.2694943572651209,-0.027419211925291086,-0.10364022835686888,0.2457020263352195,0
sample_09193.html,0.5682129661218048,1.4682832245448953,0.5356828685766397,1.0362962452081588,0.8925974443242464,0.38844853402514784,0.22932624812042704,0.655947712148698,-0.06510663139363146,-0.04781712967929407,-0.02613359816672435,0.029350081460875383,0.2679332148363927,0
sample_04559.html,1.1403915039020536,-0.3232092529389509,0.3764439141972801,1.6927566818315056,0.6857337223748078,3.306829405946965,-0.10977361938621372,0.6140089517936893,0.04500657141773773,-0.12121746545062757,-0.02613359816672435,0.2595868419832161,0.05590282687127162,0
sample_03342.html,-0.22585264781172354,-0.15716848673313102,-0.021653471751118984,-0.30934539746524314,0.46034698865779095,-0.3304845408950493,-0.44887348689285445,0.7445254629027582,0.46816774994109095,-0.2190697806116855,-0.01584868809819045,-0.09133971003857914,-0.3759356812383137,0
sample_05452.html,-0.4138925428568757,-0.4368160929745119,-0.5789898120788778,-0.459656432019187,-0.8207626822404576,-0.29392862183131047,-0.44887348689285445,-1.9925510562714843,-0.0863040405360785,-0.2694166614613405,-0.017134301856757187,-0.10103541271299576,-0.5611941773477015,1
sample_04298.html,0.36029456788616515,0.017611267167732012,-0.18089242613047862,0.1599931389991121,-0.1047478450352498,0.6869885397123483,-0.10977361938621372,0.5972377295417062,0.2951234205374442,-0.24285579596900708,-0.02613359816672435,0.07942042661532535,-0.3122412855282322,0
sample_04023.html,-0.3338412732519395,-0.3232092529389509,1.3318776404734378,-0.15698931482213002,-0.045435297114741216,-0.275650662299441,-0.10977361938621372,0.6673038413854433,1.2968414211028731,1.1056880714451327,-0.011991846822490236,-0.08772191053319982,-1.0632552190220441,1
sample_04885.html,0.09166614639309059,0.04382823025286147,0.05796600543856084,0.8665572538071066,1.0260605409730812,1.515589371823762,-0.10977361938621372,0.5348581079526843,-1.15565225224079,-0.2324334588619026,-0.02613359816672435,0.13035904365106635,1.9708951321593196,0
sample_03641.html,-0.4520377787088923,-0.4805110314497277,-0.4993703348891979,-0.49237720144589586,-2.256016803315404,-0.3365771940723391,-0.44887348689285445,0.8029935427573459,1.4703384756956812,-0.267185681952791,-0.027419211925291086,-0.10364022835686888,-1.0168014571092276,1
sample_00852.html,0.4430321217060321,0.7866421843315294,2.207691889559916,0.1814661439353898,0.3677203384975979,-0.17207555828551432,0.5684261156270678,0.4853050357632484,-0.07196725018032701,0.009933051330572576,-0.02613359816672435,0.051346302453581724,0.07316991407648415,0
sample_08375.html,0.07984649584739531,0.4108657134446739,0.7745413001456792,-0.1702821274017305,0.2794675956847423,-0.21472413052654296,-0.10977361938621372,0.7222314449193852,0.5824288280942631,-0.17078738826247927,-0.02613359816672435,0.09027382513146334,-0.6376019062128436,0
sample_06412.html,-0.06951090650275414,-0.052300634392613204,0.13758548262824066,-0.23981376243348684,0.39106229413847327,-0.21472413052654296,0.22932624812042704,0.688317090664773,0.41014239428783905,-0.20915801592942318,-0.02613359816672435,-0.037651565378749856,-0.23816308626973168,0
sample_04438.html,-0.3096647153175628,-0.3406872283290372,-0.4993703348891979,-0.37376441227407625,0.06381297614258408,-0.2695580091221512,-0.10977361938621372,0.3316516123233787,-2.6902685408208695,-0.26031515301850167,-0.02613359816672435,-0.0910502860781488,3.566025188243186,1
sample_04964.html,-0.41872785444375105,-0.44555508066955507,-0.4993703348891979,-0.41466537405746234,-0.8807664702485071,-0.30002127500860026,-0.10977361938621372,0.40973863008096567,0.42220264208583586,-0.25702973045864763,-0.014563074339623712,-0.10045656479213506,-0.37157295495220827,1
sample_06413.html,0.4043496290110294,0.7604252212463999,1.2522581632837582,0.3195068899543178,0.10425323438410003,-0.2634653559448614,0.5684261156270678,0.6030006009757044,0.9663763958687447,-0.0791285386027678,-0.02613359816672435,-0.035625597655737425,-0.35800930574670364,0
sample_03451.html,0.30012180147171647,0.1836520333735519,0.6949218229559994,0.37165561622813503,0.9071227640653059,0.7479150714852464,-0.10977361938621372,0.6660418335647638,-0.5013398126337625,-0.08316872039934506,-0.02613359816672435,-0.07846034379942872,1.1827416699571929,0
sample_04273.html,0.27164718879345057,0.35843178727441494,0.13758548262824066,0.4575476359732458,0.30315179208106846,-0.007573922498689558,0.22932624812042704,0.6172288393816091,0.03683649761745088,-0.17680326335518498,-0.02613359816672435,0.07609205107037637,0.37840072989037987,0
sample_00861.html,-0.4117435154849311,-0.4717720437546845,-0.4197508576995181,-0.4003500374332772,-0.5705506972726025,-0.30002127500860026,-0.10977361938621372,-0.17129303876016413,-0.8566306587594393,-0.24791712261526871,0.006006745797444088,-0.10002242885148954,1.4075878149181027,1
sample_02805.html,-0.0023538011294855017,-0.4368160929745119,-0.021653471751118984,-0.4197779942803856,-1.6710552789346613,-0.3365771940723391,-0.44887348689285445,0.5109003341452141,0.12958186587633036,0.707541474673092,0.04328954479587948,-0.030705390328421536,-0.1886535320150697,0
sample_02286.html,-0.012561681146222334,0.1486960825933793,0.45606339138695995,0.22338962976336052,0.6003013590293501,-0.05631514791700801,0.22932624812042704,0.6262990486878244,1.0273741559484801,0.3674891403276597,-0.014563074339623712,-0.066159825481139,-0.44937077194391256,0
sample_09559.html,1.4681181781236046,0.5769064796504938,0.2968244370076003,0.2090742931391754,0.2820081119409484,-0.2695580091221512,-0.44887348689285445,0.5280312332167781,0.8189291733809427,0.38596964222683866,-0.017134301856757187,0.060897293147783166,-0.5587083914107229,0
sample_08262.html,-0.05661674227108656,0.27978089801902656,-0.1012729489407988,-0.16925960335714585,-0.19830155873671482,-0.30002127500860026,0.5684261156270678,0.6126833793423633,0.10274790066228531,-0.17856806804105252,-0.02613359816672435,-0.0720930166699611,-0.5315457739843709,0
sample_01890.html,-0.30268037635874284,-0.3232092529389509,0.7745413001456792,-0.4197779942803856,-1.1653497599340732,-0.3365771940723391,-0.44887348689285445,0.5459785691291389,0.20889231994378032,4.966825437910884,0.02529095217594515,-0.07397427241275835,-0.9061493027435817,0
sample_00723.html,0.02074824311891891,0.131218107203293,-0.18089242613047862,-0.27764715208311896,0.6781083825049569,-0.30611392818589006,-0.44887348689285445,0.7449095211022295,0.024381695735597692,-0.23632934845145923,-0.01584868809819045,-0.07918390370050458,-0.051196005088116524,0
sample_06141.html,-0.23659778467144651,-0.270775326768692,-0.4197508576995181,-0.17948484380299237,0.5695168115550846,-0.0014812693213997515,0.22932624812042704,0.481741991032134,-0.08013145794352045,-0.14794482195106173,-0.02613359816672435,-0.09611520538567987,-0.05087585235989346,0
sample_08714.html,0.12605058434420413,0.08752316872807724,1.0930192089043984,0.43300705890321417,0.9074324776566575,0.6504326206486095,0.5684261156270678,0.5752697916365781,0.37250122396518154,-0.13643474359103255,-0.02613359816672435,-0.0634102978570507,0.21274419603259917,0
sample_08964.html,-0.45150052186590617,-0.4805110314497277,-0.4993703348891979,-0.4913546774013112,-2.256016803315404,-0.3304845408950493,-0.44887348689285445,0.9352066499759395,2.2831966413397606,-0.19098829724536556,-0.01970552937389066,-0.10364022835686888,-1.5198422527019813,1
sample_00592.html,0.5854051850973616,-0.0348226590025269,0.854160777335359,1.318512881513523,1.1629851068424852,3.0387526661462134,1.2466258506403491,0.37780876846985983,-0.2765739466550608,-0.1287650578178598,-0.02613359816672435,0.16841829444765694,0.4408984120163736,0
sample_09240.html,0.9625594888736383,1.3459373968142911,0.13758548262824066,0.21009681718376003,-0.05898248245717559,-0.31829923454046966,0.9075259831337085,0.6413579397705503,-0.08561249965516347,-0.20274256241727576,-0.02613359816672435,-0.006249065672057248,-0.11856518202576724,0
sample_07300.html,2.0005397095228785,1.2410695444737734,6.268285226233587,1.7786487015766164,1.0011439096479406,1.107381608945345,-0.10977361938621372,0.5468927878493961,1.0250600815686886,1.441278446773466,-0.009420619305356762,0.6556635318321454,-0.8678182885520109,0
sample_08367.html,-0.11678950868553527,-0.2532973513786057,0.3764439141972801,-0.0005431360006782686,0.13993092472896967,0.3457999617841192,-0.44887348689285445,0.5315932602767866,-0.33940561585025913,-0.19804751598883572,-0.014563074339623712,-0.09843059706912263,0.5164524741529831,0
sample_04510.html,-0.4369945871052801,-0.4717720437546845,-0.4993703348891979,-0.4535212877516791,-0.33461235379490356,-0.31829923454046966,-0.10977361938621372,-0.48468491503993677,-4.017260870569036,-0.13213927558203423,0.011149200831711038,-0.10291666845579302,5.169983277191889,1
sample_02365.html,-0.411206258641945,-0.4542940683645982,0.21720495981792048,-0.3614941237390604,0.474707462111984,-0.21472413052654296,-0.10977361938621372,0.9499327261922962,1.3220882473219104,-0.009268911603709434,-0.02613359816672435,-0.10262724449536266,-0.5124760219672805,1
sample_03574.html,-0.4520377787088923,-0.4805110314497277,-0.5789898120788778,-0.49237720144589586,-2.256016803315404,-0.3365771940723391,-0.44887348689285445,-1.9925510562714843,-1.0412221817477987,-0.2694943572651209,-0.027419211925291086,-0.10364022835686888,-1.1937609885127358,1
sample_07463.html,0.8239472233832118,1.6605409538358447,-0.1012729489407988,0.4708404485528463,0.3957327612882186,-0.2817433154767308,0.9075259831337085,0.28539762108114775,0.26201806167937497,1.3384203019688468,-0.02613359816672435,-0.07455312033361905,-0.9844262667020119,1
sample_06273.html,-0.328468704822078,-0.4193381175844256,-0.18089242613047862,-0.298097632974812,0.2732185164037641,-0.19035351781738374,-0.10977361938621372,0.5860997203360968,0.16029255800920716,-0.2270946472021398,0.024005338417378414,-0.09944358093062886,-0.2885756547882059,1
sample_03651.html,-0.12592287501629978,0.026350254862775167,-0.4197508576995181,-0.30321025319773526,0.44865925368541476,-0.2634653559448614,-0.10977361938621372,0.5700730186908806,0.04266012568049806,-0.2513579367826834,-0.02613359816672435,-0.05776653062865894,-0.11605901822943815,0
sample_07392.html,-0.3854179301786098,-0.3756431791092098,-0.34013138050983827,-0.19993532469468542,-0.4233067114528926,-0.2817433154767308,0.22932624812042704,0.3675598416052989,0.001481310103635372,-0.19735935315535277,-0.018419915615323922,-0.10291666845579302,-0.08327147277709158,1
sample_04463.html,-0.3821943891206929,-0.2882533021587783,-0.5789898120788778,-0.37376441227407625,0.9967473344221405,-0.31829923454046966,-0.44887348689285445,-1.9925510562714843,-0.08055213108541676,-0.2694943572651209,-0.02613359816672435,-0.10204839657450197,0.24826405649579475,1
sample_01343.html,-0.440218128163197,-0.4805110314497277,-0.5789898120788778,-0.48419700908921864,-2.256016803315404,-0.30611392818589006,-0.44887348689285445,-1.9925510562714843,-0.1978691029778706,-0.26943886026242064,-0.01584868809819045,-0.09524693350438883,-1.2002264804210399,1
sample_03897.html,2.3712469311833213,2.3946159202194695,0.05796600543856084,1.6160673784876567,0.32500812052416184,-0.007573922498689558,0.9075259831337085,0.3274942510651614,-0.10922895125024118,0.0819348626338601,-0.02613359816672435,0.5079126000324535,-0.09140244726049365,0
sample_02164.html,-0.4520377787088923,-0.4805110314497277,-0.5789898120788778,-0.486242057178388,-1.1815523694477388,-0.3365771940723391,-0.44887348689285445,-1.9925510562714843,-1.7508986373526505,-0.2694943572651209,-0.027419211925291086,-0.10364022835686888,2.656660333401838,0
sample_01001.html,-0.44397892606410005,-0.4717720437546845,-0.5789898120788778,-0.4606789560637717,-1.557239237400944,-0.31829923454046966,-0.44887348689285445,-1.9925510562714843,-0.11589059344080208,-0.2694832578645808,-0.013277460581056975,-0.10204839657450197,-0.7448326140822324,0
sample_00342.html,-0.155472001380538,0.2186079841537245,-0.18089242613047862,-0.368651792051153,-0.7397151513966914,-0.32439188771775945,-0.10977361938621372,0.39798116651245463,-0.10348496275220825,0.48695198834018993,-0.01970552937389066,-0.0948127975637433,-1.3830586423136273,0
sample_06792.html,1.2349487082676158,0.20986899645868135,1.2522581632837582,0.7101110749856548,-0.20959223944363206,1.5399599845329213,-0.44887348689285445,0.40049820411510534,0.19078470034668402,-0.11921957335341904,-0.02613359816672435,0.12804365196762357,-0.06165766952971644,0
sample_09821.html,-0.44129264184916933,-0.4805110314497277,-0.4993703348891979,-0.48010691291088003,-1.044802351692958,-0.30611392818589006,-0.44887348689285445,0.025223930346706468,-0.39643033321428045,-0.2690170830418988,-0.011991846822490236,-0.1019036845942868,-0.7825862816675196,0
sample_02510.html,0.8986259245582865,0.6992523073810979,3.1631256158360737,0.46163773215158443,0.340590333883562,0.37017057449327845,-0.44887348689285445,0.6964942338554055,1.1203129180254379,0.7917193283688116,-0.02613359816672435,0.15076343286140578,-0.8783393004125255,0
sample_09684.html,-0.02706761590684836,-0.24455836368356254,-0.4197508576995181,-0.044511669917818304,0.624678575998461,0.035074649742339085,2.942125188173553,0.5318824085073856,0.2933283848618065,-0.2527009642480291,-0.00042132299538959916,-0.06384443379769622,0.03534525644374723,1
sample_09085.html,-0.43538281657632166,-0.4717720437546845,-0.4197508576995181,-0.4494311915733405,-1.8285293515827974,-0.22690943688112258,-0.10977361938621372,0.4066228702510142,0.20549469220527664,-0.2642110426080583,-0.02613359816672435,-0.10233782053493232,-0.4970429029906451,1
sample_03322.html,-0.4520377787088923,-0.4805110314497277,-0.4993703348891979,-0.49237720144589586,-2.256016803315404,-0.3365771940723391,-0.44887348689285445,0.6965351790949222,0.9393975359334465,-0.26774065197979335,-0.027419211925291086,-0.10364022835686888,-0.906100176848487,1
sample_02829.html,-0.3273941911361057,-0.3406872283290372,-0.4993703348891979,-0.3931923691211846,0.4911933928541008,-0.2817433154767308,-0.10977361938621372,0.343253371727165,0.01502291509784923,-0.25871683934073486,-0.004278164271089811,-0.09582578142524951,-0.20254721649351112,1
sample_09125.html,-0.38488067333562365,-0.4018601421943393,-0.021653471751118984,-0.42182304236955487,-0.36555504348404544,-0.3304845408950493,-0.10977361938621372,0.4310171584452673,-0.27320391349665574,-0.03216697491782723,-0.011991846822490236,-0.09466808558352813,-0.9192301935511127,0
sample_07765.html,-0.3096647153175628,-0.3406872283290372,-0.4993703348891979,-0.37376441227407625,0.06381297614258408,-0.2695580091221512,-0.10977361938621372,0.3316516123233787,-2.690369538117064,-0.26031515301850167,-0.02613359816672435,-0.0910502860781488,3.5660843661725488,1
sample_06818.html,-0.36285314277319153,-0.3756431791092098,0.21720495981792048,-0.4085302297899544,0.6403655836322155,-0.31220658136317986,-0.10977361938621372,0.5751550030940337,0.41578695371469393,-0.11980784158204155,-0.002992550512523074,-0.09047143815728811,-0.24000341687538027,0
sample_03106.html,-0.4079827175840281,-0.44555508066955507,-0.5789898120788778,-0.4729492445987875,-1.1680996285521696,-0.2817433154767308,-0.44887348689285445,-1.9925510562714843,-0.05402684354129743,-0.26943886026242064,-0.002992550512523074,-0.0932209657813764,-0.9258764395490112,1
sample_05214.html,0.9598732046587075,1.389632335289507,1.0133997317147188,1.5158600221183607,0.6922914554344931,0.5042089443936542,1.9248255856536307,0.609473636420515,0.7035104876571828,1.1044782367862676,-0.014563074339623712,-0.03490203775466156,-0.49665226868363177,1
sample_09664.html,-0.23176247308457118,0.04382823025286147,-0.021653471751118984,-0.31752558982192036,0.9090377788983321,-0.31220658136317986,-0.10977361938621372,0.6612510676925886,-0.10762249913926414,-0.2498373189086969,-0.02613359816672435,-0.0699223369667335,0.8137869151003375,1
sample_08563.html,-0.33115498903700874,-0.34942621602408036,-0.4993703348891979,-0.4003500374332772,0.4618700726624893,-0.2817433154767308,-0.10977361938621372,0.3316516123233787,0.10282095574229667,-0.26031515301850167,-0.004278164271089811,-0.09582578142524951,-0.3917082617145721,1
sample_01859.html,0.1948194602464312,-0.12221253595295842,0.7745413001456792,0.5076513141578938,0.45299496538502043,0.4676530253299153,-0.44887348689285445,0.6296517714868634,-0.4926331200436248,0.01980041841067472,-0.02613359816672435,-0.08555123082997222,-0.9854970886610905,0
sample_02749.html,-0.39455129650937437,-0.34942621602408036,-0.4993703348891979,-0.38807974889826136,-0.04931073521058602,-0.3304845408950493,-0.10977361938621372,0.6177007751318729,0.5715422126029442,-0.19202054149558997,-0.0209911431324574,-0.08497238290911152,-1.1006277697906102,1
sample_00539.html,0.6525622904706303,1.1187237167431694,0.9337802545250389,0.4115340539669365,0.5906469260933462,-0.09896372015803664,0.22932624812042704,0.5767919620259538,-0.16660196392274865,-0.08939548410231166,-0.02613359816672435,-0.03605973359638295,-0.4489782862894729,0
sample_05048.html,-0.22048007938186204,-0.3669041914141667,0.05796600543856084,-0.08950272787954298,1.0264032662143128,-0.19644617099467354,0.22932624812042704,0.6482271333106477,0.7455103321198354,11.94078968583293,-0.02613359816672435,-0.08743248657276947,-1.2074318463794302,1
sample_04795.html,-0.24788017837415563,-0.3669041914141667,-0.1012729489407988,0.056718210496062245,0.5675436705405242,-0.007573922498689558,-0.10977361938621372,0.3244624554133335,-0.6588785244782327,-0.24442081144515376,-0.02613359816672435,-0.09466808558352813,1.100419290231451,0
sample_01053.html,-0.44666521027903083,-0.4805110314497277,-0.34013138050983827,-0.46579157628669493,-2.031717831017028,-0.2817433154767308,-0.10977361938621372,-0.29279883450924066,-1.6369229735774486,-0.1478671261472814,-0.02613359816672435,-0.1034955163766537,-1.344893428018001,1
sample_03729.html,0.3522357152413729,0.8827710489770041,-0.021653471751118984,0.47186297259743093,0.9146474762385158,0.163020366465425,0.9075259831337085,0.37228870141767534,-0.5621781365034602,-0.22435309526874805,-0.02613359816672435,-0.07932861568071976,0.4515790308853143,0
sample_02664.html,1.447702418090131,-0.15716848673313102,1.5707360720424772,0.7254489356544246,1.0695128412568198,2.648822862799666,-0.10977361938621372,0.4589471468004961,0.29644955950815055,-0.08568828432193583,-0.02613359816672435,-0.07874976775985908,0.7088431428091208,0
sample_06079.html,0.2173842476518495,0.7866421843315294,-0.18089242613047862,-0.11199825686040533,0.5828998773393241,-0.29392862183131047,-0.10977361938621372,0.7364554499882804,0.10631132506368639,-0.23097943739115637,-0.02613359816672435,-0.08670892667169361,-0.20381428127980966,0
sample_08511.html,-0.44182989869215544,-0.4805110314497277,-0.5789898120788778,-0.4044401336116158,0.39005498763978147,-0.20863147734925316,-0.10977361938621372,-1.9925510562714843,-0.5311948564767017,-0.2694943572651209,-0.013277460581056975,-0.09843059706912263,0.357549095088158,1
sample_08944.html,-0.4332337892043771,-0.4717720437546845,-0.4197508576995181,-0.43920595112749394,-0.5498168799907667,-0.2573727027675716,-0.10977361938621372,0.4132812903160362,0.31287655432861566,-0.267651856775473,-0.02613359816672435,-0.10132483667342611,-0.7518343318236965,1
sample_09883.html,-0.4520377787088923,-0.4805110314497277,-0.5789898120788778,-0.49237720144589586,-2.256016803315404,-0.3365771940723391,-0.44887348689285445,-1.9925510562714843,-1.3950323556491044,-0.2694943572651209,-0.027419211925291086,-0.10364022835686888,-1.3133725301468988,1
sample_01551.html,0.4328242416892953,1.0138558644026514,0.7745413001456792,0.1467003264195116,-0.30526789185503883,-0.31220658136317986,-0.10977361938621372,0.6471821239465553,0.12210793205364469,-0.1887018207341158,-0.02613359816672435,-0.035625597655737425,-0.31099248650069894,0
sample_04690.html,0.19052140550254204,0.2186079841537245,-0.18089242613047862,0.3225744620880718,-0.2927987358231262,-0.03803718838513859,0.22932624812042704,0.5369373838417051,0.1800396783213298,-0.0637669682553422,-0.02613359816672435,-0.06485741765920243,-0.3798891815171922,0
sample_05549.html,-0.13451898450407818,-0.061039622087656356,0.13758548262824066,0.05467316240689294,0.6759077148556594,-0.0502224947397182,-0.44887348689285445,-0.04369024092412778,-0.7654740929986236,-0.12524654784666478,-0.02613359816672435,-0.06673867340199968,1.462353188064995,0
sample_03189.html,2.6774833316854263,2.9189551819220587,0.21720495981792048,3.424912413357906,1.2113430194496073,3.3799412440744425,-0.44887348689285445,0.6170500812763081,1.4602974347730089,-0.09107149358385881,-0.02613359816672435,0.21689680781973997,-0.19393541318550964,0
sample_08373.html,0.004630537829334437,-0.2008634252083468,-0.18089242613047862,0.07819121543233994,0.6993691628582597,0.351892614961409,-0.10977361938621372,0.6863888010444198,-0.3117504414946763,-0.19845819380881746,-0.02613359816672435,-0.08598536677061773,0.341191932105463,0
sample_00026.html,-0.2752802773664492,-0.1484294990380879,-0.26051190332015844,-0.20709299300677797,0.44334104115908635,-0.23300209005841238,-0.10977361938621372,0.6198130748367022,0.637226663359393,-0.252667666046409,-0.02613359816672435,-0.08989259023642741,-0.8251376900335323,0
sample_01422.html,-0.4520377787088923,-0.4805110314497277,-0.4993703348891979,-0.49237720144589586,-2.256016803315404,-0.3365771940723391,-0.44887348689285445,0.7732888073664484,1.3379314813239842,-0.267185681952791,-0.027419211925291086,-0.10364022835686888,-1.0168014571092276,1
sample_06717.html,0.3302081846789408,0.6031234427356232,0.13758548262824066,-0.036331477561141086,-0.016296420659822508,-0.31220658136317986,-0.10977361938621372,0.6979642136424391,-0.09072629345384699,-0.1980697147899158,-0.02613359816672435,-0.03215251013057327,0.37454064443059704,0
sample_08352.html,-0.4520377787088923,-0.4805110314497277,-0.5789898120788778,-0.48828710526755725,-0.4857802989613899,-0.3365771940723391,-0.44887348689285445,-1.9925510562714843,-2.374105694263592,-0.2694943572651209,-0.027419211925291086,-0.10364022835686888,-0.06926926283400898,0
sample_00342.html,-0.35103349222749625,-0.3756431791092098,0.45606339138695995,-0.35842655160530645,0.7438951502487113,-0.2695580091221512,-0.10977361938621372,0.6548681859637154,0.40237588735886365,-0.1977145339726343,-0.02613359816672435,-0.07469783231383421,-0.7663434459072461,1
sample_07863.html,-0.2591625720768648,-0.270775326768692,0.7745413001456792,-0.24594890670099476,0.47159118901012725,-0.23909474323570218,-0.10977361938621372,0.6375542682601549,1.1384887206471563,0.0628771919065987,-0.02613359816672435,-0.0032101140875386088,-1.0582395668266131,0
sample_04876.html,-0.10604437182581228,0.09626215642312039,-0.18089242613047862,-0.2173182334526245,1.0694366437556684,-0.30002127500860026,-0.44887348689285445,0.7106241645527435,-0.24861422248620413,-0.22447518867468857,-0.02613359816672435,-0.08048631152244115,0.25862942479589546,0
sample_06054.html,-0.24895469206012794,-0.46303305605964135,-0.5789898120788778,-0.47806186482171076,-0.4722282445368599,-0.32439188771775945,-0.44887348689285445,-1.9925510562714843,2.275925863471504,-0.2694943572651209,0.03557586224447905,0.3950372554646183,-1.5051251358237554,1
sample_00270.html,0.5698247366507633,0.5769064796504938,-0.34013138050983827,0.18248866797997443,0.3739440488918869,0.12646444740168616,0.22932624812042704,0.48776450454655335,-0.392134470477585,-0.18978956198704044,-0.02613359816672435,-0.06196317805489897,0.05325201026016692,0
sample_09997.html,-0.1785740456289424,-0.008605695917397443,-0.4197508576995181,-0.1958452285163468,0.3507371618305839,-0.2695580091221512,-0.44887348689285445,0.46730213238664614,0.5247743254689504,-0.2518019128042853,-0.011991846822490236,-0.0612396181538231,-0.4427328700470918,1
sample_04380.html,-0.3230961363922165,-0.4805110314497277,-0.4197508576995181,-0.13858388201960628,0.6614368694845623,-0.13551963922177548,-0.10977361938621372,0.13174053674426545,-1.0619950602753208,-0.2534113258825922,-0.02613359816672435,-0.07194830468974593,1.5511279568528176,1
sample_06003.html,-0.2500292057461002,-0.19212443751330363,-0.34013138050983827,-0.37989955654158414,-0.5684820641106765,-0.31220658136317986,-0.10977361938621372,0.7406371790315451,0.8412080062891809,-0.2409134008744988,-0.02613359816672435,-0.07846034379942872,-0.5053028068733549,0
sample_08341.html,-0.44720246712201694,-0.4717720437546845,-0.4993703348891979,-0.4688591484204489,-0.3020765113450368,-0.3304845408950493,-0.44887348689285445,0.2641027143297212,-0.190191392605962,-0.2634562833713351,-0.0107062330639235,-0.10320609241622336,-0.014161155735352524,1
sample_08359.html,-0.4455906965930585,-0.4717720437546845,-0.5789898120788778,-0.4760168167325414,-0.5084934647318502,-0.3304845408950493,-0.44887348689285445,-1.9925510562714843,1.517642265746694,-0.2694943572651209,0.011149200831711038,-0.10320609241622336,0.43481986475788775,1
sample_02961.html,-0.34780995116957936,-0.4717720437546845,-0.5789898120788778,-0.48215196100004937,-0.9735544420615118,-0.3304845408950493,-0.44887348689285445,-1.9925510562714843,2.2888894294798154,-0.2694943572651209,-0.00042132299538959916,0.10691570285620827,-1.5084406122363265,1
sample_06741.html,0.45377725856575507,1.8353207077367077,0.45606339138695995,0.14567780237492697,0.7983893841274373,-0.2695580091221512,0.22932624812042704,0.6859143342257044,0.5258145994223155,0.17817776471661115,-0.02613359816672435,-0.0888796063749212,-0.07749096637897253,0
sample_07413.html,-0.22477813412575123,-0.27951431446373515,-0.4197508576995181,-0.18664251211508492,1.4118638475027174,-0.12333433286719588,-0.10977361938621372,-0.02302848728206314,-1.1304359561954769,-0.2547987509500981,-0.02613359816672435,-0.1024825325151475,1.5613921790026677,0
sample_08982.html,0.28078055512421507,0.7779031966364862,0.854160777335359,-0.19073260829342353,0.05157247923092116,-0.3304845408950493,-0.10977361938621372,0.6112101766064743,1.0239057675281447,-0.09380194611671047,-0.00042132299538959916,0.0012759572991317635,-0.5317720686131283,0
sample_07167.html,0.1792390117998329,0.24482494723885398,2.3669308439392753,0.20498419696083678,1.4546252771193227,-0.10505637333532646,-0.10977361938621372,0.3596904910014026,-0.33920772078861905,0.3330366010513526,-0.02613359816672435,0.03542798462991266,0.821878294216595,0
sample_01740.html,-0.44344166922111394,-0.4805110314497277,-0.5789898120788778,-0.44738614348417116,0.6504347000600212,-0.31220658136317986,-0.10977361938621372,-1.9925510562714843,-1.0064829925055523,-0.2694832578645808,-0.002992550512523074,-0.10089070073278059,0.28481245779338993,1
sample_00263.html,0.18514883707268054,0.5244725534802348,0.21720495981792048,0.07307859520941667,0.7998247277572603,-0.1477049455763551,0.5684261156270678,0.56641410312681,-0.5602955583357535,-0.20918021473050327,-0.02613359816672435,-0.08005217558179563,0.3802542546058576,0
sample_01101.html,-0.12753464554525823,-0.3319482406339941,-0.5789898120788778,-0.07109729507701926,0.695142884384358,-0.23300209005841238,-0.44887348689285445,-1.9925510562714843,0.27138544824160044,-0.2694943572651209,0.020148497141678202,0.028915945520229865,-0.05342285010087132,1
sample_05842.html,0.041164003152392575,0.2011300087636382,-0.34013138050983827,-0.2234533777201324,0.2123660364855352,-0.30002127500860026,-0.44887348689285445,0.7348979742771191,0.2936073821351078,-0.2260735023524554,-0.01584868809819045,-0.0466237081520906,-0.34456087032436017,0
sample_06475.html,-0.16030731296741335,-0.2183414005984331,-0.34013138050983827,-0.11813340112791325,0.06005049590649763,0.17520567282000463,-0.44887348689285445,0.5511872574692108,0.8622973598353187,-0.23554129101311586,-0.02613359816672435,0.04975447067121482,-0.43723727558780073,0
sample_05396.html,-0.4520377787088923,-0.4805110314497277,-0.4993703348891979,-0.49237720144589586,-2.256016803315404,-0.3365771940723391,-0.44887348689285445,0.7697390010992521,1.3592723457167761,2.1264777403122124,-0.027419211925291086,-0.10364022835686888,-1.5522331665246654,1
sample_07067.html,-0.4455906965930585,-0.4717720437546845,-0.5789898120788778,-0.4760168167325414,-0.5084934647318502,-0.3304845408950493,-0.44887348689285445,-1.9925510562714843,1.521987961472756,-0.2694943572651209,0.018862883383111463,-0.10320609241622336,0.43158785543140904,1
sample_01871.html,-0.4520377787088923,-0.4805110314497277,-0.5789898120788778,-0.4903321533567266,-1.114558160185379,-0.3365771940723391,-0.44887348689285445,-1.9925510562714843,-1.60279190543054,-0.2694943572651209,-0.027419211925291086,-0.10364022835686888,0.2457020263352195,0
sample_08311.html,-0.44182989869215544,-0.46303305605964135,-0.4993703348891979,-0.45249876370709446,-0.2777321909604321,-0.3304845408950493,-0.44887348689285445,-0.045924347023679084,-0.4474632181505684,-0.2690836794451391,0.0034355182803106135,-0.1034955163766537,0.3049201638339079,0
sample_01642.html,-0.252715489961031,-0.15716848673313102,-0.4993703348891979,-0.1978902766055161,0.48871320718973055,-0.1294269860444857,-0.10977361938621372,0.12967686045207655,0.3023901787024963,-0.268118031598155,-0.02613359816672435,-0.09741761320761642,-0.5117631880197488,1
sample_00288.html,1.195728958729627,2.499483772559987,0.7745413001456792,1.5864141811947017,0.9308752850688474,0.19348363235187405,-0.10977361938621372,0.4407813446740323,1.9721046619620708,0.30755237741140373,-0.02613359816672435,-0.011313984979588314,-0.7419135998097709,0
sample_01686.html,-0.2699077089365878,-0.08725658517278581,0.05796600543856084,0.17533099966788188,0.3426092527483213,-0.09287106698074685,-0.10977361938621372,0.5350340820283469,-1.1386284280601253,-0.2324334588619026,-0.02613359816672435,-0.07571081617534044,1.7335303584269324,0
sample_06175.html,0.68748398526473,1.1798966306084713,1.3318776404734378,0.07614616734317063,1.1862767062425348,-0.2695580091221512,0.22932624812042704,0.5510001836897546,0.05894790898596854,-0.06811793326704078,-0.02613359816672435,0.0012759572991317635,-0.6962406632306108,0
sample_08119.html,3.26846585897019,3.7054640744759424,0.6153023457663196,2.2367394735505406,0.9280156319728563,0.08381587516065754,1.58572571814699,0.5143039574930991,0.316949020965343,0.18517038705684102,-0.02613359816672435,1.9943940608027138,-0.05786308526339324,0
sample_07835.html,-0.436457330262294,-0.4805110314497277,-0.4993703348891979,-0.44329604730583255,0.08141459285252393,-0.2878359686540206,-0.10977361938621372,0.5853816844256478,1.1336058421882562,-0.2576401974883502,-0.02613359816672435,-0.10320609241622336,-0.051890429862645686,1
sample_01205.html,0.15613696755142847,0.17491304567850874,-0.34013138050983827,-0.18459746402591562,-0.9013690585005817,-0.03803718838513859,0.22932624812042704,0.7383892775650425,0.4174573682906815,-0.20662735260629236,-0.004278164271089811,0.05510881393917623,-0.8846491096474418,1
sample_03862.html,-0.03888726645254364,0.4545606519198896,0.05796600543856084,-0.07109729507701926,-0.5257997086295451,-0.2573727027675716,-0.10977361938621372,0.5141792495704537,0.9044816780315519,-0.198114112392076,-0.009420619305356762,-0.06080548221317758,-0.4089063666716567,0
sample_08903.html,-0.4520377787088923,-0.4805110314497277,-0.4993703348891979,-0.49237720144589586,-2.256016803315404,-0.3365771940723391,-0.44887348689285445,0.7826323298243283,1.4509835815931718,-0.267185681952791,-0.027419211925291086,-0.10364022835686888,-1.0168014571092276,1
sample_02947.html,-0.24626840784519718,-0.27951431446373515,-0.34013138050983827,-0.41773294619121626,-0.6517592530216395,-0.32439188771775945,-0.10977361938621372,0.5897284723422233,2.1426539891404355,-0.1692001739852525,-0.011991846822490236,0.12485998840288975,-0.872040221170089,1
sample_09072.html,-0.3821943891206929,-0.2882533021587783,-0.5789898120788778,-0.37376441227407625,1.0455802247764663,-0.31829923454046966,-0.44887348689285445,-1.9925510562714843,0.02507780481221077,-0.2694943572651209,-0.02613359816672435,-0.10204839657450197,0.23395628296371732,1
sample_03113.html,-0.38380615964965137,-0.4018601421943393,0.854160777335359,-0.43511585494915533,-2.256016803315404,-0.32439188771775945,-0.44887348689285445,0.6654010780249748,0.7695372260555092,-0.15659125497175866,0.007292359556010826,-0.07542139221491008,0.06653973047316009,0
sample_08882.html,0.27594524353733973,1.057550802877867,0.21720495981792048,0.1640832351774507,0.6095883942857433,-0.30611392818589006,0.5684261156270678,0.5694528865279485,-0.24257250041729497,-0.22417550486010732,-0.02613359816672435,-0.08106515944330184,0.5495212288493043,0
sample_02740.html,-0.40637094705506965,-0.42807710527946874,-0.4993703348891979,-0.4565888598854331,-1.8627653575901897,-0.32439188771775945,-0.10977361938621372,0.5788950284047242,0.4477180699716204,-0.2152293880248291,-0.01584868809819045,-0.09886473300976815,-0.5868431748385684,1
sample_09704.html,-0.2725939931515185,-0.3232092529389509,-0.5789898120788778,-0.33286345049069016,0.4281039936380373,-0.275650662299441,-0.10977361938621372,-1.9925510562714843,0.4409985296344622,-0.2694610590635007,-0.02613359816672435,-0.09437866162309778,-0.5912022375427943,1
sample_06516.html,-0.436457330262294,-0.4805110314497277,-0.5789898120788778,-0.41466537405746234,0.42914483866489467,-0.23300209005841238,-0.10977361938621372,-1.9925510562714843,-1.089610874500559,-0.26943886026242064,-0.02613359816672435,-0.10320609241622336,0.25224883411605653,1
sample_01362.html,0.08253278006232606,0.2011300087636382,4.83513463681935,0.29087621670594754,0.862800684627785,0.08990852833794734,-0.10977361938621372,0.6338075115600509,0.7203791657146377,15.992004286546992,-0.02613359816672435,-0.04358475656757196,-1.1322219001863263,0
sample_00204.html,-0.2838763868542276,-0.17464646212321733,0.3764439141972801,-0.10586311259289742,0.3748378222039556,-0.23300209005841238,0.22932624812042704,0.6011039732592076,0.5105300861400076,0.04972440226664253,-0.022276756891024138,-0.09437866162309778,-0.8817128335158759,1
sample_04531.html,-0.44935149449396156,-0.4805110314497277,-0.5789898120788778,-0.4913546774013112,-2.256016803315404,-0.3304845408950493,-0.44887348689285445,-1.9925510562714843,0.1858757981077862,-0.2694832578645808,0.09471409513854898,-0.09799646112847712,-1.369824702439611,1
sample_04740.html,-0.37359827963291453,-0.4018601421943393,-0.4993703348891979,-0.40750770574536976,-0.24490087274509229,-0.275650662299441,-0.10977361938621372,0.3366050720517093,0.521709550271404,-0.2680958327970749,-0.0209911431324574,-0.09958829291084402,-0.5873034954272378,1
sample_04053.html,-0.33115498903700874,-0.34942621602408036,-0.4993703348891979,-0.4003500374332772,0.4618700726624893,-0.2817433154767308,-0.10977361938621372,0.3316516123233787,0.10282095574229667,-0.26031515301850167,-0.004278164271089811,-0.09582578142524951,-0.3917082617145721,1
sample_09320.html,-0.4079827175840281,-0.4717720437546845,-0.4197508576995181,1.8451127644746186,2.7496167979690607,-0.23909474323570218,1.9248255856536307,-0.24341650966385803,-3.9856661372906657,-0.2679293417889742,-0.009420619305356762,-0.10204839657450197,4.66372817741213,1
sample_08445.html,-0.3886414712365267,-0.38438216680425297,-0.5789898120788778,-0.46272400415294096,-0.20730834319329128,-0.3365771940723391,-0.44887348689285445,-1.9925510562714843,-1.298336360764447,-0.2694943572651209,0.040718317278746,-0.10146954865364127,1.9916220748010625,1
sample_00929.html,-0.3204098521772858,-0.26203633907364887,-0.4993703348891979,-0.43613837899374003,-0.3424284417726682,-0.3365771940723391,-0.44887348689285445,0.7166697460881117,0.6574231226276736,-0.24626331193480164,-0.01584868809819045,-0.09828588508890747,-0.8255626785692011,0
sample_09192.html,-0.33115498903700874,-0.34942621602408036,-0.4993703348891979,-0.4003500374332772,0.4618700726624893,-0.2817433154767308,-0.10977361938621372,0.3316516123233787,0.10189476822759043,-0.26031515301850167,-0.004278164271089811,-0.09582578142524951,-0.3917082617145721,1
sample_07944.html,-0.1850211277447762,-0.1484294990380879,0.7745413001456792,-0.28378229635062685,-0.3268720212250153,-0.2208167837038328,-0.44887348689285445,0.6866534033004211,0.5057727094588458,-0.14038613018328944,-0.02613359816672435,-0.022022671515511138,-0.6561203478265444,0
sample_01463.html,2.1203479855087894,3.1374298742981375,1.4114971176631177,1.0178908124056352,0.5081372958925209,-0.07459310744887743,0.22932624812042704,0.6431050023650052,0.08078008874871008,-0.07848477337144506,-0.022276756891024138,0.25336422683396365,-0.028858950804520507,0
sample_06915.html,-0.4520377787088923,-0.4805110314497277,-0.5789898120788778,-0.4913546774013112,-2.256016803315404,-0.3365771940723391,-0.44887348689285445,-1.9925510562714843,-1.6241803805168198,-0.2694943572651209,-0.027419211925291086,-0.10364022835686888,-1.0836151124799762,1
sample_01965.html,2.384678352257975,-0.09599557286782896,1.9688334579908764,2.2132214205250933,1.0168171033808746,5.500184549771295,0.9075259831337085,0.49615125885318334,-0.05003284480721461,3.0264948319030363,-0.02613359816672435,0.014155323538282187,-0.13963767475338795,0
sample_07422.html,0.19052140550254204,-0.2882533021587783,0.2968244370076003,0.18862381224748234,0.5344573614027566,0.7357297651306668,-0.10977361938621372,0.6481347150822879,0.33292477899412165,-0.20334193004643833,-0.02613359816672435,-0.048215539934457506,0.10865834074640135,0
sample_06500.html,-0.4396808713202109,-0.46303305605964135,-0.5789898120788778,-0.42693566259247817,0.023516010626767034,-0.3304845408950493,-0.44887348689285445,-1.9925510562714843,-0.5041863521959296,-0.2694943572651209,0.0034355182803106135,-0.10175897261407163,0.3577906568143561,0
sample_06314.html,-0.4079827175840281,-0.44555508066955507,-0.5789898120788778,-0.4729492445987875,-1.1680996285521696,-0.2817433154767308,-0.44887348689285445,-1.9925510562714843,-0.05213739247938837,-0.26943886026242064,-0.002992550512523074,-0.09293154182094605,-0.9258764395490112,1
sample_03076.html,0.1464663443776778,0.19239102106859504,-0.18089242613047862,-0.0680297229432653,-1.5636559245377377,-0.3304845408950493,-0.44887348689285445,0.31393406615829383,0.3446987652121285,0.004805128281070676,-0.009420619305356762,0.0834723620613502,0.8348844270935335,1
sample_08803.html,-0.43538281657632166,-0.4717720437546845,-0.4197508576995181,-0.4494311915733405,-1.8285293515827974,-0.22690943688112258,-0.10977361938621372,0.4066228702510142,0.20549469220527664,-0.2642110426080583,-0.02613359816672435,-0.10233782053493232,-0.4970429029906451,1
sample_00744.html,0.09865048535191052,0.2360859595438108,0.05796600543856084,0.809295907310366,0.5679231864207235,1.1195669152999246,-0.10977361938621372,0.5353394275433403,-1.2079046522971362,-0.2324334588619026,-0.02613359816672435,0.07348723542650323,1.7896184410841849,0
sample_07720.html,0.2549922266608799,0.6642963566009252,0.13758548262824066,0.15897061495452744,0.4130931828083347,-0.23909474323570218,-0.10977361938621372,0.5743397606573023,0.21545551159437326,-0.21385306235786322,-0.02613359816672435,-0.06659396142178452,-0.6072989211576296,0
sample_04213.html,0.09112888955010444,0.2186079841537245,-0.26051190332015844,-0.16414698313422257,-0.2834214893143762,-0.1598902519309347,-0.10977361938621372,0.6325694292064906,0.11642773349011905,-0.18826894411305395,-0.02613359816672435,-0.030126542407560842,-0.2566899502104576,0
sample_03753.html,0.44249486486304596,0.5069945780901485,0.13758548262824066,0.006614532311414296,0.7184385837453261,-0.17207555828551432,-0.10977361938621372,0.6319166548544145,0.02833952229101065,-0.2093800039402241,-0.02613359816672435,-0.028389998644978764,0.12074348042923694,0
sample_01482.html,-0.16406811086831638,0.05256721794790462,0.13758548262824066,-0.23367861816597893,-0.3612277315566616,-0.3304845408950493,0.22932624812042704,0.5532791862728396,-0.9162030568038618,-0.25405509111391494,-0.022276756891024138,-0.09987771687127438,-0.2068397089163271,0
sample_00701.html,-0.2430448667872803,-0.39312115449929613,0.3764439141972801,-0.12222349730625186,0.1264552797681202,0.2483175109474823,0.9075259831337085,-0.19737727955547757,-1.0840112322312863,-0.17004372842629611,-0.02613359816672435,-0.09857530904933781,1.7250614608875436,0
sample_00201.html,-0.4520377787088923,-0.4805110314497277,-0.4993703348891979,-0.4893096293121419,-1.246671424944675,-0.3365771940723391,-0.10977361938621372,0.04752917184405001,0.4634606362880124,-0.2688727908348782,-0.027419211925291086,-0.10364022835686888,-0.7856745638529359,1
sample_05684.html,0.09650145797996594,0.7604252212463999,0.13758548262824066,0.3450699910689341,0.9218177628388923,0.19957628552916384,-0.10977361938621372,0.637331948393587,-0.8840980658513977,-0.2256517251319336,-0.02613359816672435,-0.06413385775812656,1.1657949049697565,0
sample_01957.html,-0.4520377787088923,-0.4805110314497277,-0.5789898120788778,-0.48828710526755725,-0.9781299984468278,-0.3365771940723391,-0.44887348689285445,-1.9925510562714843,-1.5956620463567288,-0.2694943572651209,-0.027419211925291086,-0.10364022835686888,-0.1741648218661866,0
sample_06132.html,-0.42410042287361255,-0.46303305605964135,-0.4993703348891979,-0.4688591484204489,-0.728833364576497,-0.30611392818589006,-0.44887348689285445,-0.3186054865747606,-1.4110322421974348,-0.26094781884928436,-0.013277460581056975,-0.09929886895041368,2.4308118532989753,1
sample_07741.html,-0.41872785444375105,-0.44555508066955507,-0.4993703348891979,-0.41466537405746234,-0.8807664702485071,-0.30002127500860026,-0.10977361938621372,0.40973863008096567,0.42220264208583586,-0.25702973045864763,-0.014563074339623712,-0.10045656479213506,-0.37157295495220827,1
sample_06983.html,-0.17051519298415016,-0.4805110314497277,-0.34013138050983827,-0.44329604730583255,-0.24812118916834344,-0.25128004959028183,-0.10977361938621372,0.03919824573132944,1.843642142344946,-0.21107821222285136,0.006006745797444088,0.594305652220912,0.09854883648325219,1
sample_01952.html,1.1441523018029567,0.3671707749694581,0.13758548262824066,1.7387702638378149,1.5793916057065454,1.454662840050864,0.5684261156270678,0.4879731043033364,-1.6819044155097875,-0.19464000002304116,-0.02613359816672435,0.20705639316510818,2.5080978509531717,0
sample_00309.html,0.8239472233832118,1.6605409538358447,-0.1012729489407988,0.4708404485528463,0.3957327612882186,-0.2817433154767308,0.9075259831337085,0.28539762108114775,0.26201806167937497,1.3384203019688468,-0.02613359816672435,-0.07455312033361905,-0.9844262667020119,1
sample_06941.html,-0.43592007341930783,-0.4805110314497277,-0.4993703348891979,0.031155109381445945,1.977399908452267,-0.275650662299441,-0.10977361938621372,0.2773733654950843,-2.294547393691357,-0.2684510136143564,-0.014563074339623712,-0.10306138043600818,2.776183779581342,1
sample_01039.html,1.1070815796369124,1.1362016921332556,1.4911165948527976,0.7816877581065805,0.742542623407018,0.37626322767056825,-0.44887348689285445,0.45483377408451087,-0.17387746964179512,0.11992811068244237,-0.02613359816672435,0.09070796107210886,0.19770141149684425,0
sample_07528.html,-0.43806910079125244,-0.4542940683645982,-0.4993703348891979,-0.4576113839300177,0.07542885581761738,-0.3304845408950493,-0.44887348689285445,-0.07265869709630711,-0.2037467356633336,-0.269061480644059,0.0034355182803106135,-0.1034955163766537,0.031855505657574765,0
sample_06350.html,0.07608569794649227,0.3322148241892855,0.13758548262824066,-0.03939904969489504,0.21770041266872026,-0.08677841380345704,-0.44887348689285445,0.5480548832845024,-0.4343592921406312,-0.2389710057799905,-0.02613359816672435,-0.08193343132459288,0.7996331032708006,0
sample_02955.html,-0.1522484603226211,-0.11347354825791527,0.6153023457663196,-0.23367861816597893,1.0161093847207188,-0.17207555828551432,0.22932624812042704,0.8076948288293733,1.6011169984291118,0.4522219640503816,-0.02613359816672435,-0.0720930166699611,-1.2036052937758535,0
sample_05661.html,-0.4192651112867372,-0.4105991298893824,-0.26051190332015844,-0.4760168167325414,-1.4660943324962155,-0.3365771940723391,-0.44887348689285445,0.6161411815383819,1.0185856066476167,-0.261569385279527,0.03429024848591231,-0.08555123082997222,-0.7431079144647987,0
sample_04423.html,-0.3182608248053412,-0.22708038829347624,-0.4993703348891979,-0.18868756020425423,0.38621516530488653,-0.31220658136317986,0.5684261156270678,0.1799323223442388,0.8194145506115001,-0.2632675935621543,0.0021499045217438758,-0.10219310855471715,-0.20715170007068337,1
sample_08495.html,-0.13183270028914743,0.22734697184876765,0.45606339138695995,-0.18459746402591562,-0.4364928640476596,-0.3365771940723391,0.22932624812042704,0.6412947082135577,0.21990757623795193,-0.1437714473480039,0.00472113203887735,-0.09148442201879432,-0.17997468906997235,0
sample_01180.html,0.25875302456178295,0.7167302827711842,0.9337802545250389,0.09659664823486366,1.0213099943798676,-0.245187396412992,-0.10977361938621372,0.10465677784277501,-0.9221474047171306,-0.016805404570401625,-0.02613359816672435,-0.07990746360158046,1.2665782041623952,0
sample_03439.html,-0.3907904986084713,-0.4018601421943393,-0.4993703348891979,-0.43920595112749394,0.2239584852170019,-0.31220658136317986,-0.10977361938621372,0.5802459280485912,0.7970655261145798,-0.2152737856269893,-0.01970552937389066,-0.09611520538567987,-0.44810083887286867,1
sample_09292.html,-0.21188396989408365,-0.17464646212321733,-0.4993703348891979,-0.3236607340894283,0.19540393494997946,-0.17207555828551432,-0.10977361938621372,0.13832643948898382,0.05891636422988602,-0.26346738277187515,-0.02613359816672435,-0.01290581676195522,-0.1821087450712123,1
sample_00196.html,-0.13344447081810587,-0.11347354825791527,0.6153023457663196,-0.25208405096850267,0.7079139537865542,-0.17816821146280412,-0.10977361938621372,0.8091264308600996,1.6336926603180926,0.4409782713033136,-0.02613359816672435,-0.06543626558006313,-1.2243571253065917,0
sample_03179.html,0.48171461440103486,1.0400728274877808,3.481603524594793,1.3399858864498007,-0.06947692289574098,-0.30002127500860026,0.5684261156270678,0.6591602575503279,0.8130912948133906,2.639858313491025,-0.0209911431324574,0.09881183196415856,-0.7435131379110399,0
sample_07817.html,-0.1651426245542887,-0.42807710527946874,0.3764439141972801,0.6017235262596817,-0.2756108033530657,0.4554677189753357,3.6203249231868346,0.46546053465256154,-0.36839584411088117,-0.1921648337026106,-0.02613359816672435,-0.0910502860781488,0.03674327146633309,0
sample_06794.html,-0.4337710460473632,-0.46303305605964135,-0.4993703348891979,-0.4852195331338033,-2.256016803315404,-0.32439188771775945,-0.44887348689285445,0.5921335326216536,0.46437638184468244,-0.03662893393492629,0.01629165586597799,-0.10016714083170472,-1.251067805358326,1
sample_03822.html,0.7003781494963975,0.31473684879919916,5.631329408716148,1.0843548753036376,0.3243398147822623,1.1012889557680552,0.22932624812042704,0.7003204436734028,0.8228212761151671,0.9278978735946534,-0.02613359816672435,0.11198062216373934,-0.38234874872406577,0
sample_02003.html,0.36889067737394354,-0.052300634392613204,-0.18089242613047862,0.39108357307524344,0.8020456166318276,1.2779758979094595,-0.10977361938621372,0.5972715277780367,-0.3430570565588413,-0.2124434384892772,-0.01970552937389066,-0.04097994092369884,0.5227430006918152,0
sample_04246.html,-0.33115498903700874,-0.34942621602408036,-0.4993703348891979,-0.4003500374332772,0.4618700726624893,-0.2817433154767308,-0.10977361938621372,0.3316516123233787,0.10413319956983151,-0.26031515301850167,-0.004278164271089811,-0.09582578142524951,-0.3917082617145721,1
sample_00323.html,-0.3821943891206929,-0.2882533021587783,-0.5789898120788778,-0.37376441227407625,1.0382979916803985,-0.31829923454046966,-0.44887348689285445,-1.9925510562714843,-0.7124115952801254,-0.2694943572651209,-0.02613359816672435,-0.10204839657450197,0.24590274107911073,1
sample_06749.html,-0.0614520538579619,-0.1484294990380879,-0.4993703348891979,-0.03735400160572574,-0.2173446659898196,0.21785424506103326,-0.44887348689285445,0.5450438231669869,0.09945759719676961,-0.265542970672864,-0.02613359816672435,-0.0851170948893267,-0.20534358551778914,0
sample_03436.html,0.4253026458874892,0.9264659874522199,-0.1012729489407988,1.1201432168641003,0.7766489931316531,0.3397073086068294,1.58572571814699,0.5883858509866935,-0.22756797066474777,0.057560579047916,-0.02613359816672435,-0.040256381022622974,0.01475934214787479,0
sample_06408.html,0.8239472233832118,0.2885198857140697,-0.021653471751118984,3.186664310969682,1.4114215240971293,1.3449950828596475,-0.10977361938621372,0.5095087252294632,-1.7575168533581822,-0.2305909583722547,-0.02613359816672435,-0.09408923766266744,1.8087538898596032,0
sample_04797.html,-0.4520377787088923,-0.4805110314497277,-0.5789898120788778,-0.4872645812229726,-0.7067890193140784,-0.3365771940723391,-0.44887348689285445,-1.9925510562714843,0.22606251694284138,-0.2694943572651209,-0.027419211925291086,-0.10364022835686888,-0.8721332970100784,1
sample_08978.html,1.7893977702293218,1.6081070276655858,25.9342960920845,3.7613228240262564,-1.6569240459836543,0.19957628552916384,1.2466258506403491,0.6841129160501567,1.1392332644435406,2.6234755982939153,-0.02613359816672435,0.12616239622482633,-0.44367791772008275,0
sample_04530.html,-0.22262910675380662,-0.31447026524390775,-0.1012729489407988,-0.03224138138280248,0.0317904039848091,0.25441016412477213,-0.10977361938621372,0.4960262984548818,-0.2162745848999511,-0.2544435701328166,-0.02613359816672435,-0.09495750954395848,0.533250023145367,0
sample_02521.html,-0.436457330262294,-0.4805110314497277,-0.5789898120788778,-0.41466537405746234,0.42914483866489467,-0.23300209005841238,-0.10977361938621372,-1.9925510562714843,-1.089610874500559,-0.26943886026242064,-0.02613359816672435,-0.10320609241622336,0.25224883411605653,1
sample_04585.html,-0.4520377787088923,-0.4805110314497277,-0.4993703348891979,-0.4913546774013112,-2.256016803315404,-0.3365771940723391,-0.44887348689285445,0.5103583849534129,0.22728372389185908,-0.25324483487449145,-0.027419211925291086,-0.10364022835686888,-0.5821293183489893,1
sample_03078.html,-0.3295432185080503,-0.3406872283290372,-0.021653471751118984,-0.23879123838890218,1.4800981647374434,-0.2634653559448614,-0.10977361938621372,0.7116872089326881,0.8413545078616831,-0.08517771189709364,-0.013277460581056975,-0.09683876528675574,-0.4544011045421773,1
sample_09393.html,-0.30268037635874284,-0.3319482406339941,-0.4993703348891979,-0.36660674396198367,0.1450017406474816,-0.2695580091221512,-0.10977361938621372,0.343253371727165,-2.6719867194928058,-0.25871683934073486,-0.02613359816672435,-0.0910502860781488,3.551320391951708,1
sample_01796.html,-0.44935149449396156,-0.4805110314497277,-0.5789898120788778,-0.4811294369554647,-0.48706098867395736,-0.32439188771775945,-0.44887348689285445,-1.9925510562714843,-0.9532520535148107,-0.2694943572651209,-0.02613359816672435,-0.10364022835686888,-0.06468210630423071,0
sample_05909.html,0.1367957212039271,0.13995709489833613,0.5356828685766397,-0.25003900287933334,0.658401911264915,-0.14161229239906528,-0.10977361938621372,0.5877795913900004,0.6751402284447748,1.7175980232179462,-0.02613359816672435,-0.04097994092369884,-1.4135099568031544,1
sample_09159.html,-0.4224886523446541,-0.4368160929745119,-0.5789898120788778,-0.16619203122339188,1.5370840968739021,0.06553791562878812,-0.44887348689285445,-1.9925510562714843,-1.6037741421828726,-0.2694832578645808,-0.02613359816672435,-0.10277195647557784,1.8929634705712663,1
sample_06378.html,-0.4520377787088923,-0.4805110314497277,-0.4993703348891979,-0.4913546774013112,-2.256016803315404,-0.3365771940723391,-0.10977361938621372,0.03973381748516544,-0.7679441040518377,-0.26907258004459905,-0.027419211925291086,-0.10364022835686888,-1.0511472373625088,1
sample_03613.html,-0.3918650122944436,-0.4018601421943393,0.45606339138695995,-0.3931923691211846,-0.43790109464198296,-0.30611392818589006,-0.44887348689285445,0.45942429665858675,0.09017836084599559,-0.09399063592589128,-0.01584868809819045,-0.09958829291084402,1.1617192939866698,1
sample_08771.html,-0.45096326502292,-0.4805110314497277,-0.5789898120788778,-0.3113904455544125,1.142046527701531,-0.3304845408950493,-0.10977361938621372,-1.9925510562714843,-1.2842900782991158,-0.2694943572651209,-0.01584868809819045,-0.1034955163766537,0.7876743767192914,1
sample_04851.html,1.8259312355523798,2.2198361663186064,2.9242671842670345,0.5874081896354966,1.1679768486255238,-0.19035351781738374,0.9075259831337085,0.8934697473066379,2.0744609397250646,2.372240667069942,-0.02613359816672435,0.016326003241509787,-1.0338664736541239,0
sample_09088.html,-0.4052964333690973,-0.4193381175844256,-0.5789898120788778,-0.45045371561792513,-0.3389867335158772,-0.31829923454046966,-0.44887348689285445,-1.9925510562714843,-0.352371084844264,-0.2694610590635007,-0.002992550512523074,-0.10060127677235024,-0.9038702288731438,0
sample_05044.html,0.21147442237900185,-0.017344683612440594,0.45606339138695995,0.2632680675021619,0.9968807678622037,0.2665954704793517,0.9075259831337085,0.5949417411733317,0.11014655453400334,-0.1247359754218226,-0.02613359816672435,0.08057812245704674,0.17015443087694537,0
sample_09904.html,-0.4278612207745156,-0.4542940683645982,-0.4993703348891979,-0.4576113839300177,-0.19754889190825983,-0.30002127500860026,-0.10977361938621372,0.05892615309853154,0.13269942510736527,-0.2598933757979799,-0.005563778029656549,-0.1024825325151475,0.18338614131145484,0
sample_08543.html,-0.4488142376509754,-0.4717720437546845,-0.34013138050983827,-0.44431857135041725,-0.4354797437196001,-0.3365771940723391,-0.44887348689285445,0.33503110433937844,-0.7811980260207252,1.1494308089734595,0.02529095217594515,-0.10335080439643853,1.5324874045349088,1
sample_02601.html,-0.4520377787088923,-0.4805110314497277,-0.4993703348891979,-0.49237720144589586,-2.256016803315404,-0.3365771940723391,-0.44887348689285445,0.7697390010992521,1.3592723457167761,2.1264777403122124,-0.027419211925291086,-0.10364022835686888,-1.5522331665246654,1
sample_06319.html,0.5451109218734005,0.9439439628423061,1.2522581632837582,0.12318227339406462,-0.07152652182255986,-0.2634653559448614,0.9075259831337085,0.4987158419916357,0.048990174545264234,-0.09163756301140123,-0.01584868809819045,-0.03880926122047124,0.08574825532129797,0
sample_08162.html,1.0350891626767684,0.821598135111702,0.21720495981792048,1.9494102170222531,0.6726813605283669,2.3502828571124654,-0.44887348689285445,0.636310335268797,0.1994247395109852,-0.10593359090698229,-0.02613359816672435,-0.011313984979588314,0.4291961101211072,0
sample_00145.html,-0.4337710460473632,-0.46303305605964135,-0.4993703348891979,-0.48828710526755725,-0.9915621547527916,-0.3365771940723391,-0.44887348689285445,0.49704247655564604,0.4870587198222604,-0.265787157484745,0.08700041258714855,-0.09872002102955299,-1.0426481054943713,1
sample_04698.html,-0.28871169844110295,-0.4193381175844256,-0.4993703348891979,-0.3768319844078302,0.10820027342225229,-0.1477049455763551,-0.44887348689285445,-0.47564489890900213,1.2128502994758146,-0.2691502758483794,0.006006745797444088,-0.0959704934054647,-0.5840167931257267,1
sample_04995.html,-0.38165713227770676,-0.3756431791092098,-0.34013138050983827,-0.19993532469468542,-0.42442422029846527,-0.2817433154767308,0.22932624812042704,0.3675598416052989,0.0034875900666714705,-0.19735935315535277,-0.018419915615323922,-0.10291666845579302,-0.08243581105416513,0
sample_02758.html,1.5535420161584024,-0.1659074744281742,-0.34013138050983827,1.177404563360841,0.778560392489542,3.0326600129689236,-0.10977361938621372,0.4554848986052807,-0.9710833513489376,-0.17241900014186626,-0.02613359816672435,-0.007551473493993808,0.5366517175898544,0
sample_05423.html,0.42261636167255845,0.7691642089414431,0.3764439141972801,0.33995737084601085,-0.4130838010700919,0.022889343387759473,0.22932624812042704,0.5002264912370844,0.2804784675281898,-0.1383216416828406,-0.01970552937389066,0.10952051850008139,0.06618639690549555,0
sample_06529.html,-0.4337710460473632,-0.4805110314497277,-0.18089242613047862,-0.4678366243758642,0.032346375642393004,-0.29392862183131047,-0.44887348689285445,0.07838010835644696,-0.4601954181797232,-0.2113445978358125,-0.004278164271089811,-0.10364022835686888,-0.7605958204824363,1
sample_00176.html,-0.2892489552840891,-0.2532973513786057,0.45606339138695995,-0.3338859745352748,0.64806463195752,-0.2878359686540206,-0.10977361938621372,0.7110311873552516,1.1155295716410027,2.3266776278530474,-0.02613359816672435,-0.061529042114253446,-1.246795038911964,1
sample_06535.html,-0.3827316459636791,-0.46303305605964135,-0.4993703348891979,-0.1467640743762835,0.42265289877422135,-0.17207555828551432,-0.44887348689285445,0.40339503307864055,-1.456729250526956,-0.2677184531787133,-0.014563074339623712,-0.10132483667342611,2.0943734345341274,0
sample_01210.html,0.21147442237900185,0.7691642089414431,1.0133997317147188,0.1518129466424349,-0.3765788694229812,-0.18426086464009395,-0.10977361938621372,0.6290849660667255,0.15181620651553873,0.11465589542591985,-0.02613359816672435,-0.08193343132459288,-0.8451512511461099,0
sample_08704.html,0.11852898854239804,0.6293404058207527,1.4114971176631177,0.7499895127244562,0.2765029181836508,-0.275650662299441,2.6030253206669123,0.5869338945627898,0.4179716070417471,0.13954075143670613,-0.02613359816672435,0.06711990829703561,-0.4404865467733838,0
sample_05095.html,-0.06467559491587879,0.19239102106859504,0.05796600543856084,0.08228131161067855,0.5100458186160869,-0.2695580091221512,-0.44887348689285445,0.6887423562900193,0.5317847110322884,-0.17484976886013665,-0.02613359816672435,-0.06326558587683553,-0.6273629771193852,1
sample_02904.html,-0.4477397239650031,-0.4805110314497277,-0.5789898120788778,-0.4688591484204489,-0.6502400691274753,-0.30002127500860026,-0.10977361938621372,-1.9925510562714843,-0.14469037377730304,-0.2694943572651209,-0.02613359816672435,-0.1034955163766537,-0.6095858697734594,1
sample_01220.html,-0.33115498903700874,-0.34942621602408036,-0.4993703348891979,-0.4003500374332772,0.4618700726624893,-0.2817433154767308,-0.10977361938621372,0.3316516123233787,0.10359392329522292,-0.26031515301850167,-0.004278164271089811,-0.09582578142524951,-0.3918705153675585,1
sample_00945.html,-0.06413833807289265,0.131218107203293,0.6153023457663196,0.14874537450868092,0.041243278723918295,0.035074649742339085,0.5684261156270678,0.6716126113235216,-0.09249763837389469,0.10196928060864567,-0.02613359816672435,-0.08019688756201081,-0.835857460989248,0
sample_04935.html,-0.4520377787088923,-0.4805110314497277,-0.4993703348891979,-0.49237720144589586,-2.256016803315404,-0.3365771940723391,-0.44887348689285445,0.7696945066346477,1.3590381007957983,2.1264666409116724,-0.027419211925291086,-0.10364022835686888,-1.5522331665246654,1
sample_00144.html,-0.16782890876921944,-0.06977860978269951,0.13758548262824066,-0.16721455526797654,-0.052760037781988664,-0.18426086464009395,-0.44887348689285445,0.5559478821178269,-0.1577318746462578,-0.25877233634343505,-0.02613359816672435,-0.09640462934611022,0.09879404875367129,0
sample_07215.html,0.21147442237900185,0.32347583649424233,0.21720495981792048,0.15897061495452744,0.0033836945537518573,0.1569277132881352,-0.10977361938621372,0.49415917446091245,0.18020692218038467,0.2122085267723965,-0.02613359816672435,-0.044453028448863,-0.1420148961127514,0
sample_06992.html,0.9835125057500981,1.1973746059985577,1.0133997317147188,0.09761917227944832,0.3244738114370454,-0.2634653559448614,-0.44887348689285445,0.4555849425695129,0.0618278550886008,1.6034628874646386,-0.02613359816672435,0.005617316705586963,-0.8082197773831034,0
sample_09642.html,1.5121732392484688,0.09626215642312039,0.9337802545250389,2.6631320001423404,1.4071930957175756,4.08668901264006,0.5684261156270678,0.6139295481998678,-1.0688738102152888,0.10603166120630302,-0.02613359816672435,-0.07730264795770733,1.2258591082424022,0
sample_03215.html,-0.28871169844110295,-0.4193381175844256,-0.4993703348891979,-0.3768319844078302,0.10820027342225229,-0.1477049455763551,-0.44887348689285445,-0.47564489890900213,1.2128502994758146,-0.2691502758483794,0.006006745797444088,-0.0959704934054647,-0.5840167931257267,1
sample_02478.html,-0.18126032984387316,0.03508924255781832,-0.26051190332015844,0.5168540305591557,-0.09043867256915523,0.6077840484075808,-0.10977361938621372,0.5070311010188394,-1.0225576259628488,-0.2629457109464929,-0.0209911431324574,-0.10219310855471715,1.3237598464541627,0
sample_08560.html,1.1366307060011507,1.0662897905729103,-0.34013138050983827,2.0199643760985944,1.900589490395672,2.807231845409201,-0.10977361938621372,0.5681840783725798,-1.2984333563830126,-0.1981807087953163,-0.0209911431324574,0.014589459478927707,1.6190138161743857,0
sample_03959.html,-0.342974639582704,-0.3756431791092098,-0.34013138050983827,-0.29298501275188876,0.6964662451820562,-0.19644617099467354,-0.10977361938621372,0.12966784027373446,-0.7192949649174337,-0.2259292101454348,-0.0107062330639235,-0.10219310855471715,1.227305036657895,0
sample_01986.html,-0.4520377787088923,-0.4805110314497277,-0.5789898120788778,-0.4903321533567266,-0.6655331777094177,-0.3365771940723391,-0.44887348689285445,-1.9925510562714843,-0.6516391703371995,-0.2694943572651209,-0.027419211925291086,-0.10364022835686888,0.28452891480864495,0
sample_05003.html,-0.41872785444375105,-0.44555508066955507,-0.4993703348891979,-0.41466537405746234,-0.8807664702485071,-0.30002127500860026,-0.10977361938621372,0.40973863008096567,0.42220264208583586,-0.25702973045864763,-0.014563074339623712,-0.10045656479213506,-0.37157295495220827,1
sample_06370.html,-0.36446491330215,-0.39312115449929613,-0.34013138050983827,-0.345133739025706,0.7109649727098297,-0.21472413052654296,0.5684261156270678,0.6068687455435775,0.5334301962381822,-0.23804975553516655,-0.017134301856757187,-0.09582578142524951,0.276758027399717,0
sample_05779.html,0.26520010667761673,-0.1833854498182605,2.605789275508315,2.341036926098175,-0.20028206393514045,1.7653881520926442,0.22932624812042704,0.701207192071223,-0.4908740299394314,0.6877068459080273,-0.02613359816672435,-0.046334284191660254,1.069590248716265,0
sample_08292.html,-0.4520377787088923,-0.4805110314497277,-0.4993703348891979,-0.49237720144589586,-2.256016803315404,-0.3365771940723391,-0.44887348689285445,-0.42560554355461877,-4.9137112879186695,0.15618985224677726,-0.027419211925291086,-0.10364022835686888,-1.5502222381649524,1
sample_02641.html,-0.37252376594694225,-0.46303305605964135,-0.5789898120788778,-0.3563815035161372,0.06986602036456717,-0.16598290510822453,-0.10977361938621372,-1.9925510562714843,0.16742979726840093,-0.26943886026242064,-0.005563778029656549,-0.10016714083170472,-0.6857091169424857,1
sample_01060.html,2.860687915143703,2.551917698730246,0.45606339138695995,0.868602301896276,0.6050678330926034,-0.30611392818589006,0.22932624812042704,0.710422517587103,0.29045611507900115,-0.1382439458790603,-0.02613359816672435,1.2968823161655783,-0.6395932650479977,0
sample_08585.html,0.7041389473973005,0.017611267167732012,0.5356828685766397,1.8338649999841874,0.6667579949816466,1.6557203949014276,-0.10977361938621372,0.5878748475418397,0.3146844499644078,0.10341220267885183,-0.02613359816672435,0.23078915792039661,-0.13965888702284635,0
sample_00411.html,-0.4488142376509754,-0.4805110314497277,-0.5789898120788778,-0.45454381179626374,-1.8050326996321606,-0.31829923454046966,-0.10977361938621372,-1.9925510562714843,0.1671051128879591,-0.2694943572651209,-0.011991846822490236,-0.10364022835686888,-0.3814384203341525,1
sample_04667.html,-0.44720246712201694,-0.4717720437546845,-0.4993703348891979,-0.4749942926879568,-0.5379821217521806,-0.3304845408950493,-0.44887348689285445,0.2641027143297212,-0.16764585844158522,-0.2634562833713351,-0.0107062330639235,-0.10320609241622336,0.015187120742341359,1
sample_04828.html,-0.16997793614116402,-0.052300634392613204,0.05796600543856084,-0.08848020383495833,0.4261166026854539,-0.2634653559448614,-0.44887348689285445,0.662784110072137,0.059974202818453975,-0.1696441500068544,-0.02613359816672435,-0.07672380003684665,-0.5421075546012447,1
sample_04322.html,-0.3854179301786098,-0.4805110314497277,-0.4197508576995181,-0.40750770574536976,-0.8744753194335517,-0.21472413052654296,-0.10977361938621372,0.47621091895452794,0.10863480106833243,-0.2574848058807896,-0.006849391788223287,-0.10204839657450197,-0.7507559089100425,1
sample_06914.html,-0.436457330262294,-0.4717720437546845,-0.4993703348891979,-0.4749942926879568,-0.7419987387873467,-0.31829923454046966,-0.44887348689285445,0.9812991320554779,1.038208528173559,-0.26614233830202655,0.007292359556010826,-0.10161426063385645,-0.4210566946441613,0
sample_09765.html,-0.4396808713202109,-0.4717720437546845,-0.4197508576995181,-0.45863390797460235,-1.7649839180135536,-0.29392862183131047,-0.10977361938621372,0.40139478109889704,0.36925205743668016,-0.2675630615711526,-0.02613359816672435,-0.10262724449536266,-0.5873864670823288,1
sample_02221.html,-0.1785740456289424,-0.4105991298893824,-0.4197508576995181,-0.18664251211508492,-1.657451523821264,0.2726881236566415,-0.10977361938621372,0.4888470784040221,0.36290869024714145,-0.24676278495910378,-0.017134301856757187,-0.07715793597749217,-0.8507399996713381,1
sample_07362.html,-0.4520377787088923,-0.4805110314497277,-0.5789898120788778,-0.49237720144589586,-2.256016803315404,-0.3365771940723391,-0.44887348689285445,-1.9925510562714843,-1.3950323556491044,-0.2694943572651209,-0.027419211925291086,-0.10364022835686888,-1.3133725301468988,1
sample_07769.html,-0.24250760994429416,-0.20960241290338993,-0.4993703348891979,-0.31752558982192036,0.8298338557395974,-0.3365771940723391,-0.10977361938621372,0.01660112101228969,0.024221177991065417,-0.2653542808636832,0.0008642907631771383,-0.08395939904760531,-0.14945186302667832,1
sample_07008.html,-0.38111987543472065,-0.34942621602408036,-0.5789898120788778,-0.368651792051153,0.6850522325636024,-0.275650662299441,-0.10977361938621372,-1.9925510562714843,-0.34172507472678265,-0.2694943572651209,-0.02613359816672435,-0.10016714083170472,-1.2377794854130675,1
sample_07521.html,-0.30268037635874284,-0.2882533021587783,-0.4993703348891979,-0.16823707931256118,0.8520667507557,-0.30611392818589006,-0.10977361938621372,0.13370032950012975,-0.6720247359118129,-0.14447070958202687,-0.005563778029656549,-0.10132483667342611,0.9103214762501867,1
sample_09349.html,-0.3096647153175628,-0.3406872283290372,-0.4993703348891979,-0.37376441227407625,0.06381297614258408,-0.2695580091221512,-0.10977361938621372,0.3316516123233787,-2.6902907612045635,-0.26031515301850167,-0.02613359816672435,-0.0910502860781488,3.5660843661725488,1
sample_04900.html,-0.42302590918764027,-0.46303305605964135,-0.26051190332015844,-0.4300032347262321,-0.28427234929842427,-0.2695580091221512,-0.10977361938621372,0.6111517551962595,0.7336541879064915,-0.26210215650544927,-0.013277460581056975,-0.10103541271299576,-0.6560008055409492,1
sample_06161.html,0.7207939095298712,1.057550802877867,0.05796600543856084,0.05467316240689294,0.45766963544891304,-0.32439188771775945,0.22932624812042704,0.7190426953483358,-0.11979943935903299,-0.22228860676829926,-0.02613359816672435,-0.04546601231036921,0.0025158079588013466,0
sample_09668.html,-0.4310847618324325,-0.46303305605964135,-0.5789898120788778,-0.4688591484204489,-0.36259086863695095,-0.29392862183131047,-0.44887348689285445,-1.9925510562714843,0.00037260849284860803,-0.26943886026242064,-0.014563074339623712,-0.10277195647557784,-0.20074867158154033,1
sample_09131.html,-0.440218128163197,-0.4805110314497277,-0.5789898120788778,-0.48419700908921864,-2.256016803315404,-0.30611392818589006,-0.44887348689285445,-1.9925510562714843,-0.22645869738572902,-0.26943886026242064,-0.011991846822490236,-0.0959704934054647,-1.2020031351053397,1
sample_05780.html,0.3645926226300543,-0.10473456056287211,-0.18089242613047862,0.05058306622855433,0.6374253544948298,0.6565252738258993,-0.10977361938621372,0.47965996995588406,0.14430872967303524,-0.08460054306901117,-0.02613359816672435,-0.006104353691842075,0.3034904803402006,0
sample_09674.html,-0.43538281657632166,-0.46303305605964135,-0.5789898120788778,-0.46272400415294096,-1.512288628504115,-0.32439188771775945,-0.10977361938621372,-1.9925510562714843,0.23742554837890936,-0.2694943572651209,-0.018419915615323922,-0.1024825325151475,-0.6546108869039403,1
sample_04376.html,-0.4520377787088923,-0.4805110314497277,-0.4993703348891979,-0.49237720144589586,-2.256016803315404,-0.3365771940723391,-0.44887348689285445,0.7697084350368484,1.3591102854980488,2.1264555415111324,-0.027419211925291086,-0.10364022835686888,-1.5522331665246654,1
sample_01503.html,-0.41872785444375105,-0.44555508066955507,-0.4993703348891979,-0.41466537405746234,-1.396574208167864,-0.30002127500860026,-0.10977361938621372,0.4123839510499752,0.46263417140384605,-0.25710742626242794,-0.014563074339623712,-0.10045656479213506,-0.4970730851687619,1
sample_02846.html,-0.1903936961746377,0.00013329177764570985,-0.1012729489407988,0.016839772757260816,0.7658072611733743,-0.19035351781738374,0.22932624812042704,0.7153282001817708,-0.5816020840083501,-0.22005762725974973,-0.02613359816672435,-0.09003730221664259,0.9465954609235908,0
sample_00396.html,1.1581209797205965,0.8478150981968314,2.9242671842670345,1.2510262945709358,0.33396809154218354,0.8149342564354344,2.2639254531602715,0.28544474517681556,-0.1060685040263432,0.41169805267866855,-0.02613359816672435,0.23932716475309185,0.5883017032604855,0
sample_03995.html,0.22598035713962786,0.5419505288703211,0.854160777335359,-0.07825496338911182,0.023497848466064935,-0.29392862183131047,0.5684261156270678,0.6635656926486189,0.0036126746811043936,-0.13603516517159087,-0.02613359816672435,-0.06225260201532931,-0.1406116529893341,0
sample_01562.html,-0.4214141386586818,-0.4805110314497277,-0.5789898120788778,-0.4565888598854331,-0.28562008578696146,-0.2817433154767308,-0.10977361938621372,-1.9925510562714843,-0.6722464092818357,-0.26943886026242064,-0.0017069367539563366,-0.10320609241622336,-0.6158825631244942,1
sample_03696.html,-0.39455129650937437,-0.34942621602408036,-0.4993703348891979,-0.38807974889826136,-0.025814537465368464,-0.3304845408950493,-0.10977361938621372,0.5255077448611161,0.41702026612480153,-0.19225362890693096,-0.0209911431324574,-0.08482767092889634,-1.1012261070261669,1
sample_04219.html,-0.3886414712365267,-0.39312115449929613,-0.5789898120788778,-0.4494311915733405,0.06108910624269174,-0.31220658136317986,-0.10977361938621372,-1.9925510562714843,-0.2891821796554278,-0.26930566745594003,-0.011991846822490236,-0.09872002102955299,-0.3518076178090327,1
sample_07313.html,-0.4520377787088923,-0.4805110314497277,-0.5789898120788778,-0.48828710526755725,-0.299439612698843,-0.3365771940723391,-0.44887348689285445,-1.9925510562714843,-2.3304348661318,-0.2694943572651209,-0.027419211925291086,-0.10364022835686888,0.08687035438903065,0
sample_01530.html,-0.15009943295067651,-0.270775326768692,-0.18089242613047862,-0.18459746402591562,0.6587396099661719,-0.0502224947397182,-0.10977361938621372,0.615836865832747,0.1352411444726377,-0.10931890807169675,-0.0107062330639235,-0.09683876528675574,-0.17724359959896901,0
sample_04812.html,0.40864768375491856,0.30599786110415605,0.5356828685766397,1.5628961281692548,1.3880416453317734,0.7661930310171158,-0.10977361938621372,0.6422287880284024,1.299401542005041,0.36982001444106966,-0.02613359816672435,0.12587297226439598,-0.31986993208910225,0
sample_07897.html,-0.4488142376509754,-0.4805110314497277,-0.4993703348891979,-0.4852195331338033,-1.3384300946045464,-0.31829923454046966,-0.44887348689285445,-0.07134170978834635,-3.039051443683039,0.60635933935002,-0.017134301856757187,-0.10364022835686888,4.626342628098604,1
sample_09446.html,0.4328242416892953,0.646818381210839,0.13758548262824066,-0.0015656600452629206,-0.25579875660534834,-0.2878359686540206,0.9075259831337085,0.5583070039661119,-0.38864426338636915,-0.21954705483490755,-0.02613359816672435,-0.03808570131939537,0.08777269069463033,0
sample_04994.html,-0.3666139406740946,-0.46303305605964135,-0.4197508576995181,-0.29298501275188876,-0.5677367614660872,-0.1477049455763551,-0.44887348689285445,0.3796308207039263,-1.438109617049755,-0.26717458255225096,-0.022276756891024138,-0.10060127677235024,1.4296417955726397,0
sample_01250.html,-0.4520377787088923,-0.4805110314497277,-0.5789898120788778,-0.4903321533567266,-1.114558160185379,-0.3365771940723391,-0.44887348689285445,-1.9925510562714843,-1.60279190543054,-0.2694943572651209,-0.027419211925291086,-0.10364022835686888,0.2457020263352195,0
sample_03349.html,0.13948200541885786,0.6817743319910116,2.0484529351805563,-0.01792604475861735,-0.5292804785524011,-0.31220658136317986,-0.10977361938621372,0.6738821494682162,0.0024507255220464494,-0.09587753401769934,-0.01584868809819045,-0.06760694528329073,-0.15097836416820204,0
sample_04782.html,-0.41281802917090343,-0.46303305605964135,-0.4197508576995181,-0.3379760707136134,-0.997272152761714,-0.20253882417196337,-0.10977361938621372,0.5817071794608775,0.22383068038593257,-0.21388636055948337,-0.017134301856757187,-0.10016714083170472,-0.47029483093595686,1
sample_05776.html,0.15721148123740078,0.6905133196860547,0.21720495981792048,0.022974917024768726,0.1376240275161926,-0.30002127500860026,0.22932624812042704,0.6181407897052024,-0.07829474198853759,-0.21383086355678313,-0.02613359816672435,-0.07947332766093494,0.3337088770707398,0
sample_02347.html,0.20395282657719577,-0.2882533021587783,1.729975026421837,0.24588515874422287,0.6055832169539133,0.6626179270031891,2.2639254531602715,0.7526356301282069,0.8389111875347386,0.71175924687831,-0.02613359816672435,0.024864010074205013,-0.49807281277912735,0
sample_03264.html,-0.4520377787088923,-0.4805110314497277,-0.5789898120788778,-0.48828710526755725,-0.4857802989613899,-0.3365771940723391,-0.44887348689285445,-1.9925510562714843,-2.374105694263592,-0.2694943572651209,-0.027419211925291086,-0.10364022835686888,-0.06926926283400898,0
sample_04637.html,-0.3273941911361057,-0.3406872283290372,-0.4993703348891979,-0.3931923691211846,0.4911933928541008,-0.2817433154767308,-0.10977361938621372,0.343253371727165,0.016215829619510687,-0.25871683934073486,-0.004278164271089811,-0.09582578142524951,-0.20254721649351112,1
sample_08666.html,-0.31396277006145196,-0.3406872283290372,-0.4993703348891979,-0.37376441227407625,0.05687775598690603,-0.2695580091221512,-0.10977361938621372,0.3316516123233787,-2.698752839017988,-0.26031515301850167,-0.02613359816672435,-0.09683876528675574,3.5716534930225863,1
sample_09255.html,-0.4235631660306264,-0.46303305605964135,-0.5789898120788778,-0.1876650361596696,0.6635060840294248,-0.2817433154767308,-0.10977361938621372,-1.9925510562714843,-0.5003271976375501,-0.26943886026242064,-0.02613359816672435,-0.10103541271299576,-0.2712424145066372,1
sample_02781.html,-0.3128882563754797,-0.3057312775488646,0.45606339138695995,-0.3512688832932139,0.6426727654803884,-0.2878359686540206,-0.10977361938621372,0.6549034907999703,0.39399901901310014,-0.1973149555531926,-0.02613359816672435,-0.06369972181748104,-0.7314258339769876,1
sample_08983.html,0.1410937759478163,0.8565540858918747,1.3318776404734378,1.7837613217995396,-0.5357372144950379,-0.3365771940723391,-0.10977361938621372,0.6470451602729298,0.5438074347334954,0.3385641025202962,-0.01584868809819045,-0.07686851201706182,-0.9150149622892128,0
sample_05564.html,-0.18985643933165153,-0.2183414005984331,0.6153023457663196,-0.12529106944000581,-0.1501797299944309,0.053352609274208505,-0.10977361938621372,0.6500358674538589,0.48141382048456605,-0.13495852331920627,-0.011991846822490236,-0.04097994092369884,-0.4210233964657983,0
sample_01825.html,0.04438754421030947,0.1836520333735519,0.854160777335359,-0.12222349730625186,0.11701860502230117,-0.03194453520784878,-0.10977361938621372,0.6434595082889386,0.12988155908470675,0.23990153111981477,-0.02613359816672435,-0.024916911119814603,-1.1990989576876068,0
sample_03597.html,-0.45096326502292,-0.4805110314497277,-0.5789898120788778,-0.48215196100004937,-0.921628000988442,-0.3304845408950493,-0.10977361938621372,-1.9925510562714843,0.1640356948173312,-0.2694943572651209,-0.01584868809819045,-0.1034955163766537,-0.8423115840598336,1
sample_05083.html,-0.4488142376509754,-0.4717720437546845,-0.34013138050983827,-0.4259131385478935,0.5142065643320836,-0.3365771940723391,-0.10977361938621372,0.10535959141328605,-0.12339572438348605,-0.14869958118778495,0.01629165586597799,-0.10306138043600818,0.567037283170421,1
sample_04981.html,-0.4520377787088923,-0.4805110314497277,-0.5789898120788778,-0.48828710526755725,-1.4745881252400244,-0.3365771940723391,-0.44887348689285445,-1.9925510562714843,-2.257469615287448,-0.2694943572651209,-0.027419211925291086,-0.10364022835686888,-1.1604855999758212,1
sample_01956.html,0.3586827973572067,-0.3057312775488646,0.05796600543856084,0.27247078390342383,0.177337647927819,1.2170493661365616,-0.10977361938621372,0.5096581417792919,0.3314166383686775,-0.10535642207889982,-0.02613359816672435,-0.0677516572635059,-0.1989420563593086,0
sample_07407.html,-0.16299359718234407,0.008872279472688862,0.3764439141972801,-0.1702821274017305,-0.5278500766775408,-0.32439188771775945,0.22932624812042704,0.6724406125204249,-0.15457869430412854,-0.19813631119315608,0.006006745797444088,-0.07976275162136529,-0.0028540252520601775,0
sample_06571.html,-0.33115498903700874,-0.34942621602408036,-0.4993703348891979,-0.4003500374332772,0.4618700726624893,-0.2817433154767308,-0.10977361938621372,0.3316516123233787,0.10435221030493189,-0.26031515301850167,-0.004278164271089811,-0.09582578142524951,-0.3918705153675585,1
sample_05722.html,-0.4520377787088923,-0.4805110314497277,-0.4993703348891979,-0.49237720144589586,-2.256016803315404,-0.3365771940723391,-0.44887348689285445,0.7462826740475249,1.2352018836043706,1.929008305304229,-0.027419211925291086,-0.10364022835686888,-1.5522005723798307,1
sample_03209.html,-0.342974639582704,-0.34942621602408036,-0.26051190332015844,-0.3645616958728144,0.42406835426274875,-0.3365771940723391,-0.10977361938621372,0.8003816986037356,1.4019765240683641,0.24477416795689558,0.01500604210741125,-0.09047143815728811,-1.128745721602063,1
sample_02757.html,-0.4520377787088923,-0.4805110314497277,-0.4993703348891979,-0.49237720144589586,-2.256016803315404,-0.3365771940723391,-0.44887348689285445,0.7579474251564307,1.2632924142201516,-0.2671190855495507,-0.027419211925291086,-0.10364022835686888,-1.027589258564042,1
sample_01820.html,0.4919224944177717,1.2061135936936007,0.5356828685766397,0.38699347689690483,0.43217805879180365,-0.17207555828551432,0.9075259831337085,0.48007425434668394,-0.34801524071953,-0.15588089333719563,-0.02613359816672435,-0.02737701478347255,0.37689709680087213,0
sample_06591.html,-0.4026101491541666,-0.42807710527946874,-0.34013138050983827,-0.4340933309045707,-0.12160492216570515,-0.30611392818589006,0.22932624812042704,-0.10704674957547404,-1.8830343468220214,-0.18915689615625775,-0.01584868809819045,-0.10074598875256541,2.8987863294350773,1
sample_02555.html,0.8841199897976605,1.8265817200416645,-0.021653471751118984,0.4115340539669365,1.197615563004265,-0.2695580091221512,1.2466258506403491,0.49026498654358974,-0.10077730251944102,-0.2512913403794431,-0.02613359816672435,-0.02375921527809322,0.16973068091878005,1
sample_04631.html,0.23350195294143394,0.32347583649424233,1.2522581632837582,0.0853488837444325,0.09359795072243154,0.11427914104710657,0.5684261156270678,0.20897434263963421,-0.4895239015036085,-0.1395092775406257,-0.02613359816672435,-0.020575551713359404,0.8208674324463537,0
sample_03150.html,0.25552948350386606,0.32347583649424233,-0.4197508576995181,-0.040421573739479695,-0.08710053526012249,-0.08068576062616724,-0.10977361938621372,0.6944370005477466,-0.9134066695412442,-0.2443542150419135,-0.02613359816672435,-0.09712818924718608,0.7086682556655965,0
sample_08074.html,0.11852898854239804,0.07004519333799093,1.2522581632837582,0.3552952315147806,0.8322087081391826,0.6869885397123483,0.9075259831337085,0.5719094935967978,0.47005308859684,-0.13427036048572333,-0.02613359816672435,-0.0634102978570507,0.1476466484627059,0
sample_06802.html,0.11154464958357811,-0.13969051134304472,0.45606339138695995,-0.01792604475861735,0.0535630617335847,0.26050281730206193,0.5684261156270678,0.4800536154328637,0.08350267673258345,0.15353709551770592,-0.02613359816672435,0.01343176363720632,0.21575284420335558,0
sample_00506.html,-0.31396277006145196,-0.3406872283290372,-0.4993703348891979,-0.37376441227407625,0.05687775598690603,-0.2695580091221512,-0.10977361938621372,0.3316516123233787,-2.6987135535650224,-0.26031515301850167,-0.02613359816672435,-0.09683876528675574,3.5716534930225863,1
sample_08230.html,-0.4520377787088923,-0.4805110314497277,-0.26051190332015844,-0.48419700908921864,-2.256016803315404,-0.3365771940723391,-0.44887348689285445,0.21348615641347293,-1.1406200043042007,-0.18906810095193735,-0.027419211925291086,-0.10364022835686888,-1.4608046215773867,1
sample_03337.html,0.4983695765336055,0.1486960825933793,0.05796600543856084,0.13443003788449578,1.5997234390801045,0.3579852681386988,-0.44887348689285445,0.562087991509873,0.6081914741647915,0.33673270143118833,-0.02613359816672435,0.024864010074205013,-0.23090251886764934,0
sample_03327.html,-0.4520377787088923,-0.4805110314497277,-0.5789898120788778,-0.49237720144589586,-2.256016803315404,-0.3365771940723391,-0.44887348689285445,-1.9925510562714843,-1.3950323556491044,-0.2694943572651209,-0.027419211925291086,-0.10364022835686888,-1.3133725301468988,1
sample_03859.html,-0.3821943891206929,-0.2882533021587783,-0.5789898120788778,-0.37376441227407625,1.0593858893389494,-0.31829923454046966,-0.44887348689285445,-1.9925510562714843,-0.21975109512932214,-0.2694943572651209,-0.02613359816672435,-0.10204839657450197,0.22725216280225038,1
sample_01864.html,-0.4488142376509754,-0.4805110314497277,-0.4993703348891979,-0.46988167246503354,0.0991224088455823,-0.30611392818589006,-0.10977361938621372,0.3391934432522604,0.3419646357101525,-0.2680514351949147,-0.004278164271089811,-0.10262724449536266,-0.3954822855943336,1
sample_04313.html,-0.4520377787088923,-0.4805110314497277,-0.4197508576995181,-0.48419700908921864,-1.3060446849895713,-0.3365771940723391,-0.44887348689285445,0.7429792243004107,1.359935158981458,-0.20371930966479992,-0.027419211925291086,-0.10364022835686888,-1.2213598198982378,1
sample_07352.html,-0.07380896124664334,-0.3406872283290372,0.05796600543856084,-0.09154777596871229,-0.08062927080013861,0.49811629121636436,-0.44887348689285445,0.5440951958990536,-0.7528904597578381,-0.2364403424568597,-0.02613359816672435,-0.09206326993965501,0.7333345918403332,0
sample_00903.html,0.22544310029664172,0.6817743319910116,5.392470977147108,0.16715080731120466,-0.08412789402401125,-0.18426086464009395,0.22932624812042704,0.6637737607499343,0.8951109078114076,6.725148073863034,-0.02613359816672435,-0.027521726763687724,-1.0652067086992367,0
sample_06171.html,-0.3204098521772858,-0.4105991298893824,-0.26051190332015844,-0.13449378584126767,0.47029703059285743,-0.11114902651261627,-0.44887348689285445,0.25744622327581734,-0.9246907978857883,-0.23847153275568836,-0.02613359816672435,-0.09785174914826195,1.2431601063959008,0
sample_00873.html,-0.44129264184916933,-0.4805110314497277,-0.34013138050983827,-0.368651792051153,0.6844778807267152,-0.2573727027675716,-0.10977361938621372,0.48626555997541165,0.6968978595798699,-0.2504699847394796,-0.006849391788223287,-0.10291666845579302,-0.10886511237237145,1
sample_04247.html,-0.28763718475513067,-0.3319482406339941,0.6153023457663196,0.12829489361698787,0.6214998769037676,0.06553791562878812,1.2466258506403491,0.4909145680496771,-0.17032424514070837,-0.08684262197810075,-0.02613359816672435,-0.07947332766093494,-0.4802394609768752,0
sample_09697.html,-0.016322479047125377,-0.2882533021587783,0.5356828685766397,0.882917638520461,0.6122546285459555,0.17520567282000463,-0.44887348689285445,0.617516694645531,0.8279079671744405,6.898454113895334,-0.02613359816672435,0.10662627889577793,-1.227050809736983,0
sample_07696.html,-0.4036846628401389,-0.4018601421943393,-0.4993703348891979,-0.4064851817007851,0.9518734680729665,-0.3365771940723391,-0.10977361938621372,0.42594168742850946,-0.354148975623084,-0.26529878386098293,0.01629165586597799,-0.10089070073278059,0.4939973378014802,1
sample_05717.html,0.04546205789628177,0.34969279957937177,0.6153023457663196,0.34609251511351874,1.2910583839666117,-0.30611392818589006,0.22932624812042704,0.5646135181209275,-0.10573273906749685,-0.02451948794573457,-0.0017069367539563366,0.0022889411606379765,-0.5367265872305078,0
sample_09089.html,0.036865948408503386,0.3671707749694581,0.6153023457663196,-0.10586311259289742,-0.03567765659531484,-0.16598290510822453,-0.10977361938621372,0.6272330682969355,-0.25712108612802265,-0.24064701526153764,-0.02613359816672435,-0.08540651884975704,0.09194582335906203,0
sample_02573.html,-0.19845254881942992,-0.27951431446373515,-0.18089242613047862,0.02501996511393803,-0.5861821283312442,0.30924404272038036,-0.10977361938621372,0.6315195053066476,-0.18218331722243308,-0.15562560712477452,-0.02613359816672435,-0.03244193409100361,0.0002854558160622057,0
sample_08268.html,1.0775324532726742,0.7953811720265725,-0.1012729489407988,0.8491743450491676,1.012091398796063,0.07163056880607792,1.58572571814699,0.6944540280886254,-0.5858832198503484,-0.1812097253695838,-0.02613359816672435,-0.016234192306904205,0.31533323692438836,1
sample_02460.html,-0.4520377787088923,-0.4805110314497277,-0.5789898120788778,-0.4913546774013112,-2.256016803315404,-0.3365771940723391,-0.44887348689285445,-1.9925510562714843,-1.6241803805168198,-0.2694943572651209,-0.027419211925291086,-0.10364022835686888,-1.0836151124799762,1
sample_03851.html,-0.4520377787088923,-0.4805110314497277,-0.5789898120788778,-0.49237720144589586,-2.256016803315404,-0.3365771940723391,-0.44887348689285445,-1.9925510562714843,-1.2972817976803461,-0.2694943572651209,-0.027419211925291086,-0.10364022835686888,-1.3042592724394466,1
sample_04389.html,-0.19630352144748534,-0.2969922898538215,-0.18089242613047862,-0.30525530128690453,-0.5300835864066937,0.053352609274208505,-0.10977361938621372,0.5640308334386158,-0.7172524664242502,-0.2598267793947396,-0.01970552937389066,-0.09090557409793362,0.6193083828650197,0
sample_01356.html,-0.39455129650937437,-0.34942621602408036,-0.4197508576995181,-0.38807974889826136,0.017559142888314994,-0.3304845408950493,-0.10977361938621372,0.5274281834596273,0.3839531575366809,-0.19190954749018949,-0.0209911431324574,-0.08555123082997222,-1.1019136348796492,1
sample_01898.html,0.8529590929044639,1.6605409538358447,1.1726386860940783,0.8706473499854452,0.3877356028060084,-0.0502224947397182,0.9075259831337085,0.6102813866421539,0.5765413276940805,0.49172473057241034,-0.018419915615323922,0.03181018512453333,-0.40497540850334585,0
sample_02756.html,-0.2978450647718675,-0.270775326768692,-0.18089242613047862,-0.3870572248536767,0.6259298634802152,-0.29392862183131047,-0.10977361938621372,0.3812556637175377,-0.15055336454577933,-0.2571629232651282,-0.014563074339623712,-0.09133971003857914,-0.16305754564136174,1
sample_01522.html,-0.17373873404206708,-0.26203633907364887,-0.021653471751118984,-0.06291710272034204,0.8616363744558012,0.20566893870645367,0.22932624812042704,0.6326616721584818,-0.08531790510940192,-0.2073155154397753,-0.01970552937389066,-0.08309112716631427,0.2795740832874751,0
sample_01464.html,-0.35533154697138547,-0.3669041914141667,-0.4993703348891979,-0.3257057821785976,0.9597891905515219,-0.29392862183131047,-0.10977361938621372,0.3583811095225799,-0.34595847369626737,-0.260859023644964,-0.004278164271089811,-0.10103541271299576,0.5120188360453757,1
sample_00361.html,0.18944689181656973,0.7429472458563137,0.05796600543856084,0.06898849903107807,-0.10405531500431782,-0.2878359686540206,0.22932624812042704,0.6335998585869778,-0.08308640073808783,-0.11767675667835245,-0.01584868809819045,-0.06268673795597483,0.36861247351872,0
sample_02176.html,-0.4106690017989588,-0.4368160929745119,-0.5789898120788778,-0.42693566259247817,0.3935148096086965,-0.29392862183131047,-0.10977361938621372,-1.9925510562714843,0.03741058900244925,-0.26943886026242064,-0.02613359816672435,-0.10118012469321093,-0.34326946423069915,1
sample_08373.html,-0.18770741195970694,-0.15716848673313102,-0.5789898120788778,-0.34308869093653666,-1.5317025127251507,-0.30611392818589006,-0.10977361938621372,-1.9925510562714843,0.55052082834961,-0.2694943572651209,0.0008642907631771383,-0.058345378549519634,-0.9197877881056263,1
sample_04264.html,-0.21725653832394515,-0.1484294990380879,-0.4197508576995181,-0.061894578675757386,0.6989246653227311,-0.2573727027675716,-0.44887348689285445,0.3672348248379899,-0.3838123303523161,-0.26102551465306467,-0.0107062330639235,-0.08381468706739013,-0.09672831748880231,1
sample_07707.html,0.972230112047389,1.4682832245448953,1.0930192089043984,0.3174618418651485,0.4710490373094365,-0.25128004959028183,-0.44887348689285445,0.6512525520100402,0.4839358095705617,-0.11534588256494249,-0.02613359816672435,0.10648156691556275,-0.5297786367903626,0
sample_07427.html,0.007854078887251332,0.31473684879919916,1.4114971176631177,-0.05166933822991087,-0.4694659064659841,-0.21472413052654296,1.2466258506403491,0.6015353934641002,0.2090048098315195,0.08300040508570465,-0.014563074339623712,-0.07238244063039144,-0.17571948434884738,0
sample_00634.html,-0.4391436144772247,-0.4542940683645982,-0.5789898120788778,-0.40546265765620043,0.15382612831978876,-0.2817433154767308,-0.10977361938621372,-1.9925510562714843,2.1703128664641227,-0.2694943572651209,-0.02613359816672435,-0.10335080439643853,-1.5434124086729581,1
sample_01305.html,-0.3961630670383328,-0.4805110314497277,1.4911165948527976,-0.342066166891952,0.1069467936423405,-0.22690943688112258,-0.10977361938621372,-1.9925510562714843,0.4253306226742482,-0.26892828783757844,-0.009420619305356762,-0.09640462934611022,-0.603850369370528,1
sample_07382.html,-0.440218128163197,-0.4805110314497277,-0.5789898120788778,-0.48419700908921864,-2.256016803315404,-0.30611392818589006,-0.44887348689285445,-1.9925510562714843,-0.21730457655037147,-0.26943886026242064,-0.011991846822490236,-0.09553635746481917,-1.2020031351053397,1
sample_01920.html,0.5118009976082591,0.1661740579834656,0.05796600543856084,1.7397927878823995,0.9382664002880438,3.044845319323503,-0.10977361938621372,0.5350814032492388,-1.3749525244255443,-0.2324334588619026,-0.02613359816672435,0.33092984822929655,2.2849960012095702,0
sample_04115.html,-0.4423671555351416,-0.4805110314497277,-0.5789898120788778,-0.4555663358408484,0.1746516527038288,-0.2878359686540206,-0.10977361938621372,-1.9925510562714843,1.0272690874474388,-0.2694943572651209,-0.02613359816672435,-0.10335080439643853,-1.2215372102720854,1
sample_05515.html,-0.3359903006238841,-0.2882533021587783,-0.4197508576995181,-0.26537686354810314,0.1915459989029608,-0.1477049455763551,-0.44887348689285445,0.6144427457552785,0.012720477514200109,-0.2640001539977974,-0.02613359816672435,-0.04836025191467268,0.42667664791368554,0
sample_07088.html,-0.4036846628401389,-0.4018601421943393,0.6153023457663196,-0.3338859745352748,0.8915470670396554,-0.3365771940723391,-0.10977361938621372,1.0221922809890602,2.5808074374503196,1.4246071471623147,0.02529095217594515,-0.10146954865364127,-0.764263470111116,1
sample_01363.html,0.21899601818080794,0.7779031966364862,0.7745413001456792,0.17124090348954327,0.8403957971595512,-0.2208167837038328,-0.44887348689285445,0.5840432934939467,1.3685531039410888,-0.029247832575794764,-0.02613359816672435,0.14729034533624163,-0.6453048022356467,0
sample_06762.html,-0.425712193402571,-0.46303305605964135,-0.4197508576995181,-0.2960525848856427,0.7842045791612351,-0.1537975987536449,-0.10977361938621372,0.382114824780166,0.07739211756819217,-0.247750631607168,-0.02613359816672435,-0.10335080439643853,-0.046344040688044444,1
sample_08965.html,1.2978077588969954,1.162418655218385,-0.021653471751118984,0.4595926840624151,1.1257070751791205,-0.16598290510822453,0.5684261156270678,0.6289755086447641,-0.3783199711547159,-0.1431609803183013,-0.02613359816672435,-0.09640462934611022,-0.003525503748625766,1
sample_06151.html,-0.4235631660306264,-0.4717720437546845,-0.4993703348891979,-0.43307080685998606,0.041603118425351006,-0.2817433154767308,-0.10977361938621372,0.21289639707196148,-0.20107040130467035,-0.2685176100175967,-0.0107062330639235,-0.10132483667342611,0.15139262834025188,1
sample_09739.html,-0.42732396393152944,-0.44555508066955507,-0.34013138050983827,-0.45045371561792513,-0.7331636197549984,-0.31829923454046966,-0.44887348689285445,0.5054616249455353,0.15222806257622426,-0.2500482075189578,-0.004278164271089811,-0.10175897261407163,-0.23370655403479237,1
sample_08082.html,-0.436457330262294,-0.4805110314497277,-0.4993703348891979,-0.44329604730583255,0.08141459285252393,-0.2878359686540206,-0.10977361938621372,0.6302051709351956,1.1771442827726961,-0.2547099557457777,-0.02613359816672435,-0.10320609241622336,-0.046346961123421536,1
sample_02026.html,0.8239472233832118,1.6605409538358447,-0.1012729489407988,0.4708404485528463,0.3957327612882186,-0.2817433154767308,0.9075259831337085,0.28539762108114775,0.26201806167937497,1.3384203019688468,-0.02613359816672435,-0.07455312033361905,-0.9844262667020119,1
sample_08264.html,-0.4520377787088923,-0.4805110314497277,-0.021653471751118984,-0.4688591484204489,-0.7974863138621374,-0.3365771940723391,-0.44887348689285445,0.6525925597569997,0.7573608909800406,-0.24144617210042107,-0.027419211925291086,-0.10364022835686888,-0.8464471161187843,0
sample_06702.html,-0.4520377787088923,-0.4805110314497277,-0.5789898120788778,-0.4903321533567266,-1.1838891776013987,-0.3365771940723391,-0.44887348689285445,-1.9925510562714843,-0.9237622232699474,-0.2694943572651209,-0.027419211925291086,-0.10364022835686888,0.17641278047599676,0
sample_08353.html,-0.40637094705506965,-0.42807710527946874,-0.4993703348891979,-0.4565888598854331,-1.099857553488881,-0.32439188771775945,-0.10977361938621372,0.5788950284047242,0.44483306898276853,-0.2152293880248291,-0.01584868809819045,-0.09886473300976815,-0.5670212021093282,1
sample_07845.html,-0.4520377787088923,-0.4805110314497277,-0.4993703348891979,-0.49237720144589586,-2.256016803315404,-0.3365771940723391,-0.44887348689285445,0.9232315470510991,2.1711993874137088,3.1649487542395875,-0.027419211925291086,-0.10364022835686888,-1.5523844033566976,1
sample_08161.html,-0.3741355364759007,-0.3319482406339941,-0.1012729489407988,-0.4422735232612479,-0.5286834770052687,-0.3365771940723391,-0.10977361938621372,0.5985593361831122,-0.07232720288561201,-0.258750137542355,-0.01584868809819045,-0.10335080439643853,-0.6745103033213073,0
sample_09548.html,-0.26346062682075394,-0.3057312775488646,0.45606339138695995,-0.14062893010877558,0.3636436450084715,0.0472599560969187,0.5684261156270678,0.44555937217830044,0.10845887403233943,-0.19909085963960016,-0.02613359816672435,-0.09958829291084402,0.3892857661980649,0
sample_02951.html,-0.44075538500618316,-0.4717720437546845,-0.26051190332015844,-0.40341760956703115,-1.2251959931662557,-0.32439188771775945,-0.44887348689285445,0.8729985860807205,1.9460590967681537,2.9165219713522466,-0.009420619305356762,-0.10335080439643853,-1.3008337060432824,0
sample_09641.html,-0.11571499499956296,-0.07851759747774266,0.6153023457663196,0.05876325858523155,1.006289269759878,-0.1294269860444857,-0.10977361938621372,0.6559189915862343,0.3922124012809422,0.11786362218199355,-0.006849391788223287,-0.06673867340199968,-0.2554836409101307,0
sample_09638.html,-0.43538281657632166,-0.4805110314497277,-0.4197508576995181,-0.35842655160530645,-0.35113947794052025,-0.275650662299441,-0.10977361938621372,0.318287511663707,0.45949576430789385,-0.25791768250185143,-0.023562370649590873,-0.10320609241622336,0.1542331167989777,1
sample_05700.html,-0.22209184991082048,-0.08725658517278581,3.879700910543192,0.421759294412783,1.63395848822808,-0.12333433286719588,0.5684261156270678,-1.9925510562714843,0.010770246788790436,-0.26815132979977513,-0.02613359816672435,-0.03938810914133194,0.8062591539365597,0
sample_03258.html,-0.4520377787088923,-0.4805110314497277,-0.5789898120788778,-0.49237720144589586,-2.256016803315404,-0.3365771940723391,-0.44887348689285445,-1.9925510562714843,-1.3950323556491044,-0.2694943572651209,-0.027419211925291086,-0.10364022835686888,-1.3133725301468988,1
sample_02622.html,-0.23176247308457118,0.04382823025286147,-0.021653471751118984,-0.31752558982192036,0.9090377788983321,-0.31220658136317986,-0.10977361938621372,0.6612510676925886,-0.10901392931735984,-0.2498373189086969,-0.02613359816672435,-0.0699223369667335,0.8165191649228972,1
sample_04993.html,-0.35640606065735775,-0.3756431791092098,-0.4993703348891979,-0.36558421991739903,-0.9040496032595396,-0.23909474323570218,0.22932624812042704,0.522741753152307,0.39392364378409045,-0.2674631669662922,-0.01970552937389066,-0.08048631152244115,-1.098055244315398,1
sample_08244.html,-0.3010686058297844,-0.3406872283290372,0.5356828685766397,-0.2060704689621933,1.019774580212051,-0.07459310744887743,-0.10977361938621372,0.3345212535430001,0.014110493972206479,-0.25387750070527415,-0.011991846822490236,-0.10233782053493232,0.2572277853044043,1
sample_01193.html,-0.40153563546819426,-0.4368160929745119,0.13758548262824066,-0.3870572248536767,0.28176585693847916,-0.2817433154767308,0.22932624812042704,0.7346710831445866,1.1915114050208497,-0.22777171063508267,-0.008135005546790024,-0.08005217558179563,-0.5227871014597447,0
sample_04683.html,-0.0700481633457403,0.1661740579834656,-0.18089242613047862,-0.25821919523601056,-0.6486060621032973,-0.30611392818589006,-0.10977361938621372,0.6870691578763872,1.7252886509688714,-0.20768179565759687,-0.01584868809819045,-0.07122474478867005,-0.22206193073822506,1
sample_03602.html,-0.3075156879456182,-0.4805110314497277,-0.4993703348891979,0.004569484222244991,-0.35312634807088933,0.035074649742339085,-0.44887348689285445,0.36616702323404926,-0.9269257322664967,-0.26840661601219623,-0.01970552937389066,-0.09785174914826195,1.231753941862943,0
sample_02223.html,-0.3827316459636791,-0.39312115449929613,-0.4993703348891979,-0.3962599412549386,-1.646412170113058,-0.2817433154767308,-0.10977361938621372,0.2577111217051848,-0.2769038661774725,-0.133726489859261,-0.0107062330639235,-0.09770703716804677,-1.0056913125996572,1
sample_01267.html,-0.11678950868553527,-0.06977860978269951,0.6153023457663196,-0.005655756223601528,0.9182505243163354,-0.1598902519309347,-0.10977361938621372,0.6533617409234692,0.444069531380598,0.09482126666085514,-0.02613359816672435,-0.06746223330307555,-0.34473206781068916,0
sample_04668.html,-0.08186781389143558,-0.13969051134304472,-0.18089242613047862,-0.2725345318601957,-0.20210701891761682,-0.1598902519309347,-0.44887348689285445,0.4778818178975701,0.438024569858372,-0.21474101440106702,-0.02613359816672435,-0.0639891457779114,0.08630654087168217,0
sample_09188.html,-0.3827316459636791,-0.39312115449929613,-0.4993703348891979,-0.3983049893441079,0.413983891747841,-0.2817433154767308,-0.10977361938621372,0.2579016500313576,-0.4555150313040648,-0.13368209225710082,-0.0107062330639235,-0.09770703716804677,1.3287569199870384,1
sample_01714.html,-0.41550431338583416,-0.4368160929745119,-0.4993703348891979,-0.459656432019187,-0.8752323284658157,-0.31829923454046966,-0.10977361938621372,0.30095041426727226,0.6283969359201977,-0.2655207718717839,-0.017134301856757187,-0.10103541271299576,-0.7029800111438148,1
sample_08050.html,-0.4052964333690973,-0.42807710527946874,-0.5789898120788778,-0.4115978019237084,-0.01629023135397495,-0.20863147734925316,-0.10977361938621372,-1.9925510562714843,-0.23671166241748084,-0.2694610590635007,-0.02613359816672435,-0.10335080439643853,0.5419459193470415,1
sample_03625.html,-0.4520377787088923,-0.4805110314497277,-0.4993703348891979,-0.4913546774013112,-2.256016803315404,-0.3365771940723391,-0.44887348689285445,0.24715651722303697,-0.35635680726438446,-0.26832892020841587,-0.027419211925291086,-0.10364022835686888,-0.3903237797809215,1
sample_01327.html,-0.37628456384784525,-0.4105991298893824,0.05796600543856084,0.15897061495452744,0.9686952140778684,0.827119562790014,0.22932624812042704,-0.27882205797250137,-0.748338572055515,-0.11860910632371643,-0.02613359816672435,-0.09076086211771846,1.5459111335954674,1
sample_01789.html,1.7378211133026515,2.945172145007188,1.4114971176631177,1.2019451404308725,0.7124909999656457,-0.19035351781738374,1.2466258506403491,0.6583361891472976,0.28857538067010063,0.3298843712979791,-0.02613359816672435,0.06798818017832665,-0.32194329779266,0
sample_07646.html,-0.33115498903700874,-0.34942621602408036,-0.4993703348891979,-0.39216984507659997,0.4292988566945629,-0.2817433154767308,-0.10977361938621372,0.3316516123233787,-0.23475601371927104,-0.26031515301850167,-0.004278164271089811,-0.09582578142524951,0.564802224433168,1
sample_09028.html,0.30119631515768874,0.8041201597216157,1.0930192089043984,0.17839857180163582,-0.1465301833938138,-0.17207555828551432,-0.10977361938621372,0.6339551141693974,0.19140748910982963,0.13727647372653645,-0.02613359816672435,-0.07817091983899838,-0.8407676906826261,0
sample_02681.html,-0.23928406888637727,-0.20960241290338993,0.05796600543856084,-0.18459746402591562,-0.3597402814811297,0.053352609274208505,-0.44887348689285445,0.5730403301180376,-0.2880088821094246,-0.24650749874668268,-0.02613359816672435,-0.08714306261233912,0.16366539295841276,0
sample_06747.html,-0.43054750498944633,-0.4717720437546845,-0.4993703348891979,-0.44840866752875586,-0.4802532427832406,-0.30002127500860026,-0.10977361938621372,0.15641832936714456,1.0097295232428287,-0.25876123694289505,-0.011991846822490236,-0.10364022835686888,0.526540205527383,1
sample_02547.html,-0.28495090054019995,-0.38438216680425297,-0.18089242613047862,-0.3911473210320153,0.9467137187333441,-0.2817433154767308,0.22932624812042704,0.4454530056410051,0.7031130803823267,-0.25739601067646917,-0.006849391788223287,-0.0813545834037322,-0.3973001001647306,1
sample_07116.html,-0.41335528601388954,-0.4805110314497277,-0.26051190332015844,-0.42284556641413956,-0.46026768956532826,-0.2634653559448614,-0.10977361938621372,0.16055914424481998,-1.0185296670456454,-0.140985497812452,-0.01584868809819045,-0.10364022835686888,2.929152038662611,1
sample_04804.html,-0.14150332346289812,-0.15716848673313102,1.8892139808011965,0.2387274904321303,0.9779925204328112,0.5834134356984216,-0.10977361938621372,0.6032472861996696,1.3845434961616072,-0.023387349090649736,-0.02613359816672435,-0.02607460696153599,-0.7281181019332291,0
sample_04181.html,-0.3864924438645821,-0.39312115449929613,-0.4993703348891979,-0.4340933309045707,0.27578598218151873,-0.30002127500860026,-0.10977361938621372,0.32173375581551045,-0.41520345446180223,-0.195072876644103,-0.02613359816672435,-0.09958829291084402,1.0751967023809674,1
sample_06188.html,-0.3198725953342996,-0.39312115449929613,1.0930192089043984,0.02501996511393803,0.6967085486331035,-0.025851882030558975,-0.10977361938621372,0.6241218302088777,0.43624930823840397,-0.10295895156224959,-0.02613359816672435,-0.07310600053146732,0.012199306748963095,0
sample_06500.html,-0.39025324176548515,-0.4805110314497277,-0.4993703348891979,-0.41773294619121626,-0.08018245984500738,-0.22690943688112258,-0.10977361938621372,0.19347927898332104,-0.3039592498284068,-0.2674520675657521,-0.0017069367539563366,-0.10335080439643853,-0.47573062165830543,1
sample_03839.html,2.69091475276008,3.3209486158940438,1.0930192089043984,2.4003433206840845,0.49992805981590405,0.9550652795130999,-0.10977361938621372,0.5407586655291081,-0.2657567708284419,-0.14986501824448992,-0.011991846822490236,1.1352390342652299,0.019876179606530306,0
sample_01824.html,-0.40153563546819426,-0.4805110314497277,-0.4993703348891979,-0.40955275383453904,-1.1230232592588287,-0.20863147734925316,-0.10977361938621372,0.5865529830839468,0.3440723018067845,-0.265787157484745,-0.017134301856757187,-0.10161426063385645,-0.6159172563322561,1
sample_07178.html,-0.056079485428100415,-0.052300634392613204,0.13758548262824066,0.5618450885208803,1.2856603463518497,0.17520567282000463,0.22932624812042704,0.6314151576035403,-0.47990516632490277,0.09079218426481793,-0.02613359816672435,-0.07426369637318869,0.9533711187141403,0
sample_09752.html,0.029344352606697297,-0.17464646212321733,-0.4993703348891979,-0.12017844921708255,0.38362725422718885,0.3397073086068294,-0.10977361938621372,-0.5697781662394734,0.36078084065677934,-0.26829562200679574,-0.02613359816672435,0.01777312304366152,0.07311857177954081,0
sample_08010.html,0.49407152178971625,-0.26203633907364887,0.13758548262824066,1.4412157668636811,1.431850938962983,1.2840685510867493,0.22932624812042704,0.6775993325294576,0.20021396870755886,-0.25227918702750735,-0.02613359816672435,-0.0634102978570507,-0.07220999784458822,0
sample_00289.html,-0.4477397239650031,-0.4805110314497277,-0.4197508576995181,-0.412620325968293,0.6169083445998346,-0.31220658136317986,-0.10977361938621372,0.47515850477076177,-0.562176910764368,-0.2588278333461353,-0.0107062330639235,-0.10364022835686888,0.4146054324495236,1
sample_01281.html,2.9912413279893375,4.859010450221638,0.7745413001456792,1.9166894475955443,-0.05375047206336946,-0.2817433154767308,0.22932624812042704,0.701863587021313,-0.04347121108131075,-0.17305166597264895,-0.02613359816672435,0.2915681896107694,-0.5195393296048241,0
sample_08991.html,1.0775324532726742,0.7953811720265725,-0.1012729489407988,0.8491743450491676,1.012091398796063,0.07163056880607792,1.58572571814699,0.6944540280886254,-0.5858832198503484,-0.1812097253695838,-0.02613359816672435,-0.016234192306904205,0.31533323692438836,1
sample_08193.html,-0.3037548900447152,-0.44555508066955507,-0.4993703348891979,-0.025083713070709918,2.9180131604486537,-0.12333433286719588,-0.10977361938621372,0.2927255361840963,-1.8038183493421578,-0.2683400196089559,-0.02613359816672435,-0.10060127677235024,1.6524507282554424,1
sample_08622.html,-0.22048007938186204,-0.026083671307483746,0.05796600543856084,0.3675655200497964,1.0040835150098841,0.4128191467343071,-0.10977361938621372,0.5349627974689871,-1.4307974910877477,-0.2324334588619026,-0.02613359816672435,-0.013484664682815914,1.968370141984934,0
sample_04123.html,-0.43162201867541866,-0.4542940683645982,-0.4993703348891979,-0.46579157628669493,-0.6019353954515749,-0.3304845408950493,-0.44887348689285445,0.4727523952607689,0.2686496732621426,-0.24106879248205945,0.008577973314577563,-0.10364022835686888,-0.45594232519950834,1
sample_05877.html,-0.3273941911361057,-0.3406872283290372,-0.4993703348891979,-0.3931923691211846,0.4911933928541008,-0.2817433154767308,-0.10977361938621372,0.343253371727165,0.014903835574940195,-0.25871683934073486,-0.004278164271089811,-0.09582578142524951,-0.2023741806974135,1
sample_08823.html,-0.44182989869215544,-0.46303305605964135,-0.26051190332015844,-0.4617014801083563,-0.41670573198121214,-0.3304845408950493,-0.44887348689285445,0.9557945200159776,2.3457006442094093,2.454698113681954,0.013720428348844514,-0.10175897261407163,-1.2335201347167195,0
sample_08500.html,-0.3021431195157567,-0.3057312775488646,-0.4197508576995181,-0.036331477561141086,-0.14062880744546272,-0.2878359686540206,-0.44887348689285445,0.525124310082303,0.5924535970729585,-0.26124750266386565,-0.01584868809819045,-0.08323583914652945,-0.5701559113946468,0
sample_03555.html,0.6864094715787576,1.2672865075589028,-0.34013138050983827,1.127300885176193,0.6950175418568318,0.07772322198336773,0.5684261156270678,0.8448331835974475,0.1452216838406794,-0.2575625016845699,-0.02613359816672435,0.03007364136195125,0.11779398411252627,0
sample_05659.html,-0.32685693429311957,-0.3319482406339941,-0.5789898120788778,-0.1938001804271775,1.8718275923266767,-0.3304845408950493,-0.10977361938621372,-1.9925510562714843,-1.1593976061946278,-0.2694943572651209,-0.00042132299538959916,-0.10175897261407163,1.0885198459105667,1
sample_00966.html,-0.16299359718234407,-0.2969922898538215,-0.1012729489407988,-0.14062893010877558,0.5239450192145962,0.2300395514156129,-0.44887348689285445,0.42998745396123106,-0.5484124787633381,-0.1912546828583267,-0.02613359816672435,-0.07571081617534044,0.7997351750947643,0
sample_08537.html,-0.4477397239650031,-0.4805110314497277,-0.4993703348891979,-0.4749942926879568,-1.514456932503265,-0.31220658136317986,-0.10977361938621372,0.3703367708508456,0.10285978025555965,-0.26836221841003605,-0.0107062330639235,-0.10320609241622336,-0.47897591635821873,1
sample_05904.html,-0.35318251959944086,-0.3581652037191235,-0.5789898120788778,-0.38398965271992275,0.9955656190984876,-0.31829923454046966,-0.44887348689285445,-1.9925510562714843,0.48773573981504964,-0.2694166614613405,-0.00042132299538959916,-0.058490090529734806,-0.6356682129387308,1
sample_04309.html,-0.3569433175003439,-0.2532973513786057,-0.4993703348891979,-0.37580946036324553,-1.2622433732615979,-0.32439188771775945,-0.44887348689285445,-0.034829346560544386,-0.36266090445145155,-0.2676296579743929,-0.02613359816672435,-0.09133971003857914,-0.4212904337755989,1
sample_00283.html,0.07286215688857538,0.6730353442959685,-0.4197508576995181,0.2407725385212996,-0.08275738064771135,-0.19035351781738374,1.9248255856536307,0.5657896264404738,-0.2335807694111794,-0.2518574098069855,-0.0209911431324574,-0.09843059706912263,0.42802587602028286,0
sample_01542.html,0.878747421367799,-0.3232092529389509,0.05796600543856084,0.8532644412275061,1.0067719023824158,1.7288322330289052,-0.44887348689285445,0.5112460602282092,-0.4507063486865578,-0.1679570411247672,-0.02613359816672435,0.11400658988675176,0.5070630918881502,0
sample_07546.html,-0.41872785444375105,-0.4368160929745119,-0.5789898120788778,-0.4259131385478935,-1.469069559675181,-0.29392862183131047,0.22932624812042704,-1.9925510562714843,0.24257292639872363,-0.2694943572651209,-0.02613359816672435,-0.09249740588030053,-1.3795567534679185,1
sample_09893.html,-0.3827316459636791,-0.4805110314497277,-0.4993703348891979,-0.40341760956703115,0.09071119670308503,-0.2208167837038328,-0.10977361938621372,-0.09052148133911392,-0.7204005635542564,-0.2544102719311964,-0.0017069367539563366,-0.10320609241622336,0.9724053431133608,1
sample_01839.html,-0.41657882707180643,-0.42807710527946874,-0.5789898120788778,-0.27355705590478036,0.5619017306716386,-0.31829923454046966,-0.10977361938621372,-1.9925510562714843,0.5848675312989495,-0.2694943572651209,-0.008135005546790024,-0.10074598875256541,-0.22040371013859597,1
sample_09741.html,-0.15869554243845488,0.15743507028842244,-0.18089242613047862,-0.22958852198764032,-0.4288007862615241,-0.32439188771775945,-0.10977361938621372,0.5301062913057529,0.6744821893823602,-0.042223031807110185,-0.013277460581056975,-0.08786662251341498,-0.9762595951111869,0
sample_04958.html,11.85275569620288,6.05625176444255,-0.18089242613047862,13.173656654427978,1.1979436022702705,23.534437954549123,-0.10977361938621372,0.6225208238103764,-0.37423064803036804,-0.013864063427289061,-0.0209911431324574,1.8531551681127045,1.1300220748296705,0
sample_02559.html,0.07769746847545071,0.27104191032398345,0.2968244370076003,-0.29503006084105804,0.4724484926550576,-0.3365771940723391,-0.44887348689285445,0.7340904473993297,0.44774252295152206,-0.2014661313551703,-0.01584868809819045,-0.058779514490165156,-0.6221637807755617,0
sample_01437.html,0.5692874798077772,1.4158492983746365,0.7745413001456792,-0.03735400160572574,0.7197891060271019,-0.31220658136317986,-0.44887348689285445,0.296627436747181,-0.14013629210500494,0.17159582019636305,-0.02613359816672435,-0.011892832900449006,0.6164878029099584,0
sample_00611.html,-0.4520377787088923,-0.4805110314497277,-0.5789898120788778,-0.4913546774013112,-2.256016803315404,-0.3365771940723391,-0.44887348689285445,-1.9925510562714843,-1.6241803805168198,-0.2694943572651209,-0.027419211925291086,-0.10364022835686888,-1.0836151124799762,1
sample_06134.html,-0.4321592755184048,-0.4717720437546845,-0.4993703348891979,-0.2561741471468413,0.9364948235264505,-0.19644617099467354,-0.10977361938621372,0.44959518340169274,-2.636728620300511,-0.2569520346548673,-0.02613359816672435,-0.09857530904933781,3.4109850106383908,1
sample_01622.html,-0.3714492522609699,-0.39312115449929613,-0.26051190332015844,0.07716869138775528,-0.891972226654149,-0.23909474323570218,4.298524658200116,0.5975001842980409,-0.2251082650902149,-0.2565635556359656,-0.014563074339623712,-0.09394452568245226,0.1366290452491497,0
sample_03921.html,0.06748958845871388,0.11374013181320669,-0.021653471751118984,0.010704628489752904,0.7601637467257012,-0.03194453520784878,0.22932624812042704,0.558177634954432,-0.20363506980187765,-0.1764591819384435,-0.02613359816672435,-0.09003730221664259,0.0012196561576523816,0
sample_05400.html,-0.3746727933188868,-0.4018601421943393,-0.26051190332015844,-0.33899859475819805,0.478107171507665,-0.23300209005841238,-0.10977361938621372,0.3586070106592228,-0.25994472548481257,-0.24942664108871515,-0.02613359816672435,-0.07136945676888523,0.44199236278062676,0
sample_01695.html,1.516471293992358,0.6642963566009252,-0.34013138050983827,2.8379836117663158,1.6834727533282374,3.392126550429022,-0.10977361938621372,0.5403234110929547,-1.06916345802828,-0.2036638126620997,-0.0209911431324574,0.11458543780761246,1.4234009946611672,0
sample_06356.html,-0.4520377787088923,-0.4805110314497277,-0.4993703348891979,-0.49237720144589586,-2.256016803315404,-0.3365771940723391,-0.44887348689285445,0.7812235360559433,1.4785548906739663,-0.267185681952791,-0.027419211925291086,-0.10364022835686888,-1.0168014571092276,1
sample_01782.html,-0.29300975318499217,-0.270775326768692,-0.4993703348891979,0.10579936463612553,0.046912010656473914,0.010704037033179861,0.5684261156270678,0.46891654475695266,-0.8552265488769395,-0.2647549132345206,-0.02613359816672435,-0.09712818924718608,0.6282971700521779,0
sample_07012.html,-0.4520377787088923,-0.4805110314497277,-0.4993703348891979,-0.4852195331338033,-1.1307331055609695,-0.3365771940723391,-0.44887348689285445,-0.031173912247346766,-1.7453057752746248,-0.24963752969897607,-0.027419211925291086,-0.10364022835686888,2.7616293857117884,1
sample_05759.html,0.21147442237900185,-0.3669041914141667,0.3764439141972801,0.23361487020920704,0.6514017942389192,1.4729407995827335,-0.10977361938621372,-0.07582514384185708,-1.3494008883099395,-0.1576567974236032,-0.02613359816672435,0.012274067795484934,1.975481467316648,0
sample_06752.html,-0.43592007341930783,-0.4805110314497277,-0.4993703348891979,0.031155109381445945,1.977399908452267,-0.275650662299441,-0.10977361938621372,0.2773733654950843,-2.294547393691357,-0.2684510136143564,-0.014563074339623712,-0.10306138043600818,2.776183779581342,1
sample_07356.html,0.5381265829145805,1.3983713229845502,0.5356828685766397,0.4933359775337086,0.6293698215321236,-0.30611392818589006,0.22932624812042704,0.4466354904274567,-0.21923271564619307,-0.1897340649843402,-0.02613359816672435,-0.025351047060460125,0.2462965304993436,0
sample_00623.html,-0.26023708576283705,-0.17464646212321733,-0.4993703348891979,-0.025083713070709918,0.08469932166031244,-0.20253882417196337,0.22932624812042704,0.44996722278887724,-0.6409539700447924,-0.24978182190599668,-0.02613359816672435,-0.09669405330654056,-0.05218406399463119,0
sample_02343.html,-0.4343083028903494,-0.4805110314497277,-0.4197508576995181,-0.3911473210320153,0.7331983522117134,-0.23300209005841238,-0.10977361938621372,0.3865901320307333,-0.16960531826134614,-0.26362277437943576,-0.02613359816672435,-0.10132483667342611,-0.0674131696999182,1
sample_02851.html,-0.4520377787088923,-0.4805110314497277,-0.4993703348891979,-0.4872645812229726,-2.256016803315404,-0.3365771940723391,-0.44887348689285445,0.8189303790915088,1.8623905428040255,-0.2178266477512002,-0.027419211925291086,-0.10364022835686888,-1.5036496510377269,1
sample_04042.html,-0.4224886523446541,-0.4368160929745119,-0.34013138050983827,-0.46272400415294096,-0.5346525961778987,-0.31829923454046966,-0.44887348689285445,0.3341987324004453,-0.9224423829501291,-0.26518778985558245,-0.02613359816672435,-0.10306138043600818,1.5598074907937853,0
sample_07818.html,0.29582374672782724,1.0750287782679535,-0.021653471751118984,0.1640832351774507,-0.10878932852026753,-0.22690943688112258,0.22932624812042704,0.5751308168972464,0.4876795695485623,-0.09214813543624341,-0.011991846822490236,-0.040690516963268496,-0.8534750656280113,0
sample_09533.html,0.9195789414347464,1.8964936216020098,0.45606339138695995,0.4381196791261374,1.1780810297117035,-0.2817433154767308,1.2466258506403491,0.37864922642720716,-0.06242007653399519,-0.15964359012027168,-0.02613359816672435,0.010537524032902855,0.28718928802301535,1
sample_08178.html,-0.4520377787088923,-0.4805110314497277,-0.5789898120788778,-0.49237720144589586,-2.256016803315404,-0.3365771940723391,-0.44887348689285445,-1.9925510562714843,-1.2186723376203104,-0.2694943572651209,-0.027419211925291086,-0.10364022835686888,-1.2211297313110214,1
sample_09192.html,1.025955796346004,1.8790156462119234,0.21720495981792048,0.5107188862916477,0.39566571451224886,-0.245187396412992,1.2466258506403491,0.713753205573262,0.08805913778076695,-0.20416328568640182,-0.02613359816672435,0.33628419149725797,-0.09993792811895072,0
sample_08455.html,-0.3042921468877013,-0.3232092529389509,0.45606339138695995,0.6651200170239302,2.1933833727180407,-0.30002127500860026,0.22932624812042704,0.7080614793514828,0.852956043404571,2.2814697694534343,-0.02613359816672435,-0.0590689384505955,-0.563478427168339,1
sample_01539.html,-0.42087688181569566,-0.4105991298893824,-0.5789898120788778,-0.45454381179626374,-0.3104670177764836,-0.3365771940723391,-0.44887348689285445,-1.9925510562714843,0.13771504647495092,-0.2694610590635007,0.0034355182803106135,-0.10219310855471715,-0.5144210710414537,0
sample_05455.html,-0.4520377787088923,-0.4805110314497277,-0.4993703348891979,-0.49237720144589586,-2.256016803315404,-0.3365771940723391,-0.44887348689285445,0.8172259275903706,1.5957572868621575,-0.267185681952791,-0.027419211925291086,-0.10364022835686888,-1.0168014571092276,1
sample_02523.html,-0.09691100549504775,0.35843178727441494,5.710948885905828,0.031155109381445945,0.596527245078456,-0.1537975987536449,-0.44887348689285445,0.22447197523574744,-1.063249431707084,1.1664905876035123,-0.013277460581056975,-0.08526180686954186,2.007615265487219,0
sample_09903.html,-0.3096647153175628,-0.3406872283290372,-0.4993703348891979,-0.37376441227407625,0.06381297614258408,-0.2695580091221512,-0.10977361938621372,0.3316516123233787,-2.6904106003766994,-0.26031515301850167,-0.02613359816672435,-0.0910502860781488,3.5660843661725488,1
sample_08893.html,-0.053393201213169664,0.03508924255781832,1.8095945036115169,0.08432635969984785,-0.46382403321389304,-0.12333433286719588,-0.44887348689285445,0.7280967413572639,0.47025288921925557,0.021587421897622354,-0.02613359816672435,-0.05588527488586169,-0.633302673320876,0
sample_06724.html,-0.4450534397500724,-0.4717720437546845,-0.18089242613047862,-0.4238680904587242,-0.19155075203736846,-0.3304845408950493,-0.10977361938621372,0.7794486210268577,1.6401192644623828,-0.23488642638125307,0.009863587073144301,-0.1034955163766537,-0.20383570215179506,0
sample_07695.html,-0.3886414712365267,-0.3756431791092098,-0.1012729489407988,-0.4310257587708167,-0.784906131857517,-0.3365771940723391,-0.10977361938621372,0.5384959048991877,0.2888318021983747,-0.2282933824604649,0.02914779345164536,-0.1003118528119199,-0.22325936139349897,1
sample_05326.html,-0.32148436586325807,-0.3669041914141667,-0.5789898120788778,-0.16925960335714585,0.16497246254443407,-0.09287106698074685,-0.10977361938621372,-1.9925510562714843,0.7359217975043414,-0.2694943572651209,-0.013277460581056975,-0.08714306261233912,0.638804648823757,1
sample_01777.html,-0.4520377787088923,-0.4805110314497277,-0.5789898120788778,-0.4811294369554647,-1.661223990520504,-0.3365771940723391,-0.44887348689285445,-1.9925510562714843,2.632307921250146,-0.2694943572651209,-0.027419211925291086,-0.10364022835686888,1.1201768830058136,1
sample_00556.html,-0.19630352144748534,-0.11347354825791527,2.207691889559916,-0.18561998807050029,-1.3483884030782456,-0.2878359686540206,-0.44887348689285445,0.762685408565062,1.4205168913674608,4.9809438753978235,-0.02613359816672435,-0.07817091983899838,-1.401457111399021,0
sample_03591.html,-0.4090572312700004,-0.4542940683645982,-0.26051190332015844,-0.43511585494915533,0.32972191281484176,-0.29392862183131047,-0.10977361938621372,0.2700450944985666,-0.18139220564082034,-0.2581951675153526,0.006006745797444088,-0.08280170320588393,0.13195026005941282,0
sample_07129.html,-0.2790410752673523,-0.24455836368356254,-0.34013138050983827,-0.2469714307455794,0.5409949035175333,-0.17207555828551432,0.22932624812042704,0.4741851368306585,-0.15786382185456602,-0.26536538026422324,-0.013277460581056975,-0.03533617369530708,0.02849933871459232,1
sample_06295.html,0.4505537175078382,1.3109814460341187,1.1726386860940783,0.721358839476086,1.367502548941253,0.08990852833794734,0.5684261156270678,0.4512290451370558,-0.7452420048939994,-0.10492354545783798,-0.02613359816672435,-0.04459774042907817,1.5921465668885244,0
sample_03372.html,-0.17266422035609477,-0.09599557286782896,-0.1012729489407988,0.24588515874422287,0.49236618152724565,-0.14161229239906528,-0.44887348689285445,0.42027792191457525,-0.9294873647418761,-0.04262261022655189,-0.011991846822490236,-0.07759207191813769,1.5279037420974566,0
sample_02932.html,0.061042506342880096,0.07878418103303408,1.729975026421837,1.4902969210037444,0.010319447643788338,0.5651354761665522,2.2639254531602715,0.4809361960402391,0.2125569785489328,0.46703966377134487,-0.02613359816672435,-0.0010394343843110093,0.39787978614064456,0
sample_08724.html,-0.389715984922499,-0.39312115449929613,-0.4993703348891979,-0.43613837899374003,0.3664291657239516,-0.30002127500860026,-0.10977361938621372,0.2495581938431463,-0.034784926017048745,-0.22793820164318337,-0.02613359816672435,-0.09872002102955299,1.0317150049707446,1
sample_02636.html,-0.4520377787088923,-0.4805110314497277,-0.4993703348891979,-0.49237720144589586,-2.256016803315404,-0.3365771940723391,-0.44887348689285445,-0.05041708092087359,-1.2631769515947597,-0.26895048663865856,-0.027419211925291086,-0.10364022835686888,-0.9688198902890938,1
sample_04541.html,-0.4488142376509754,-0.4805110314497277,-0.5789898120788778,-0.46988167246503354,-0.4298780888433753,-0.31829923454046966,-0.10977361938621372,-1.9925510562714843,-1.0897108829652162,-0.2694943572651209,-0.014563074339623712,-0.10364022835686888,-0.0949130191863865,1
sample_06998.html,-0.29408426687096445,-0.2532973513786057,0.21720495981792048,-0.298097632974812,-0.3132675212147301,-0.19035351781738374,-0.10977361938621372,0.3508544290751804,-0.05683525901254153,-0.1952171688511236,-0.02613359816672435,-0.03620444557659812,0.3961924524508494,0
sample_03243.html,-0.4477397239650031,-0.4805110314497277,-0.4993703348891979,-0.4760168167325414,-1.3307835403135753,-0.31220658136317986,-0.10977361938621372,0.3391934432522604,0.23175519692944685,-0.2680514351949147,-0.009420619305356762,-0.10364022835686888,-0.7434063203795881,1
sample_04829.html,-0.4337710460473632,-0.4542940683645982,-0.5789898120788778,-0.2060704689621933,0.45187017108452127,-0.19035351781738374,-0.10977361938621372,-1.9925510562714843,-1.2514702986242705,-0.2694943572651209,-0.02613359816672435,-0.10320609241622336,-0.7124516871055259,1
sample_05724.html,1.8028291913039756,6.213553542953327,0.13758548262824066,3.3226600088994407,1.938346351468197,1.2292346724911412,-0.10977361938621372,0.6386632670937386,-2.6572285916239684,-0.22585151434165446,-0.02613359816672435,0.17362792573540317,3.4876334668196223,0
sample_00683.html,0.18729786444462512,-0.3319482406339941,-0.34013138050983827,0.29905640906262476,1.0761430109967844,0.8088416032581446,0.22932624812042704,0.4377800131232856,-0.6525161660579877,-0.25480985035063813,-0.02613359816672435,-0.0872877745925543,0.11863755969381838,1
sample_06546.html,0.2931374625128965,0.707991295076141,3.003886661456714,0.35734027960394993,-0.46527810221913796,-0.30611392818589006,0.22932624812042704,0.6210855065032651,0.6525880917698187,0.5741266801817223,-0.0209911431324574,0.11342774196589107,-0.9504477442350685,0
sample_06544.html,-0.3085902016315905,-0.2358193759885194,-0.4993703348891979,-0.049624290140741566,0.15339476640498773,-0.19035351781738374,0.22932624812042704,0.5648423941005405,-1.2800969201380656,-0.2047626533155644,-0.004278164271089811,-0.0883007584540605,2.413020560981218,1
sample_09897.html,-0.2790410752673523,-0.24455836368356254,-0.34013138050983827,-0.3124129695989971,0.1827934180794181,-0.30611392818589006,-0.10977361938621372,0.7361493184000422,0.21906415958812986,-0.23859362616162888,-0.02613359816672435,-0.0872877745925543,-0.004334190557287057,0
sample_05966.html,-0.4343083028903494,-0.4717720437546845,-0.4197508576995181,-0.44022847517207864,0.06416672343532498,-0.2817433154767308,-0.10977361938621372,0.3600250372681366,0.7666395118861851,-0.25508733536413936,-0.02613359816672435,-0.10320609241622336,0.48466889354983045,1
sample_05825.html,-0.43054750498944633,-0.4368160929745119,-0.4993703348891979,-0.4013725614778618,-0.45208038858243016,-0.3365771940723391,0.22932624812042704,0.37326550157011057,-0.27998501632228034,-0.2614916894757467,0.038147089761612525,-0.10335080439643853,0.13919571681594983,0
sample_02987.html,-0.4450534397500724,-0.4717720437546845,-0.4197508576995181,-0.44431857135041725,-0.39815993726979915,-0.3304845408950493,-0.10977361938621372,0.28610712914078423,-0.35076833055122414,-0.26673060653064906,0.009863587073144301,-0.1034955163766537,0.2813924845524791,1
sample_06850.html,0.07554844110350611,0.34969279957937177,-0.1012729489407988,-0.1447190262871142,0.09529144654440119,-0.30611392818589006,-0.44887348689285445,0.8014883649506809,1.0774095673714756,-0.2018879085756921,-0.02613359816672435,0.14917160107903887,-0.2548783806782109,0
sample_08631.html,-0.4520377787088923,-0.4805110314497277,-0.5789898120788778,-0.4903321533567266,-1.114558160185379,-0.3365771940723391,-0.44887348689285445,-1.9925510562714843,-1.60279190543054,-0.2694943572651209,-0.027419211925291086,-0.10364022835686888,0.2457020263352195,0
sample_05317.html,-0.4198023681297234,-0.4542940683645982,0.5356828685766397,-0.4606789560637717,-1.7427903390185502,-0.30611392818589006,-0.44887348689285445,0.462436484177013,-0.008816085395176846,0.1460893977553341,0.01629165586597799,-0.09076086211771846,-1.178336187561862,0
sample_08684.html,-0.4520377787088923,-0.4805110314497277,-0.5789898120788778,-0.47703934077712606,-2.04480709856781,-0.3365771940723391,-0.44887348689285445,-1.9925510562714843,6.784374386900461,-0.2694943572651209,-0.027419211925291086,-0.10364022835686888,-1.1290877645579567,0
sample_04849.html,-0.4520377787088923,-0.4805110314497277,-0.4993703348891979,-0.49237720144589586,-2.256016803315404,-0.3365771940723391,-0.44887348689285445,0.32146681233332947,-0.8329860769671793,-0.2532337354739514,-0.027419211925291086,-0.10364022835686888,0.7857714262425866,0
sample_06048.html,1.2478428724992834,0.5244725534802348,2.128072412370236,0.6497821563551603,0.33059311514560474,1.418106920987125,0.22932624812042704,0.34057251723721943,0.03401140333925647,-0.015084997486694276,-0.02613359816672435,0.1046003111727655,0.25748632206123195,0
sample_07401.html,-0.3574805743433301,-0.4193381175844256,0.7745413001456792,-0.3492238352040446,0.042240834946274584,-0.20863147734925316,-0.10977361938621372,0.6150972301443942,0.6935705599094011,0.034329533717596776,-0.0017069367539563366,-0.09915415697019851,-0.7991521645160773,1
sample_00237.html,-0.4520377787088923,-0.4805110314497277,-0.4993703348891979,-0.49237720144589586,-2.256016803315404,-0.3365771940723391,-0.44887348689285445,0.7697390010992521,1.3592723457167761,2.1264777403122124,-0.027419211925291086,-0.10364022835686888,-1.5522331665246654,1
sample_01787.html,2.1171244444508726,2.3683989571343402,1.4911165948527976,0.5485522759412799,0.12155690445108545,-0.06850045427158762,-0.10977361938621372,0.6154540879761692,0.29904804398388113,-0.09679878426252328,-0.02613359816672435,0.2364329251487884,-0.46567169047028134,0
sample_09322.html,-0.19307998038956845,-0.3581652037191235,0.05796600543856084,-0.42489061450330884,-0.11454853817235945,-0.3304845408950493,0.22932624812042704,0.6257230711184211,2.057137571690786,-0.16878949616527075,-0.011991846822490236,0.16132740741711343,-1.043342425967637,1
sample_02721.html,0.03740320525148953,0.27978089801902656,1.2522581632837582,0.189646336292067,-0.44439956297855043,-0.245187396412992,0.22932624812042704,0.6353184186219869,1.297768267838604,0.8280032687342267,-0.02613359816672435,-0.03171837418992775,-0.8625409314488742,0
sample_09671.html,-0.09153843706518626,0.1661740579834656,-0.18089242613047862,-0.06905224698784995,0.5512437217774541,-0.1294269860444857,-0.10977361938621372,-0.2818736996674832,0.04201370796373406,-0.21252113429305752,-0.02613359816672435,-0.011458696959803488,0.8693079117881004,0
sample_04840.html,-0.32685693429311957,-0.4105991298893824,-0.34013138050983827,-0.3236607340894283,0.9499012899738956,-0.20253882417196337,0.5684261156270678,0.7717445715757956,1.000653347568446,-0.16953315600145394,-0.008135005546790024,-0.08366997508717497,-0.3201735139540913,0
sample_00400.html,0.18944689181656973,0.419604701139717,0.3764439141972801,-0.11404330494957464,0.0022047953036986316,-0.17207555828551432,0.22932624812042704,0.7225259436917714,-0.045023720371841346,-0.23394297733534902,-0.02613359816672435,-0.05776653062865894,0.007961624640100999,0
sample_03273.html,-0.43538281657632166,-0.46303305605964135,-0.5789898120788778,-0.4719267205542028,-0.24948683951861977,-0.3365771940723391,-0.44887348689285445,-1.9925510562714843,-0.13990995268616646,-0.2694943572651209,0.021434110900244937,-0.10103541271299576,-0.39369268451570544,1
sample_01646.html,-0.2725939931515185,-0.26203633907364887,0.45606339138695995,-0.18561998807050029,-0.23198688003760454,-0.10505637333532646,-0.10977361938621372,0.5172205392780079,0.5599772586767866,0.18834481561129457,-0.02613359816672435,-0.04097994092369884,-0.32758580058154946,0
sample_09824.html,-0.4310847618324325,-0.46303305605964135,-0.5789898120788778,-0.4688591484204489,-0.36259086863695095,-0.29392862183131047,-0.44887348689285445,-1.9925510562714843,0.00037260849284860803,-0.26943886026242064,-0.014563074339623712,-0.10277195647557784,-0.20074867158154033,1
sample_09731.html,-0.4520377787088923,-0.4805110314497277,-0.5789898120788778,-0.4913546774013112,-2.256016803315404,-0.3365771940723391,-0.44887348689285445,-1.9925510562714843,-0.834531934820573,-0.2694943572651209,-0.027419211925291086,-0.10364022835686888,-1.2476211570692826,1
sample_08323.html,1.0135988889573224,1.8702766585168804,0.6153023457663196,0.5843406175017427,0.6464154726405523,-0.3365771940723391,0.22932624812042704,0.7140104738969861,0.10288723578122322,-0.17936722487993592,-0.01584868809819045,0.05337227017659415,-0.08027626643166476,0
sample_03016.html,-0.4520377787088923,-0.4805110314497277,-0.34013138050983827,-0.4893096293121419,-2.256016803315404,-0.3365771940723391,-0.44887348689285445,-0.3497506290848887,-4.35861670352819,-0.08889601107800953,-0.027419211925291086,-0.10364022835686888,-1.5359830948642383,1
sample_02554.html,-0.30590391741665973,-0.4717720437546845,-0.5789898120788778,-0.4565888598854331,-0.6591420290293364,-0.31829923454046966,-0.10977361938621372,-1.9925510562714843,2.362032389316995,-0.2694832578645808,0.00472113203887735,0.24699689970449604,-1.4020048103711629,1
sample_04897.html,-0.4498887513369477,-0.4805110314497277,-0.5789898120788778,-0.47806186482171076,-1.3139611160285807,-0.32439188771775945,-0.10977361938621372,-1.9925510562714843,-0.24632634441691362,-0.2694943572651209,-0.009420619305356762,-0.1034955163766537,-0.7795846607943895,1
sample_02008.html,0.07447392741753382,0.19239102106859504,-0.26051190332015844,0.24588515874422287,-0.3805191498844936,-0.2208167837038328,0.22932624812042704,0.6546978115067852,0.8507984799415186,-0.06512109512122798,-0.02613359816672435,0.09475989651813371,-0.6584527457179314,0
sample_06742.html,-0.4520377787088923,-0.4805110314497277,-0.5789898120788778,-0.49237720144589586,-2.256016803315404,-0.3365771940723391,-0.44887348689285445,-1.9925510562714843,-0.7413168664311375,-0.2694943572651209,-0.027419211925291086,-0.10364022835686888,-1.2493942655106245,1
sample_04010.html,-0.3359903006238841,-0.2532973513786057,-0.5789898120788778,-0.32468325813401294,-1.617799959982066,-0.31220658136317986,-0.10977361938621372,-1.9925510562714843,-0.229404444562011,-0.2694943572651209,-0.013277460581056975,-0.10060127677235024,-0.23962639388325013,1
sample_01425.html,-0.22853893202665426,-0.4542940683645982,-0.5789898120788778,-0.34411121498112135,-1.68405442607417,0.132557100578976,-0.10977361938621372,-1.9925510562714843,-0.0015101396302789568,-0.2689393872381185,-0.006849391788223287,-0.10118012469321093,-0.6559131794419759,1
sample_08904.html,-0.34995897854152397,-0.27951431446373515,-0.4197508576995181,-0.2551516231022566,0.7741884049171102,-0.31220658136317986,6.33312386323996,0.6291280189924402,0.42810826333896385,-0.20893602791862223,-0.011991846822490236,-0.09061615013750328,-0.17737968667248227,1
sample_07195.html,1.004465522626558,1.3546763845093344,-0.4993703348891979,0.6283091514188827,-1.7285876807513314,0.5773207825211318,0.5684261156270678,-0.7043542538141186,1.3771193129256598,-0.2670857873479306,-0.02613359816672435,-0.0693434890458728,-1.0385634333390206,1
sample_01292.html,0.24747063085907384,0.32347583649424233,2.0484529351805563,0.7203363154315013,1.4490903480472375,-0.275650662299441,-0.44887348689285445,0.7428408632711352,1.3971820224281435,2.3866254901698434,-0.004278164271089811,0.03673039245184922,-0.9852301426148956,0
sample_09878.html,0.00839133573023748,-0.3669041914141667,0.3764439141972801,-0.19073260829342353,-0.07686161262227136,0.24222485777019248,-0.10977361938621372,0.685621998975478,0.015163020166341187,-0.19037783021566296,-0.02613359816672435,-0.08772191053319982,-0.24430068108100006,0
sample_09628.html,-0.4520377787088923,-0.4805110314497277,-0.5789898120788778,-0.48828710526755725,-1.3908636227199325,-0.3365771940723391,-0.10977361938621372,-1.9925510562714843,0.005644280576880719,-0.2694943572651209,-0.027419211925291086,-0.10364022835686888,-1.0511472373625088,1
sample_01171.html,-0.45042600817993383,-0.4805110314497277,-0.4993703348891979,-0.4893096293121419,-2.256016803315404,-0.3304845408950493,-0.44887348689285445,0.9246815603835117,2.209377233178024,0.18621373070760547,-0.008135005546790024,-0.1034955163766537,-1.543447493010458,1
sample_09395.html,-0.1436523508348427,-0.2183414005984331,-0.34013138050983827,0.06694345094190876,0.6183464921911132,0.2665954704793517,-0.10977361938621372,0.5238542861595443,-0.11373142570158298,-0.26031515301850167,-0.02613359816672435,-0.07296128855125214,0.004827150032625282,0
sample_05537.html,-0.42302590918764027,-0.44555508066955507,-0.4197508576995181,-0.4463636194395865,-0.5007021097531874,-0.2817433154767308,-0.10977361938621372,0.4803359113770516,0.22082875779299851,-0.24760633940014737,-0.02613359816672435,-0.09900944498998333,-0.02676730630453939,0
sample_04398.html,0.5628403976919434,0.34095381188432866,0.21720495981792048,1.403382377214049,0.9623400021305667,1.771480805269934,-0.44887348689285445,0.6367943019696005,0.36092915251201957,-0.10796478120581096,-0.02613359816672435,-0.0786050557796439,0.03307931149484885,0
sample_09427.html,0.30012180147171647,0.5856454673455369,-0.26051190332015844,-0.0700747710324346,-0.06374049618748417,-0.3304845408950493,0.22932624812042704,0.7285850321892073,-0.0828092420734258,-0.2164725208853144,-0.01584868809819045,-0.029692406466915323,0.04017277523519341,0
sample_02455.html,-0.3010686058297844,-0.2532973513786057,-0.4993703348891979,-0.3011652051085659,-0.171614719322311,-0.2573727027675716,0.22932624812042704,0.39620322808738767,0.26107747688048394,-0.25942720097529787,-0.01584868809819045,-0.09785174914826195,-0.5737982418916188,1
sample_07150.html,-0.3768218206908314,-0.3232092529389509,-0.34013138050983827,-0.37580946036324553,-0.041574217966220406,-0.2878359686540206,0.22932624812042704,0.5636389140211698,0.3706676264346569,-0.26527658505990287,-0.013277460581056975,-0.1034955163766537,-0.33347425878736037,1
sample_03083.html,0.9502025814849568,1.8702766585168804,0.2968244370076003,0.1579480909099428,0.5725553791937975,-0.17207555828551432,0.22932624812042704,0.5352319607948212,0.3879181711463169,-0.04890487093221872,-0.02613359816672435,0.10937580651986621,-0.7744682666161036,0
sample_09062.html,-0.1785740456289424,-0.008605695917397443,-0.4197508576995181,-0.1958452285163468,0.3487939983737017,-0.2695580091221512,-0.44887348689285445,0.5038116936201962,0.544601850145479,-0.2505920781454201,-0.011991846822490236,-0.059937210331886544,-0.4607070415926872,1
sample_08338.html,0.359757311043179,1.5207171507151542,0.13758548262824066,1.2663641552397056,1.5413232990060028,0.6565252738258993,-0.10977361938621372,0.6377040295363607,-1.942991915351022,-0.22582931554057437,-0.02613359816672435,-0.05574056290564652,2.5554168831100825,0
sample_03318.html,-0.4031474059971527,-0.46303305605964135,0.13758548262824066,-0.28480482039521154,0.8562093948717171,-0.23300209005841238,-0.10977361938621372,0.36548003891611114,0.8813416604067975,-0.18994495359460112,0.0021499045217438758,-0.10161426063385645,-0.033596379379643805,1
sample_09107.html,-0.20328786040630525,-0.052300634392613204,-0.021653471751118984,-0.40341760956703115,-2.256016803315404,-0.3304845408950493,-0.44887348689285445,0.5615731819945045,-0.4128671854491381,0.02185380751058349,-0.004278164271089811,-0.07513196825447974,-1.316917117322341,0
sample_01032.html,-0.3768218206908314,-0.3232092529389509,-0.34013138050983827,-0.37580946036324553,-0.041574217966220406,-0.2878359686540206,0.22932624812042704,0.5636389140211698,0.3706676264346569,-0.26527658505990287,-0.013277460581056975,-0.1034955163766537,-0.33347425878736037,1
sample_09691.html,-0.2554017741759617,-0.20960241290338993,-0.021653471751118984,-0.1917551323380082,0.05111577265372,-0.2634653559448614,-0.10977361938621372,-0.2136550672695559,0.32563386913377684,-0.16878949616527075,-0.0107062330639235,-0.07064589686780937,1.3500434128319847,0
sample_02271.html,-0.28226461632526917,-0.2532973513786057,0.3764439141972801,-0.30627782533148923,1.3310212420320209,-0.31220658136317986,-0.10977361938621372,0.2685172526320022,-0.1497348206142441,-0.24106879248205945,-0.00042132299538959916,-0.10320609241622336,0.34590654477920235,1
sample_09577.html,-0.16890342245519172,-0.09599557286782896,-0.26051190332015844,-0.2766246280385343,0.05430275645526258,-0.2878359686540206,-0.44887348689285445,0.6906437849282216,0.8733356116129051,-0.21262102889791795,-0.01584868809819045,-0.08482767092889634,-0.3752746719810689,0
sample_04631.html,-0.4423671555351416,-0.4805110314497277,-0.5789898120788778,-0.40341760956703115,0.6555563990976463,-0.29392862183131047,-0.10977361938621372,-1.9925510562714843,-0.0014428347086647526,-0.2694832578645808,-0.02613359816672435,-0.1034955163766537,-0.4458566798503778,1
sample_08508.html,-0.2484174352171418,-0.24455836368356254,-0.4197508576995181,-0.3308184024015209,-0.05684707504253181,-0.23300209005841238,-0.44887348689285445,0.6920354676445494,-0.21654723202072204,-0.26151388827682676,0.0008642907631771383,-0.06297616191640518,0.25845936158580685,0
sample_05584.html,-0.4520377787088923,-0.4805110314497277,-0.4993703348891979,-0.49237720144589586,-2.256016803315404,-0.3365771940723391,-0.44887348689285445,0.1609405907778421,-0.9755159895729331,-0.2686175046224571,-0.027419211925291086,-0.10364022835686888,-0.9166122970262909,1
sample_06021.html,-0.43538281657632166,-0.4717720437546845,-0.4197508576995181,-0.4494311915733405,-1.8285293515827974,-0.22690943688112258,-0.10977361938621372,0.4066228702510142,0.20549469220527664,-0.2642110426080583,-0.02613359816672435,-0.10233782053493232,-0.4970429029906451,1
sample_01259.html,0.31785127729025936,0.6817743319910116,0.5356828685766397,-0.10279554045914346,0.4877120294361638,-0.29392862183131047,-0.10977361938621372,0.3808859238009436,-0.26199015184637925,0.028346956826511224,-0.02613359816672435,-0.03953282112154711,0.5105885006687717,0
sample_08263.html,0.13142315277406563,0.3322148241892855,0.2968244370076003,-0.2490164788347487,0.7907978431968585,-0.31220658136317986,-0.44887348689285445,0.5347547308242621,0.10442459843866915,-0.15071967208607356,-0.02613359816672435,-0.05762181864844377,-0.3509643290562151,0
sample_04210.html,-0.3488844648555517,-0.2008634252083468,-0.5789898120788778,-0.34820131115945996,0.3022996663779186,-0.3365771940723391,-0.44887348689285445,-1.9925510562714843,-0.012980956279033075,-0.2694832578645808,-0.00042132299538959916,-0.10364022835686888,0.404728050648228,1
sample_04410.html,-0.056079485428100415,-0.3319482406339941,0.2968244370076003,0.0015019120884910355,-0.5196355233694812,0.25441016412477213,-0.44887348689285445,0.5065782514571112,-0.8850367734154166,-0.24897156566657322,-0.024847984408157612,-0.07571081617534044,0.8092497579887358,0
sample_09605.html,-0.4423671555351416,-0.4717720437546845,-0.34013138050983827,-0.4678366243758642,-0.880966581044132,-0.32439188771775945,-0.44887348689285445,0.197495896716024,-0.5871481542690042,-0.26281251814001233,0.00472113203887735,-0.09799646112847712,0.6758714665137747,0
sample_04739.html,-0.3241706500781888,-0.4368160929745119,-0.1012729489407988,-0.28889491657355015,0.8921061757426687,0.004611383855890054,0.22932624812042704,0.5048028683770015,0.4696248163875802,-0.22849317167018574,-0.018419915615323922,-0.09987771687127438,0.7922803726647841,1
sample_05922.html,-0.4520377787088923,-0.4805110314497277,-0.4993703348891979,-0.49237720144589586,-2.256016803315404,-0.3365771940723391,-0.44887348689285445,0.7459454389150547,1.2986928716778023,-0.267185681952791,-0.027419211925291086,-0.10364022835686888,-1.0168014571092276,1
sample_05018.html,-0.43806910079125244,-0.46303305605964135,-0.4197508576995181,-0.4565888598854331,0.03950519204191262,-0.32439188771775945,-0.44887348689285445,0.9568832469965022,0.33884794685687847,-0.26532098266206305,0.0034355182803106135,-0.10219310855471715,-0.05843287002807498,0
sample_04078.html,0.1738664433699714,0.17491304567850874,-0.18089242613047862,0.23770496638754565,0.3918642271147481,0.6443399674713197,-0.10977361938621372,0.607395230115917,-0.16942754231638227,-0.21380866475570304,-0.017134301856757187,-0.0004605864634503161,0.4194074756573671,0
sample_03586.html,-0.436457330262294,-0.4805110314497277,-0.5789898120788778,-0.41466537405746234,0.42914483866489467,-0.23300209005841238,-0.10977361938621372,-1.9925510562714843,-1.089610874500559,-0.26943886026242064,-0.02613359816672435,-0.10320609241622336,0.25224883411605653,1
sample_07321.html,0.8008451791348075,-0.4368160929745119,-0.18089242613047862,-0.1958452285163468,-0.15994290576390133,0.4737456785072051,-0.44887348689285445,0.8083383683987996,0.9331071948351136,-0.11137229717160552,-0.02613359816672435,0.18448132425154115,-0.6778685041389276,1
sample_07747.html,-0.4488142376509754,-0.4805110314497277,-0.4993703348891979,-0.4852195331338033,-1.3384300946045464,-0.31829923454046966,-0.44887348689285445,-0.07134170978834635,-3.039051443683039,0.60635933935002,-0.017134301856757187,-0.10364022835686888,4.626342628098604,1
sample_09956.html,-0.2408958394153357,-0.4368160929745119,-0.4197508576995181,-0.2612867673697645,0.006051606345979112,-0.2878359686540206,0.5684261156270678,0.34635009780583204,-7.851757030852685e-05,-0.2530894432669308,-0.02613359816672435,-0.002341842206247569,-0.7872033074716241,1
sample_08766.html,0.8991631814012727,0.15743507028842244,1.8892139808011965,2.378870315747807,1.1152964689488243,4.823900047092127,-0.44887348689285445,0.3173227045904629,-0.23183976925894556,1.8421554960783582,-0.02613359816672435,0.4241243634878682,1.2208560113115614,0
sample_00356.html,-0.44397892606410005,-0.46303305605964135,-0.4197508576995181,-0.4494311915733405,0.05816797190113569,-0.3365771940723391,-0.10977361938621372,0.8038478290976921,1.5522687410690559,-0.24122418408962013,0.020148497141678202,-0.10320609241622336,-0.03224930248660554,0
sample_03949.html,0.47849107334311797,0.7779031966364862,1.0133997317147188,0.13545256192908045,0.39464831859717503,-0.31829923454046966,0.9075259831337085,0.6523681341463543,0.09759051072315403,-0.016039545933138354,-0.01584868809819045,-0.006393777652272422,-0.04612039270384759,0
sample_04388.html,-0.06897364965976799,-0.4018601421943393,-0.4197508576995181,-0.10075049236997416,-0.21280891011138373,0.44328241262075607,-0.10977361938621372,0.43142323689171586,-0.755054993968215,-0.2621576535081495,-0.02613359816672435,-0.08627479073104809,0.7082213247516251,0
sample_01493.html,-0.043185321196432834,0.1661740579834656,-0.18089242613047862,0.2786059281709317,0.5084199630651682,0.004611383855890054,-0.44887348689285445,0.5602185447398684,0.8137295829958721,-0.06091442231655001,-0.0017069367539563366,-0.00986686517743658,0.040185161010230536,0
sample_00910.html,0.055132681070032455,0.6293404058207527,0.21720495981792048,0.013772200623506859,0.6278271279654534,-0.2573727027675716,0.9075259831337085,0.7141539193975499,0.617557897646301,-0.17083178586463948,-0.02613359816672435,-0.0813545834037322,-0.24714980046927823,0
sample_09801.html,-0.4079827175840281,-0.44555508066955507,-0.5789898120788778,-0.4729492445987875,-1.1680996285521696,-0.2817433154767308,-0.44887348689285445,-1.9925510562714843,-0.05213739247938837,-0.26943886026242064,-0.002992550512523074,-0.09293154182094605,-0.9258764395490112,1
sample_02051.html,0.19535671708941738,0.3322148241892855,1.1726386860940783,-0.07927748743369648,0.33302674172645463,-0.2695580091221512,0.22932624812042704,0.685236703645292,0.24098187842904262,-0.13786656626069868,-0.02613359816672435,-0.07846034379942872,-0.2176070542858434,0
sample_00382.html,-0.37306102278992836,-0.46303305605964135,-0.4197508576995181,-0.3594490756498911,-0.43790109464198296,-0.2573727027675716,-0.10977361938621372,0.33385505719662556,-0.736506540911231,-0.2624129397205706,-0.014563074339623712,-0.10262724449536266,0.8575195483128125,1
sample_09920.html,-0.36446491330215,-0.3669041914141667,0.05796600543856084,-0.41773294619121626,0.4475868807463818,-0.3304845408950493,-0.10977361938621372,0.4296595070197221,-0.2336533146249281,-0.02537414178731822,-0.011991846822490236,-0.08916903033535155,-0.8121726257790851,0
sample_00801.html,0.5757345619236109,-0.38438216680425297,-0.26051190332015844,0.4473223955273993,1.5372067444492734,1.9359824410567588,0.5684261156270678,0.5698382202150131,-0.9271343834461911,-0.2327442420770239,-0.02613359816672435,-0.06471270567898726,0.62371859230132,0
sample_03244.html,0.34041606469567764,0.7604252212463999,0.05796600543856084,0.46572782832992304,1.3744076825299527,0.053352609274208505,-0.10977361938621372,0.6390035926253446,1.6992960062877955,-0.1536499138286461,-0.02613359816672435,-0.030705390328421536,-0.4736244271320702,0
sample_02949.html,0.4946087786327024,0.00013329177764570985,-0.1012729489407988,0.377790760495643,1.0638393068589636,2.362468163467045,-0.10977361938621372,0.259346909052955,-0.0266181714976268,-0.23015808175119287,-0.02613359816672435,0.16291923919948034,-0.15156807047420684,0
sample_08316.html,0.5982993493290292,0.9177269997571766,0.9337802545250389,0.1467003264195116,0.27454376669600683,-0.31829923454046966,0.22932624812042704,0.6219297525665135,0.5151334986606566,-0.10179351450554461,-0.013277460581056975,-0.0020524182458172223,-0.7740350643559365,0
sample_00540.html,-0.1490249192647042,-0.44555508066955507,-0.4993703348891979,0.06080830667440085,0.5357862756187154,0.4493750657980459,-0.44887348689285445,0.4333819527418013,-1.3286037962851531,-0.26751866396899243,-0.02613359816672435,-0.08540651884975704,1.2580457219652634,0
sample_03969.html,-0.18340935721581775,-0.17464646212321733,0.3764439141972801,-0.07518739125535787,0.5168521776662567,0.053352609274208505,-0.10977361938621372,0.5858808205436079,0.08001514772677953,-0.17021021943439682,-0.02613359816672435,-0.04054580498305332,-1.0450680642964418,0
sample_09097.html,-0.33330401640895335,-0.4717720437546845,-0.34013138050983827,-0.4453410953950019,-0.5154920980201426,-0.31220658136317986,-0.10977361938621372,-0.3304635582934888,-3.2419712270305827,1.9714635123699105,0.07028743372578097,0.20300445771908335,4.837707769567651,1
sample_08653.html,-0.18985643933165153,0.15743507028842244,3.2427450930257535,-0.2152731853634552,0.5237736565939808,-0.3365771940723391,-0.10977361938621372,0.6833519291753154,0.8985837124975966,0.48728497035639134,-0.011991846822490236,-0.07614495211598594,-0.804194335307746,0
sample_06067.html,-0.44397892606410005,-0.46303305605964135,-0.4197508576995181,-0.4494311915733405,0.07471132026433187,-0.3365771940723391,-0.10977361938621372,0.7987088386045882,1.5266726101093389,-0.2420677385306637,0.021434110900244937,-0.10335080439643853,0.003158525381965044,0
sample_06456.html,-0.4198023681297234,-0.4018601421943393,-0.4993703348891979,-0.2193632815417938,-0.3667123770607873,-0.2695580091221512,-0.10977361938621372,0.34152937521153937,-0.284926761158656,-0.2519351056107659,-0.02613359816672435,-0.10146954865364127,-0.13239396504301404,1
sample_09586.html,0.5483344629313174,0.4895166027000622,3.561223001784473,0.8512193931383368,0.9951804710710882,0.12037179422439637,-0.10977361938621372,0.6905139852513363,1.2074929312335974,6.2440667562557595,-0.02613359816672435,0.09302335275555164,-0.8356391193318302,0
sample_00176.html,2.07844195175587,2.071273375502873,-0.4197508576995181,0.8307689122466438,1.2356666220110168,-0.11724167968990606,0.22932624812042704,0.6220115342868029,-0.17457379245022434,-0.21800423815984096,-0.02613359816672435,0.36146407605469816,0.32093777405337437,0
sample_06432.html,-0.33061773219402263,-0.3232092529389509,-0.5789898120788778,-0.4197779942803856,-1.036391139550461,-0.21472413052654296,-0.44887348689285445,-1.9925510562714843,0.04341747021014747,-0.26932786625702015,0.0008642907631771383,-0.07281657657103696,-0.8014044199241452,0
sample_07801.html,-0.008263626402333142,-0.04356164669757005,-0.4197508576995181,0.1518129466424349,0.4053992639762327,0.10818648786981676,-0.44887348689285445,0.7154152455339583,0.5671969906919944,-0.2610810116557649,-0.022276756891024138,-0.033599629932725,-0.7023476456210506,0
sample_08835.html,-0.38111987543472065,-0.4717720437546845,-0.4197508576995181,-0.33899859475819805,0.3923685223077533,-0.17816821146280412,0.5684261156270678,0.5516411989881511,0.2705433551839926,-0.25145783138754385,-0.02613359816672435,-0.10016714083170472,-0.3031190448744636,0
sample_05492.html,-0.4520377787088923,-0.4805110314497277,-0.5789898120788778,-0.4872645812229726,-0.7067890193140784,-0.3365771940723391,-0.44887348689285445,-1.9925510562714843,0.22606251694284138,-0.2694943572651209,-0.027419211925291086,-0.10364022835686888,-0.8721332970100784,1
sample_07570.html,0.5940012945851401,0.7429472458563137,-0.021653471751118984,0.8082733832657815,0.8522973478190723,0.08990852833794734,0.9075259831337085,0.4719828781074651,0.2899649104375832,-0.17122026488354114,-0.01970552937389066,-0.04358475656757196,0.06439726518255309,1
sample_07115.html,-0.44612795343604467,-0.4805110314497277,-0.4993703348891979,-0.48215196100004937,-0.49164929309137695,-0.32439188771775945,-0.44887348689285445,0.9367726093546733,-2.2511677249457676,-0.26618673590418673,-0.00042132299538959916,-0.10233782053493232,3.805074675096124,0
sample_05788.html,-0.42732396393152944,-0.4368160929745119,-0.5789898120788778,-0.4852195331338033,-1.009178396877235,-0.3304845408950493,-0.44887348689285445,-1.9925510562714843,0.3769888479178852,-0.2694943572651209,0.007292359556010826,-0.10175897261407163,-0.9404213159282734,0
sample_04383.html,-0.3091274584745766,-0.2358193759885194,-0.4197508576995181,-0.3942148931657693,0.28920803695895597,-0.3304845408950493,0.22932624812042704,0.684227916769358,0.4599225043432857,-0.24366605220843054,-0.02613359816672435,-0.09495750954395848,-0.5636751132759286,0
sample_09511.html,-0.4375318439482663,-0.4717720437546845,-0.4197508576995181,-0.45147623966250977,-1.7960619488055198,-0.2634653559448614,-0.10977361938621372,0.4066228702510142,0.47479535212098534,-0.2642110426080583,-0.02613359816672435,-0.10233782053493232,-0.5370996467746262,1
sample_02352.html,1.321984316831372,2.779131378801368,0.13758548262824066,0.8726923980746145,0.9554489913023728,0.022889343387759473,0.22932624812042704,0.4206007775873744,-0.14254250292338463,-0.17546023588983925,-0.02613359816672435,-0.05197805142005201,0.5407866759918557,0
sample_08240.html,-0.3273941911361057,-0.3406872283290372,-0.4993703348891979,-0.3931923691211846,0.4911933928541008,-0.2817433154767308,-0.10977361938621372,0.343253371727165,0.013881530544676085,-0.25871683934073486,-0.004278164271089811,-0.09582578142524951,-0.2023741806974135,1
sample_05370.html,-0.4520377787088923,-0.4805110314497277,-0.4993703348891979,-0.49237720144589586,-2.256016803315404,-0.3365771940723391,-0.44887348689285445,0.7697390010992521,1.3592723457167761,2.1264777403122124,-0.027419211925291086,-0.10364022835686888,-1.5522331665246654,1
sample_07211.html,-0.33867658483881485,-0.3232092529389509,-0.18089242613047862,-0.3297958783569362,0.6519200002299015,-0.31829923454046966,-0.10977361938621372,0.6557015828567059,0.7624244861276948,-0.1266117741130906,-0.02613359816672435,-0.0693434890458728,-0.7845833249215329,1
sample_06813.html,-0.17964855931491472,-0.26203633907364887,-0.5789898120788778,-0.3001426810639813,0.024458505040152637,-0.08677841380345704,-0.10977361938621372,-1.9925510562714843,-0.3337950449324307,-0.2694943572651209,-0.02613359816672435,-0.09336567776159158,-0.018152021941869427,1
sample_04166.html,0.4097221974408909,0.9177269997571766,0.6153023457663196,0.07205607116483202,1.2013264091682794,-0.2573727027675716,-0.10977361938621372,0.5878015849328212,0.015614668971170373,-0.03696191595112771,-0.02613359816672435,-0.04705784409273612,-0.3617036956118055,0
sample_02855.html,0.7782803917293891,0.19239102106859504,-0.18089242613047862,0.9197285041255086,0.2645722378165684,2.2588930594531185,-0.10977361938621372,0.5884258814874874,-0.45550683739272824,-0.2094466003434644,-0.017134301856757187,0.07652618701102187,0.8112126947295941,0
sample_01568.html,-0.3854179301786098,-0.44555508066955507,-0.4993703348891979,-0.204025420873024,0.5582901314197907,-0.2634653559448614,0.22932624812042704,0.41447900278325706,-0.19961843867095833,-0.26840661601219623,-0.011991846822490236,-0.09047143815728811,1.2035838524574127,1
sample_02820.html,0.7917118128040429,1.3983713229845502,0.3764439141972801,0.5587775163871264,0.9423496464473536,0.30924404272038036,-0.44887348689285445,0.7135091417263485,-0.28261386616647893,-0.11692199744162922,-0.02613359816672435,-0.030126542407560842,0.37796342076796363,0
sample_09361.html,-0.4520377787088923,-0.4805110314497277,-0.5789898120788778,-0.4913546774013112,-2.256016803315404,-0.3365771940723391,-0.44887348689285445,-1.9925510562714843,-0.834531934820573,-0.2694943572651209,-0.027419211925291086,-0.10364022835686888,-1.2476211570692826,1
sample_06997.html,-0.41872785444375105,-0.44555508066955507,-0.4993703348891979,-0.41466537405746234,-0.8807664702485071,-0.30002127500860026,-0.10977361938621372,0.40973863008096567,0.42220264208583586,-0.25702973045864763,-0.014563074339623712,-0.10045656479213506,-0.37157295495220827,1
sample_05119.html,-0.436457330262294,-0.4805110314497277,-0.5789898120788778,-0.41466537405746234,0.42914483866489467,-0.23300209005841238,-0.10977361938621372,-1.9925510562714843,-1.089610874500559,-0.26943886026242064,-0.02613359816672435,-0.10320609241622336,0.25224883411605653,1
sample_03442.html,0.03955223262343413,0.2186079841537245,0.3764439141972801,-0.02201614093695596,0.8089953471366355,-0.29392862183131047,-0.10977361938621372,0.6233790604236793,0.7466833103556533,-0.18106543316256318,-0.02613359816672435,-0.04763669201359681,-0.48146496170968067,0
sample_04364.html,1.5336635129679148,-0.10473456056287211,0.21720495981792048,0.7458994165461177,0.6466769738406575,1.7288322330289052,-0.10977361938621372,0.39536698793008646,-0.2418341805944177,-0.24575273950995946,-0.02613359816672435,0.11198062216373934,0.35846639862506613,0
sample_06554.html,0.04438754421030947,0.2535639349338971,-0.021653471751118984,0.05160559027313898,0.43780789257224556,-0.275650662299441,-0.10977361938621372,0.6826268686152674,-0.1822710219446759,-0.21191066726335492,-0.02613359816672435,-0.04691313211252095,-0.5998044320968987,0
sample_07215.html,-0.4488142376509754,-0.4805110314497277,-0.4993703348891979,-0.47703934077712606,-1.4660943324962155,-0.31220658136317986,-0.10977361938621372,0.3391934432522604,0.21797922856047888,-0.2680514351949147,-0.02613359816672435,-0.1034955163766537,-0.7576164679290572,1
sample_00500.html,-0.4520377787088923,-0.4805110314497277,-0.5789898120788778,-0.48828710526755725,-0.4857802989613899,-0.3365771940723391,-0.44887348689285445,-1.9925510562714843,-2.374105694263592,-0.2694943572651209,-0.027419211925291086,-0.10364022835686888,-0.06926926283400898,0
sample_03784.html,-0.2844136436972138,-0.38438216680425297,-0.4993703348891979,-0.3983049893441079,1.0142622160652004,-0.2878359686540206,0.22932624812042704,0.15459811437900564,0.5728685498549749,-0.26881729383217795,-0.011991846822490236,-0.0807757354828715,-0.18978752142683775,1
sample_05309.html,-0.4337710460473632,-0.46303305605964135,-0.26051190332015844,-0.4606789560637717,-0.07026198971077695,-0.31220658136317986,-0.44887348689285445,0.27073757210414384,-0.6199538482446006,-0.24584153471427983,-0.02613359816672435,-0.10335080439643853,1.5223558666298511,0
sample_01727.html,-0.19845254881942992,-0.13095152364800158,-0.4197508576995181,-0.3604715996944758,0.418093027616054,-0.30611392818589006,0.22932624812042704,0.49825548467785125,-0.020042163663276966,-0.24146837090150117,-0.02613359816672435,-0.09524693350438883,-0.2168890052751381,1
sample_01447.html,0.2630510793056722,0.05256721794790462,1.4114971176631177,-0.05780448249741878,-0.18913952081172908,0.07772322198336773,0.22932624812042704,0.45594095412231034,0.4869634958601999,-0.06401115506722324,-0.02613359816672435,0.10648156691556275,0.3501055702322904,0
sample_01174.html,-0.2484174352171418,-0.3581652037191235,-0.18089242613047862,-0.22958852198764032,-0.642347075088105,-0.03803718838513859,-0.10977361938621372,0.6805027651879884,1.2050952233364103,-0.08444515146145051,-0.009420619305356762,-0.0851170948893267,-0.665207960460841,1
sample_00181.html,2.0075240484816983,2.3334430063541673,1.4114971176631177,1.1733144671825024,-0.47344032500681515,2.673193475508825,-0.10977361938621372,0.576132615052809,1.5887027437904668,-0.0928251988691863,-0.02613359816672435,3.615747087133515,-0.7865003299934904,0
sample_07359.html,-0.4488142376509754,-0.4805110314497277,-0.4993703348891979,-0.4852195331338033,-1.3384300946045464,-0.31829923454046966,-0.44887348689285445,-0.07134170978834635,-3.039051443683039,0.60635933935002,-0.017134301856757187,-0.10364022835686888,4.626342628098604,1
sample_03104.html,-0.4144297996998619,-0.4805110314497277,-0.1012729489407988,-0.3942148931657693,0.37036230002019915,-0.20253882417196337,-0.10977361938621372,0.5349063613913825,0.2529851963113251,-0.21060093799962934,-0.006849391788223287,-0.10335080439643853,-0.05692434781684213,1
sample_04130.html,-0.02599310222087606,-0.20960241290338993,-0.18089242613047862,0.13238498979532648,-0.19003971961646376,0.18739097917458425,0.22932624812042704,0.5158978785507383,1.2507780532637274,-0.21716068371879735,-0.024847984408157612,-0.002775978146893089,0.5001345805959844,1
sample_04920.html,-0.41281802917090343,-0.46303305605964135,-0.4197508576995181,-0.43716090303832467,0.1396284905364718,-0.20253882417196337,-0.44887348689285445,0.10067813050661828,-0.07900223035308174,-0.25043668653785944,-0.01970552937389066,-0.10016714083170472,0.49855808003628455,1
sample_09321.html,0.8293197918130734,1.1449406798282988,2.8446477070773546,0.16919585540037396,-0.058633204545761514,-0.3304845408950493,0.22932624812042704,0.6384890409264634,0.9768760872445542,0.30325690940240535,-0.02613359816672435,0.05018860661186034,-0.7043408297283154,0
sample_05920.html,-0.33437853009492563,-0.2532973513786057,-0.4993703348891979,0.0618308307189855,-0.46973720639100275,-0.29392862183131047,-0.44887348689285445,0.2889789348536266,-1.0510221460566038,-0.2668526999365896,-0.009420619305356762,-0.09987771687127438,0.4973133878710006,0
sample_00152.html,0.34095332153866376,0.6293404058207527,1.0133997317147188,-0.15187669459920677,0.37384499577403296,-0.31829923454046966,-0.44887348689285445,0.7812506728191958,-0.2538444846745165,-0.14804471655592216,-0.02613359816672435,-0.026653454882396684,-0.43759475513068824,0
sample_01025.html,-0.36070411540124697,-0.4018601421943393,-0.4993703348891979,-0.024061189026125265,-0.16604459841433394,-0.23300209005841238,-0.10977361938621372,0.2782630134787085,-0.481884194193762,-0.22733883401402083,-0.009420619305356762,-0.09900944498998333,-0.006256593219629103,1
sample_08104.html,0.16419582019622073,0.05256721794790462,5.631329408716148,0.13749761001824976,-0.29743415042664156,0.3397073086068294,-0.44887348689285445,0.5897738708638884,0.45130870269080076,0.9848045001634763,-0.02613359816672435,-0.021443823594650444,-0.03144551783732732,0
sample_01113.html,0.0019442536144036913,0.07004519333799093,1.0930192089043984,0.21009681718376003,2.144383304489031,0.21176159188374347,0.9075259831337085,0.45415303271269813,-0.6196700922195216,0.00040976566721190284,-0.02613359816672435,-0.006393777652272422,1.2003950760046427,0
sample_07188.html,-0.24895469206012794,-0.46303305605964135,-0.5789898120788778,-0.47806186482171076,-0.4722282445368599,-0.32439188771775945,-0.44887348689285445,-1.9925510562714843,2.275925863471504,-0.2694943572651209,0.03557586224447905,0.3950372554646183,-1.5051251358237554,1
sample_02836.html,-0.4283984776175017,-0.4542940683645982,-0.26051190332015844,-0.41773294619121626,1.3473117433223685,-0.2817433154767308,-0.10977361938621372,0.6948535572194506,0.5083347204712976,-0.24092450027503884,-0.013277460581056975,-0.10291666845579302,-0.01618353115873133,1
sample_06424.html,-0.1721269635131086,-0.42807710527946874,-0.4993703348891979,0.17533099966788188,0.1638220571143552,0.26050281730206193,-0.44887348689285445,0.41850362787849715,0.35685606013033333,-0.26424434080967846,-0.02613359816672435,-0.095391645484604,0.6424547758401736,1
sample_04692.html,0.022360013647877357,0.1836520333735519,0.854160777335359,-0.10177301641455881,0.4091845574365154,-0.21472413052654296,-0.44887348689285445,0.6221535586407414,0.37824628369737967,-0.09955143559645503,-0.02613359816672435,-0.05168862745962166,-0.28111990060919645,0
sample_04546.html,-0.44344166922111394,-0.4805110314497277,-0.5789898120788778,-0.4719267205542028,0.08141459285252393,-0.31220658136317986,-0.44887348689285445,-1.9925510562714843,-1.1154481052498821,-0.2694943572651209,-0.017134301856757187,-0.10364022835686888,0.554289908690495,1
sample_00227.html,-0.241970353101308,-0.38438216680425297,0.05796600543856084,-0.1784623197584077,0.37166907323598253,0.25441016412477213,-0.44887348689285445,0.6118283331473979,-0.3060828556834208,-0.2308018469825156,-0.02613359816672435,-0.08772191053319982,0.38336118064211916,0
sample_06754.html,-0.4520377787088923,-0.4805110314497277,-0.4993703348891979,-0.49237720144589586,-2.256016803315404,-0.3365771940723391,-0.44887348689285445,0.4633971885208461,-0.11075149431003478,-0.2650989946512621,-0.027419211925291086,-0.10364022835686888,-0.8124665597772032,1
sample_00070.html,-0.42410042287361255,-0.46303305605964135,-0.5789898120788778,-0.4300032347262321,-1.8283670549023523,-0.31220658136317986,-0.10977361938621372,-1.9925510562714843,0.010690818380509967,-0.2694943572651209,0.031719020968778835,-0.09032672617707294,0.5087391871168065,1
sample_02968.html,-0.24895469206012794,-0.46303305605964135,-0.5789898120788778,-0.47806186482171076,-0.4722282445368599,-0.32439188771775945,-0.44887348689285445,-1.9925510562714843,2.275925863471504,-0.2694943572651209,0.03557586224447905,0.3950372554646183,-1.5051251358237554,1
sample_00632.html,-0.34780995116957936,-0.42807710527946874,-0.5789898120788778,-0.3645616958728144,-0.24842995801242332,-0.09896372015803664,-0.44887348689285445,-1.9925510562714843,-0.0019483671070488018,-0.26939446266026046,-0.02613359816672435,-0.09929886895041368,0.18649995123110547,0
sample_00030.html,-0.44666521027903083,-0.4805110314497277,-0.4993703348891979,-0.4760168167325414,-1.3624979431784239,-0.31220658136317986,-0.44887348689285445,0.2641027143297212,0.23948392482850336,-0.2634562833713351,-0.009420619305356762,-0.10335080439643853,-0.39628583556576896,1
sample_04678.html,1.0001674678826686,1.5731510768854131,0.45606339138695995,2.622231038358954,0.8810126444120421,1.4729407995827335,0.22932624812042704,0.6627396709579652,-0.27932525195483804,-0.051235745045628674,-0.02613359816672435,0.21935691148339792,0.36088539264044944,0
sample_05733.html,0.26520010667761673,0.5594285042604075,-0.26051190332015844,0.2929212647951169,-0.08209778959379123,-0.16598290510822453,-0.10977361938621372,0.5660546263456335,0.08880540945725887,-0.22756082202482178,-0.02613359816672435,0.006485588586878002,-0.6321929600281808,0
sample_06248.html,1.3021058136408845,1.686757916920974,0.3764439141972801,0.28371854839385496,-0.629520877260143,-0.18426086464009395,0.9075259831337085,0.48598894958878547,-0.20113264361481795,0.00902290048628869,-0.02613359816672435,-0.06369972181748104,-0.07210201996158014,0
sample_04020.html,-0.060377540171989603,-0.39312115449929613,-0.34013138050983827,0.20191662482708284,0.2519533453980739,0.29705873636580077,0.9075259831337085,0.5409819108160617,0.2511237569928175,-0.25083626495730116,-0.0209911431324574,-0.028679422605409108,-0.09063524627937802,0
sample_09429.html,0.731001789546608,0.8390761105017883,2.287311366749596,0.49129092944453934,0.729899500643419,0.19957628552916384,-0.44887348689285445,0.8018330447162939,2.0031444238402547,1.0108214950293475,-0.0209911431324574,-0.07556610419512526,-0.9828257507763979,1
sample_05109.html,-0.4455906965930585,-0.4717720437546845,-0.5789898120788778,-0.4913546774013112,-2.256016803315404,-0.3365771940723391,-0.44887348689285445,-1.9925510562714843,-0.7262545904618397,-0.2694943572651209,0.042003931037312744,-0.10335080439643853,-1.1836052918275268,0
sample_00202.html,0.45968708383860274,-0.44555508066955507,-0.5789898120788778,0.08637140778901715,0.1824672501397409,1.4485701868735743,0.22932624812042704,-1.9925510562714843,-0.8189297903077759,-0.2694943572651209,-0.02613359816672435,-0.07527668023469491,-0.03497395135458952,0
sample_09862.html,0.48493815545895175,1.966405523162355,1.0930192089043984,0.589453237724666,1.0756879637833823,-0.18426086464009395,-0.10977361938621372,0.5167901178085472,-0.13051968394413788,-0.020978779173459448,-0.02613359816672435,-0.04286119666649609,0.32178099761790246,0
sample_05626.html,-0.39240226913742976,-0.34942621602408036,-0.4197508576995181,-0.38807974889826136,0.14666403558517738,-0.3304845408950493,-0.10977361938621372,0.5334558222298638,0.4095768032489508,-0.19141007446588737,-0.0209911431324574,-0.08526180686954186,-1.103964497585613,1
sample_07338.html,-0.2408958394153357,-0.3669041914141667,-0.4197508576995181,-0.3533139313823832,0.10904868069703597,-0.31829923454046966,0.22932624812042704,0.7545125152194624,0.9934389948998078,-0.19865798301853832,-0.02613359816672435,0.02833709759936917,0.376806667605443,1
sample_04616.html,-0.3886414712365267,-0.46303305605964135,-0.5789898120788778,-0.415687898102047,-0.8983816283360162,-0.1598902519309347,-0.44887348689285445,-1.9925510562714843,-0.36764364202024413,-0.2694610590635007,-0.02613359816672435,-0.10204839657450197,-0.18297681841176203,0
sample_03255.html,-0.12431110448734135,0.03508924255781832,-0.26051190332015844,-0.25412909905767195,0.5664119359812173,-0.30611392818589006,-0.44887348689285445,0.7408175656048274,0.2911412388552518,-0.23792766212922603,-0.02613359816672435,-0.06847521716458177,-0.2972016952186712,0
sample_08279.html,-0.05984028332900346,-0.2882533021587783,-0.4197508576995181,0.13136246575074184,0.4507105362003212,0.16911301964271483,0.5684261156270678,0.5557067149435361,0.7402886604055082,-0.20701583162519402,-0.02613359816672435,0.026889977797217437,-0.5187916590352931,0
sample_00416.html,0.1948194602464312,0.59438445504058,1.0133997317147188,0.026042489158522683,0.7373713675301049,-0.29392862183131047,-0.10977361938621372,0.706000313735481,0.24687151614739328,-0.1375446836450373,-0.02613359816672435,-0.050965067558545796,-0.3242271304082436,0
sample_02962.html,-0.4375318439482663,-0.4805110314497277,-0.5789898120788778,-0.4023950855224465,0.23283353798982034,-0.2817433154767308,-0.44887348689285445,-1.9925510562714843,-1.6006668755551094,-0.2694943572651209,-0.01970552937389066,-0.10364022835686888,1.946587383728395,0
sample_07967.html,4.93718561328517,7.017540410897297,7.303338429699425,3.0026099829444446,1.5711595019010818,0.035074649742339085,0.22932624812042704,0.1006113861392961,-0.6748656437693638,0.7170314621348326,-0.02613359816672435,0.27101908842021477,1.0008909699162056,0
sample_07672.html,0.15774873808038692,0.5069945780901485,-0.26051190332015844,-0.16107941100046863,0.7304851894475735,-0.31829923454046966,0.22932624812042704,0.7397098597379212,0.15440919319092342,-0.23539699880609524,-0.02613359816672435,-0.059937210331886544,-0.1565538012446799,0
sample_03186.html,-0.44666521027903083,-0.4805110314497277,-0.4993703348891979,-0.4565888598854331,-0.4427160960122403,-0.31829923454046966,-0.10977361938621372,0.4949145214180221,0.08305697379239113,-0.25920521296449694,-0.0017069367539563366,-0.10364022835686888,-0.30199308665998276,1
sample_09563.html,-0.42410042287361255,-0.4542940683645982,-0.4993703348891979,-0.46681410033127957,-0.3715857710797572,-0.29392862183131047,-0.44887348689285445,0.4393732636638457,0.24449174369723653,-0.26576495868366495,-0.014563074339623712,-0.10219310855471715,-0.24712703671852582,1
sample_02767.html,-0.3096647153175628,-0.3406872283290372,-0.4993703348891979,-0.37376441227407625,0.06381297614258408,-0.2695580091221512,-0.10977361938621372,0.3316516123233787,-2.6902543804442396,-0.26031515301850167,-0.02613359816672435,-0.0910502860781488,3.566025188243186,1
sample_01276.html,-0.4520377787088923,-0.4805110314497277,-0.4993703348891979,-0.49237720144589586,-2.256016803315404,-0.3365771940723391,-0.44887348689285445,0.7697084350368484,1.3591102854980488,2.1264555415111324,-0.027419211925291086,-0.10364022835686888,-1.5522331665246654,1
sample_06039.html,1.4949810202729121,1.109984729048126,0.7745413001456792,1.5414231232329771,0.9284905007107589,2.7463053136363027,-0.10977361938621372,0.6658510527629347,-1.0739779526061535,-0.08230296715722137,-0.02613359816672435,0.02746882571807813,1.8385713786086777,0
sample_05385.html,-0.45096326502292,-0.4805110314497277,-0.4993703348891979,-0.4913546774013112,-2.256016803315404,-0.3304845408950493,-0.44887348689285445,0.9255428155374946,2.1999554711815548,0.0500462848823039,-0.013277460581056975,-0.10364022835686888,-1.5444713402880013,1
sample_00431.html,0.8422139560447409,1.2935034706440323,3.561223001784473,1.103782832150746,0.07717240507680036,-0.25128004959028183,0.22932624812042704,0.6449365136966313,0.8233625635289181,2.4004553432427427,-0.0209911431324574,0.2878056781251749,-0.7643627388386239,0
sample_07031.html,-0.30697843110263207,-0.4368160929745119,-0.4197508576995181,-0.41364285001287765,1.0418443246415205,-0.275650662299441,-0.10977361938621372,-0.1816842842099086,0.23669915118628937,-0.2689393872381185,-0.0209911431324574,-0.08352526310695979,-0.29569451588620554,1
sample_05507.html,2.450223687102285,0.46329963961493276,0.21720495981792048,3.0404433725940767,1.3537031281892682,6.152098439741304,-0.10977361938621372,0.7410981660778794,0.9659477579978221,0.04397491278689797,-0.02613359816672435,0.3624770599162043,0.027596363563753674,0
sample_05457.html,0.03310515050760034,-0.44555508066955507,-0.34013138050983827,-0.1528992186437914,0.09248389989411834,0.4189117999115969,0.5684261156270678,0.4680899821857586,-0.2362593003149,-0.22057929908513194,-0.02613359816672435,-0.09090557409793362,0.3975961779676103,0
sample_09148.html,0.022897270490863507,0.39338773805458754,-0.18089242613047862,-0.15187669459920677,1.2431505707618578,-0.22690943688112258,-0.10977361938621372,0.6073870649560952,1.1380973622402215,-0.19815850999423618,-0.011991846822490236,-0.0693434890458728,-1.1467530218364683,1
sample_01682.html,-0.2408958394153357,-0.4368160929745119,-0.4197508576995181,-0.2612867673697645,0.006051606345979112,-0.2878359686540206,0.5684261156270678,0.34635009780583204,-7.851757030852685e-05,-0.2530894432669308,-0.02613359816672435,-0.002341842206247569,-0.7872033074716241,1
sample_08974.html,-0.328468704822078,-0.2532973513786057,0.05796600543856084,-0.33695354666902877,0.4355708642651104,-0.32439188771775945,-0.10977361938621372,0.5407431475013346,0.5949152777354856,1.3776566828779142,-0.017134301856757187,-0.08613007875083291,-1.2422236318729698,0
sample_07171.html,-0.30268037635874284,-0.3319482406339941,-0.4993703348891979,-0.36660674396198367,0.1450017406474816,-0.2695580091221512,-0.10977361938621372,0.343253371727165,-2.6718526632922326,-0.25871683934073486,-0.02613359816672435,-0.0910502860781488,3.551261852867586,1
sample_09017.html,-0.43484555973333555,-0.4717720437546845,-0.4197508576995181,-0.4647690522421103,-1.7339416059357657,-0.2817433154767308,-0.10977361938621372,0.3955316321606848,0.4142927391334071,-0.2675408627700725,-0.02613359816672435,-0.09828588508890747,-0.47344394683329233,1
sample_03917.html,-0.41013174495597265,-0.42807710527946874,-0.1012729489407988,-0.4688591484204489,-1.5518223532893143,-0.3365771940723391,-0.44887348689285445,0.5481713294268347,1.877161782991066,-0.1872256004622895,0.0715730474843477,-0.07079060884802454,-1.431404481296432,0
sample_00650.html,0.15022714227858083,0.24482494723885398,0.6949218229559994,0.13033994170615718,0.7737909691190991,0.19348363235187405,-0.10977361938621372,0.6660418335647638,-0.23509143876727562,-0.08316872039934506,-0.02613359816672435,-0.0823675672652384,0.9403653900045978,0
sample_03005.html,0.8239472233832118,1.6605409538358447,-0.1012729489407988,0.4708404485528463,0.3957327612882186,-0.2817433154767308,0.9075259831337085,0.28539762108114775,0.26201806167937497,1.3384203019688468,-0.02613359816672435,-0.07455312033361905,-0.9844262667020119,1
sample_02763.html,-0.4520377787088923,-0.4805110314497277,-0.5789898120788778,-0.486242057178388,-1.0200836873138628,-0.3365771940723391,-0.44887348689285445,-1.9925510562714843,0.19333343166059386,-0.2694943572651209,-0.027419211925291086,-0.10364022835686888,0.25538278721721513,1
sample_02600.html,-0.33115498903700874,-0.34942621602408036,-0.4993703348891979,-0.4003500374332772,0.4618700726624893,-0.2817433154767308,-0.10977361938621372,0.3316516123233787,0.10189476822759043,-0.26031515301850167,-0.004278164271089811,-0.09582578142524951,-0.3917082617145721,1
sample_05738.html,0.022897270490863507,0.39338773805458754,-0.18089242613047862,-0.15187669459920677,1.2095434151856028,-0.22690943688112258,-0.10977361938621372,0.6073870649560952,1.128226763428608,-0.19815850999423618,-0.011991846822490236,-0.0693434890458728,-1.1547248586671301,1
sample_02085.html,0.01537567468905742,0.15743507028842244,0.21720495981792048,0.0015019120884910355,1.1822487883593755,-0.03194453520784878,0.22932624812042704,0.6256075513675343,0.017667066080059333,-0.23345460371158694,-0.02613359816672435,0.10040366374652547,0.2843006123805658,0
sample_01407.html,-0.4520377787088923,-0.4805110314497277,-0.5789898120788778,-0.4852195331338033,-1.1252149275847505,-0.3365771940723391,-0.44887348689285445,-1.9925510562714843,-0.05353781999444282,-0.2694943572651209,-0.027419211925291086,-0.10364022835686888,0.10473378406813608,0
sample_01380.html,-0.012561681146222334,-0.26203633907364887,1.9688334579908764,-0.3277508302677669,-0.5850091700880762,-0.3365771940723391,-0.10977361938621372,0.6742219375179933,1.149128004650115,1.9728176392357961,0.012434814590277775,0.05380640611723967,-1.2099127431946837,1
sample_05768.html,-0.231225216241585,-0.4018601421943393,0.6153023457663196,-0.0935928240578816,1.902669945010646,-0.11724167968990606,-0.10977361938621372,0.6418551167745258,-0.1374429879551096,-0.12660067471255057,-0.02613359816672435,-0.0612396181538231,1.098961158568132,1
sample_00678.html,0.12766235487316258,0.2972588734091129,0.05796600543856084,-0.004633232179016876,0.20395779787451662,0.12646444740168616,0.22932624812042704,0.7081040525734505,0.8758926836178312,-0.23807195433624667,-0.02613359816672435,-0.09553635746481917,-0.03228338292444453,0
sample_01147.html,-0.35103349222749625,-0.34942621602408036,-0.4197508576995181,-0.4381834270829093,-0.8808106311274132,-0.3365771940723391,-0.44887348689285445,0.6195806690532057,-0.4301595752453994,-0.2533003318771917,0.024005338417378414,-0.09018201419685776,0.7051224299126506,1
sample_05269.html,-0.4520377787088923,-0.4805110314497277,-0.5789898120788778,-0.49237720144589586,-2.256016803315404,-0.3365771940723391,-0.44887348689285445,-1.9925510562714843,-1.3807463433378615,-0.2694943572651209,-0.027419211925291086,-0.10364022835686888,-1.3218406063138382,1
sample_05707.html,-0.3590923448722885,-0.4717720437546845,-0.4993703348891979,0.3389348468014262,0.8584809427907236,0.2787807768339313,0.9075259831337085,0.10584691167054394,-1.385984155666975,-0.268118031598155,-0.02613359816672435,-0.09828588508890747,1.69345305425639,1
sample_05279.html,0.7949353538619598,-0.12221253595295842,5.631329408716148,1.1232107889978544,0.9649067411796497,1.2596979383775901,0.5684261156270678,0.30896097887535745,-0.30948782498107436,0.658837305103364,-0.011991846822490236,-0.07064589686780937,-0.04963109500631971,1
sample_01809.html,1.256976238830048,1.3808933475944638,1.0133997317147188,0.674322733425192,0.8229883623504958,-0.23909474323570218,0.22932624812042704,0.5975553783896298,0.15968090647627073,-0.024375195738713953,-0.017134301856757187,0.20083377801585575,-0.058444603920215575,0
sample_01211.html,-0.1366680118760228,-0.3232092529389509,-0.021653471751118984,-0.12017844921708255,-1.511371860285682,0.0472599560969187,-0.44887348689285445,0.08059799192403784,0.3686551121977867,0.04416360259607878,-0.009420619305356762,-0.05110977953876097,1.1582667526762405,1
sample_08220.html,0.4177810500856831,0.8478150981968314,0.3764439141972801,0.7121561230748241,1.004393658582366,-0.007573922498689558,-0.10977361938621372,0.7198786927405834,0.11255829920387943,-0.16221865104556268,-0.018419915615323922,-0.04893909983553337,0.3505595023685722,0
sample_08094.html,-0.43538281657632166,-0.4717720437546845,-0.4197508576995181,-0.44329604730583255,-0.5229898364475154,-0.2634653559448614,-0.10977361938621372,0.40139478109889704,0.28761655656448565,-0.2675630615711526,-0.02613359816672435,-0.10204839657450197,-0.354609449611985,1
sample_02513.html,0.2098626518500434,-0.10473456056287211,-0.4993703348891979,0.3174618418651485,0.6549945046013941,0.9246020136266508,-0.10977361938621372,0.4642750206437681,-1.0040646195742757,-0.2624129397205706,-0.02613359816672435,-0.06818579320415143,0.6990009626842464,0
sample_02329.html,2.6173105652709774,2.551917698730246,-0.5789898120788778,1.0250484807177276,2.5176516254813084,-0.16598290510822453,0.22932624812042704,-1.9925510562714843,-1.5712327211609627,-0.2694943572651209,-0.009420619305356762,0.28433259060001076,2.389492868662131,1
sample_01692.html,-0.42947299130347405,-0.4368160929745119,-0.18089242613047862,-0.45454381179626374,-0.6078452377889428,-0.32439188771775945,-0.10977361938621372,0.25643026948996334,-0.5526432073726533,-0.22006872666028976,-0.009420619305356762,-0.10233782053493232,1.243599436355297,1
sample_07719.html,-0.4026101491541666,-0.4018601421943393,-0.021653471751118984,-0.15392174268837608,0.9386356269014764,-0.03803718838513859,0.22932624812042704,0.6332277628783008,0.8869807452090452,0.2153496571252299,-0.02613359816672435,-0.10320609241622336,-0.6416957568793797,1
sample_02240.html,-0.29730780792888134,-0.3756431791092098,-0.4993703348891979,-0.07825496338911182,-0.4002822999047991,0.11427914104710657,-0.44887348689285445,-0.38269518744439995,-0.7276298800251467,-0.26907258004459905,-0.02613359816672435,-0.08352526310695979,0.19035267041415554,0
sample_04735.html,-0.4520377787088923,-0.4805110314497277,-0.5789898120788778,-0.49237720144589586,-2.256016803315404,-0.3365771940723391,-0.44887348689285445,-1.9925510562714843,-0.5746047927376414,-0.2694943572651209,-0.027419211925291086,-0.10364022835686888,-1.3832753803391191,1
sample_07337.html,-0.155472001380538,0.2186079841537245,-0.18089242613047862,-0.368651792051153,-0.7397151513966914,-0.32439188771775945,-0.10977361938621372,0.3979678605598517,-0.10042028025761696,0.48695198834018993,-0.01970552937389066,-0.0948127975637433,-1.3834794587987573,0
sample_03510.html,0.06802684530170003,-0.3319482406339941,-0.18089242613047862,0.47186297259743093,-0.7012269953747107,0.7722856841944056,-0.10977361938621372,0.39271890866453424,-0.584820661136238,-0.20827006388621938,-0.02613359816672435,-0.02260151943637183,0.552016819105049,0
sample_01399.html,0.622475907263406,0.8303371228067451,2.9242671842670345,1.3706616077873401,0.7034641699098947,1.0281771176405776,1.2466258506403491,0.7901094167699317,1.190231844135699,0.9602859243705116,-0.02613359816672435,0.37550113813556996,-0.4957020450604411,0
sample_03314.html,-0.40207289231118043,-0.46303305605964135,-0.34013138050983827,-0.38194460463075347,-0.2543548860257861,-0.1598902519309347,-0.44887348689285445,0.48081072486426407,0.20546249080324938,-0.24026963564317605,-0.02613359816672435,-0.10132483667342611,0.2996177874651959,1
sample_07010.html,-0.4332337892043771,-0.4717720437546845,-0.4197508576995181,-0.43511585494915533,-0.5860089973375293,-0.23300209005841238,-0.10977361938621372,0.4066228702510142,0.24212706122835748,-0.2642110426080583,-0.02613359816672435,-0.10118012469321093,-0.4193569751793288,1
sample_01612.html,0.034179664193572636,0.4108657134446739,-0.18089242613047862,-0.1467640743762835,-2.0310769774506747,-0.22690943688112258,-0.10977361938621372,0.6048651977854629,1.065401222928877,-0.19824730519855657,-0.011991846822490236,-0.06644924944156934,-1.3240886375207355,1
sample_00894.html,-0.27205673630853233,-0.08725658517278581,0.05796600543856084,0.1446552783303423,0.7204457356616878,-0.11724167968990606,-0.10977361938621372,0.5346708783180635,-1.1147141759420351,-0.23244455826244262,-0.02613359816672435,-0.07600024013577078,1.841473065833745,0
sample_05194.html,-0.04049903698150209,0.15743507028842244,0.6153023457663196,0.08125878756609389,2.2898555621453407,-0.11114902651261627,0.22932624812042704,0.6777353193165064,0.9065880617372849,1.5953159274682438,-0.02613359816672435,-0.07411898439297353,-0.7262141605945212,1
sample_06035.html,-0.4090572312700004,-0.42807710527946874,-0.4197508576995181,-0.4320482828154014,0.6929461834623897,-0.3365771940723391,-0.10977361938621372,0.5847093179626636,0.3085193042090394,-0.24984841830923696,0.06385936493294728,-0.09640462934611022,-0.39505850956085264,1
sample_02347.html,0.6052836882878492,0.8565540858918747,-0.4197508576995181,0.016839772757260816,-0.223059684482644,-0.30002127500860026,-0.10977361938621372,0.6928722093544525,0.15837801534702817,-0.23520830899691442,-0.02613359816672435,-0.08410411102782048,-0.34245905645119074,1
sample_08181.html,-0.3832689028066652,-0.39312115449929613,-0.4993703348891979,-0.46988167246503354,-0.7598107131671721,-0.3365771940723391,-0.44887348689285445,0.37589013798546983,-0.0740896354464091,-0.2632786929626943,0.0021499045217438758,-0.09915415697019851,-0.9553496559026851,0
sample_00398.html,-0.24358212363026646,-0.42807710527946874,-0.4993703348891979,-0.3860347008090921,0.4140326067930852,-0.29392862183131047,-0.10977361938621372,0.14106359265151336,0.4692264640575821,-0.2614250930725064,-0.004278164271089811,0.25828443416127955,-0.6728594750737268,1
sample_09346.html,-0.44612795343604467,-0.4717720437546845,-0.5789898120788778,-0.4647690522421103,-0.20149130410720698,-0.29392862183131047,-0.44887348689285445,-1.9925510562714843,-0.7518627573554303,-0.2694943572651209,-0.024847984408157612,-0.1024825325151475,0.12758928081947032,1
sample_05900.html,-0.4477397239650031,-0.4717720437546845,-0.5789898120788778,-0.49237720144589586,-2.256016803315404,-0.3365771940723391,-0.44887348689285445,-1.9925510562714843,0.7133560334947592,-0.2694943572651209,0.06900181996721423,-0.10335080439643853,-0.8696706789912484,1
sample_05411.html,-0.3993866080962497,-0.4717720437546845,-0.4197508576995181,-0.4197779942803856,-0.9102229695251469,-0.2208167837038328,-0.44887348689285445,0.5681584860806,-0.7538129546047695,-0.26529878386098293,-0.005563778029656549,-0.10118012469321093,-0.469239993145505,0
sample_04273.html,-0.2747430205234631,-0.24455836368356254,-0.5789898120788778,0.2775834041263471,1.169471971744606,0.24222485777019248,0.5684261156270678,-1.9925510562714843,0.4651960279113687,-0.2691946734505396,-0.02613359816672435,-0.03504674973487674,0.2707631949428243,1
sample_04763.html,2.254662196255327,3.4782503944048204,0.2968244370076003,1.5271077866087919,0.6518356694237072,-0.12333433286719588,0.22932624812042704,0.5500655027886368,0.14872706331580338,-0.1146688191319996,-0.01584868809819045,-0.03345491795250983,-0.1866759670220096,1
sample_04781.html,-0.43054750498944633,-0.4368160929745119,0.5356828685766397,-0.45249876370709446,-0.778046788231161,-0.3304845408950493,-0.44887348689285445,0.87551936080861,1.9072930327182784,-0.1860268652039644,-0.002992550512523074,-0.10132483667342611,-0.5691175792791393,0
sample_05229.html,-0.2833391300112415,-0.38438216680425297,-0.34013138050983827,0.5914982858138352,1.7386949210363167,0.23613220459290268,0.22932624812042704,0.34637962726145566,-1.1474888556284657,-0.2642665396107585,-0.02613359816672435,-0.0124716808213097,1.1370471430164946,1
sample_02853.html,-0.25969982891985094,-0.3319482406339941,-0.4197508576995181,-0.2899174406181348,1.3150020648909813,0.004611383855890054,0.22932624812042704,0.4486416508230813,-0.2333732924689369,-0.12268258632191383,-0.009420619305356762,-0.09625991736589504,0.4863868005474807,0
sample_03070.html,0.11100739274059196,-0.20960241290338993,0.21720495981792048,0.20089410078249817,-0.19715011771827987,0.4737456785072051,0.5684261156270678,0.5365172056009273,-0.18890574422665699,-0.21837051837766253,-0.02613359816672435,0.10749455077706896,0.23029856803038354,0
sample_06523.html,0.2571412540328245,0.8827710489770041,0.13758548262824066,-0.09052525192412764,0.31094208119101363,-0.3304845408950493,-0.44887348689285445,0.5774335793816842,0.7958716639626942,-0.22551853232545305,-0.00042132299538959916,-0.05805595458908929,-0.9263814793043936,0
sample_05411.html,-0.42410042287361255,-0.46303305605964135,-0.5789898120788778,-0.4300032347262321,-0.5371316069642512,-0.31220658136317986,-0.10977361938621372,-1.9925510562714843,-0.03550614986966827,-0.2694943572651209,0.031719020968778835,-0.09032672617707294,0.5936785898442891,1
sample_08699.html,-0.44720246712201694,-0.4717720437546845,-0.4993703348891979,-0.4872645812229726,-1.2792309526931431,-0.3304845408950493,-0.44887348689285445,0.3144451264101702,1.459646938126153,-0.26451072642263956,0.021434110900244937,-0.08048631152244115,-0.13993742354694447,1
sample_07294.html,0.4145575090277662,0.8303371228067451,0.05796600543856084,0.27144825985883914,1.4255399605674546,-0.23300209005841238,0.22932624812042704,0.776649125312963,1.8805843194990048,2.157511664222185,-0.02613359816672435,0.034849136709051966,-1.1541927527338771,0
sample_02944.html,-0.4520377787088923,-0.4805110314497277,-0.5789898120788778,-0.48828710526755725,-1.4745881252400244,-0.3365771940723391,-0.44887348689285445,-1.9925510562714843,-2.257469615287448,-0.2694943572651209,-0.027419211925291086,-0.10364022835686888,-1.1604855999758212,1
sample_07901.html,0.8169628844243919,0.7254692704662273,-0.18089242613047862,3.1856417869250975,1.884499414816707,0.7783783373716955,-0.10977361938621372,0.5942183532645049,-1.0765067888355304,-0.2083699584910798,-0.017134301856757187,0.28143835099570724,1.8857635282785767,0
sample_01764.html,-0.3273941911361057,-0.3406872283290372,-0.4993703348891979,-0.3931923691211846,0.4911933928541008,-0.2817433154767308,-0.10977361938621372,0.343253371727165,0.014132124662091834,-0.25871683934073486,-0.004278164271089811,-0.09582578142524951,-0.20254721649351112,1
sample_05726.html,-0.06467559491587879,-0.42807710527946874,-0.34013138050983827,-0.3011652051085659,-0.4341343388188825,0.3640779213159886,-0.10977361938621372,-0.25958214477834707,-0.3849716400521903,-0.2652210880572026,-0.02613359816672435,-0.09712818924718608,-0.8949269952628066,1
sample_02069.html,0.889492558227522,2.149924264758261,0.6949218229559994,0.5638901366100496,0.5192531075129853,-0.25128004959028183,0.9075259831337085,0.613463745665925,-0.05019355825798889,0.027481203584387527,-0.02613359816672435,-0.09133971003857914,0.428645256035745,0
sample_02853.html,-0.3821943891206929,-0.38438216680425297,-0.4993703348891979,-0.42182304236955487,0.232948803213109,-0.2817433154767308,-0.10977361938621372,0.08893783722483792,-0.5249694125981917,-0.2121881522768561,-0.02613359816672435,-0.09828588508890747,1.5709174397384866,1
sample_01845.html,-0.37897084806277603,-0.4193381175844256,-0.4197508576995181,-0.41057527787912373,-0.23170295925799989,-0.2634653559448614,-0.10977361938621372,0.29403992639151055,-0.07672070243632156,-0.26165818048384737,-0.006849391788223287,-0.09857530904933781,0.26302984295108767,0
sample_03147.html,-0.4520377787088923,-0.4805110314497277,-0.4993703348891979,-0.49237720144589586,-2.256016803315404,-0.3365771940723391,-0.44887348689285445,0.39813117929325587,-0.6145572306005707,12.408618319195389,-0.027419211925291086,-0.10364022835686888,-1.5524248200962925,1
sample_06013.html,0.053520910541074,-0.052300634392613204,1.1726386860940783,-0.024061189026125265,-0.38743382178699975,0.10818648786981676,-0.10977361938621372,0.638222802433999,0.5025703630736218,0.22359651172648515,-0.02613359816672435,-0.04401889250821748,-0.9509890938677965,0
sample_07530.html,-0.41550431338583416,-0.42807710527946874,-0.5789898120788778,-0.4637465281975256,-0.8429332784412412,-0.3365771940723391,-0.10977361938621372,-1.9925510562714843,0.503373569815995,-0.26943886026242064,0.03429024848591231,-0.10132483667342611,-0.8846720298500895,1
sample_03498.html,0.4360477827472122,0.22734697184876765,-0.26051190332015844,0.7663498974378107,0.990811263235823,0.5773207825211318,10.74142214082629,0.6928677526735934,0.7548361568564943,0.35762177324755756,-0.02613359816672435,0.013142339676775973,-0.4300545951542151,0
sample_09212.html,1.1608072639355274,0.6031234427356232,0.2968244370076003,1.4248553821503267,1.263220260991652,2.3137269380487266,1.2466258506403491,0.5120077477229957,-0.14212425293377356,-0.08440075385929033,-0.02613359816672435,0.0018548052199924567,0.47532687709627114,0
sample_07169.html,-0.060377540171989603,-0.34942621602408036,2.605789275508315,-0.006678280268186181,0.7645820450826908,0.23613220459290268,-0.10977361938621372,0.7070398021367181,1.490467836048919,0.04175503267888849,-0.02613359816672435,-0.07730264795770733,-0.24694667375866924,0
sample_04307.html,-0.3096647153175628,-0.4105991298893824,-0.34013138050983827,-0.3533139313823832,0.11088634131910956,-0.29392862183131047,0.22932624812042704,0.7534637332864327,-2.1854741429480873,-0.19709296754239164,-0.02613359816672435,-0.01956256785185319,3.4534370329379738,1
sample_01745.html,2.283674065776579,3.6093352098304674,0.7745413001456792,1.2530713426601052,-0.2764787232926648,-0.25128004959028183,0.5684261156270678,0.6640493738577196,0.40292702446176015,-0.19833610040287694,-0.02613359816672435,0.35524146090544567,-0.5313379015662741,0
sample_01541.html,-0.16460536771130252,-0.31447026524390775,-0.4197508576995181,0.12727236957240323,0.12235406524242072,-0.1294269860444857,0.22932624812042704,0.4617068406982779,-0.3744284194880671,-0.24345516359816965,-0.02613359816672435,-0.08641950271126325,-0.0009259251332009741,0
sample_08965.html,0.636981842024032,1.0313338397927376,0.6949218229559994,0.4667503523745077,0.6311087197278121,-0.22690943688112258,-0.10977361938621372,0.7237931748453502,-0.3586680799548185,-0.16262932886554443,-0.02613359816672435,0.0471496550273417,0.367272945429625,0
sample_00492.html,-0.4455906965930585,-0.46303305605964135,-0.4993703348891979,-0.47703934077712606,-0.5289147160123001,-0.3365771940723391,-0.44887348689285445,0.5644021163698923,0.3509486182941402,-0.2656428652777244,-0.0017069367539563366,-0.10335080439643853,-0.521453688032221,1
sample_05451.html,-0.4106690017989588,-0.4193381175844256,-0.4197508576995181,-0.4576113839300177,-0.8708513415700084,-0.32439188771775945,-0.10977361938621372,0.29937557357180783,0.07176855278593894,-0.2654208772669235,-0.01584868809819045,-0.10103541271299576,-0.051271245412052455,0
sample_01297.html,-0.31342551321846585,-0.44555508066955507,0.21720495981792048,-0.3001426810639813,0.20747021683099334,-0.04412984156242839,-0.10977361938621372,0.14004493446295876,0.40856251702443763,-0.21764905734255943,-0.022276756891024138,-0.03605973359638295,0.9106360879737879,0
sample_02348.html,1.4589848117928401,2.5082227602550304,1.4911165948527976,0.6180839109730362,0.459136258691949,-0.013666575675979363,-0.10977361938621372,0.6215217451089468,0.39127465679763923,0.03289771104793066,-0.02613359816672435,0.07131655572327564,-0.1323895583146324,0
sample_00492.html,-0.38380615964965137,-0.42807710527946874,-0.4993703348891979,-0.3931923691211846,0.28559804862232885,-0.22690943688112258,-0.10977361938621372,0.08463212418431787,-0.17573888063439694,-0.2671190855495507,-0.02613359816672435,-0.09712818924718608,0.11609984476528921,0
sample_00787.html,-0.4047591765261112,-0.42807710527946874,0.13758548262824066,-0.4555663358408484,-0.9052200179523592,-0.31829923454046966,-0.44887348689285445,0.5263771273035728,0.15550635843377225,0.06123448062667169,0.017577269624544724,-0.08902431835513637,-1.1297102475360072,0
sample_06437.html,-0.4520377787088923,-0.4805110314497277,-0.5789898120788778,-0.4893096293121419,-0.9810542213852353,-0.3365771940723391,-0.44887348689285445,-1.9925510562714843,-1.0684078207780818,-0.2694943572651209,-0.027419211925291086,-0.10364022835686888,1.2875580904057122,0
sample_03015.html,0.06856410214468618,-0.26203633907364887,-0.021653471751118984,0.15079042259785022,-0.33693778864486257,0.4067264935570173,-0.44887348689285445,0.6455663685999709,-0.6434845238539498,-0.2563859652273249,-0.02613359816672435,-0.01637890428711938,0.8213824590477139,0
sample_04355.html,0.2657373635206029,0.5856454673455369,0.05796600543856084,0.02501996511393803,0.13144725773797616,-0.10505637333532646,0.5684261156270678,0.5512579555082002,0.9200807015448085,-0.24044722605181681,-0.02613359816672435,-0.009143305276360715,-0.02787785400734245,1
sample_04310.html,1.9226374672898867,0.6031234427356232,-0.1012729489407988,2.3277441135185746,0.493396052951171,1.204864059781982,3.281225055680194,0.6433288225196061,0.05693154242623206,0.20803515216933868,-0.02613359816672435,0.6125393617280238,-0.06420046914483947,0
sample_06057.html,-0.0012792874435132034,-0.3581652037191235,-0.34013138050983827,0.1916913843812363,0.6021723522731326,0.5224869039255235,-0.44887348689285445,0.3935754799095678,-0.03865320151633034,-0.2641999432075183,-0.01970552937389066,-0.07527668023469491,0.1594454681396566,0
sample_02891.html,-0.39455129650937437,-0.34942621602408036,-0.4197508576995181,-0.38807974889826136,-0.05561084295641112,-0.3304845408950493,-0.10977361938621372,0.5213230215536765,0.397053012341771,-0.19102159544698571,-0.0209911431324574,-0.08540651884975704,-1.100799580046862,1
sample_04917.html,-0.21725653832394515,-0.1484294990380879,-0.4197508576995181,-0.061894578675757386,0.7234541925091336,-0.2573727027675716,-0.44887348689285445,0.3672348248379899,-0.3877684238774567,-0.26102551465306467,-0.0107062330639235,-0.08366997508717497,-0.09833158436024032,1
sample_00006.html,-0.4520377787088923,-0.4805110314497277,-0.5789898120788778,-0.49237720144589586,-2.256016803315404,-0.3365771940723391,-0.44887348689285445,-1.9925510562714843,-1.3950323556491044,-0.2694943572651209,-0.027419211925291086,-0.10364022835686888,-1.3133725301468988,1
sample_04458.html,-0.1237738476443552,-0.11347354825791527,0.6153023457663196,-0.25208405096850267,0.7163661958186,-0.17816821146280412,-0.10977361938621372,0.8171950396215056,1.9659693279325126,0.4529434250854847,-0.02613359816672435,-0.06471270567898726,-1.2212603295305446,0
sample_07799.html,-0.375210050161873,-0.3756431791092098,-0.4993703348891979,-0.4197779942803856,0.37656684900186355,-0.29392862183131047,-0.10977361938621372,-0.041438384329366904,-1.0884974759399664,-0.1876917752849715,-0.02613359816672435,-0.09785174914826195,2.303871270483261,1
sample_01881.html,-0.4520377787088923,-0.4805110314497277,-0.5789898120788778,-0.4903321533567266,-1.1745753260570464,-0.3365771940723391,-0.44887348689285445,-1.9925510562714843,0.7424852286375716,-0.2694943572651209,-0.027419211925291086,-0.10364022835686888,-0.846266518481085,1
sample_08734.html,-0.3467354374836071,-0.2969922898538215,-0.34013138050983827,-0.4044401336116158,0.09107340432877026,-0.3304845408950493,-0.10977361938621372,0.5707185634996522,0.3912424965969272,0.00024327465911119173,-0.00042132299538959916,-0.08584065479040257,-1.2719189316918882,1
sample_06883.html,-0.45096326502292,-0.4805110314497277,-0.4993703348891979,-0.4903321533567266,-1.224241531954088,-0.3304845408950493,-0.44887348689285445,0.6848705372302908,0.8236804007659787,-0.26272372293569196,-0.018419915615323922,-0.10364022835686888,-0.9118878539584695,1
sample_06003.html,-0.42678670708854327,-0.4368160929745119,-0.021653471751118984,-0.16005688695588396,-2.1003527695437727,-0.3365771940723391,-0.10977361938621372,0.7194356639963448,1.4598867606750225,6.265666189706692,0.008577973314577563,-0.09987771687127438,-1.2844733357967357,1
sample_03477.html,0.9555751499148184,1.7129748800061035,1.0930192089043984,0.6876155460047925,1.233898999864608,-0.03803718838513859,2.2639254531602715,0.4630305778457966,0.26737568485472113,0.3687988695913853,-0.02613359816672435,0.09345748869619716,0.3414623200933524,0
sample_00157.html,-0.43054750498944633,-0.4717720437546845,-0.4197508576995181,-0.31854811386650506,0.7566485843684918,-0.11114902651261627,0.22932624812042704,0.20140659945443204,-0.9136773518743525,-0.25586429340194267,-0.02613359816672435,-0.1034955163766537,0.6252879873374461,1
sample_00175.html,0.615491568304586,0.4458216642248465,-0.1012729489407988,0.17328595157871257,0.6547502026465016,-0.32439188771775945,-0.10977361938621372,0.6751659148640842,1.261802577278483,0.43012305757514724,-0.02613359816672435,0.16668175068507485,-0.631010861658637,0
sample_02497.html,0.43497326906123984,0.27104191032398345,0.45606339138695995,1.035273721163574,1.626068534336983,0.5773207825211318,0.5684261156270678,0.5760910842639826,-1.134577607563775,-0.23659573406442036,-0.02613359816672435,0.0022889411606379765,1.8452967892655507,0
sample_03443.html,2.1601049918897646,-0.4717720437546845,-0.5789898120788778,0.06898849903107807,-1.2391539740021025,-0.30611392818589006,1.2466258506403491,-1.9925510562714843,1.896881790263447,-0.2694943572651209,-0.008135005546790024,7.245557686870708,-1.2158988534584187,1
sample_05211.html,-0.24895469206012794,-0.46303305605964135,-0.5789898120788778,-0.47806186482171076,-0.4722282445368599,-0.32439188771775945,-0.44887348689285445,-1.9925510562714843,2.275925863471504,-0.2694943572651209,0.03557586224447905,0.3950372554646183,-1.5051251358237554,1
sample_09206.html,-0.4520377787088923,-0.4805110314497277,-0.5789898120788778,-0.4872645812229726,-0.7067890193140784,-0.3365771940723391,-0.44887348689285445,-1.9925510562714843,0.22606251694284138,-0.2694943572651209,-0.027419211925291086,-0.10364022835686888,-0.8721332970100784,1
sample_05919.html,-0.3273941911361057,-0.3406872283290372,-0.4993703348891979,-0.3931923691211846,0.4911933928541008,-0.2817433154767308,-0.10977361938621372,0.343253371727165,0.01518725426425972,-0.25871683934073486,-0.004278164271089811,-0.09582578142524951,-0.20254721649351112,1
sample_00748.html,2.19287765931192,3.111212911213008,2.446550321128955,0.7315840799219325,0.64035113989988,-0.3304845408950493,0.9075259831337085,0.654225797586174,0.6188818168962111,0.1599969466320135,-0.01584868809819045,0.3015533162456164,-0.46283859436360375,0
sample_04698.html,-0.4520377787088923,-0.4805110314497277,-0.5789898120788778,-0.4903321533567266,-1.044802351692958,-0.3365771940723391,-0.44887348689285445,-1.9925510562714843,-1.1942590603363756,-0.2694943572651209,-0.027419211925291086,-0.10364022835686888,-0.7377419925513174,0
sample_06390.html,-0.3821943891206929,-0.2882533021587783,-0.5789898120788778,-0.37376441227407625,1.0481535649443108,-0.31829923454046966,-0.44887348689285445,-1.9925510562714843,-0.743769186670123,-0.2694943572651209,-0.02613359816672435,-0.10204839657450197,0.24823936317166806,1
sample_02135.html,-0.3273941911361057,-0.3406872283290372,-0.4993703348891979,-0.3931923691211846,0.4911933928541008,-0.2817433154767308,-0.10977361938621372,0.343253371727165,0.015398913139880914,-0.25871683934073486,-0.004278164271089811,-0.09582578142524951,-0.20272021317663516,1
sample_03182.html,-0.3778963343768037,-0.38438216680425297,-0.4993703348891979,-0.39523741721035394,-1.632057843572207,-0.275650662299441,0.22932624812042704,0.26287564185688456,-0.4143204845504737,-0.21804863576200115,-0.0107062330639235,-0.0969834772669709,-1.2433223674576845,1
sample_07028.html,-0.20328786040630525,-0.270775326768692,-0.1012729489407988,0.031155109381445945,0.04917961607244021,0.14474240693355558,0.5684261156270678,0.6055021263769423,-0.642632944193777,-0.2583061615207531,-0.02613359816672435,-0.0975623251878316,0.8001045449816877,0
sample_04402.html,-0.42624945024555716,-0.4717720437546845,-0.5789898120788778,-0.3604715996944758,-0.8088594177124876,-0.2573727027675716,-0.44887348689285445,-1.9925510562714843,-1.4359628869572205,-0.2694943572651209,-0.014563074339623712,-0.10233782053493232,1.1603421001038041,0
sample_05538.html,-0.41872785444375105,-0.44555508066955507,-0.4993703348891979,-0.41466537405746234,-0.8807664702485071,-0.30002127500860026,-0.10977361938621372,0.40973863008096567,0.16405806970595405,-0.25702973045864763,-0.014563074339623712,-0.10045656479213506,-0.3289161631971167,1
sample_05013.html,-0.26023708576283705,-0.4105991298893824,0.05796600543856084,-0.1917551323380082,1.5507628867225778,-0.06240780109429781,0.22932624812042704,0.6439478894294817,0.10429493790329344,-0.19387414138577788,-0.02613359816672435,-0.08916903033535155,0.02851091615483743,0
sample_08650.html,-0.4520377787088923,-0.4805110314497277,-0.4993703348891979,-0.48828710526755725,-2.256016803315404,-0.3365771940723391,-0.44887348689285445,0.6948797331186194,1.5091459110150458,-0.23345460371158694,-0.027419211925291086,-0.10364022835686888,-1.3340155493845216,1
sample_00082.html,-0.005040085344416247,0.15743507028842244,0.6153023457663196,-0.0874576797903737,0.7342026367303485,0.016796690210469666,0.22932624812042704,0.5259403016919909,0.08913978902191937,-0.034142668213955674,-0.02613359816672435,-0.07874976775985908,0.389207696702357,0
sample_02367.html,-0.17696227509998397,-0.10473456056287211,-0.18089242613047862,-0.37580946036324553,0.43009459430891744,-0.32439188771775945,-0.44887348689285445,0.6930733100987213,0.5745054574622951,-0.20563950595822814,-0.022276756891024138,-0.08656421469147843,-0.641923264010325,0
sample_06956.html,0.14055651910483016,0.09626215642312039,-0.18089242613047862,0.13340751383991115,0.3024920011767638,0.4676530253299153,-0.10977361938621372,0.5900467013986257,-0.33117622245804085,-0.21053434159638904,-0.0209911431324574,-0.02954769448670015,0.32324331436941794,0
sample_03171.html,-0.38380615964965137,-0.4805110314497277,0.6949218229559994,-0.3574040275607218,0.14377257599768628,-0.19644617099467354,-0.10977361938621372,0.6705625922597777,0.8124154748088745,0.198511866505978,-0.013277460581056975,-0.10045656479213506,-0.6965022507993951,1
sample_06346.html,-0.38702970070756826,-0.4105991298893824,-0.26051190332015844,-0.40341760956703115,0.48679785927272945,-0.30002127500860026,-0.44887348689285445,0.7002004929747526,0.797457492240897,-0.09227022884218393,-0.013277460581056975,-0.07759207191813769,-0.928332812529691,1
sample_02501.html,0.19267043287448662,0.7691642089414431,-0.34013138050983827,-0.10075049236997416,0.3350416878078126,-0.3304845408950493,-0.44887348689285445,0.7194697181070422,-0.030101745177279836,-0.23240016066028243,-0.017134301856757187,0.010682236013118029,0.13159371922789642,1
sample_04289.html,-0.4160415702288203,-0.4805110314497277,-0.18089242613047862,-0.34411121498112135,0.4355708642651104,-0.2208167837038328,0.22932624812042704,0.37869653405325576,0.20226179762075205,-0.23645144185739975,-0.02613359816672435,-0.10219310855471715,-0.1734571247558807,1
sample_07068.html,-0.4283984776175017,-0.4717720437546845,-0.4197508576995181,-0.2960525848856427,-1.179905390316784,-0.1537975987536449,-0.10977361938621372,0.3882993295886745,0.30972184953786547,-0.24827230343255022,-0.02613359816672435,-0.10335080439643853,-0.6572820944120537,1
sample_09162.html,-0.3666139406740946,-0.2969922898538215,-0.4993703348891979,-0.2592417192805952,0.7807143314852952,-0.31220658136317986,6.33312386323996,-0.4127553138806171,0.0182706344301931,-0.2630789037529735,-0.011991846822490236,-0.09336567776159158,0.09843746880918147,1
sample_02055.html,-0.44344166922111394,-0.4717720437546845,-0.34013138050983827,-0.4576113839300177,-1.4903065154402204,-0.31829923454046966,0.22932624812042704,0.340009227055062,0.12028035506513798,-0.24819460762876988,-0.005563778029656549,-0.10291666845579302,0.12479445023882861,1
sample_02786.html,-0.33545304378089796,-0.42807710527946874,-0.34013138050983827,-0.3645616958728144,0.26664472869652267,-0.17816821146280412,-0.10977361938621372,0.5139786829093032,-0.1652902969136082,-0.24607462212562084,-0.017134301856757187,-0.10219310855471715,-0.40914302623847154,0
sample_06357.html,-0.440218128163197,-0.4805110314497277,-0.5789898120788778,-0.415687898102047,0.16007066554657343,-0.31220658136317986,-0.10977361938621372,-1.9925510562714843,-0.04144721712830732,-0.2694832578645808,-0.00042132299538959916,-0.10364022835686888,0.014886967781388928,1
sample_08094.html,0.8739121097809237,0.32347583649424233,3.6408424789741525,2.216288992658847,0.6166813932919618,4.805622087560257,-0.10977361938621372,0.25550225394616466,-0.34012793926294965,1.366346393727606,-0.02613359816672435,0.24569449188255946,1.3218431151730219,0
sample_03212.html,-0.20651140146422217,0.08752316872807724,5.710948885905828,-0.04860176609615691,0.7895354912710887,-0.17816821146280412,-0.44887348689285445,0.2238237973972013,-1.0909073047487374,1.1639932224820018,-0.013277460581056975,-0.08714306261233912,2.059688505685014,0
sample_03459.html,-0.440218128163197,-0.4805110314497277,-0.4993703348891979,0.04956054218396968,-0.4252116671498986,-0.23300209005841238,-0.10977361938621372,0.3391934432522604,-1.5177484301398452,-0.2680514351949147,-0.02613359816672435,-0.10219310855471715,0.9351739771425605,1
sample_01129.html,-0.4079827175840281,-0.4105991298893824,-0.5789898120788778,-0.40546265765620043,0.6081085385248235,-0.2208167837038328,0.22932624812042704,-1.9925510562714843,-0.3936474213564468,-0.2694610590635007,-0.02613359816672435,-0.09958829291084402,-0.09147876971003824,1
sample_07490.html,-0.43538281657632166,-0.4717720437546845,-0.4197508576995181,-0.4494311915733405,-1.8285293515827974,-0.22690943688112258,-0.10977361938621372,0.4066228702510142,0.20549469220527664,-0.2642110426080583,-0.02613359816672435,-0.10233782053493232,-0.4970429029906451,1
sample_04358.html,-0.44344166922111394,-0.46303305605964135,-0.5789898120788778,-0.48215196100004937,-0.8549851589824252,-0.3365771940723391,-0.44887348689285445,-1.9925510562714843,-1.8311661155433046,-0.2694943572651209,0.026576565934511888,-0.10364022835686888,2.398725929408337,0
sample_01271.html,7.034099071460109,1.5207171507151542,1.8892139808011965,13.73706740299412,1.957713040718125,25.362233907736062,0.9075259831337085,0.3568839861748726,-1.884260235270351,0.01864608075450979,-0.02613359816672435,0.039479920075937515,1.8253676339504366,0
sample_07462.html,-0.3096647153175628,-0.3406872283290372,-0.4993703348891979,-0.37376441227407625,0.06381297614258408,-0.2695580091221512,-0.10977361938621372,0.3316516123233787,-2.6901995569457076,-0.26031515301850167,-0.02613359816672435,-0.0910502860781488,3.566025188243186,1
sample_01020.html,-0.10550711498282613,0.27104191032398345,-0.4197508576995181,0.2959888369288708,0.9372213947395451,-0.18426086464009395,-0.44887348689285445,0.4909792901841005,-0.5390933003136559,-0.2639779551967173,-0.006849391788223287,-0.08569594281018739,0.9356951053678333,0
sample_06330.html,0.9582614341297491,0.4895166027000622,-0.34013138050983827,1.5465357434559004,1.3474234536312415,1.4363848805189945,-0.44887348689285445,0.5465892582170054,-0.9125257159192228,-0.2425339133533457,-0.02613359816672435,-0.060081922312101715,1.1871755166673272,0
sample_00527.html,-0.44935149449396156,-0.4805110314497277,-0.1012729489407988,-0.4340933309045707,-0.250062269336369,-0.32439188771775945,0.22932624812042704,0.3069391416836134,0.05552667804466759,-0.1435383599366629,-0.006849391788223287,-0.10364022835686888,0.7337719531133812,1
sample_08548.html,-0.3145000269044381,-0.34942621602408036,-0.18089242613047862,-0.22856599794305565,-0.4363821651028538,-0.025851882030558975,0.22932624812042704,0.8508471838269573,-0.812854115780993,-0.25991557459905995,-0.02613359816672435,-0.09018201419685776,0.6910307294855103,0
sample_05805.html,2.747863978116612,5.042529191817544,3.4019840474051133,1.8103469469587405,1.5690934667941547,-0.03803718838513859,0.5684261156270678,0.5792908495421164,-0.22740036371911465,0.2710242502341077,-0.011991846822490236,-0.007840897454424154,0.4798573850023269,0
sample_08548.html,-0.3273941911361057,-0.3406872283290372,-0.4993703348891979,-0.3931923691211846,0.4911933928541008,-0.2817433154767308,-0.10977361938621372,0.343253371727165,0.014950166452611465,-0.25871683934073486,-0.004278164271089811,-0.09582578142524951,-0.20254721649351112,1
sample_07372.html,0.46183611121054735,1.2061135936936007,0.6949218229559994,0.010704628489752904,0.6951000437292042,-0.275650662299441,-0.44887348689285445,0.6842150104080337,0.7547448495943518,0.3989781396597742,-0.02613359816672435,-0.03041596636799119,-1.2080313178912274,0
sample_00214.html,-0.3085902016315905,-0.2882533021587783,-0.18089242613047862,-0.1426739781979449,1.1169069844687136,-0.31829923454046966,-0.10977361938621372,0.5822085713517186,-0.4699385143747831,-0.1985580884136779,-0.011991846822490236,-0.09336567776159158,1.1768487528723686,0
sample_07511.html,-0.4520377787088923,-0.4805110314497277,-0.5789898120788778,-0.4903321533567266,-1.3948322153192514,-0.3365771940723391,-0.44887348689285445,-1.9925510562714843,-0.7515468694555405,-0.2694943572651209,-0.027419211925291086,-0.10364022835686888,-0.14923659825653302,0
sample_01656.html,-0.4520377787088923,-0.4805110314497277,-0.5789898120788778,-0.4913546774013112,-2.256016803315404,-0.3365771940723391,-0.44887348689285445,-1.9925510562714843,-0.834531934820573,-0.2694943572651209,-0.027419211925291086,-0.10364022835686888,-1.2476211570692826,1
sample_01780.html,-0.4391436144772247,-0.4805110314497277,-0.5789898120788778,-0.3277508302677669,-0.4541115588813674,-0.2695580091221512,-0.44887348689285445,-1.9925510562714843,-1.6813977655257584,-0.2694943572651209,-0.01584868809819045,-0.10364022835686888,1.8248883305318153,0
sample_05617.html,-0.3999238649392358,-0.42807710527946874,-0.26051190332015844,-0.21629570940803983,-1.5640655754334933,-0.19644617099467354,1.58572571814699,0.5507397200923917,0.2115788155765273,-0.13240566119499536,-0.02613359816672435,-0.10306138043600818,-0.731857967149204,1
sample_00644.html,-0.4079827175840281,-0.42807710527946874,-0.4993703348891979,-0.459656432019187,-2.256016803315404,-0.31829923454046966,-0.10977361938621372,0.5777114856481682,0.4737126768652788,-0.21540697843346987,-0.01584868809819045,-0.0932209657813764,-0.6226158876397327,1
sample_01118.html,-0.15815828559546874,-0.4018601421943393,-0.4993703348891979,-0.43613837899374003,-0.22310991960202498,-0.30611392818589006,-0.10977361938621372,0.27357711822556674,0.7439115589037676,-0.22810469265128408,-0.02613359816672435,0.24034014861459804,-1.2542869465164237,1
sample_00597.html,-0.3096647153175628,-0.3406872283290372,-0.4993703348891979,-0.37376441227407625,0.06381297614258408,-0.2695580091221512,-0.10977361938621372,0.3316516123233787,-2.6904033257696836,-0.26031515301850167,-0.02613359816672435,-0.0910502860781488,3.5660843661725488,1
sample_00247.html,-0.3821943891206929,-0.2882533021587783,-0.5789898120788778,-0.37376441227407625,1.0455802247764663,-0.31829923454046966,-0.44887348689285445,-1.9925510562714843,0.02507780481221077,-0.2694943572651209,-0.02613359816672435,-0.10204839657450197,0.23395628296371732,1
sample_03183.html,-0.4520377787088923,-0.4805110314497277,-0.5789898120788778,-0.49237720144589586,-2.256016803315404,-0.3365771940723391,-0.44887348689285445,-1.9925510562714843,-1.2972817976803461,-0.2694943572651209,-0.027419211925291086,-0.10364022835686888,-1.3042592724394466,1
sample_01117.html,-0.12646013185928595,-0.17464646212321733,1.5707360720424772,-0.15596679077754538,0.373930422729306,-0.07459310744887743,-0.44887348689285445,0.6088153721795103,0.6203805945230336,0.17637966182912349,-0.0107062330639235,-0.01724717616841042,-0.2851362945499477,0
sample_08034.html,-0.44720246712201694,-0.4717720437546845,-0.4993703348891979,-0.486242057178388,-1.246671424944675,-0.3304845408950493,-0.44887348689285445,0.49868108580440224,0.4445997433661115,-0.2647105156323604,-0.02613359816672435,-0.1019036845942868,-0.8079734047611279,0
sample_02657.html,-0.21295848358005595,-0.22708038829347624,1.0133997317147188,-0.13449378584126767,1.067390193986424,-0.2634653559448614,-0.10977361938621372,0.5151681345672707,0.6007755955687101,-0.03587417469820307,-0.02613359816672435,-0.0004605864634503161,0.021474596469216956,0
sample_02413.html,-0.3096647153175628,-0.3406872283290372,-0.4993703348891979,-0.37376441227407625,0.06381297614258408,-0.2695580091221512,-0.10977361938621372,0.3316516123233787,-2.6904033257696836,-0.26031515301850167,-0.02613359816672435,-0.0910502860781488,3.5660843661725488,1
sample_03089.html,-0.436457330262294,-0.4805110314497277,-0.5789898120788778,-0.41466537405746234,0.42914483866489467,-0.23300209005841238,-0.10977361938621372,-1.9925510562714843,-1.089610874500559,-0.26943886026242064,-0.02613359816672435,-0.10320609241622336,0.25224883411605653,1
sample_00437.html,-0.11625225184254911,-0.0348226590025269,0.9337802545250389,0.2857635964830243,0.26977331984935266,0.016796690210469666,-0.10977361938621372,0.5564426057381675,-0.05184665025649314,-0.1734401449915506,-0.02613359816672435,-0.0764343760764163,0.517689343723507,0
sample_02499.html,-0.44720246712201694,-0.4717720437546845,-0.5789898120788778,-0.4903321533567266,-1.120503254919361,-0.3365771940723391,-0.44887348689285445,-1.9925510562714843,0.14307095979576348,-0.2694943572651209,0.03686147600304579,-0.10306138043600818,-0.8015784465822459,1
sample_02227.html,-0.4477397239650031,-0.4805110314497277,-0.5789898120788778,-0.4688591484204489,-0.6502400691274753,-0.30002127500860026,-0.10977361938621372,-1.9925510562714843,-0.14469037377730304,-0.2694943572651209,-0.02613359816672435,-0.1034955163766537,-0.6095858697734594,1
sample_02256.html,-0.42087688181569566,-0.4542940683645982,-0.5789898120788778,-0.4340933309045707,-0.6923834523458513,-0.245187396412992,-0.44887348689285445,-1.9925510562714843,-0.3297638826130562,-0.26937226385918034,-0.01970552937389066,-0.09582578142524951,-0.20927001961879715,0
sample_06483.html,0.5574678292620818,0.11374013181320669,-0.18089242613047862,0.536281987406264,0.38812522627080626,1.5094967186464723,-0.10977361938621372,0.5925121766748934,-0.4329746576042768,-0.20789268426785776,-0.017134301856757187,-0.04257177270606575,0.5100849863193676,0
sample_01125.html,-0.216719281480959,-0.13095152364800158,0.21720495981792048,-0.3645616958728144,0.06757284015545505,-0.3304845408950493,-0.10977361938621372,0.32029378907208733,0.13978741592083624,-0.23277754027864406,0.012434814590277775,-0.0466237081520906,-0.15954552653543824,1
sample_02109.html,-0.42732396393152944,-0.4542940683645982,-0.4993703348891979,-0.4749942926879568,-1.0319170889922633,-0.30611392818589006,-0.44887348689285445,0.5538675069886422,0.6378403080058955,-0.18842433572061462,-0.013277460581056975,-0.09510222152417365,-1.283109375136673,0
sample_03745.html,0.5692874798077772,1.3022424583390755,0.854160777335359,0.08943897992277111,0.26062798457165476,-0.31220658136317986,-0.44887348689285445,0.5046263437101963,0.5060162633017206,0.17195100101364455,-0.018419915615323922,-0.07064589686780937,-0.8771128609683487,0
sample_01305.html,-0.44935149449396156,-0.4805110314497277,-0.5789898120788778,-0.4913546774013112,-2.256016803315404,-0.3304845408950493,-0.44887348689285445,-1.9925510562714843,0.1858757981077862,-0.2694832578645808,0.09471409513854898,-0.09799646112847712,-1.369824702439611,0
sample_05660.html,-0.4224886523446541,-0.4717720437546845,-0.4993703348891979,-0.459656432019187,-0.36781176613816374,-0.2695580091221512,-0.10977361938621372,0.4999524206584515,0.30854174604979623,-0.25980458059365946,-0.02613359816672435,-0.10262724449536266,0.14923175387664223,1
sample_07542.html,0.08683083480621524,0.4807776150050191,0.7745413001456792,0.8501968690937521,1.04884002679084,0.3579852681386988,1.9248255856536307,0.6904134042908049,-0.26266620875845254,-0.1860823622066646,-0.017134301856757187,-0.06225260201532931,0.6779609858755125,0
sample_04034.html,0.7675352548696661,0.34095381188432866,-0.34013138050983827,0.05569568645147759,0.38536058083639985,0.3640779213159886,0.5684261156270678,0.5380152436873574,-0.3354740963338811,-0.26164708108330736,-0.02613359816672435,-0.07079060884802454,0.15201174760255512,0
sample_05865.html,-0.3209471090202719,-0.3581652037191235,0.05796600543856084,-0.29503006084105804,0.3630191852297209,-0.2878359686540206,-0.44887348689285445,0.09383493224849009,-0.4830519784889253,-0.1876251788817312,-0.0209911431324574,-0.08598536677061773,1.422322011128222,0
sample_02700.html,-0.29086072581304756,-0.13095152364800158,0.45606339138695995,-0.2970751089302273,0.4197113433570113,-0.20863147734925316,-0.10977361938621372,0.5448455894780039,0.32044159455703713,-0.1835738976846139,-0.02613359816672435,-0.09018201419685776,-0.03446438753190407,1
sample_03327.html,-0.4450534397500724,-0.4717720437546845,-0.18089242613047862,-0.4238680904587242,-0.178991263631654,-0.3304845408950493,-0.10977361938621372,0.7691757881163817,1.6354686609866311,-0.23537480000501515,0.009863587073144301,-0.1034955163766537,-0.19296486385359993,0
sample_06862.html,-0.4520377787088923,-0.4805110314497277,-0.5789898120788778,-0.4903321533567266,-1.044802351692958,-0.3365771940723391,-0.44887348689285445,-1.9925510562714843,-1.243368467075495,-0.2694943572651209,-0.027419211925291086,-0.10364022835686888,-0.18364153036386008,1
sample_04686.html,0.3054943699015779,0.20986899645868135,1.5707360720424772,0.9728997544439104,1.1258718911856251,1.5034040654691825,0.22932624812042704,0.5813830303358711,1.1820109253387698,1.0763412564172474,-0.02613359816672435,0.14584322553408988,-0.4810157883185446,0
sample_07174.html,-0.37252376594694225,-0.4018601421943393,-0.18089242613047862,-0.4003500374332772,-1.0367633154710834,-0.2817433154767308,-0.10977361938621372,0.7738746955764109,0.9054138886633585,-0.24529766408781753,-0.014563074339623712,-0.09799646112847712,-0.6836438215491889,1
sample_05744.html,-0.43054750498944633,-0.4368160929745119,-0.021653471751118984,0.1129570329482181,2.5163714020863046,-0.3365771940723391,-0.10977361938621372,0.7201827666522245,1.454234452826042,6.239249616421379,0.008577973314577563,-0.10262724449536266,-1.0904059461043607,1
sample_00062.html,-0.39025324176548515,-0.4717720437546845,-0.18089242613047862,-0.4320482828154014,-0.6216069413229041,-0.2817433154767308,-0.10977361938621372,0.3331738424329579,0.3224777583481844,-0.2564414622300251,-0.004278164271089811,-0.10262724449536266,-0.061438402198585394,1
sample_00027.html,0.34095332153866376,0.09626215642312039,-0.18089242613047862,0.4861783092216161,0.44348806442529665,0.6565252738258993,-0.44887348689285445,0.5895568146292185,-0.4516477369110733,-0.24773953220662795,-0.02613359816672435,-0.027666438743902896,0.30312319647854696,0
sample_08727.html,1.1258855691414276,1.73045285539619,2.287311366749596,0.49538102562287795,0.289633772782629,-0.275650662299441,1.2466258506403491,0.6951693659082658,0.33721341862544363,-0.0954002597944773,-0.02613359816672435,0.01820725898430704,-0.2276008232595143,0
sample_09144.html,-0.43269653236139094,-0.4542940683645982,-0.4993703348891979,-0.43920595112749394,-0.3984422168538218,-0.32439188771775945,-0.44887348689285445,0.4712645134931326,0.44142575636037784,-0.24241181994740518,-0.02613359816672435,-0.09799646112847712,-0.44467876656903066,1
sample_05307.html,-0.10550711498282613,0.22734697184876765,1.8892139808011965,-0.2060704689621933,-0.3498902313551168,-0.22690943688112258,-0.10977361938621372,0.5036133628251918,0.024136066376526412,0.5428485694598687,-0.02613359816672435,-0.04893909983553337,0.422740266079674,0
sample_09917.html,-0.21725653832394515,-0.1484294990380879,-0.4197508576995181,-0.061894578675757386,0.7083091548939018,-0.2573727027675716,-0.44887348689285445,0.3672348248379899,-0.36748714655399906,-0.26102551465306467,-0.0107062330639235,-0.08366997508717497,-0.09616269173700126,1
sample_06921.html,-0.28495090054019995,-0.38438216680425297,-0.18089242613047862,-0.3911473210320153,0.9467137187333441,-0.2817433154767308,0.22932624812042704,0.22367667837584237,0.4871378031695344,-0.25502073896089905,-0.006849391788223287,-0.0813545834037322,0.05758308111280886,1
sample_04256.html,-0.40959448811298654,-0.4805110314497277,-0.4197508576995181,-0.4678366243758642,-1.5251115318287682,-0.23300209005841238,-0.44887348689285445,-0.06746472711592172,-0.6765290592721256,-0.23570778202121656,-0.013277460581056975,-0.08019688756201081,1.5193946494586577,0
sample_08259.html,-0.2398213257293634,-0.4018601421943393,-0.26051190332015844,-0.19073260829342353,0.31637198585799836,0.08990852833794734,-0.10977361938621372,0.20773196625780113,0.01155996010080561,-0.2135866767449021,-0.02613359816672435,-0.061818466074683796,0.40895891406199064,0
sample_03447.html,-0.1817975866868593,-0.17464646212321733,-0.34013138050983827,-0.30730034937607387,-0.6861643687907674,0.08990852833794734,-0.44887348689285445,0.2577605651781773,-0.04096672997871104,-0.24963752969897607,-0.018419915615323922,-0.04618957221144508,1.1185198097200828,0
sample_02418.html,-0.4520377787088923,-0.4805110314497277,-0.5789898120788778,-0.483174485044634,-0.7179667058248038,-0.3365771940723391,-0.44887348689285445,-1.9925510562714843,0.5549298504953988,-0.2694943572651209,-0.027419211925291086,-0.10364022835686888,-0.4315231178309071,0
sample_04765.html,0.23780000768532314,0.533211541175278,-0.26051190332015844,-0.09052525192412764,0.794063271302361,-0.2695580091221512,-0.10977361938621372,0.7349536471013945,-0.05256823462061087,-0.2359963664352578,-0.02613359816672435,-0.07354013647211283,-0.0803311028209345,0
sample_07104.html,0.3737259889608189,0.6730353442959685,0.45606339138695995,-0.013835948580278744,0.19541339453484668,-0.32439188771775945,0.22932624812042704,0.5390722296226178,0.10885446072413048,-0.1448036915982283,-0.01584868809819045,-0.034612613794231216,-0.058454538615560984,0
sample_04911.html,-0.07542073177560178,0.15743507028842244,0.7745413001456792,-0.1508541705546221,0.16118423188910588,-0.30002127500860026,0.9075259831337085,0.6000766838019275,0.1986933595344466,-0.10446847003569604,-0.02613359816672435,-0.07440840835340387,-0.6165449934864539,0
sample_09766.html,0.10724659483968892,0.32347583649424233,0.13758548262824066,-0.19482270447176214,0.5436505578195102,-0.275650662299441,-0.10977361938621372,0.6171748600863495,0.2571869552466852,-0.1813540175766044,-0.02613359816672435,-0.06369972181748104,-0.3195135477094812,0
sample_09846.html,-0.4079827175840281,-0.42807710527946874,-0.4993703348891979,-0.459656432019187,-2.256016803315404,-0.31829923454046966,-0.10977361938621372,0.5777114856481682,0.4737126768652788,-0.21540697843346987,-0.01584868809819045,-0.0932209657813764,-0.6226158876397327,1
sample_02260.html,-0.4520377787088923,-0.4805110314497277,-0.5789898120788778,-0.48828710526755725,-0.4857802989613899,-0.3365771940723391,-0.44887348689285445,-1.9925510562714843,-2.374105694263592,-0.2694943572651209,-0.027419211925291086,-0.10364022835686888,-0.06926926283400898,0
sample_05773.html,-0.19630352144748534,-0.11347354825791527,2.207691889559916,-0.19482270447176214,-1.331668932021639,-0.2878359686540206,-0.44887348689285445,0.9064397931874498,2.1155407511192994,10.723884708823753,-0.02613359816672435,-0.07846034379942872,-1.4724477976939234,0
sample_01304.html,0.7911745559610567,1.5644120891903701,4.118559342112231,0.3726781402727197,0.08277026885179153,-0.03803718838513859,-0.10977361938621372,0.6765361910434912,0.6987180100315163,0.1625720075573045,-0.02613359816672435,0.12109747691729525,-0.3803625658391114,0
sample_02444.html,-0.07918152967650482,-0.4542940683645982,-0.4197508576995181,-0.2469714307455794,0.2305954377578955,0.5468575166346828,-0.10977361938621372,0.5473306646336611,0.1767360565310393,-0.24605242332454075,-0.014563074339623712,0.06321268483122594,-0.10058230132467205,0
sample_00798.html,-0.425712193402571,-0.44555508066955507,-0.4993703348891979,-0.44431857135041725,0.2790832107224478,-0.31220658136317986,-0.10977361938621372,0.19302040253636527,-0.5443019627130664,-0.2581618693137325,-0.01970552937389066,-0.10146954865364127,0.6377618839045522,1
sample_06068.html,-0.008800883245319292,0.31473684879919916,-0.26051190332015844,-0.07109729507701926,-0.13450851659712565,-0.2573727027675716,-0.44887348689285445,0.5210810299492626,0.13066617888427176,-0.1356466861526892,-0.02613359816672435,-0.056898258747367904,-0.8057546691716079,0
sample_00685.html,-0.4160415702288203,-0.4542940683645982,-0.4993703348891979,-0.30321025319773526,0.8555149147855184,-0.17207555828551432,-0.10977361938621372,0.10092000509827594,-0.10846064717104821,-0.2612697014649457,-0.013277460581056975,-0.10146954865364127,0.6584506131708909,0
sample_08812.html,-0.40099837862520815,-0.4193381175844256,0.05796600543856084,-0.32877335431235155,0.5501147730113857,-0.18426086464009395,0.22932624812042704,0.2892410842115237,-0.47277049957275635,-0.22830448186100494,-0.02613359816672435,-0.0959704934054647,0.570521258274129,0
sample_06264.html,-0.27098222262256005,-0.08725658517278581,0.05796600543856084,0.09250655205652507,0.8553886335667922,-0.1294269860444857,-0.10977361938621372,0.5344897702470414,-1.0602530532659735,-0.23244455826244262,-0.02613359816672435,-0.07556610419512526,1.6420133008199413,0
sample_05406.html,0.16473307703920687,0.7429472458563137,0.9337802545250389,0.7182912673423321,1.1801649968485874,0.17520567282000463,1.58572571814699,0.7880841478513864,0.049731491763741066,-0.07462218198350856,-0.017134301856757187,-0.07773678389835285,0.4119495050765088,0
sample_08072.html,-0.2946215237139506,-0.2882533021587783,0.5356828685766397,-0.3267283062231823,0.7475503471647452,-0.23300209005841238,0.22932624812042704,0.6670926629782578,0.45620329262322423,-0.1650822963848949,-0.02613359816672435,-0.06196317805489897,-0.7738248060464377,1
sample_00210.html,-0.40153563546819426,-0.4805110314497277,-0.4993703348891979,-0.40955275383453904,-1.1230232592588287,-0.20863147734925316,-0.10977361938621372,0.5865529830839468,0.3440723018067845,-0.265787157484745,-0.017134301856757187,-0.10161426063385645,-0.6159172563322561,1
sample_08600.html,0.10187402640982743,-0.15716848673313102,0.13758548262824066,-0.024061189026125265,0.7446500578239017,0.38235588084785804,0.22932624812042704,0.5702517685421695,-0.08816478715749314,-0.17259659055050702,-0.02613359816672435,-0.08598536677061773,0.3363509975640027,0
sample_09679.html,-0.4520377787088923,-0.4805110314497277,-0.5789898120788778,-0.486242057178388,-1.0200836873138628,-0.3365771940723391,-0.44887348689285445,-1.9925510562714843,0.19333343166059386,-0.2694943572651209,-0.027419211925291086,-0.10364022835686888,0.25538278721721513,1
sample_02022.html,2.1418382592282357,-0.2183414005984331,-0.18089242613047862,2.0271220444106866,0.53737191884984,4.159800850767538,1.2466258506403491,0.6280830164257689,-0.5468119828173249,-0.24273370256306656,-0.02613359816672435,-0.037217429438104334,-0.2382291871954561,0
sample_09890.html,-0.42302590918764027,-0.4805110314497277,-0.4197508576995181,0.53321441527251,1.5806081313335385,0.6687105801804789,0.9075259831337085,-0.2108186591292194,-0.8621210969457699,-0.2091913141310433,-0.02613359816672435,-0.10277195647557784,0.8752610758902368,1
sample_05265.html,-0.44720246712201694,-0.4805110314497277,-0.5789898120788778,-0.48215196100004937,-1.096343390383594,-0.31220658136317986,-0.44887348689285445,-1.9925510562714843,0.9226465906309455,-0.2694832578645808,-0.0107062330639235,-0.10364022835686888,-0.9252960812437451,1
sample_09215.html,-0.2897862121270753,-0.20960241290338993,0.2968244370076003,-0.20913804109594727,0.6335675335131838,-0.23300209005841238,-0.10977361938621372,0.564803422540912,-0.4140765985220042,-0.24484258866567557,-0.02613359816672435,-0.09235269390008537,0.43074755230225803,0
sample_04613.html,-0.08455409810636631,-0.3232092529389509,-0.18089242613047862,-0.14165145415336025,0.7008723344973734,0.26050281730206193,-0.10977361938621372,0.6427591238255567,-0.13366924114571097,-0.2445207060500142,-0.02613359816672435,-0.09582578142524951,0.10870416811403887,0
sample_08303.html,-0.1533229740085934,0.11374013181320669,-0.26051190332015844,-0.21322813727428588,-0.15474995098008754,-0.31829923454046966,-0.10977361938621372,0.6346046228459686,0.5709967175049934,-0.14282799830209986,-0.017134301856757187,-0.08005217558179563,-0.6382577395198887,0
sample_07942.html,1.177999482911084,2.246053129403736,-0.18089242613047862,0.6088811945717744,1.0673670658464702,-0.2573727027675716,-0.10977361938621372,0.5872184457943286,0.6249483910827506,-0.1056783046945612,-0.02613359816672435,-0.01290581676195522,-0.5155343566524228,1
sample_00736.html,-0.43860635763423855,-0.46303305605964135,-0.5789898120788778,-0.4790843888662954,-0.9897471498970355,-0.3304845408950493,-0.10977361938621372,-1.9925510562714843,-0.20683858269930663,-0.2694943572651209,-0.01970552937389066,-0.10335080439643853,0.2823340250954861,0
sample_05965.html,-0.010412653774277738,-0.270775326768692,1.3318776404734378,0.17635352371246651,0.1159663321870929,0.2239468982383231,1.2466258506403491,0.5988277833520367,-0.40545741752294967,-0.17415050662611364,-0.02613359816672435,-0.08584065479040257,0.60853184594666,0
sample_00436.html,-0.44397892606410005,-0.4805110314497277,-0.4993703348891979,-0.46272400415294096,-1.614785622688458,-0.31829923454046966,-0.44887348689285445,0.3761571266219511,1.8054696785022804,-0.2655651694739441,0.006006745797444088,-0.1019036845942868,-1.4265365848783649,1
sample_03087.html,-0.12538561817331365,-0.26203633907364887,0.3764439141972801,-0.006678280268186181,0.2697115539683919,0.3397073086068294,-0.44887348689285445,0.5315932602767866,-0.2706748146089005,-0.19804751598883572,-0.014563074339623712,-0.09857530904933781,0.445219000592037,0
sample_07469.html,0.7621626864398047,1.2672865075589028,0.9337802545250389,0.609903718616359,-0.15404473953384737,-0.32439188771775945,0.22932624812042704,0.6510159808637493,-0.291266597910596,-0.21125580263149213,-0.01584868809819045,-0.0363491575568133,0.6102940288306533,0
sample_05319.html,-0.3123509995324935,-0.3057312775488646,0.7745413001456792,-0.2940075367964734,0.48518122711986,-0.245187396412992,-0.44887348689285445,0.5829880812001701,0.5064677344258841,-0.059438202044723706,-0.02613359816672435,-0.0357703096359526,-0.9338092416318193,0
sample_07950.html,-0.2408958394153357,-0.3669041914141667,-0.4197508576995181,-0.3533139313823832,0.10904868069703597,-0.31829923454046966,0.22932624812042704,0.7507532682573361,0.9898364704513537,-0.2000565074865843,-0.02613359816672435,0.02529814601485053,0.381652386967365,1
sample_05328.html,-0.43860635763423855,-0.46303305605964135,-0.4197508576995181,-0.4422735232612479,0.4317905488962239,-0.3365771940723391,-0.10977361938621372,0.5618729235209945,1.339561279129547,10.610304543097447,0.05486006862298012,-0.10277195647557784,-0.7863352471687324,1
sample_03029.html,-0.37628456384784525,-0.39312115449929613,-0.1012729489407988,-0.2428813345672408,0.36717557662976374,-0.06240780109429781,0.22932624812042704,0.6557256112562084,0.22277008645948695,-0.22406451085470683,-0.02613359816672435,-0.10233782053493232,-0.01775369541667524,0
sample_05911.html,2.1660148171626123,0.008872279472688862,-0.4993703348891979,1.2489812464817667,0.11980886158628697,4.153708197590248,0.9075259831337085,0.43685414119491234,-0.5602372146999498,-0.19644920231106888,-0.02613359816672435,0.44814655220358696,0.6521003089704323,0
sample_04564.html,-0.2978450647718675,-0.270775326768692,-0.18089242613047862,-0.3870572248536767,0.6259298634802152,-0.29392862183131047,-0.10977361938621372,0.3812556637175377,-0.1429125113243865,-0.2571629232651282,-0.014563074339623712,-0.09133971003857914,-0.16305754564136174,1
sample_01046.html,0.28346683933914585,0.04382823025286147,0.6153023457663196,0.421759294412783,-0.21420370833743865,0.8210269096127242,-0.10977361938621372,0.5660946777242222,-0.8334173130959704,-0.16891158957121127,-0.023562370649590873,-0.07686851201706182,1.0877988373515104,0
sample_00871.html,4.805557686753563,1.3022424583390755,-0.18089242613047862,5.04356797593541,0.575985484016142,10.69112505682221,-0.10977361938621372,0.6644716884309709,-0.2571445657268766,-0.16108651219047784,-0.01970552937389066,1.126990451392965,1.0880143889501304,0
sample_00012.html,-0.2398213257293634,-0.3756431791092098,0.21720495981792048,-0.24799395479016403,-0.03400467874615564,0.053352609274208505,-0.10977361938621372,0.15954028553233068,-0.6060804361927759,-0.18778057048929186,-0.02613359816672435,-0.04315062062692644,1.2829818594332825,0
sample_01421.html,-0.4520377787088923,-0.4805110314497277,-0.4993703348891979,-0.49237720144589586,-2.256016803315404,-0.3365771940723391,-0.44887348689285445,0.7696887909742189,1.3590066616180827,2.126355646906272,-0.027419211925291086,-0.10364022835686888,-1.5522331665246654,1
sample_06999.html,0.9099083182609957,0.5157335657851917,-0.26051190332015844,1.2295532896346582,0.6999618585380166,2.0090942791842363,0.22932624812042704,0.34360315732739094,-0.9283792141986649,-0.23756138191140447,-0.02613359816672435,-0.07455312033361905,0.8616689394021466,0
sample_05372.html,0.0545954242270463,0.1486960825933793,0.2968244370076003,1.168201846959579,1.3105446866997101,1.734924886206195,-0.10977361938621372,0.47398019797088764,-0.6780298763639917,-0.21229914628225657,-0.02613359816672435,0.2933047333733515,2.6812408817873696,0
sample_03381.html,0.3844711258205419,-0.26203633907364887,1.0133997317147188,1.2019451404308725,-0.3232712744546539,0.8453975223218834,1.2466258506403491,0.567797536686607,0.17469593483866108,-0.086198856746778,-0.022276756891024138,0.08245937819984399,0.5144131758496061,0
sample_08275.html,-0.45150052186590617,-0.4805110314497277,-0.4993703348891979,-0.4913546774013112,-2.256016803315404,-0.3304845408950493,-0.44887348689285445,0.9385188951009553,2.3118949222390497,-0.21549577363779024,-0.01970552937389066,-0.10364022835686888,-1.505252891833849,1
sample_01386.html,-0.4488142376509754,-0.4805110314497277,-0.4993703348891979,-0.4852195331338033,-1.3384300946045464,-0.31829923454046966,-0.44887348689285445,-0.07134170978834635,-3.039051443683039,0.60635933935002,-0.017134301856757187,-0.10364022835686888,4.626342628098604,1
sample_05243.html,0.3479376604974837,0.6642963566009252,0.5356828685766397,0.3532501834256113,-0.03098278953044147,-0.30002127500860026,1.2466258506403491,0.6820393383424805,0.19235974418092897,-0.16120860559641836,-0.01584868809819045,0.07667089899123705,-0.15425899092111606,0
sample_06430.html,-0.45150052186590617,-0.4805110314497277,-0.4993703348891979,-0.4913546774013112,-2.256016803315404,-0.3304845408950493,-0.44887348689285445,0.9357470527543476,2.2860780938654375,-0.19098829724536556,-0.01970552937389066,-0.10364022835686888,-1.5198422527019813,1
sample_09514.html,-0.07327170440365718,-0.22708038829347624,0.2968244370076003,0.12931741766157254,0.950430251549208,0.38844853402514784,0.9075259831337085,0.6649912609966965,-0.14335076455197748,-0.12525764724720484,-0.02613359816672435,-0.07325071251168248,0.5546842196170457,0
sample_04576.html,-0.30160586267277056,-0.39312115449929613,-0.1012729489407988,-0.4013725614778618,-0.1149240933813016,-0.2634653559448614,-0.10977361938621372,0.826513396568371,1.2184394894867219,-0.2118107726584945,-0.00042132299538959916,-0.07773678389835285,-0.8121161857578897,1
sample_00599.html,-0.24250760994429416,-0.20960241290338993,-0.4993703348891979,-0.31752558982192036,0.8298338557395974,-0.3365771940723391,-0.10977361938621372,0.01660112101228969,0.024221177991065417,-0.2653542808636832,0.0008642907631771383,-0.08395939904760531,-0.14945186302667832,1
sample_03546.html,0.35277297208435904,0.1836520333735519,4.99437359119871,1.156954082469148,1.1672835070809089,0.6748032333577687,0.5684261156270678,0.7319377977148959,0.9680511262823813,0.638680793722638,-0.02613359816672435,0.04179531175938029,-0.35121283985409174,0
sample_02941.html,-0.3574805743433301,-0.3669041914141667,-0.5789898120788778,-0.3011652051085659,-0.30874695396551766,-0.30611392818589006,-0.10977361938621372,-1.9925510562714843,0.48187634901139076,-0.2694610590635007,0.017577269624544724,-0.09220798191987019,-0.5516775605790926,1
sample_09226.html,-0.3574805743433301,-0.4193381175844256,0.7745413001456792,-0.3492238352040446,0.042240834946274584,-0.20863147734925316,-0.10977361938621372,0.6150972301443942,0.6935705599094011,0.034329533717596776,-0.0017069367539563366,-0.09915415697019851,-0.7991521645160773,1
sample_06707.html,-0.3494217216985378,-0.3669041914141667,-0.4993703348891979,-0.32877335431235155,-1.557038611839177,-0.2208167837038328,0.22932624812042704,0.2764801901352278,-0.15872703573579888,-0.2675741609716927,-0.013277460581056975,-0.09843059706912263,-0.8243533314945756,1
sample_04641.html,0.034179664193572636,-0.3057312775488646,-0.4197508576995181,3.7695030163829335,-0.23754361702589083,1.0098991581087082,-0.44887348689285445,0.3403840820313414,-0.5650504217367573,-0.2507474697529808,-0.00042132299538959916,0.26913783267741753,1.039851116291373,0
sample_04233.html,-0.44344166922111394,-0.4805110314497277,-0.5789898120788778,-0.4453410953950019,0.7087154325574094,-0.31220658136317986,-0.10977361938621372,-1.9925510562714843,-0.989498296697842,-0.2694832578645808,-0.002992550512523074,-0.10089070073278059,0.37650090845157924,1
sample_04480.html,-0.4520377787088923,-0.4805110314497277,-0.5789898120788778,-0.49237720144589586,-2.256016803315404,-0.3365771940723391,-0.44887348689285445,-1.9925510562714843,-1.2972817976803461,-0.2694943572651209,-0.027419211925291086,-0.10364022835686888,-1.3042592724394466,1
sample_00736.html,0.6778133620909793,0.9002490243670904,0.13758548262824066,0.37165561622813503,2.497567364341661,-0.16598290510822453,-0.44887348689285445,0.7288152729939531,-0.15362070452512613,-0.19905756143798004,-0.02613359816672435,0.06075258116756799,0.4505004906327388,1
sample_04138.html,-0.2408958394153357,-0.3669041914141667,-0.4197508576995181,-0.3533139313823832,0.10904868069703597,-0.31829923454046966,0.22932624812042704,0.754072826436835,0.9930284856070752,-0.19893546803203951,-0.02613359816672435,0.02833709759936917,0.3777661870787407,1
sample_07258.html,-0.4498887513369477,-0.4805110314497277,-0.4993703348891979,-0.486242057178388,-1.8234402160457046,-0.32439188771775945,-0.44887348689285445,0.3613593099334636,2.145791155046804,-0.2689060890364984,-0.01970552937389066,-0.10364022835686888,-1.0712051656250354,0
sample_04555.html,0.15130165596455314,0.37590976266450127,-0.18089242613047862,-0.13756135797502164,0.562813956835878,-0.3304845408950493,0.22932624812042704,0.7154795777877053,0.22453849578590676,-0.2360629628384981,-0.02613359816672435,-0.04401889250821748,-0.3543146290531274,0
sample_04998.html,-0.3821943891206929,-0.2882533021587783,-0.5789898120788778,-0.37376441227407625,1.0511664063880717,-0.31829923454046966,-0.44887348689285445,-1.9925510562714843,-0.7254732023903468,-0.2694943572651209,-0.02613359816672435,-0.10204839657450197,0.24563514315001875,1
sample_02399.html,-0.3821943891206929,-0.2882533021587783,-0.5789898120788778,-0.37376441227407625,1.0298242566479083,-0.31829923454046966,-0.44887348689285445,-1.9925510562714843,-0.2285732750027962,-0.2694943572651209,-0.02613359816672435,-0.10204839657450197,0.2305492430794769,1
sample_08601.html,-0.43806910079125244,-0.4805110314497277,-0.5789898120788778,-0.44738614348417116,-1.273951032711703,-0.19035351781738374,-0.10977361938621372,-1.9925510562714843,-0.1364146701080723,-0.2694943572651209,-0.02613359816672435,-0.10364022835686888,-0.5335424000333303,1
sample_00435.html,-0.3821943891206929,-0.2882533021587783,-0.5789898120788778,-0.37376441227407625,1.0382979916803985,-0.31829923454046966,-0.44887348689285445,-1.9925510562714843,-0.7124115952801254,-0.2694943572651209,-0.02613359816672435,-0.10204839657450197,0.24590274107911073,1
sample_01096.html,-0.4036846628401389,-0.4018601421943393,-0.4993703348891979,-0.4064851817007851,0.9518734680729665,-0.3365771940723391,-0.10977361938621372,0.42594168742850946,-0.35452893414143355,-0.26529878386098293,0.01629165586597799,-0.10089070073278059,0.4939973378014802,1
sample_03710.html,-0.4160415702288203,-0.4368160929745119,-0.5789898120788778,-0.4647690522421103,-0.2373260526300182,-0.31829923454046966,-0.10977361938621372,-1.9925510562714843,0.5335800711682739,-0.26943886026242064,-0.02613359816672435,-0.10132483667342611,-0.5089472494709122,1
sample_06885.html,-0.4520377787088923,-0.4805110314497277,-0.5789898120788778,-0.4903321533567266,-1.4717772295817828,-0.3365771940723391,-0.44887348689285445,-1.9925510562714843,-1.389516079088689,-0.2694943572651209,-0.027419211925291086,-0.10364022835686888,-0.42973512038420464,1
sample_02910.html,-0.33330401640895335,-0.4805110314497277,-0.5789898120788778,-0.12835864157375976,1.7739195808398456,0.31533669589767016,0.22932624812042704,-1.9925510562714843,-0.609497011385586,-0.2694943572651209,-0.02613359816672435,-0.10074598875256541,0.9987356755701915,1
sample_00472.html,-0.4520377787088923,-0.4805110314497277,-0.5789898120788778,-0.49237720144589586,-2.256016803315404,-0.3365771940723391,-0.44887348689285445,-1.9925510562714843,-1.2972817976803461,-0.2694943572651209,-0.027419211925291086,-0.10364022835686888,-1.3042592724394466,1
sample_00085.html,-0.43054750498944633,-0.4805110314497277,-0.4993703348891979,-0.43511585494915533,-1.665180483087451,-0.18426086464009395,-0.10977361938621372,0.3703367708508456,0.1030789068693563,-0.26836221841003605,-0.02613359816672435,-0.0997330048910592,-0.5716649942251708,1
sample_09901.html,-0.44720246712201694,-0.4717720437546845,-0.4993703348891979,-0.4872645812229726,-1.1659237968552028,-0.3304845408950493,-0.44887348689285445,0.3144451264101702,-1.3319843254783166,-0.26451072642263956,-0.0107062330639235,-0.10364022835686888,1.940920461406195,1
sample_05319.html,-0.4036846628401389,-0.4018601421943393,-0.4993703348891979,-0.4064851817007851,0.9779703128158407,-0.3365771940723391,-0.10977361938621372,0.42594168742850946,-0.38686277779289646,-0.26529878386098293,0.01629165586597799,-0.10089070073278059,0.5589648086581679,1
sample_03241.html,-0.4310847618324325,-0.4717720437546845,12.558223924218295,0.1702183794449586,1.213551953637537,-0.2573727027675716,-0.44887348689285445,-0.6194643193182628,2.0631180325558374,-0.2635783767772756,-0.01970552937389066,-0.10118012469321093,-1.3529294231633553,1
sample_08175.html,-0.43806910079125244,-0.46303305605964135,-0.4197508576995181,-0.4565888598854331,0.07542885581761738,-0.32439188771775945,-0.44887348689285445,0.9871367644444075,0.39842112772626664,-0.26532098266206305,0.0034355182803106135,-0.10219310855471715,-0.05426505672808037,0
sample_08588.html,-0.44129264184916933,-0.4805110314497277,-0.4993703348891979,-0.44840866752875586,-1.8483965570366419,-0.23300209005841238,-0.10977361938621372,0.3703367708508456,0.3709735101404721,-0.26836221841003605,-0.02613359816672435,-0.10233782053493232,-0.7070959476028907,1
sample_04708.html,0.23994903505726775,0.8915100366720472,0.21720495981792048,0.015817248712676164,0.32411305121262957,-0.3304845408950493,-0.10977361938621372,0.7321403569916084,-0.006152891680618224,-0.20224308939297364,-0.01584868809819045,-0.05443815508370996,-0.025051289767289684,0
sample_02097.html,0.07125038635961693,0.37590976266450127,-0.34013138050983827,-0.18357493998133098,-2.0486170705225444,-0.30611392818589006,-0.10977361938621372,0.42314670277484573,1.0672480512313836,-0.2568188418483867,-0.02613359816672435,-0.07527668023469491,-1.3556737588948193,1
sample_06103.html,-0.411206258641945,-0.4717720437546845,-0.4993703348891979,-0.4565888598854331,-1.5964445777240193,-0.245187396412992,-0.44887348689285445,0.4050354193675911,0.14219007312587617,-0.26373376838483625,-0.004278164271089811,-0.08786662251341498,-0.4516859601268271,0
sample_06708.html,-0.4283984776175017,-0.4717720437546845,-0.4197508576995181,-0.2960525848856427,-1.179905390316784,-0.1537975987536449,-0.10977361938621372,0.3882993295886745,0.30972184953786547,-0.24827230343255022,-0.02613359816672435,-0.10335080439643853,-0.6572820944120537,1
sample_08266.html,-0.4520377787088923,-0.4805110314497277,-0.5789898120788778,-0.49237720144589586,-2.256016803315404,-0.3365771940723391,-0.44887348689285445,-1.9925510562714843,-0.9145490403508721,-0.2694943572651209,-0.027419211925291086,-0.10364022835686888,-1.267099457135387,1
sample_08728.html,-0.3085902016315905,-0.2358193759885194,-0.4993703348891979,-0.049624290140741566,0.15339476640498773,-0.19035351781738374,0.22932624812042704,0.5648423941005405,-1.2800199483581385,-0.2047626533155644,-0.004278164271089811,-0.0883007584540605,2.4130021778835316,1
sample_06730.html,-0.45042600817993383,-0.4717720437546845,-0.4993703348891979,-0.4903321533567266,-1.2118664146121996,-0.3365771940723391,-0.44887348689285445,0.12842782793799626,-0.6673115811160576,-0.26799593819221446,-0.00042132299538959916,-0.10364022835686888,-0.511019637350125,0
sample_03350.html,-0.4520377787088923,-0.4805110314497277,-0.4993703348891979,-0.4852195331338033,-0.9408091927451041,-0.3365771940723391,-0.44887348689285445,-0.04434519530638747,-1.5953255603748884,-0.2394149818015924,-0.027419211925291086,-0.10364022835686888,2.430022292734503,1
sample_06774.html,-0.061989310700948055,-0.22708038829347624,-0.021653471751118984,0.3675655200497964,0.821831652549196,0.38844853402514784,0.22932624812042704,0.6735498279004363,0.9032358069458988,0.47842764872543353,-0.02613359816672435,0.02963950542130573,-0.44385953229510106,1
sample_05585.html,0.08790534849218755,0.7516862335513568,0.13758548262824066,0.31848436590973317,0.9389621339812001,0.1386497537562658,-0.10977361938621372,0.6377074000863686,-0.8327679314596751,-0.2257183215351739,-0.02613359816672435,-0.0639891457779114,1.1290815251486668,0
sample_04295.html,2.808574001374047,-0.4805110314497277,-0.4993703348891979,3.3001644799185783,1.6425691631664705,6.676066612988228,0.22932624812042704,0.6352980278140516,-1.1085684231301818,-0.24232302474308481,-0.02613359816672435,0.07146126770349082,0.4583138156182414,1
sample_06757.html,-0.35962960171527464,-0.46303305605964135,-0.4993703348891979,-0.35024635924862924,0.26136601387346164,-0.17207555828551432,0.22932624812042704,0.15076083593114206,-0.07411163952320438,-0.26555407007340404,-0.008135005546790024,-0.1024825325151475,-0.17053813655873523,1
sample_04215.html,0.22221955923872483,0.4021267257496307,0.6153023457663196,0.31643931782056384,-0.31666811479696066,-0.03194453520784878,0.9075259831337085,0.5617901139334669,0.20823708514580555,-0.07841817696820477,-0.02613359816672435,0.03181018512453333,-0.12469956957318377,0
sample_07198.html,-0.44666521027903083,-0.4805110314497277,-0.18089242613047862,-0.43920595112749394,0.01861853766449876,-0.30002127500860026,-0.10977361938621372,0.6159075012383525,0.5827149609201451,-0.17912303806805488,-0.02613359816672435,-0.10364022835686888,-0.5868872812353586,1
sample_03317.html,-0.2752802773664492,-0.22708038829347624,0.05796600543856084,-0.31854811386650506,0.4024775785321013,-0.23300209005841238,-0.10977361938621372,0.5107395124931542,-0.04273003034218663,-0.2522458888258872,-0.0107062330639235,-0.09886473300976815,0.13711868753051226,0
sample_03279.html,-0.40690820389805576,-0.4805110314497277,-0.4993703348891979,-0.41364285001287765,-0.8525460879926151,-0.21472413052654296,-0.10977361938621372,0.34641340025022066,-0.08795272656905856,-0.2648659072399211,-0.00042132299538959916,-0.10204839657450197,-0.7284470811558732,1
sample_08008.html,-0.3461981806406209,-0.46303305605964135,-0.4993703348891979,-0.4167104221466316,-0.008210843522643991,-0.2878359686540206,-0.10977361938621372,0.49884110681731464,0.49814665265936875,-0.25387750070527415,0.0021499045217438758,-0.048215539934457506,-0.660914073008626,1
sample_08443.html,-0.43162201867541866,-0.4542940683645982,-0.4993703348891979,-0.4494311915733405,-0.37190543479782956,-0.3365771940723391,-0.10977361938621372,0.5766664835670271,0.4986921554825667,-0.21536258083130966,0.018862883383111463,-0.10089070073278059,-0.7435848450296759,1
sample_04022.html,-0.20758591515019445,-0.2532973513786057,-0.18089242613047862,-0.29912015701939665,-0.819640691901414,-0.06240780109429781,-0.10977361938621372,0.5640308334386158,-0.23355199286838393,-0.2598267793947396,-0.01970552937389066,-0.08569594281018739,0.48327510272841495,0
sample_08898.html,-0.37359827963291453,-0.4193381175844256,-0.1012729489407988,-0.34411121498112135,-0.5338212549147389,-0.23300209005841238,-0.10977361938621372,0.5679329821075855,0.3390992903231941,-0.25253447323992845,-0.01584868809819045,-0.09785174914826195,-0.6157379494226922,0
sample_01382.html,-0.4203396249727095,-0.46303305605964135,-0.4197508576995181,-0.32059316195567433,0.15120857276838726,-0.2634653559448614,-0.10977361938621372,0.5801554407734697,0.26389330343809425,-0.21365327314814236,-0.02613359816672435,-0.09423394964288262,-0.860120307726249,1
sample_08985.html,0.4844008986159656,0.7691642089414431,0.3764439141972801,0.9033681194121541,0.38335829194606164,0.6199693547621605,0.5684261156270678,0.33878520322577227,0.03378688707856318,0.2932230513142025,-0.02613359816672435,-0.028534710625193936,-0.35142745274134035,0
sample_07235.html,-0.4224886523446541,-0.4368160929745119,-0.5789898120788778,-0.44431857135041725,0.4572772201348041,-0.3365771940723391,-0.10977361938621372,-1.9925510562714843,-0.25029871503619344,-0.2694943572651209,0.012434814590277775,-0.09900944498998333,0.12857606203550778,1
sample_03320.html,-0.4085199744270142,-0.4717720437546845,-0.18089242613047862,-0.45863390797460235,-1.3854564162117713,-0.245187396412992,-0.44887348689285445,-0.0034912131155372056,-1.1293918221940007,-0.21209935707253572,-0.011991846822490236,-0.09828588508890747,2.0095290763329827,0
sample_09932.html,-0.3096647153175628,-0.38438216680425297,-0.18089242613047862,-0.28480482039521154,-0.30725431989213314,-0.01975922885326917,0.22932624812042704,0.5072950147931479,-0.5241231170065488,-0.25651915803380543,-0.02613359816672435,-0.09235269390008537,0.4235712863963759,0
sample_04070.html,0.4022006016390848,0.8390761105017883,0.3764439141972801,0.7090885509410702,1.5744341836849938,0.12037179422439637,-0.10977361938621372,0.7301117340310789,0.1673353587063885,-0.1649158053767942,-0.018419915615323922,-0.05950307439124102,0.3399034334095213,0
sample_08053.html,0.24370983295817078,0.3846487503595444,0.2968244370076003,-0.19073260829342353,0.5354793175402409,-0.2208167837038328,0.22932624812042704,0.696228289108656,0.2235479209176378,-0.20122194454328926,-0.02613359816672435,-0.043295332607141614,-0.4702168787791705,0
sample_08961.html,-0.4477397239650031,-0.4805110314497277,-0.5789898120788778,-0.4688591484204489,-0.6502400691274753,-0.30002127500860026,-0.10977361938621372,-1.9925510562714843,-0.14469037377730304,-0.2694943572651209,-0.02613359816672435,-0.1034955163766537,-0.6095858697734594,1
sample_04290.html,-0.155472001380538,0.2186079841537245,-0.18089242613047862,-0.368651792051153,-0.7397151513966914,-0.32439188771775945,-0.10977361938621372,0.3979669142616719,-0.09083398596357793,0.48695198834018993,-0.01970552937389066,-0.0948127975637433,-1.38326931782818,0
sample_07927.html,-0.4520377787088923,-0.4805110314497277,-0.5789898120788778,-0.4903321533567266,-1.253632431856028,-0.3365771940723391,-0.44887348689285445,-1.9925510562714843,-0.44046227798848014,-0.2694943572651209,-0.027419211925291086,-0.10364022835686888,-0.13119682121621454,0
sample_05388.html,-0.40099837862520815,-0.3581652037191235,-0.5789898120788778,0.06080830667440085,1.4403869667547198,-0.2573727027675716,0.22932624812042704,-1.9925510562714843,-0.07604771244706653,-0.2694943572651209,-0.017134301856757187,-0.1003118528119199,0.36771519582439816,1
sample_03783.html,-0.3461981806406209,-0.4193381175844256,-0.1012729489407988,-0.39523741721035394,-1.0058525110023804,-0.31220658136317986,0.22932624812042704,0.9052395394556447,1.7097721176365466,-0.06398895626614315,0.0034355182803106135,-0.04242706072585057,-0.5143773036237698,1
sample_07175.html,-0.39455129650937437,-0.4018601421943393,-0.5789898120788778,-0.43613837899374003,-0.4212190682801485,-0.30002127500860026,-0.10977361938621372,-0.15640553106593194,-0.5083226911697946,-0.2682734232057157,-0.011991846822490236,-0.10089070073278059,0.3970059240799722,0
sample_00020.html,-0.14580137820678732,-0.17464646212321733,0.21720495981792048,-0.17334969953548446,0.9819462029822309,-0.04412984156242839,-0.10977361938621372,0.6051908306904783,0.9325517650703091,0.024362272032634205,-0.02613359816672435,-0.056608834786937554,-0.24386558836043248,0
sample_01067.html,-0.4391436144772247,-0.46303305605964135,-0.4993703348891979,-0.4453410953950019,-0.13902459024072258,-0.31220658136317986,-0.10977361938621372,0.3498149853427134,-0.288761666168623,-0.25054768054325993,-0.02613359816672435,-0.10320609241622336,0.4753483631565463,1
sample_09599.html,0.49675780600464703,1.109984729048126,-0.26051190332015844,0.5608225644762956,0.09916651521983794,-0.07459310744887743,1.9248255856536307,0.6704641214130944,0.9665019105218923,-0.08736429380348298,-0.02613359816672435,0.2471416116847112,-0.48354276021693593,0
sample_01243.html,-0.4520377787088923,-0.4805110314497277,-0.5789898120788778,-0.48828710526755725,-0.4857802989613899,-0.3365771940723391,-0.44887348689285445,-1.9925510562714843,-2.374105694263592,-0.2694943572651209,-0.027419211925291086,-0.10364022835686888,-0.06926926283400898,0
sample_00967.html,0.7207939095298712,1.0225948520976944,0.13758548262824066,0.6119487667055282,1.1503980209154911,0.09600118151523715,0.5684261156270678,0.6707279837212116,-0.05344202951431499,-0.1666473118610416,-0.02613359816672435,0.0862218896854385,0.4969469644947705,0
sample_02693.html,-0.42195139550166794,-0.4193381175844256,-0.34013138050983827,-0.41057527787912373,0.4564590205484441,-0.3304845408950493,-0.10977361938621372,0.5848007821243616,0.25198773824852444,-0.1925644121220523,0.0021499045217438758,-0.1034955163766537,-0.03879944790787383,1
sample_04640.html,-0.29623329424290906,-0.46303305605964135,-0.4993703348891979,-0.21118308918511658,0.4453565201748028,-0.025851882030558975,0.22932624812042704,0.5428128351417872,-0.49629378984655825,-0.2662755311085071,-0.02613359816672435,-0.09177384597922467,0.101856229547904,0
sample_07796.html,0.1475408580636501,0.8565540858918747,0.13758548262824066,0.5301468431387562,0.3594740271466165,0.37017057449327845,-0.10977361938621372,0.634563786365196,-1.1490474498380683,-0.22509675510493124,-0.02613359816672435,-0.0612396181538231,1.5132214096905983,0
sample_01725.html,-0.3821943891206929,-0.2882533021587783,-0.5789898120788778,-0.37376441227407625,1.0610806751043098,-0.31829923454046966,-0.44887348689285445,-1.9925510562714843,-0.7673013275012062,-0.2694943572651209,-0.02613359816672435,-0.10204839657450197,0.2515154919325951,1
sample_07888.html,-0.41550431338583416,-0.4368160929745119,-0.4197508576995181,-0.40341760956703115,0.1385849263331705,-0.30002127500860026,0.22932624812042704,0.2958654642462209,1.6455511967827334,-0.24800591781958908,-0.013277460581056975,-0.10002242885148954,-0.48184229760560143,1
sample_04365.html,-0.4520377787088923,-0.4805110314497277,-0.5789898120788778,-0.4903321533567266,-1.114558160185379,-0.3365771940723391,-0.44887348689285445,-1.9925510562714843,-1.60279190543054,-0.2694943572651209,-0.027419211925291086,-0.10364022835686888,0.2457020263352195,0
sample_06847.html,-0.44182989869215544,-0.46303305605964135,-0.4993703348891979,-0.45863390797460235,0.07908315643495713,-0.3304845408950493,-0.44887348689285445,-0.045924347023679084,-0.351169855382405,-0.2690836794451391,0.0034355182803106135,-0.1034955163766537,0.12325987878704393,0
sample_05879.html,-0.4450534397500724,-0.4805110314497277,-0.5789898120788778,-0.47397176864337215,-0.5826284190741118,-0.30611392818589006,-0.10977361938621372,-1.9925510562714843,-0.29753131694173995,-0.2694943572651209,-0.014563074339623712,-0.1034955163766537,-0.5648942516316624,1
sample_05647.html,-0.3666139406740946,-0.2969922898538215,-0.4993703348891979,-0.2592417192805952,0.7807143314852952,-0.31220658136317986,6.33312386323996,-0.41650874953288364,0.008608977782553774,-0.2629457109464929,-0.011991846822490236,-0.09336567776159158,0.09704478618869046,1
sample_00386.html,-0.3746727933188868,-0.46303305605964135,0.05796600543856084,0.34200241893518013,1.2611335262297465,-0.18426086464009395,0.22932624812042704,0.6144115009217845,-1.1313753358559322,-0.23843823455406823,-0.02613359816672435,-0.09133971003857914,1.6759957476219227,1
sample_08348.html,-0.4520377787088923,-0.4805110314497277,-0.5789898120788778,-0.4893096293121419,-1.3447582843574326,-0.3365771940723391,-0.44887348689285445,-1.9925510562714843,-0.4059345879667634,-0.2694943572651209,-0.027419211925291086,-0.10364022835686888,-0.006743549743457445,0
sample_01914.html,-0.4520377787088923,-0.4805110314497277,-0.5789898120788778,-0.49237720144589586,-2.256016803315404,-0.3365771940723391,-0.44887348689285445,-1.9925510562714843,-1.4078000403100033,-0.2694943572651209,-0.027419211925291086,-0.10364022835686888,-1.3155472897162082,1
sample_08404.html,-0.45150052186590617,-0.4805110314497277,-0.4993703348891979,-0.4913546774013112,-2.256016803315404,-0.3304845408950493,-0.44887348689285445,0.9391573118422154,2.316026123924067,-0.21549577363779024,-0.01970552937389066,-0.10364022835686888,-1.505252891833849,1
sample_02252.html,0.011614876788154375,0.15743507028842244,0.05796600543856084,-0.3308184024015209,-1.1290695751845332,-0.31220658136317986,-0.10977361938621372,0.6878106798492085,0.4807495085220844,-0.19372984917875727,-0.02613359816672435,-0.048215539934457506,-0.9463249108549454,1
sample_06885.html,-0.035126468551640595,-0.1659074744281742,-0.18089242613047862,0.1446552783303423,0.17637611927932625,0.48593098486178476,-0.44887348689285445,0.6113894503447498,-0.06688912126913307,-0.25738491127592916,-0.02613359816672435,-0.07021176092716384,-0.3152683689473071,0
sample_09992.html,-0.3370648143098564,-0.270775326768692,-0.021653471751118984,-0.3717193641849069,-0.4768447036342072,-0.2695580091221512,-0.10977361938621372,0.717778885725426,0.6859413769602188,-0.24879397525793245,-0.006849391788223287,-0.0888796063749212,-0.14536367070368544,1
sample_07016.html,-0.31933533849131346,-0.3756431791092098,0.05796600543856084,0.5761604251450655,1.075870699707698,0.9246020136266508,-0.10977361938621372,0.37553410312722746,-0.4376322601532542,-0.2346200407682919,-0.02613359816672435,-0.08699835063212395,0.16590729646608116,1
sample_04996.html,0.579495359824514,0.6293404058207527,0.13758548262824066,2.440221758422886,1.1931255123031614,0.2300395514156129,0.5684261156270678,0.36387934277134887,-0.13746853019475055,0.07658495157355726,0.011149200831711038,0.10720512681663862,0.8515481445272265,0
sample_08347.html,-0.3805826185917345,-0.4805110314497277,-0.4993703348891979,-0.45147623966250977,-1.5884182895342476,-0.23300209005841238,-0.44887348689285445,0.49780445488296704,0.004092734367066134,-0.26513229285288226,0.013720428348844514,-0.09307625380116123,-0.017339971417461353,0
sample_04565.html,0.12927412540212102,0.6293404058207527,0.21720495981792048,0.022974917024768726,0.40234138957916094,-0.07459310744887743,0.22932624812042704,0.4029379676589869,-0.6545245215372203,-0.20152162835787055,-0.02613359816672435,-0.09206326993965501,0.653383631716174,0
sample_02769.html,-0.3950885533523605,-0.4105991298893824,-0.5789898120788778,-0.4647690522421103,-0.8796367463051897,-0.3365771940723391,-0.44887348689285445,-1.9925510562714843,-0.47713163291618244,-0.2694943572651209,0.017577269624544724,-0.1019036845942868,-0.7132857451965262,1
sample_09665.html,-0.34190012589673174,-0.34942621602408036,-0.26051190332015844,-0.36558421991739903,0.09352211658561538,-0.3365771940723391,-0.10977361938621372,0.7919995956755372,1.4080066531175262,0.2414776459965015,0.01500604210741125,-0.08555123082997222,-1.1529334714293649,1
sample_07694.html,0.16473307703920687,0.7866421843315294,-0.4197508576995181,0.21009681718376003,0.8287400806412045,-0.06240780109429781,-0.44887348689285445,0.5165583907961415,-0.503635637406503,-0.19973462487092292,-0.02613359816672435,-0.09336567776159158,0.14692656557736308,0
sample_06443.html,-0.14096606661991198,-0.270775326768692,-0.18089242613047862,-0.04655671800698761,0.45478159148617536,0.24222485777019248,0.22932624812042704,0.6181664145276994,-0.06103588491176475,-0.16265152766662452,-0.02613359816672435,-0.08410411102782048,0.36657767320733026,0
sample_09266.html,-0.39455129650937437,-0.34942621602408036,-0.4993703348891979,-0.38807974889826136,-0.005003941299444713,-0.3304845408950493,-0.10977361938621372,0.5299524020525715,0.4208862626763999,-0.19326367435607528,-0.0209911431324574,-0.08424882300803566,-1.1001688181560236,1
sample_09093.html,-0.40959448811298654,-0.4805110314497277,-0.4197508576995181,-0.34002111880278274,-2.0803572480309236,-0.11724167968990606,-0.10977361938621372,0.2230739354737191,1.0217614502875658,-0.2649436030437014,-0.02613359816672435,-0.10074598875256541,-0.8145791818687997,1
sample_04474.html,-0.3338412732519395,-0.2532973513786057,-0.4197508576995181,-0.4003500374332772,-1.2876600726413077,-0.32439188771775945,-0.10977361938621372,0.7061056227882017,1.4974721830446625,-0.16974404461171483,-0.004278164271089811,-0.07715793597749217,-1.1737812731601542,1
sample_06529.html,1.8270057492383522,3.2160807635535256,0.05796600543856084,1.4994996374050062,0.8861873280258529,0.04116730291962889,0.22932624812042704,0.18393812537932172,0.2078893846812925,-0.23922629199241158,-0.02613359816672435,-0.08092044746308667,0.1644309772699449,0
sample_06037.html,-0.4482769808079893,-0.4717720437546845,-0.5789898120788778,-0.47397176864337215,-0.35469179430103326,-0.3365771940723391,-0.10977361938621372,-1.9925510562714843,0.05690749373422617,-0.2694943572651209,0.01500604210741125,-0.10364022835686888,-0.4346672663805697,1
sample_09628.html,-0.44129264184916933,-0.4542940683645982,-0.4993703348891979,-0.48419700908921864,-2.256016803315404,-0.32439188771775945,-0.44887348689285445,0.7237318504506207,1.889285666218641,-0.26387806059185687,-0.011991846822490236,-0.10306138043600818,-1.2435991308603038,0
sample_07987.html,-0.27742930473839383,-0.27951431446373515,0.05796600543856084,-0.34820131115945996,0.5430081902350925,-0.29392862183131047,-0.10977361938621372,0.5466006288465988,0.05812645521162883,-0.22917023510312864,-0.02613359816672435,-0.0764343760764163,-0.16200527626952294,0
sample_05806.html,0.08038375269038146,0.2885198857140697,0.6949218229559994,-0.16005688695588396,0.7978020359594843,-0.29392862183131047,0.22932624812042704,0.7495534981135187,0.4781211118923392,-0.181021035560403,-0.02613359816672435,-0.05139920349919132,-0.7256166447314142,0
sample_00845.html,-0.3574805743433301,-0.3581652037191235,-0.1012729489407988,-0.4422735232612479,-0.42732047629518494,-0.3365771940723391,-0.44887348689285445,0.3981028486114687,-0.5024134107249623,0.620655367245601,0.038147089761612525,-0.09220798191987019,0.19629773813071535,0
sample_02279.html,-0.3316922458799949,-0.4805110314497277,-0.5789898120788778,-0.251061526923918,0.9686921315370889,-0.025851882030558975,0.5684261156270678,-1.9925510562714843,-0.8053550620321339,-0.2694943572651209,-0.01584868809819045,-0.10320609241622336,0.18927195287270512,1
sample_08039.html,0.6149543114615998,-0.06977860978269951,-0.26051190332015844,1.6815089173410744,0.8386876274745003,1.3084391637959087,-0.10977361938621372,0.5526448479844849,1.0224881204388914,0.9829398008727483,-0.02613359816672435,0.29185761357119977,-0.7097324358279263,0
sample_06305.html,-0.04694611909733588,0.2623029226289403,0.2968244370076003,0.4902684053999547,-0.7093765306910069,-0.1294269860444857,-0.44887348689285445,0.45403783826698374,-0.19493968182228774,-0.24565284490509903,-0.009420619305356762,-0.049228523795963715,0.22064307412946335,0
sample_07857.html,0.06211702002885239,0.4370826765298033,-0.1012729489407988,-0.16107941100046863,-0.5171811910775804,-0.31220658136317986,-0.10977361938621372,0.7079760275091088,-0.006263457982005427,-0.22961421112473054,-0.02613359816672435,-0.061673754094468625,-0.7361028590829036,0
sample_00642.html,-0.29677055108589523,-0.2532973513786057,0.45606339138695995,-0.29196248870730407,0.07971858376056733,-0.2817433154767308,-0.10977361938621372,0.42746341307230634,-0.1489941497413803,-0.014263641846730768,-0.02613359816672435,-0.09727290122740126,0.9978479153661618,0
sample_06266.html,-0.35640606065735775,-0.4018601421943393,-0.26051190332015844,-0.05064681418532622,-0.4653568977752883,0.10818648786981676,0.9075259831337085,0.555819397256473,-0.46287527010057566,-0.21135569723635256,-0.02613359816672435,-0.10175897261407163,0.43041089389909115,1
sample_03587.html,-0.4214141386586818,-0.4805110314497277,-0.5789898120788778,-0.4565888598854331,-0.28562008578696146,-0.2817433154767308,-0.10977361938621372,-1.9925510562714843,-0.6715389234923739,-0.26943886026242064,-0.0017069367539563366,-0.10320609241622336,-0.6203478305902491,1
sample_05055.html,1.3961257611634605,-0.270775326768692,0.05796600543856084,1.165134274825825,1.2792344479291509,4.159800850767538,1.58572571814699,0.6872489924019365,-0.7732784175837507,-0.1619855636342217,-0.02613359816672435,-0.008853881315930368,0.555804519487983,0
sample_05731.html,0.18729786444462512,-0.3319482406339941,-0.34013138050983827,0.29905640906262476,1.0761430109967844,0.8088416032581446,0.22932624812042704,0.4377800131232856,-0.6525161660579877,-0.25480985035063813,-0.02613359816672435,-0.0872877745925543,0.11863755969381838,1
sample_03586.html,-0.43484555973333555,-0.4542940683645982,-0.5789898120788778,-0.4637465281975256,0.0842958661264769,-0.31829923454046966,-0.44887348689285445,-1.9925510562714843,1.5313355379281612,-0.2694832578645808,-0.02613359816672435,-0.09524693350438883,1.7020420025500334,0
sample_06735.html,-0.2618488562917955,-0.4717720437546845,-0.5789898120788778,0.44629987148281464,0.6599873425335109,0.4615603721526255,-0.44887348689285445,-1.9925510562714843,-0.13664477687206664,-0.2694166614613405,-0.01970552937389066,-0.10219310855471715,0.8432039652236325,1
sample_01795.html,-0.440218128163197,-0.4805110314497277,-0.5789898120788778,-0.3318409264461055,0.5328174497081267,-0.2817433154767308,-0.10977361938621372,-1.9925510562714843,0.036170187391238555,-0.2694943572651209,-0.01584868809819045,-0.10161426063385645,-0.17291005159131967,1
sample_08000.html,-0.44075538500618316,-0.46303305605964135,-0.1012729489407988,-0.45045371561792513,-0.2721310629624937,-0.3304845408950493,-0.10977361938621372,0.4631336442349495,0.07582918692028183,-0.24980402070707677,-0.004278164271089811,-0.10233782053493232,-0.5265405388776287,1
sample_04012.html,-0.4520377787088923,-0.4805110314497277,-0.4993703348891979,-0.49237720144589586,-2.256016803315404,-0.3365771940723391,-0.44887348689285445,0.7697390010992521,1.3592723457167761,2.1264777403122124,-0.027419211925291086,-0.10364022835686888,-1.5522331665246654,1
sample_00392.html,-0.10873065604074303,0.061306205642947774,1.3318776404734378,-0.09154777596871229,0.525648864864055,-0.1294269860444857,0.22932624812042704,0.5953086839509751,0.7976106091993902,-0.01404165383592982,-0.02613359816672435,-0.0020524182458172223,-0.000768612752571406,0
sample_07599.html,-0.3488844648555517,-0.3406872283290372,-0.5789898120788778,-0.30321025319773526,0.23487075830494342,-0.2573727027675716,-0.10977361938621372,-1.9925510562714843,-0.1499761521612404,-0.26943886026242064,-0.02613359816672435,-0.09625991736589504,-0.07872479817519788,1
sample_05805.html,-0.411206258641945,-0.4542940683645982,-0.4197508576995181,-0.40341760956703115,-0.3985580755721918,-0.2208167837038328,-0.44887348689285445,0.0957678271219152,0.2846419581680271,-0.2582173663164327,-0.02613359816672435,-0.10089070073278059,1.4852525434976187,1
sample_04425.html,-0.3821943891206929,-0.4193381175844256,-0.4993703348891979,-0.4167104221466316,0.3321356997029741,-0.30002127500860026,0.22932624812042704,0.053876643862164904,0.9305636085352985,-0.20734881364139543,-0.02613359816672435,-0.05588527488586169,0.7047942459871405,1
sample_07183.html,-0.267221424721657,-0.44555508066955507,-0.34013138050983827,-0.271512007815611,-0.20639903605588047,-0.03194453520784878,0.5684261156270678,0.26522379655109607,-0.15618756184214377,-0.23701751128494217,-0.02613359816672435,-0.10074598875256541,-0.24174790765755746,0
sample_08759.html,0.3216120751911624,0.1486960825933793,0.2968244370076003,0.3818808566739816,0.9082719885612939,0.39454118720243764,0.5684261156270678,0.6193780568537115,-0.11152446701312571,-0.06951645773508676,-0.02613359816672435,-0.06456799369877209,0.05390348898946205,0
sample_05736.html,-0.41872785444375105,-0.44555508066955507,-0.4993703348891979,-0.41466537405746234,-0.8807664702485071,-0.30002127500860026,-0.10977361938621372,0.40973863008096567,0.42220264208583586,-0.25702973045864763,-0.014563074339623712,-0.10045656479213506,-0.37157295495220827,1
sample_05978.html,-0.425712193402571,-0.4717720437546845,-0.4197508576995181,-0.42898071068164745,-1.6926612432945323,-0.19644617099467354,-0.10977361938621372,0.40139478109889704,0.36317298380148666,-0.2675630615711526,-0.02613359816672435,-0.09958829291084402,-0.6058447920552966,1
sample_09836.html,-0.44720246712201694,-0.4717720437546845,-0.4993703348891979,-0.4688591484204489,-0.3017120569165435,-0.3304845408950493,-0.44887348689285445,0.2641027143297212,0.9093237929403452,-0.2634562833713351,-0.0107062330639235,-0.10320609241622336,-0.3641384651932889,1
sample_01202.html,0.31516499307532864,0.1486960825933793,-0.4197508576995181,0.5250342229158329,0.6091276907008519,-0.32439188771775945,1.9248255856536307,0.14510655087809182,-0.08676044809268306,-0.26508789525072207,-0.0107062330639235,-0.0011841463645261825,-0.28976644927559153,0
sample_01079.html,0.42046733430061384,1.1711576429134283,-0.4197508576995181,0.22338962976336052,-1.6093031028656948,-0.17816821146280412,2.6030253206669123,-0.1305381765697507,-0.11139681504181011,-0.2687062998267775,-0.02613359816672435,-0.09872002102955299,-0.8837634093933656,1
sample_08080.html,-0.3929395259804159,-0.46303305605964135,-0.34013138050983827,-0.33286345049069016,-0.16070421460746862,-0.19035351781738374,-0.10977361938621372,0.22726369906920724,-0.4152664692965885,-0.16312880188984658,-0.002992550512523074,-0.09568106944503435,1.6951924733896306,0
sample_05407.html,-0.44612795343604467,-0.4805110314497277,-0.4993703348891979,-0.4044401336116158,1.0374716769572125,-0.29392862183131047,-0.10977361938621372,0.39130242604136317,-0.19950722859904044,-0.25523162757115997,-0.02613359816672435,-0.10320609241622336,-0.7957113310224726,1
sample_03460.html,-0.04533434856837743,-0.008605695917397443,-0.4993703348891979,-0.2827597723060422,0.19866337360001796,-0.17816821146280412,-0.44887348689285445,0.42757634980302006,0.8093720856684115,-0.1804660655334006,-0.02613359816672435,0.03282316898603954,-0.7642911099459355,0
sample_08221.html,-0.12001304974345216,-0.2358193759885194,0.3764439141972801,-0.10995320877123603,0.07812063459061423,0.18129832599729442,-0.44887348689285445,0.6800932506449671,-0.20634648450439136,-0.18389578030027526,-0.02613359816672435,-0.05921365043081068,0.6414925445340257,0
sample_03721.html,-0.4429044123781278,-0.4717720437546845,-0.4993703348891979,-0.48828710526755725,-0.8140948376749755,-0.32439188771775945,-0.44887348689285445,0.3785296762908963,-0.2528120183701686,-0.26694149514091,-0.0107062330639235,-0.10320609241622336,-0.9967264755901237,1
sample_06898.html,0.7347625874475111,0.9963778890125651,0.7745413001456792,0.48106568899869284,0.33966098720304905,-0.08677841380345704,0.9075259831337085,0.6001571997452261,0.4290117257538784,-0.1676240591085658,-0.02613359816672435,0.005617316705586963,-0.5051213748255478,0
sample_00238.html,-0.04963240331226662,-0.4105991298893824,-0.34013138050983827,-0.1702821274017305,1.0506729576204803,0.4554677189753357,-0.10977361938621372,0.47647401461060485,-0.4798790549921098,-0.26557626887448416,-0.02613359816672435,-0.09524693350438883,0.15128179521015617,0
sample_03757.html,-0.33115498903700874,-0.4018601421943393,-0.18089242613047862,-0.35433645542696784,-0.23570330990024033,-0.17816821146280412,-0.10977361938621372,0.3551934154939846,-0.23412794088759795,-0.14314988091776124,-0.02613359816672435,-0.060081922312101715,0.28786689421881007,0
sample_09640.html,-0.3864924438645821,-0.39312115449929613,-0.4993703348891979,-0.4340933309045707,0.27578598218151873,-0.30002127500860026,-0.10977361938621372,0.32173375581551045,-0.41520345446180223,-0.195072876644103,-0.02613359816672435,-0.09958829291084402,1.0751967023809674,1
sample_03473.html,0.4097221974408909,0.7167302827711842,-0.021653471751118984,0.35427270747019596,0.3140927346150796,0.035074649742339085,-0.44887348689285445,0.5352301366582063,1.138389379128771,-0.2205681996845919,-0.02613359816672435,0.18375776435046529,0.04399692890971052,1
sample_06325.html,-0.45096326502292,-0.4805110314497277,-0.4993703348891979,-0.4903321533567266,-1.224241531954088,-0.3304845408950493,-0.44887348689285445,0.691168875058092,0.8440567578468972,-0.2626904247340718,-0.018419915615323922,-0.10364022835686888,-0.9140770592527695,1
sample_06289.html,-0.43054750498944633,-0.4717720437546845,-0.4993703348891979,-0.44840866752875586,-0.4802532427832406,-0.30002127500860026,-0.10977361938621372,0.15641832936714456,1.0097295232428287,-0.25876123694289505,-0.011991846822490236,-0.10364022835686888,0.526540205527383,1
sample_09554.html,-0.436457330262294,-0.4805110314497277,-0.4993703348891979,-0.44329604730583255,0.08141459285252393,-0.2878359686540206,-0.10977361938621372,0.567032094101967,1.121248689995829,-0.25769569449105045,-0.02613359816672435,-0.10320609241622336,-0.050332612266764935,1
sample_09848.html,-0.24465663731623874,-0.2969922898538215,-0.4197508576995181,-0.2531065750130873,1.5039813454999538,-0.03194453520784878,-0.10977361938621372,0.7898739623428888,0.24191788730699085,-0.23294403128674476,-0.02613359816672435,-0.07744735993792251,-0.2223650693228444,0
sample_01740.html,-0.43806910079125244,-0.4542940683645982,-0.4993703348891979,-0.4576113839300177,0.06453424829245305,-0.3304845408950493,-0.44887348689285445,-0.07265869709630711,-0.20912692685846224,-0.269061480644059,0.0034355182803106135,-0.1034955163766537,0.020455142882397515,0
sample_05612.html,-0.4396808713202109,-0.46303305605964135,-0.5789898120788778,-0.4719267205542028,-1.43018877032049,-0.3365771940723391,-0.10977361938621372,-1.9925510562714843,0.07707727515164878,-0.2694943572651209,0.012434814590277775,-0.10219310855471715,-0.20348144291041717,1
sample_06975.html,-0.3064411742596459,-0.38438216680425297,0.13758548262824066,-0.3533139313823832,-0.057909146602653595,-0.2817433154767308,-0.10977361938621372,0.5767182580700675,0.7113931642662605,0.7180859051861371,-0.02613359816672435,-0.07571081617534044,-1.213450798503501,1
sample_07136.html,-0.2430448667872803,-0.2183414005984331,0.45606339138695995,-0.03428642947197178,0.12196902622432232,-0.23909474323570218,-0.10977361938621372,0.5729045433693933,0.6863078935498526,-0.06788484585569979,-0.02613359816672435,0.02833709759936917,-0.5726475642776956,0
sample_00593.html,-0.4455906965930585,-0.46303305605964135,-0.4197508576995181,-0.4647690522421103,-0.409358287099069,-0.3365771940723391,-0.44887348689285445,0.5664528139567709,-1.0169849242028144,-0.25843935432723364,0.02529095217594515,-0.10320609241622336,2.0120766086179356,0
sample_06028.html,-0.440218128163197,-0.4717720437546845,-0.4993703348891979,-0.4637465281975256,-0.5445181195685315,-0.30611392818589006,-0.10977361938621372,0.3898481570375564,0.026842791854481112,-0.26707468794739053,-0.02613359816672435,-0.10219310855471715,-0.21479099839808535,0
sample_07492.html,-0.4235631660306264,-0.4717720437546845,-0.34013138050983827,-0.46272400415294096,-0.7389887618657641,-0.2634653559448614,-0.10977361938621372,0.4218221873225641,-0.15075595913230314,-0.2642776390112986,-0.02613359816672435,-0.10060127677235024,-0.4011788555506746,1
sample_07393.html,-0.3096647153175628,-0.3406872283290372,-0.4993703348891979,-0.37376441227407625,0.06381297614258408,-0.2695580091221512,-0.10977361938621372,0.3316516123233787,-2.6902040839400905,-0.26031515301850167,-0.02613359816672435,-0.0910502860781488,3.566025188243186,1
sample_04009.html,-0.44344166922111394,-0.4805110314497277,-0.5789898120788778,-0.4453410953950019,0.7087154325574094,-0.31220658136317986,-0.10977361938621372,-1.9925510562714843,-0.9867235504254414,-0.2694832578645808,-0.002992550512523074,-0.10074598875256541,0.3756994575430712,1
sample_08599.html,0.21845876133782177,0.7167302827711842,1.0133997317147188,0.12215974934947997,-0.017286394679711596,-0.17207555828551432,-0.10977361938621372,0.6351249533241925,0.20370275435344065,0.11626530850422673,-0.02613359816672435,-0.07614495211598594,-0.9115744416993984,0
sample_09404.html,0.19052140550254204,0.27978089801902656,0.05796600543856084,-0.2193632815417938,-0.011938246988211425,-0.30002127500860026,0.22932624812042704,0.725377442593387,0.0630863415016064,-0.22693925559457911,-0.02613359816672435,-0.012326968841094526,-0.46313563132431,0
sample_00459.html,0.9158181435338433,0.4021267257496307,2.287311366749596,1.5966394216405482,1.8338837984717609,1.4729407995827335,-0.10977361938621372,0.40587914785574447,-1.2263987891467638,0.15579027382733554,-0.02613359816672435,0.0552535259193914,1.8319051980317986,0
sample_05207.html,0.3936044921513064,0.8652930735869178,0.854160777335359,0.22032205762960655,0.5113976005608923,-0.20863147734925316,1.2466258506403491,0.5238678280797797,0.3473242365485729,0.11689797433500942,-0.02613359816672435,-0.024627487159384256,0.2920548507003123,0
sample_08924.html,1.5599890982742362,2.875260243446843,1.0133997317147188,0.5485522759412799,1.0390018344543084,-0.1537975987536449,1.2466258506403491,0.37614758207109283,-0.6546837749164276,-0.20943550094292435,-0.0209911431324574,-0.052267475380482355,0.6118047544060773,0
sample_00912.html,-0.436457330262294,-0.4805110314497277,-0.5789898120788778,-0.41466537405746234,0.42914483866489467,-0.23300209005841238,-0.10977361938621372,-1.9925510562714843,-1.089610874500559,-0.26943886026242064,-0.02613359816672435,-0.10320609241622336,0.25224883411605653,1
sample_08637.html,-0.28817444159811684,-0.34942621602408036,1.2522581632837582,-0.34411121498112135,-0.06379506139852963,-0.17207555828551432,-0.10977361938621372,0.6223135179913302,0.9824765561151905,-0.13492522511758612,-0.02613359816672435,0.011984643835054588,-0.4938974115622151,1
sample_04237.html,-0.24895469206012794,-0.46303305605964135,-0.5789898120788778,-0.47806186482171076,-0.4722282445368599,-0.32439188771775945,-0.44887348689285445,-1.9925510562714843,2.275925863471504,-0.2694943572651209,0.03557586224447905,0.3950372554646183,-1.5051251358237554,1
sample_03644.html,0.10670933799670276,-0.15716848673313102,-0.26051190332015844,-0.060872054631172734,-0.10656790671134149,0.035074649742339085,-0.10977361938621372,0.6398799958331594,-0.07607839970080223,-0.20651635860089188,-0.017134301856757187,-0.09133971003857914,-0.06475033236819851,0
sample_08356.html,0.8239472233832118,1.6605409538358447,-0.1012729489407988,0.4708404485528463,0.3957327612882186,-0.2817433154767308,0.9075259831337085,0.28539762108114775,0.26201806167937497,1.3384203019688468,-0.02613359816672435,-0.07455312033361905,-0.9844262667020119,1
sample_02394.html,-0.42302590918764027,-0.4805110314497277,-0.18089242613047862,-0.0956378721470509,0.6194912594179195,-0.10505637333532646,0.9075259831337085,0.42112699414709426,-0.21128117876589678,-0.13254995340201597,-0.02613359816672435,-0.10320609241622336,0.24984033541530984,1
sample_07969.html,-0.42195139550166794,-0.44555508066955507,-0.5789898120788778,-0.4688591484204489,0.32103522205746726,-0.31220658136317986,-0.10977361938621372,-1.9925510562714843,0.5085048947738157,-0.26943886026242064,-0.02613359816672435,-0.10175897261407163,-0.5993294962936854,1
sample_06686.html,-0.42302590918764027,-0.44555508066955507,-0.5789898120788778,-0.4555663358408484,-0.8031348609058567,-0.32439188771775945,-0.10977361938621372,-1.9925510562714843,0.42303691719409947,-0.26943886026242064,-0.0107062330639235,-0.10175897261407163,-0.6357750956584722,1
sample_05520.html,0.4946087786327024,0.59438445504058,0.2968244370076003,0.3368897987122569,1.5294226749255373,-0.025851882030558975,-0.10977361938621372,0.6429471929417333,1.6168225736907154,-0.07910633980168771,-0.02613359816672435,0.7843124822434345,-0.40660257340177647,0
sample_02205.html,0.5230833913109684,0.15743507028842244,5.870187840285188,1.0485665337431749,0.29049254199704605,1.0647330367043164,0.22932624812042704,0.6901317842045269,0.8112274658186682,1.0800706549987031,-0.02613359816672435,0.04671551908669618,-0.4003955660996684,0
sample_05661.html,-0.41872785444375105,-0.44555508066955507,-0.4993703348891979,-0.41466537405746234,-0.8807664702485071,-0.30002127500860026,-0.10977361938621372,0.40973863008096567,0.42220264208583586,-0.25702973045864763,-0.014563074339623712,-0.10045656479213506,-0.37157295495220827,1
sample_00071.html,-0.14257783714887043,0.1836520333735519,0.45606339138695995,-0.16516950717880724,0.004557573319902894,-0.25128004959028183,-0.10977361938621372,0.48500361915788687,-0.27822472880489607,-0.22935892491230944,-0.02613359816672435,-0.09466808558352813,0.3374379471059455,0
sample_03905.html,0.23081566872650322,0.27104191032398345,-0.4197508576995181,0.29496631288428615,0.9925662160790678,0.5895060888757114,0.22932624812042704,-0.5191631178363302,0.5699137255141861,-0.23264434747216348,-0.02613359816672435,-0.08265699122566875,0.7824311652422835,1
sample_03843.html,-0.436457330262294,-0.4717720437546845,-0.5789898120788778,-0.3512688832932139,-1.5731567209766255,-0.1598902519309347,-0.10977361938621372,-1.9925510562714843,-0.025256625147642285,-0.2694943572651209,-0.02613359816672435,-0.10306138043600818,-0.8646075566832803,1
sample_01984.html,-0.4375318439482663,-0.4542940683645982,-0.5789898120788778,-0.4310257587708167,-0.15116241855939347,-0.31829923454046966,-0.10977361938621372,-1.9925510562714843,-0.02056654823792992,-0.2694943572651209,-0.02613359816672435,-0.10320609241622336,-0.6823539017485323,1
sample_00582.html,-0.4450534397500724,-0.4717720437546845,-0.5789898120788778,-0.36967431609573764,0.009447766883317051,-0.29392862183131047,-0.10977361938621372,-1.9925510562714843,-0.39907873565708796,-0.2694610590635007,-0.018419915615323922,-0.10364022835686888,-0.034784983540496646,1
sample_06375.html,-0.41335528601388954,-0.39312115449929613,-0.4197508576995181,-0.3338859745352748,-1.2406583084070897,-0.2695580091221512,-0.44887348689285445,0.44514885404454674,0.9968256553635209,-0.2517131175999649,-0.02613359816672435,-0.10233782053493232,-0.6474954677476351,1
sample_06377.html,-0.42302590918764027,-0.44555508066955507,-0.5789898120788778,-0.4606789560637717,-1.0331560584230444,-0.31829923454046966,-0.10977361938621372,-1.9925510562714843,-0.03985032372219392,-0.26943886026242064,-0.018419915615323922,-0.10161426063385645,-0.10105722409022729,1
sample_07959.html,-0.4214141386586818,-0.44555508066955507,-0.4993703348891979,-0.47397176864337215,-0.9157385191660058,-0.32439188771775945,-0.10977361938621372,-0.31505840655911926,0.15850465273598546,-0.2686508028240773,0.007292359556010826,-0.10118012469321093,-0.23850068338427005,0
sample_05242.html,0.273258959322409,-0.270775326768692,-0.34013138050983827,0.22032205762960655,0.8963583378694017,1.3145318169731985,-0.10977361938621372,0.2857884456282008,0.05932084525535127,-0.22414220665848716,-0.02613359816672435,-0.06442328171855691,0.33456582928907225,0
sample_01663.html,-0.44397892606410005,-0.46303305605964135,-0.4197508576995181,-0.4494311915733405,0.0980677135814707,-0.3365771940723391,-0.10977361938621372,0.7977079114900385,1.511312667521299,-0.2418457505198628,0.0304334072102121,-0.10306138043600818,-0.007643982550998882,0
sample_03816.html,-0.40959448811298654,-0.4193381175844256,-0.5789898120788778,-0.3911473210320153,0.32103522205746726,-0.32439188771775945,-0.10977361938621372,-1.9925510562714843,0.3762545040218152,-0.2694943572651209,-0.02613359816672435,-0.09872002102955299,-1.3224640410409176,1
sample_04960.html,1.1855210787128903,0.419604701139717,-0.021653471751118984,1.2029676644754572,0.2261044968141696,2.277171018984988,-0.10977361938621372,0.6473313579370639,-0.8514359146789368,-0.22479707129034995,-0.0209911431324574,0.16219567929840448,1.3627919867764409,0
sample_01535.html,-0.35962960171527464,-0.4105991298893824,-0.5789898120788778,-0.415687898102047,0.33766988387817126,-0.2695580091221512,-0.10977361938621372,-1.9925510562714843,-0.011197485297239056,-0.26937226385918034,-0.002992550512523074,-0.06485741765920243,-0.20530705400025862,1
sample_03806.html,-0.4520377787088923,-0.4805110314497277,-0.4993703348891979,-0.4893096293121419,-1.2220532489725586,-0.3365771940723391,-0.44887348689285445,0.3636992305225774,-0.323702304085847,-0.2678294471841138,-0.027419211925291086,-0.10364022835686888,0.11082971052464799,1
sample_08771.html,0.5515580039892343,-0.13095152364800158,-0.18089242613047862,0.6927281662277158,0.9455739477661506,1.5338673313556315,-0.10977361938621372,0.5950585082510649,-0.5387432565244035,-0.21045664579260873,-0.0209911431324574,-0.07021176092716384,0.8170766030255155,0
sample_06177.html,-0.31396277006145196,-0.3406872283290372,-0.4993703348891979,-0.37376441227407625,0.05687775598690603,-0.2695580091221512,-0.10977361938621372,0.3316516123233787,-2.6987185569495997,-0.26031515301850167,-0.02613359816672435,-0.09683876528675574,3.5716534930225863,1
sample_00265.html,0.3989770605811679,0.419604701139717,0.21720495981792048,2.4044334168624233,1.5319831156594725,0.2483175109474823,-0.44887348689285445,0.5628119693377808,-0.3957744443454456,0.7122476205020721,-0.02613359816672435,-0.05067564359811545,0.7094665514608844,0
sample_00507.html,-0.3273941911361057,-0.3406872283290372,-0.4993703348891979,-0.3931923691211846,0.4911933928541008,-0.2817433154767308,-0.10977361938621372,0.343253371727165,0.012446231267424893,-0.25871683934073486,-0.004278164271089811,-0.09582578142524951,-0.202201092750684,1
sample_04954.html,-0.2725939931515185,-0.2183414005984331,-0.4993703348891979,-0.39523741721035394,-0.060353159347426535,-0.3365771940723391,0.22932624812042704,0.6893075521778501,0.5511565028237312,-0.24567504370617912,-0.01584868809819045,-0.0634102978570507,-0.8805377494063006,0
sample_01434.html,-0.3913277554514574,-0.4018601421943393,0.2968244370076003,-0.46272400415294096,-1.7125231375730061,-0.3365771940723391,-0.44887348689285445,0.5913243811601233,0.439282997044486,0.24962460599289632,0.011149200831711038,-0.09886473300976815,-0.81508821114751,0
sample_05049.html,-0.3676884543600669,-0.4542940683645982,-0.5789898120788778,-0.2858273444397962,0.44539417683210375,-0.08068576062616724,-0.10977361938621372,-1.9925510562714843,0.01953895250676549,-0.26928346865485997,-0.02613359816672435,-0.09799646112847712,-0.43245428039819866,1
sample_05217.html,-0.20328786040630525,-0.17464646212321733,-0.4993703348891979,-0.1508541705546221,0.3952671462287259,-0.18426086464009395,-0.10977361938621372,0.24876567178780673,-0.2478997917002412,-0.2593051075693574,-0.0107062330639235,-0.08801133449363016,-0.2505334507951852,1
sample_04877.html,-0.33115498903700874,-0.34942621602408036,-0.4993703348891979,-0.4003500374332772,0.4618700726624893,-0.2817433154767308,-0.10977361938621372,0.3316516123233787,0.10250071080344492,-0.26031515301850167,-0.004278164271089811,-0.09582578142524951,-0.3917082617145721,1
sample_09624.html,-0.42302590918764027,-0.44555508066955507,-0.5789898120788778,-0.4606789560637717,-1.6504095775041814,-0.31829923454046966,-0.10977361938621372,-1.9925510562714843,-0.03870218472859472,-0.26947215846404077,-0.018419915615323922,-0.10161426063385645,-0.1487742568308838,1
sample_08169.html,-0.3096647153175628,-0.3406872283290372,-0.4993703348891979,-0.37376441227407625,0.06381297614258408,-0.2695580091221512,-0.10977361938621372,0.3316516123233787,-2.6902995834359387,-0.26031515301850167,-0.02613359816672435,-0.0910502860781488,3.5660843661725488,1
sample_01272.html,-0.3940140396663882,-0.4105991298893824,0.05796600543856084,-0.4535212877516791,-0.9355198434591577,-0.3304845408950493,-0.44887348689285445,0.8353416608810627,1.6994820430962299,-0.1795226164874966,0.0021499045217438758,-0.055306426965000995,-1.012974865392677,1
sample_00387.html,-0.44935149449396156,-0.4717720437546845,-0.5789898120788778,-0.4688591484204489,-0.33842364597339025,-0.3365771940723391,-0.44887348689285445,-1.9925510562714843,0.12633269419766657,-0.2694943572651209,0.006006745797444088,-0.10364022835686888,-0.3169686229561148,0
sample_01953.html,0.0830700369053122,-0.26203633907364887,0.3764439141972801,-0.03939904969489504,0.881082543598045,0.26050281730206193,0.5684261156270678,0.43895905113150213,-0.3895002052356686,-0.19741485015805302,-0.023562370649590873,-0.04705784409273612,0.4766351408816406,0
sample_00049.html,1.6373540836642415,1.8877546339069666,2.526169798318635,0.8011157149536888,1.0066434773141102,-0.03194453520784878,0.5684261156270678,0.6903015075655823,0.058649505893740496,-0.05207929948667228,-0.02613359816672435,0.007643284428599389,-0.6575098492584994,0
sample_07763.html,-0.3950885533523605,-0.4105991298893824,-0.4197508576995181,-0.4576113839300177,-1.0172747477669608,-0.32439188771775945,-0.44887348689285445,0.44492554369655885,1.236572133731952,-0.19135457746318713,0.007292359556010826,-0.09929886895041368,0.2207694220725001,1
sample_03716.html,0.1792390117998329,0.12247911950824984,-0.26051190332015844,0.28678612052760893,0.5193306676303949,0.3397073086068294,0.5684261156270678,0.5731184956100841,-0.316829664815772,-0.15817846924898543,-0.02613359816672435,-0.061529042114253446,0.36025792927706823,0
sample_05775.html,0.27057267510747823,0.5157335657851917,1.5707360720424772,-0.035308953516556434,0.1755132016554124,-0.30611392818589006,-0.10977361938621372,0.6954880639867524,1.0693341638905913,-0.09442351254695314,-0.018419915615323922,-0.055451138945216166,-0.15175053249699055,0
sample_03117.html,-0.08240507073442171,-0.017344683612440594,3.879700910543192,0.5424171316737719,1.671591024193218,0.25441016412477213,0.22932624812042704,-1.9925510562714843,0.3561429426362553,-0.26815132979977513,-0.022276756891024138,-0.06818579320415143,-0.14932919170317896,0
sample_05325.html,0.37694953001873577,0.1486960825933793,-0.18089242613047862,0.630354199508052,0.35155882549027573,0.9063240540947815,-0.10977361938621372,0.6219333488880217,1.115561716391223,-0.1991463566423004,-0.02613359816672435,0.33281110397209385,0.978437385045997,0
sample_03124.html,-0.05393045805615582,0.13995709489833613,1.4114971176631177,0.003546960177660339,0.016957623511278098,-0.03194453520784878,-0.10977361938621372,0.6021697035917084,0.45250070563338846,-0.08958417391149247,-0.02613359816672435,-0.08251227924545358,-0.00012436992342953058,0
sample_07620.html,0.1991175149903204,0.3322148241892855,0.2968244370076003,1.98826613071647,1.5566000138003429,0.4615603721526255,3.6203249231868346,0.5734184721331463,-0.47447014648107505,0.05515200913072571,-0.02613359816672435,0.09331277671598198,0.7182951840579835,0
sample_05850.html,-0.292472496342006,-0.3319482406339941,0.05796600543856084,-0.22038580558637844,-0.007207630928798912,-0.11724167968990606,-0.44887348689285445,0.2672840639363984,-0.5844343447401111,-0.16176357562342075,-0.02613359816672435,-0.06876464112501211,1.1690245153671752,0
sample_04150.html,-0.44720246712201694,-0.4805110314497277,-0.5789898120788778,-0.44840866752875586,-0.8582718741819143,-0.31829923454046966,-0.44887348689285445,-1.9925510562714843,-1.3270365626750054,-0.2694943572651209,-0.014563074339623712,-0.10364022835686888,1.124195610687335,0
sample_03374.html,-0.4520377787088923,-0.4805110314497277,-0.4993703348891979,-0.49237720144589586,-2.256016803315404,-0.3365771940723391,-0.44887348689285445,0.7314297521194583,1.2347487670027273,-0.267185681952791,-0.027419211925291086,-0.10364022835686888,-1.0168014571092276,1
sample_01408.html,-0.3316922458799949,-0.4805110314497277,-0.5789898120788778,-0.251061526923918,0.9445365183640471,-0.025851882030558975,0.5684261156270678,-1.9925510562714843,-0.7311362869580407,-0.2694943572651209,-0.01584868809819045,-0.10320609241622336,0.1886454673336692,1
sample_00676.html,-0.400461121782222,-0.39312115449929613,-0.34013138050983827,-0.1723271754908998,1.8627140938208397,-0.245187396412992,-0.10977361938621372,0.6368707783024026,-0.1648166182811626,-0.08476703407711189,-0.02613359816672435,-0.10045656479213506,0.9933664029786212,0
sample_08271.html,-0.094224721280117,-0.1833854498182605,0.2968244370076003,-0.06393962676492669,0.9290932434143923,0.2483175109474823,-0.10977361938621372,0.5397512274558138,1.7035853643670316,-0.23895990637945044,-0.02613359816672435,-0.07672380003684665,-0.10522359021019145,0
sample_01048.html,-0.4138925428568757,-0.4193381175844256,-0.26051190332015844,-0.40750770574536976,-0.06640715437275416,-0.2695580091221512,-0.10977361938621372,0.6290756375767654,0.7596984346583567,0.15661162946729904,-0.02613359816672435,-0.10161426063385645,-1.1916061374470914,0
sample_04120.html,0.0841445505912845,0.7516862335513568,0.13758548262824066,0.2704257358142545,0.9142386731928763,0.05944526245149831,-0.10977361938621372,0.6376397696265997,-0.7486208628588623,-0.2256517251319336,-0.02613359816672435,-0.06500212963941761,1.0270119958125667,0
sample_02522.html,-0.4520377787088923,-0.4805110314497277,-0.5789898120788778,-0.48828710526755725,-0.4857802989613899,-0.3365771940723391,-0.44887348689285445,-1.9925510562714843,-2.374105694263592,-0.2694943572651209,-0.027419211925291086,-0.10364022835686888,-0.06926926283400898,0
sample_07911.html,-0.20543688777824987,-0.3581652037191235,-0.1012729489407988,-0.43307080685998606,0.3326572183654814,-0.3365771940723391,0.22932624812042704,0.7149741016175979,2.261071592336285,-0.2533003318771917,0.01500604210741125,0.17681158930013696,-1.0461550790266743,1
sample_07026.html,-0.36930022488902536,-0.4542940683645982,-0.5789898120788778,-0.47703934077712606,-1.356781834592593,-0.3304845408950493,-0.44887348689285445,-1.9925510562714843,2.15002869217327,-0.2694943572651209,0.007292359556010826,0.0931680647357668,-0.7031480535169239,1
sample_02475.html,-0.3273941911361057,-0.3406872283290372,-0.4993703348891979,-0.3931923691211846,0.4911933928541008,-0.2817433154767308,-0.10977361938621372,0.343253371727165,0.013265910810179351,-0.25871683934073486,-0.004278164271089811,-0.09582578142524951,-0.202201092750684,1
sample_03608.html,-0.3295432185080503,-0.3406872283290372,-0.021653471751118984,-0.23879123838890218,1.4800981647374434,-0.2634653559448614,-0.10977361938621372,0.7116872089326881,0.8413545078616831,-0.08517771189709364,-0.013277460581056975,-0.09683876528675574,-0.4544011045421773,1
sample_01822.html,-0.43538281657632166,-0.4717720437546845,-0.4197508576995181,-0.4494311915733405,-1.8285293515827974,-0.22690943688112258,-0.10977361938621372,0.4066228702510142,0.20549469220527664,-0.2642110426080583,-0.02613359816672435,-0.10233782053493232,-0.4970429029906451,1
sample_07534.html,-0.42087688181569566,-0.4368160929745119,-0.34013138050983827,-0.4647690522421103,-1.2896222945575864,-0.3304845408950493,-0.44887348689285445,0.43033839512311334,0.0011456326975840994,-0.2655207718717839,0.03300463472734558,-0.10291666845579302,-0.23165162357955293,0
sample_09494.html,1.3338039673770674,-0.2008634252083468,-0.34013138050983827,0.6927281662277158,0.6566694143376034,1.8689632561065708,0.22932624812042704,0.48081105648132755,0.09940312133432402,0.28903857731060467,-0.018419915615323922,-0.06529155359984795,-0.00037736567563535826,0
sample_00884.html,-0.4498887513369477,-0.4805110314497277,-0.4993703348891979,-0.4709041965096182,-1.4485405042524644,-0.32439188771775945,-0.10977361938621372,0.3391934432522604,0.1393958154561796,-0.2680514351949147,-0.009420619305356762,-0.10320609241622336,-0.4000954652893477,1
sample_09459.html,-0.4477397239650031,-0.4805110314497277,-0.5789898120788778,-0.4300032347262321,0.08068687704177235,-0.29392862183131047,-0.10977361938621372,-1.9925510562714843,-0.3675467597052923,-0.2694943572651209,-0.02613359816672435,-0.10364022835686888,-0.2749856173630431,1
sample_00499.html,-0.13290721397511973,-0.008605695917397443,-0.4993703348891979,-0.10790816068206673,0.04133079502412043,-0.10505637333532646,0.22932624812042704,0.6222731854908092,-0.46308633155714374,-0.261569385279527,-0.02613359816672435,-0.08381468706739013,0.42790310039552026,1
sample_07051.html,-0.31396277006145196,-0.3406872283290372,-0.4993703348891979,-0.37376441227407625,0.05687775598690603,-0.2695580091221512,-0.10977361938621372,0.3316516123233787,-2.6987104377156466,-0.26031515301850167,-0.02613359816672435,-0.09683876528675574,3.5716534930225863,1
sample_02263.html,1.3961257611634605,1.2935034706440323,-0.021653471751118984,0.9780123746668337,0.3782656681113478,0.08381587516065754,-0.44887348689285445,0.7082850858728363,0.18281405893206984,-0.19519497005004352,-0.02613359816672435,0.47318172478081194,-0.08984035331281069,0
sample_05427.html,-0.411206258641945,-0.4368160929745119,-0.021653471751118984,-0.4013725614778618,0.335514685219388,-0.32439188771775945,0.22932624812042704,0.2666181773582324,-0.2505100134003164,-0.1733180515856101,-0.02613359816672435,-0.08974787825621224,0.8644262606409129,1
sample_07773.html,-0.18663289827373464,0.061306205642947774,0.3764439141972801,-0.12631359348459045,0.6666084342211602,-0.23300209005841238,0.22932624812042704,0.5070964334646083,0.10799207859442558,-0.199756823672003,-0.02613359816672435,-0.0780262078587832,0.004300115748308477,0
sample_00069.html,-0.4520377787088923,-0.4805110314497277,-0.4993703348891979,-0.49237720144589586,-2.256016803315404,-0.3365771940723391,-0.44887348689285445,0.06649804708062462,-1.1854255629769443,-0.2687506974289377,-0.027419211925291086,-0.10364022835686888,-0.5164903429204203,1
sample_00878.html,-0.35855508802930236,-0.3232092529389509,-0.4993703348891979,-0.2081155170513626,-0.34762300141563035,-0.30611392818589006,0.22932624812042704,-0.17338773362881657,-0.2730638753802978,-0.26899488424081874,-0.013277460581056975,-0.08844547043427568,-0.33251250987455605,1
sample_06771.html,-0.43054750498944633,-0.4717720437546845,-0.4993703348891979,-0.44840866752875586,-0.4802532427832406,-0.30002127500860026,-0.10977361938621372,0.15641832936714456,1.0097295232428287,-0.25876123694289505,-0.011991846822490236,-0.10364022835686888,0.526540205527383,1
sample_01675.html,-0.42410042287361255,-0.46303305605964135,-0.5789898120788778,-0.4300032347262321,-1.8283670549023523,-0.31220658136317986,-0.10977361938621372,-1.9925510562714843,0.010690818380509967,-0.2694943572651209,0.031719020968778835,-0.09032672617707294,0.5087391871168065,1
sample_01596.html,1.1253483122984416,2.8665212557518,0.854160777335359,0.5955883819921738,0.008080214926351328,-0.20863147734925316,-0.10977361938621372,0.5873958444153276,0.01651820863854835,0.3360334391971654,-0.02613359816672435,-0.0726718645908218,-0.07301240050212526,0
sample_02618.html,-0.4214141386586818,-0.4805110314497277,-0.26051190332015844,-0.30627782533148923,-0.09127464067152058,-0.20863147734925316,-0.10977361938621372,0.615380177184457,-0.21896732768194385,-0.25928290876827725,-0.013277460581056975,-0.08497238290911152,0.22972857466317442,1
sample_05767.html,-0.440218128163197,-0.4717720437546845,-0.4197508576995181,-0.39523741721035394,-0.33599932757560075,-0.2573727027675716,0.22932624812042704,0.47509217650274227,-0.4771216467476866,-0.2663088293101273,-0.02613359816672435,-0.10320609241622336,0.13777409059484577,1
sample_01217.html,-0.42732396393152944,-0.4805110314497277,-0.4993703348891979,-0.40546265765620043,-2.052792901914536,-0.10505637333532646,-0.10977361938621372,0.3391934432522604,0.2686126538814507,-0.2680514351949147,-0.02613359816672435,-0.09886473300976815,-0.6952918737497927,1
sample_00015.html,0.3839338689775557,0.8303371228067451,0.2968244370076003,1.1109405004628385,1.287338708049246,0.19957628552916384,-0.10977361938621372,0.7271089992983203,-0.042605828980923965,-0.18516111196184068,-0.018419915615323922,-0.06051605825274724,0.5113566794742328,0
sample_03453.html,-0.44344166922111394,-0.46303305605964135,-0.4197508576995181,-0.4494311915733405,0.07542885581761738,-0.3365771940723391,-0.10977361938621372,0.7880790575537369,1.4886545121399972,-0.24208993733174383,0.0304334072102121,-0.10306138043600818,-0.0012753995541169678,0
sample_05574.html,-0.4391436144772247,-0.46303305605964135,-0.4993703348891979,-0.4453410953950019,-0.13902459024072258,-0.31220658136317986,-0.10977361938621372,0.3498149853427134,-0.288761666168623,-0.25054768054325993,-0.02613359816672435,-0.10320609241622336,0.4753483631565463,1
sample_06598.html,-0.29945683530082595,-0.27951431446373515,-0.4197508576995181,0.189646336292067,0.6763433160210408,-0.17207555828551432,-0.10977361938621372,0.24638683984479726,1.2857835523496262,-0.26810693219761494,-0.02613359816672435,-0.05646412280672238,-0.5943698538767379,1
sample_00076.html,-0.3241706500781888,-0.44555508066955507,-0.34013138050983827,-0.19993532469468542,0.4013342284262033,-0.04412984156242839,0.22932624812042704,0.5314466180459932,-0.35282497654562817,-0.22310996240826275,-0.02613359816672435,-0.07223772865017627,0.6795742135176122,0
sample_08567.html,-0.4450534397500724,-0.4717720437546845,-0.18089242613047862,-0.4238680904587242,-0.19311001501773692,-0.3304845408950493,-0.10977361938621372,0.774116589103743,1.6259404064687044,-0.235108414392054,0.009863587073144301,-0.1034955163766537,-0.18836469574120385,0
sample_01746.html,-0.02867938643580681,0.27978089801902656,0.2968244370076003,-0.045534193962402957,0.012845986485222336,-0.25128004959028183,1.2466258506403491,0.7523460881326908,0.24385248985895672,-0.1976701363704741,-0.02613359816672435,-0.08439353498825083,-0.016979193347116533,0
sample_00963.html,-0.15977005612442718,0.008872279472688862,1.1726386860940783,-0.12529106944000581,0.2551499825787959,-0.275650662299441,0.22932624812042704,0.6082903106959167,0.06601530686765125,-0.1441266281652854,-0.02613359816672435,-0.07947332766093494,0.6400443214907369,0
sample_09045.html,0.287764894083035,0.707991295076141,0.2968244370076003,0.36961056813896576,1.3800238477553073,-0.08068576062616724,-0.10977361938621372,0.7257738667591729,0.38214901894571757,-0.18496132275211982,-0.018419915615323922,-0.06297616191640518,0.01920442731914807,0
sample_09361.html,-0.18663289827373464,-0.15716848673313102,0.13758548262824066,0.7336291280111018,0.7328017582077465,0.022889343387759473,2.6030253206669123,0.4819267939872765,-0.3539567946686906,-0.11462442152983941,-0.02613359816672435,-0.08685363865190877,0.24966856427203168,0
sample_05275.html,-0.11786402237150756,-0.17464646212321733,-0.26051190332015844,0.12011470126031067,0.11716901363290382,-0.1537975987536449,5.994023995733319,0.3156285783725962,-0.19702621937004994,0.10093703635842126,-0.02613359816672435,-0.06326558587683553,0.6147895958134464,1
sample_01667.html,0.9394574446252338,1.2847644829489893,10.169639608527898,0.8266788160683052,-0.16337795234120847,-0.20863147734925316,-0.10977361938621372,0.6455833058322495,0.2889105945613692,0.6174809386911474,-0.023562370649590873,0.05626650978089762,0.055687418686889124,0
sample_09810.html,-0.10980516972671532,0.20986899645868135,-0.021653471751118984,-0.06393962676492669,0.709193571574332,-0.20253882417196337,0.22932624812042704,0.08144005650051231,-0.7195053954788806,-0.16312880188984658,-0.02613359816672435,-0.0379409893391802,1.21744007974461,0
sample_03019.html,0.2034155697342096,-0.3319482406339941,-0.34013138050983827,0.20702924505000608,1.3375259117865808,0.9855285453995489,-0.44887348689285445,0.7589043792657116,-0.21463771849394378,-0.21279861930655872,-0.02613359816672435,-0.07846034379942872,0.5486789439961477,0
sample_03682.html,-0.41550431338583416,-0.4717720437546845,1.4911165948527976,-0.2827597723060422,1.4737244757136818,-0.1537975987536449,-0.10977361938621372,-0.12345012305063298,-0.7866829612565475,-0.24453180545055425,-0.02613359816672435,-0.10204839657450197,0.8653057419321547,1
sample_06400.html,-0.2591625720768648,-0.1484294990380879,-0.18089242613047862,-0.1171108770833286,-0.24561295783334533,-0.32439188771775945,-0.10977361938621372,0.563057563090064,0.5202921787159362,-0.007093429097860144,-0.01584868809819045,-0.09249740588030053,-0.054912363406836716,0
sample_07047.html,-0.26292336997776783,-0.4717720437546845,-0.34013138050983827,0.07103354712024737,0.5269444585704498,0.5224869039255235,-0.44887348689285445,0.40261925015929567,0.8368863026033179,-0.2578843843002313,-0.014563074339623712,-0.03663858151724364,0.24316488506363948,1
sample_01283.html,-0.1860956414307485,-0.2532973513786057,0.854160777335359,0.3859709528523202,1.3489846424425884,0.49202363803907456,0.9075259831337085,0.5576038228493095,-0.18618498197601344,-0.1313401187431508,-0.02613359816672435,-0.09524693350438883,0.8039910447364443,0
sample_05618.html,-0.4396808713202109,-0.4805110314497277,-0.4197508576995181,-0.39523741721035394,-0.4336728721688866,-0.30002127500860026,-0.10977361938621372,0.34256447976143356,0.046151563660972963,-0.26362277437943576,0.006006745797444088,-0.10291666845579302,0.6434986880732767,1
sample_07318.html,-0.3821943891206929,-0.2882533021587783,-0.5789898120788778,-0.37376441227407625,1.037884192375146,-0.31829923454046966,-0.44887348689285445,-1.9925510562714843,0.12835110279753134,-0.2694943572651209,-0.02613359816672435,-0.10204839657450197,0.25290599726421087,1
sample_01361.html,-0.44935149449396156,-0.4805110314497277,-0.5789898120788778,-0.4913546774013112,-2.256016803315404,-0.3304845408950493,-0.44887348689285445,-1.9925510562714843,0.1858757981077862,-0.2694832578645808,0.09471409513854898,-0.09799646112847712,-1.369824702439611,0
sample_08953.html,0.6842604442068131,1.2498085321688166,0.5356828685766397,0.38903852498607416,0.20334284612921122,-0.23300209005841238,0.22932624812042704,0.6765444081550349,-0.2225506960944355,-0.13988665715898732,-0.02613359816672435,0.021969770469901544,-0.1531800595388025,0
sample_02924.html,-0.28495090054019995,-0.38438216680425297,-0.18089242613047862,-0.3911473210320153,0.9467137187333441,-0.2817433154767308,0.22932624812042704,0.22367667837584237,0.4871378031695344,-0.25502073896089905,-0.006849391788223287,-0.0813545834037322,0.05758308111280886,1
sample_08506.html,1.1366307060011507,0.7604252212463999,-0.4197508576995181,2.167207838518784,1.07305603111644,2.490413880190131,63.641001471862246,0.3404231244783658,-0.4131554349925317,-0.26387806059185687,-0.02613359816672435,0.28216191089678316,0.2545479468667388,1
sample_04232.html,-0.3821943891206929,-0.2882533021587783,-0.5789898120788778,-0.37376441227407625,1.031966743611022,-0.31829923454046966,-0.44887348689285445,-1.9925510562714843,-0.6891411909468341,-0.2694943572651209,-0.02613359816672435,-0.10204839657450197,0.2525298347575043,1
sample_00059.html,0.15828599492337309,0.19239102106859504,-0.18089242613047862,-0.0680297229432653,-1.5607830570920789,-0.3304845408950493,-0.44887348689285445,0.312486195955777,0.33234094092326466,0.004782929479990581,-0.009420619305356762,0.08231466621962881,0.8340689998157205,1
sample_09038.html,-0.26346062682075394,-0.3581652037191235,0.7745413001456792,-0.0169035207140327,0.8887115776719732,-0.04412984156242839,-0.10977361938621372,0.5462699274927884,0.4313787077710994,0.11265800332871131,-0.02613359816672435,-0.044453028448863,0.3464752734935915,0
sample_08513.html,-0.4520377787088923,-0.4805110314497277,-0.5789898120788778,-0.48828710526755725,-0.4857802989613899,-0.3365771940723391,-0.44887348689285445,-1.9925510562714843,-2.374105694263592,-0.2694943572651209,-0.027419211925291086,-0.10364022835686888,-0.06926926283400898,0
sample_03773.html,-0.4332337892043771,-0.4368160929745119,-0.4197508576995181,-0.4013725614778618,0.9596722659644347,-0.32439188771775945,-0.10977361938621372,0.5669469418316697,0.030894333373827743,-0.2103789499888284,-0.00042132299538959916,-0.1019036845942868,0.34463233535635585,1
sample_06265.html,0.021822756804891208,-0.052300634392613204,0.21720495981792048,0.0577407345406469,-0.6309311669190342,0.2787807768339313,-0.44887348689285445,0.4665035494589716,0.4659921016762436,-0.20972408535696557,-0.02613359816672435,-0.06109490617360793,-0.35117692110648396,0
sample_06095.html,-0.4520377787088923,-0.4805110314497277,-0.5789898120788778,-0.4903321533567266,-0.8904318828435148,-0.3365771940723391,-0.44887348689285445,-1.9925510562714843,-0.5840803610752018,-0.2694943572651209,-0.027419211925291086,-0.10364022835686888,0.08441973101549954,0
sample_00515.html,-0.4520377787088923,-0.4805110314497277,-0.4993703348891979,-0.49237720144589586,-2.256016803315404,-0.3365771940723391,-0.44887348689285445,-0.4629757175858193,-5.157672225527524,0.9238021947953758,-0.027419211925291086,-0.10364022835686888,-1.5518681121025182,1
sample_09102.html,0.05083462632614326,0.27978089801902656,-0.18089242613047862,-0.2899174406181348,0.5075809548145293,-0.31829923454046966,-0.44887348689285445,0.7276787465453807,0.43443871649162347,-0.2210343745072739,-0.01584868809819045,-0.06471270567898726,-0.514169444243331,0
sample_00471.html,-0.2747430205234631,-0.27951431446373515,0.05796600543856084,-0.21425066131887052,-0.24685459799199286,0.028981996565049278,0.5684261156270678,0.6074796657437755,0.2398858127462648,-0.23509731499151396,-0.02613359816672435,-0.09249740588030053,0.2953738603181836,0
sample_07333.html,-0.37359827963291453,-0.4805110314497277,-0.5789898120788778,-0.38194460463075347,0.8156123146390777,-0.2695580091221512,-0.10977361938621372,-1.9925510562714843,-0.14438337506092508,-0.2694943572651209,0.01500604210741125,-0.09669405330654056,-0.12196996639518501,1
sample_02456.html,-0.3085902016315905,-0.2358193759885194,-0.4993703348891979,-0.049624290140741566,0.15339476640498773,-0.19035351781738374,0.22932624812042704,0.5648423941005405,-1.280040216829579,-0.2047626533155644,-0.004278164271089811,-0.0883007584540605,2.4130021778835316,1
sample_02385.html,0.07071312951663078,0.08752316872807724,-0.34013138050983827,0.2407725385212996,0.5451086177763733,0.12037179422439637,-0.44887348689285445,0.6037128017853187,-0.0764176976723273,-0.2500704063200379,-0.02613359816672435,-0.027087590823042202,0.06215263680437651,0
sample_01098.html,-0.4520377787088923,-0.4805110314497277,-0.4993703348891979,-0.49237720144589586,-2.256016803315404,-0.3365771940723391,-0.44887348689285445,0.32146681233332947,-0.8329860769671793,-0.2532337354739514,-0.027419211925291086,-0.10364022835686888,0.7857714262425866,0
sample_06875.html,-0.440218128163197,-0.46303305605964135,-0.4993703348891979,-0.4872645812229726,-2.256016803315404,-0.3304845408950493,-0.44887348689285445,0.3722782965074665,0.09905081404788009,-0.24778392980878813,-0.011991846822490236,-0.0959704934054647,-1.429259473662528,0
sample_09539.html,-0.3950885533523605,-0.3669041914141667,-0.18089242613047862,-0.39523741721035394,-1.616555758104854,-0.31829923454046966,-0.10977361938621372,-0.045353749613399934,-1.5942702350664761,0.06309917991739965,-0.02613359816672435,-0.09177384597922467,-1.3879133576595235,1
sample_07497.html,0.04170125999537873,-0.1833854498182605,0.6949218229559994,0.142610230241173,1.3191625744201596,0.19348363235187405,1.9248255856536307,0.6345096434462902,0.11642051810999257,-0.10341402698439153,-0.02613359816672435,-0.006393777652272422,0.32596285247549167,0
sample_08035.html,0.1104701358976058,0.707991295076141,0.7745413001456792,0.32052941399890245,1.7126894563677455,-0.09287106698074685,0.5684261156270678,0.49364206935919475,-1.0861573082529583,-0.23537480000501515,-0.013277460581056975,-0.0813545834037322,1.3859106225778535,0
sample_06093.html,0.9609477183446798,1.616846015360629,0.2968244370076003,0.6630749689347609,-0.38121903804321916,-0.2573727027675716,0.22932624812042704,0.5737356495313356,-0.0964672562303769,-0.21945825963058715,-0.02613359816672435,0.3197870257527282,0.2553251738068055,0
sample_02052.html,0.01483841784607127,0.04382823025286147,-0.021653471751118984,0.2622455434575773,1.0813726171299047,0.0472599560969187,0.5684261156270678,0.42570919133641283,-0.24870116240905527,-0.23236686245866228,-0.02613359816672435,-0.032876070031649135,0.47760660284960554,0
sample_07182.html,-0.38380615964965137,-0.38438216680425297,-0.18089242613047862,-0.41057527787912373,-0.7889481482768933,-0.31829923454046966,-0.10977361938621372,0.5199476997453898,-0.4156837124290883,-0.2591608153623367,-0.006849391788223287,-0.09799646112847712,0.23498418495287776,0
sample_09544.html,-0.4477397239650031,-0.4805110314497277,-0.4197508576995181,-0.412620325968293,0.6169083445998346,-0.31220658136317986,-0.10977361938621372,0.47515850477076177,-0.562176910764368,-0.2588278333461353,-0.0107062330639235,-0.10364022835686888,0.4146054324495236,1
sample_05762.html,-0.030291156964765253,-0.06977860978269951,0.05796600543856084,-0.036331477561141086,0.4180056627176584,0.163020366465425,-0.10977361938621372,0.5639930334631373,-0.011464158227471941,-0.23568558322013647,-0.02613359816672435,-0.08468295894868118,0.26133057980428276,0
sample_04885.html,-0.42732396393152944,-0.4717720437546845,-0.5789898120788778,-0.4381834270829093,-0.31169886526628937,-0.2878359686540206,-0.10977361938621372,-1.9925510562714843,0.47519400316050997,-0.2694943572651209,-0.02613359816672435,-0.0997330048910592,-0.8346050505304671,1
sample_08852.html,-0.45150052186590617,-0.4805110314497277,-0.4993703348891979,-0.4913546774013112,-2.256016803315404,-0.3304845408950493,-0.44887348689285445,0.9341600184557574,2.2773709480608466,-0.19098829724536556,-0.01970552937389066,-0.10364022835686888,-1.5198422527019813,1
sample_02062.html,1.0001674678826686,1.4508052491548091,0.9337802545250389,1.5669862243475934,-0.6234506701293805,-0.30611392818589006,1.2466258506403491,0.655197739524351,0.06661253279049716,-0.11446902992227875,-0.02613359816672435,0.04903091077013895,-0.37143530335974306,0
sample_04333.html,-0.2441193804732526,-0.2008634252083468,-0.1012729489407988,0.010704628489752904,-0.003229306221360901,-0.10505637333532646,-0.44887348689285445,0.07595871630078242,-1.538435769589196,-0.23680662267468125,-0.02613359816672435,-0.0910502860781488,2.3209373561161084,1
sample_03128.html,-0.25325274680401716,-0.13095152364800158,0.3764439141972801,-0.19891280065010075,0.23623552446867022,-0.19035351781738374,0.22932624812042704,0.7032832799695565,0.6926544152149999,-0.21209935707253572,-0.0209911431324574,-0.08410411102782048,-0.7353966482656021,1
sample_08929.html,-0.4160415702288203,-0.4805110314497277,-0.18089242613047862,-0.34411121498112135,0.4355708642651104,-0.2208167837038328,0.22932624812042704,0.3781548810348203,0.2031693441159232,-0.23650693886009996,-0.02613359816672435,-0.10219310855471715,-0.17362227276892855,1
sample_01484.html,-0.2913979826560337,-0.31447026524390775,-0.1012729489407988,-0.3676292680065683,0.2558394421810931,-0.32439188771775945,-0.10977361938621372,0.606130109561717,0.5953686106440272,-0.11723278065675055,-0.02613359816672435,-0.03186308617014292,0.12700133459728674,1
sample_01251.html,0.7342253306045249,0.533211541175278,-0.021653471751118984,1.077197206991545,0.2939769273950401,1.7836661116245136,-0.10977361938621372,0.6283733930475407,-0.6875187063745198,-0.20128854094652956,-0.02613359816672435,0.07724974691209774,1.1391930241734802,0
sample_05021.html,0.06372879055781083,-0.1833854498182605,0.3764439141972801,0.142610230241173,-0.10030210661485853,0.32142934907495996,0.5684261156270678,0.5857997054561563,-0.12146109093053437,-0.22022411826785043,-0.02613359816672435,0.04960975869099964,-0.15874951233028867,0
sample_03067.html,-0.24250760994429416,-0.20960241290338993,-0.34013138050983827,-0.34002111880278274,-1.4544778290457394,-0.2634653559448614,-0.44887348689285445,0.7049328087904361,1.106113799285566,-0.20688263881871344,-0.004278164271089811,-0.029692406466915323,-1.052267993551474,1
sample_07956.html,1.1908936471427516,1.966405523162355,1.0930192089043984,0.6998858345398083,0.49416582212768295,-0.3365771940723391,-0.10977361938621372,0.6946199186750105,0.15691225542326911,-0.16724667949020416,-0.01584868809819045,0.05351698215680933,-0.2650497486282564,0
sample_04808.html,-0.34727269432659325,-0.17464646212321733,-0.5789898120788778,-0.3604715996944758,0.9911080047203982,-0.31829923454046966,-0.44887348689285445,-1.9925510562714843,-0.7346243618812553,-0.2694943572651209,-0.02613359816672435,-0.10204839657450197,0.12034695310083757,1
sample_01843.html,0.39467900583727866,0.8740320612819609,0.13758548262824066,0.16919585540037396,0.27870415510374025,-0.11724167968990606,0.5684261156270678,0.6234546550338056,0.011429537341118304,-0.11365877368285529,-0.018419915615323922,0.03427028878819128,-0.014355755817672738,0
sample_00965.html,0.054058167384060156,-0.3232092529389509,-0.4197508576995181,0.15283547068701953,0.8169233149932967,0.7661930310171158,-0.10977361938621372,0.5297570519268985,0.25828084240998206,2.567712209980717,-0.02613359816672435,0.11169119820330899,-1.1730014126131847,0
sample_08881.html,-0.3676884543600669,-0.4542940683645982,-0.5789898120788778,-0.2858273444397962,0.44539417683210375,-0.08068576062616724,-0.10977361938621372,-1.9925510562714843,0.01953895250676549,-0.26928346865485997,-0.02613359816672435,-0.09799646112847712,-0.43245428039819866,1
sample_00260.html,-0.08401684126338016,0.026350254862775167,0.2968244370076003,-0.15596679077754538,-0.41096530826526506,-0.2634653559448614,-0.44887348689285445,0.5810459452322041,-0.810618068964802,-0.24565284490509903,0.0008642907631771383,-0.05009679567725476,0.9128279659879641,0
sample_07522.html,-0.4498887513369477,-0.4805110314497277,-0.4993703348891979,-0.4709041965096182,-1.4485405042524644,-0.32439188771775945,-0.10977361938621372,0.3391934432522604,0.1393958154561796,-0.2680514351949147,-0.009420619305356762,-0.10320609241622336,-0.4000954652893477,1
sample_05358.html,-0.3886414712365267,-0.39312115449929613,-0.4993703348891979,-0.06700719889868065,2.456511009757182,-0.30611392818589006,-0.10977361938621372,0.3028039317655021,-2.463971348177232,-0.24684048076288412,-0.01584868809819045,-0.1024825325151475,3.043651827524713,1
sample_01749.html,-0.14526412136380115,0.026350254862775167,-0.4993703348891979,0.32461951017724106,0.6526963705251747,0.07772322198336773,-0.44887348689285445,0.47769796366825823,0.19740497641792037,-0.10025069783047802,-0.02613359816672435,-0.07527668023469491,-0.02700421358685485,0
sample_00996.html,-0.25325274680401716,-0.13095152364800158,0.3764439141972801,-0.19891280065010075,0.23623552446867022,-0.19035351781738374,0.22932624812042704,0.7032832799695565,0.6926544152149999,-0.21209935707253572,-0.0209911431324574,-0.08410411102782048,-0.7353966482656021,1
sample_02297.html,-0.4520377787088923,-0.4805110314497277,-0.5789898120788778,-0.4913546774013112,-2.256016803315404,-0.3365771940723391,-0.44887348689285445,-1.9925510562714843,-1.6241803805168198,-0.2694943572651209,-0.027419211925291086,-0.10364022835686888,-1.0836151124799762,1
sample_06184.html,-0.3709119954179838,-0.31447026524390775,-0.5789898120788778,-0.3706968401403223,0.013573841585635947,-0.32439188771775945,0.5684261156270678,-1.9925510562714843,1.081048562708126,-0.2694943572651209,-0.0209911431324574,-0.1034955163766537,0.15091853998480415,1
sample_01661.html,-0.4106690017989588,-0.4193381175844256,-0.4197508576995181,-0.4576113839300177,-0.8708513415700084,-0.32439188771775945,-0.10977361938621372,0.29937557357180783,0.07176855278593894,-0.2654208772669235,-0.01584868809819045,-0.10103541271299576,-0.051271245412052455,0
sample_04634.html,-0.440218128163197,-0.46303305605964135,0.45606339138695995,-0.4709041965096182,-1.9648594836797064,-0.3365771940723391,-0.44887348689285445,0.6049864904893306,0.5636695144371178,-0.11111701095918443,0.05486006862298012,-0.10146954865364127,-1.0387434703574288,0
sample_00474.html,-0.06682462228782339,0.20986899645868135,0.3764439141972801,-0.04757924205157226,-0.1046116076337314,-0.25128004959028183,1.58572571814699,0.7616309969104329,0.33829673507660085,-0.19555015086732505,-0.02613359816672435,-0.08424882300803566,-0.06803779085386968,0
sample_07618.html,-0.1226993339583829,-0.3406872283290372,-0.021653471751118984,-0.14062893010877558,0.5459705422044371,0.18739097917458425,-0.44887348689285445,0.43641435287861285,-0.33226698347163475,-0.13069635351182807,-0.018419915615323922,-0.06833050518436659,1.1650623580834287,0
sample_05795.html,-0.2016760898773468,0.017611267167732012,-0.26051190332015844,-0.28480482039521154,-0.04233887581774652,-0.3304845408950493,0.22932624812042704,-0.014300691286917539,-0.8145430529227371,0.028313658624891082,-0.02613359816672435,-0.08468295894868118,1.5695865034659704,0
sample_06539.html,-0.13344447081810587,-0.11347354825791527,0.6153023457663196,-0.25208405096850267,0.8744166854242634,-0.17816821146280412,-0.10977361938621372,0.8102524708294048,1.6526929784868043,0.439202367216906,-0.02613359816672435,-0.06702809736243004,-1.2217465689831866,0
sample_08154.html,0.030418866292669593,-0.4805110314497277,-0.4197508576995181,2.987272122275675,2.581401887526466,0.6626179270031891,-0.44887348689285445,0.5919122391657332,-3.075801604687961,-0.25350012108691256,-0.022276756891024138,-0.007551473493993808,4.1803061496120595,0
sample_01727.html,0.000869739928431393,0.10500114411816354,-0.1012729489407988,-0.04757924205157226,0.9398467989605934,-0.025851882030558975,0.22932624812042704,0.5666565307372609,-0.7200740148143518,-0.19725945855049234,-0.02613359816672435,-0.0786050557796439,0.8819833835845212,0
sample_02821.html,0.6074327156597937,0.9439439628423061,1.3318776404734378,-0.05064681418532622,0.5602370375293289,-0.31829923454046966,0.22932624812042704,0.7087116915611802,0.30188765915020127,-0.11714398545243017,-0.02613359816672435,-0.006393777652272422,-0.31933712212232074,0
sample_07132.html,-0.2860254142261722,-0.38438216680425297,-0.34013138050983827,0.27144825985883914,1.5758529033964686,0.17520567282000463,0.22932624812042704,0.29504310248151955,-1.2214531610865358,-0.2633896869680948,-0.02613359816672435,-0.034467901814016044,1.3088831616804848,1
sample_01618.html,0.06211702002885239,0.34969279957937177,3.481603524594793,0.13340751383991115,-0.04432091320245383,-0.14161229239906528,-0.44887348689285445,0.6211994536221326,0.6069848370304618,1.3222817735836176,-0.02613359816672435,-0.045031876369723695,-0.6427145194703286,0
sample_08189.html,0.125513327501218,-0.026083671307483746,0.5356828685766397,0.12727236957240323,-0.252698471534253,0.3457999617841192,0.22932624812042704,0.6217809604084028,0.40200987548532785,0.5034234987416203,-0.02613359816672435,0.0862218896854385,-0.9236336755559191,0
sample_06877.html,-0.3521080059134686,-0.4193381175844256,1.1726386860940783,-0.33899859475819805,-0.4367469889517545,-0.1294269860444857,-0.44887348689285445,0.5801641346755791,0.3455878483684324,0.5215821180251379,-0.02613359816672435,-0.10074598875256541,-0.26611899303072495,0
sample_03211.html,-0.3854179301786098,-0.31447026524390775,-0.5789898120788778,-0.3901247969874307,1.0632823298933853,-0.2878359686540206,-0.10977361938621372,-1.9925510562714843,-0.7109141051943689,-0.2694943572651209,-0.02613359816672435,-0.09857530904933781,0.1523964236998927,0
sample_05874.html,-0.3961630670383328,-0.4805110314497277,1.4911165948527976,-0.342066166891952,0.1069467936423405,-0.22690943688112258,-0.10977361938621372,-1.9925510562714843,0.4253306226742482,-0.26892828783757844,-0.009420619305356762,-0.09640462934611022,-0.603850369370528,1
sample_08876.html,-0.42678670708854327,-0.46303305605964135,-0.5789898120788778,-0.3942148931657693,0.7983500741624102,-0.29392862183131047,0.22932624812042704,-1.9925510562714843,0.3604327693804387,-0.2694943572651209,-0.02613359816672435,-0.08960316627599707,0.4081704616984427,1
sample_00561.html,0.518248079724093,0.9788999136224787,0.7745413001456792,0.1835111920245591,1.042522114192576,-0.2878359686540206,0.22932624812042704,0.6279403458312569,0.5686787341505308,-0.1489215691985859,-0.02613359816672435,0.015457731360218746,-0.6188775087167624,0
sample_05195.html,-0.3821943891206929,-0.2882533021587783,-0.5789898120788778,-0.37376441227407625,1.040445547575992,-0.31829923454046966,-0.44887348689285445,-1.9925510562714843,-0.7855968147901315,-0.2694943572651209,-0.02613359816672435,-0.10204839657450197,0.24737231980609511,1
sample_01706.html,-0.43269653236139094,-0.4368160929745119,-0.5789898120788778,-0.47703934077712606,-1.4990077710513754,-0.3365771940723391,-0.10977361938621372,-1.9925510562714843,0.3064153307801799,-0.2694610590635007,0.012434814590277775,-0.10262724449536266,-0.891831477177237,1
sample_06285.html,-0.31396277006145196,-0.3057312775488646,-0.1012729489407988,-0.2663993875926878,-0.09878845191466627,-0.31220658136317986,-0.10977361938621372,0.6338461359656524,0.4739629671230033,-0.1548486490869712,-0.0017069367539563366,-0.09061615013750328,-0.34318431528673343,0
sample_05850.html,-0.42947299130347405,-0.4717720437546845,-0.1012729489407988,-0.39216984507659997,0.6794592681510679,-0.2878359686540206,-0.10977361938621372,0.6894631820564682,0.4135899193927632,-0.15945490031109089,-0.01584868809819045,-0.10002242885148954,-1.110201087333573,1
sample_03810.html,-0.42678670708854327,-0.4717720437546845,-0.34013138050983827,-0.44022847517207864,-0.4530639916143037,-0.245187396412992,-0.10977361938621372,0.7103324721443799,0.7455981501456921,-0.2578510860986111,-0.02613359816672435,-0.10277195647557784,-0.7226755446664128,1
sample_05750.html,0.9878105604939873,0.20986899645868135,-0.18089242613047862,1.0291385768960664,0.20300538967084447,2.301541631694147,-0.10977361938621372,0.5865964020993623,-0.3944714296122597,-0.2082256662840592,-0.017134301856757187,0.04787321492841756,0.6151572838424961,0
sample_08471.html,0.14700360122066394,-0.061039622087656356,1.2522581632837582,0.1681733313557893,0.6965878208326378,0.7905636437262752,-0.44887348689285445,0.3618455702784961,-0.45712094007271104,0.19045370171390358,-0.02613359816672435,-0.004367809929259996,0.9872709067648212,0
sample_09474.html,1.1269600828274,0.9002490243670904,0.21720495981792048,1.1641117507812404,1.7919361172284058,1.2170493661365616,0.22932624812042704,0.4083067838285947,-1.2177426814699748,-0.23364329352076774,-0.02613359816672435,0.12413642850181389,1.680562030861349,0
sample_08430.html,-0.3096647153175628,-0.3406872283290372,-0.4993703348891979,-0.37376441227407625,0.06381297614258408,-0.2695580091221512,-0.10977361938621372,0.3316516123233787,-2.6902799844858523,-0.26031515301850167,-0.02613359816672435,-0.0910502860781488,3.566025188243186,1
sample_08088.html,-0.39455129650937437,-0.34942621602408036,-0.4993703348891979,-0.38807974889826136,-0.0729077968392623,-0.3304845408950493,-0.10977361938621372,0.529615375212517,0.4176514573809351,-0.19237572231287148,-0.0209911431324574,-0.08366997508717497,-1.101240070357814,1
sample_06742.html,-0.2441193804732526,-0.24455836368356254,-0.4993703348891979,0.17124090348954327,0.23153414107004752,0.05944526245149831,-0.10977361938621372,0.3229181599024777,-0.5003722667249765,5.956115008045309,-0.02613359816672435,-0.07151416874910041,-1.3289848778071507,0
sample_00193.html,-0.4343083028903494,-0.4717720437546845,-0.4197508576995181,-0.44840866752875586,-1.7608662430834565,-0.22690943688112258,-0.10977361938621372,0.40139478109889704,0.22469931739013027,-0.2675630615711526,-0.02613359816672435,-0.10175897261407163,-0.46512826784994166,1
sample_01395.html,-0.40959448811298654,-0.4805110314497277,-0.4197508576995181,-0.34002111880278274,0.5714484442503874,-0.11724167968990606,-0.10977361938621372,0.20856731838053558,0.46978129640333577,-0.2648215096377609,-0.02613359816672435,-0.10074598875256541,0.29978616881741127,1
sample_08562.html,0.6321465304371566,1.2935034706440323,0.21720495981792048,-0.030196333293633176,0.3801949147141812,-0.3304845408950493,0.5684261156270678,0.7035606128249833,-0.11770526669275909,-0.19713736514455182,-0.02613359816672435,-0.018404872010131804,0.16530905049412983,0
sample_02073.html,-0.24035858257234954,-0.13095152364800158,-0.4197508576995181,-0.2081155170513626,0.4609357418345077,-0.08068576062616724,0.22932624812042704,0.3621866493528297,-0.42346486127505273,-0.2275719214253618,-0.02613359816672435,-0.08902431835513637,1.0895222723161244,0
sample_03996.html,0.5542442882041649,1.1798966306084713,0.2968244370076003,0.028087537247691988,0.16709179108723246,-0.32439188771775945,-0.10977361938621372,0.5017992577479289,-0.10045836314722936,-0.25654135683488555,-0.02613359816672435,0.01603657928107944,-0.14758470092100193,0
sample_00272.html,-0.3096647153175628,-0.3406872283290372,-0.4993703348891979,-0.37376441227407625,0.06381297614258408,-0.2695580091221512,-0.10977361938621372,0.3316516123233787,-2.6902799844858523,-0.26031515301850167,-0.02613359816672435,-0.0910502860781488,3.566025188243186,1
sample_04152.html,-0.2102721993651252,-0.4542940683645982,1.4114971176631177,-0.05269186227449552,0.9055998435745582,-0.03803718838513859,0.22932624812042704,0.43462813422308844,-0.01923969596947424,0.4391468702142058,-0.02613359816672435,-0.021443823594650444,0.7179625021404862,0
sample_09448.html,0.20717636763511266,0.27978089801902656,-0.18089242613047862,0.18657876415831304,0.4113096150236703,0.37017057449327845,-0.10977361938621372,0.598076664876636,-0.14815485064788295,-0.21074523020664995,-0.017134301856757187,-0.026798166862611855,0.14711602882245717,0
sample_09634.html,-0.4477397239650031,-0.4717720437546845,-0.4993703348891979,-0.486242057178388,-1.058886238271051,-0.3365771940723391,-0.44887348689285445,0.03576842900519158,0.0056533294154840295,-0.2662977299095872,0.02914779345164536,-0.10364022835686888,0.6752359849907644,1
sample_06262.html,-0.094224721280117,0.061306205642947774,-0.18089242613047862,-0.10688563663748207,0.7538830305232468,-0.05631514791700801,-0.44887348689285445,0.3803673766748056,-0.8129370669016251,-0.24183465111932273,-0.02613359816672435,-0.08222285528502322,1.262738340110068,0
sample_06108.html,-0.4520377787088923,-0.4805110314497277,-0.5789898120788778,-0.4913546774013112,-2.256016803315404,-0.3365771940723391,-0.44887348689285445,-1.9925510562714843,-0.7208965655736802,-0.2694943572651209,-0.027419211925291086,-0.10364022835686888,-1.0772643389238317,1
sample_02594.html,-0.20866042883616676,-0.3232092529389509,-0.4197508576995181,-0.04655671800698761,-0.23527586020811833,0.26050281730206193,0.22932624812042704,0.6308523204209733,-0.506480438788233,-0.2601819602120211,-0.02613359816672435,-0.06471270567898726,0.4669124378540718,0
sample_08272.html,-0.20060157619137453,-0.13969051134304472,1.8095945036115169,-0.22652094985388635,-1.2703510853428797,-0.30002127500860026,-0.44887348689285445,0.7644559785852134,1.4038289660499106,8.450483291410162,-0.02613359816672435,-0.07093532082823971,-1.4415126166054986,0
sample_04459.html,0.000869739928431393,0.3322148241892855,0.5356828685766397,0.40948900587776715,1.4122538403879228,0.3336146554295396,1.58572571814699,0.6883044299816833,-0.3104745398012299,-0.20620557538577056,-0.0209911431324574,-0.0764343760764163,0.7082934621129731,0
sample_08701.html,0.3710397047458881,0.026350254862775167,0.13758548262824066,0.05160559027313898,0.9279678011141617,0.3457999617841192,-0.10977361938621372,0.3357483226171261,-0.10852246459264589,-0.18516111196184068,-0.0209911431324574,-0.007117337553348288,0.47439352420244696,0
sample_08600.html,-0.4520377787088923,-0.4805110314497277,-0.4993703348891979,-0.4903321533567266,-2.256016803315404,-0.3365771940723391,-0.44887348689285445,0.30423101788069656,-0.19155119047518013,-0.26843991421381636,-0.027419211925291086,-0.10364022835686888,-0.8512026279254619,1
sample_01695.html,-0.4369945871052801,-0.4717720437546845,-0.4993703348891979,-0.43613837899374003,0.5421950111326344,-0.2817433154767308,-0.10977361938621372,0.3485175216859154,-0.31986456133537194,-0.2631122019545936,-0.009420619305356762,-0.10364022835686888,0.417702136961965,1
sample_08491.html,-0.3961630670383328,-0.42807710527946874,-0.26051190332015844,-0.39523741721035394,-1.6228819735781836,-0.30002127500860026,0.22932624812042704,0.6181535057387243,0.7561776433166897,-0.20563950595822814,-0.02613359816672435,-0.10060127677235024,-0.6621154149612802,1
sample_06291.html,-0.4520377787088923,-0.4805110314497277,-0.5789898120788778,-0.4903321533567266,-0.6655331777094177,-0.3365771940723391,-0.44887348689285445,-1.9925510562714843,-0.6516391703371995,-0.2694943572651209,-0.027419211925291086,-0.10364022835686888,0.28452891480864495,0
sample_09681.html,0.2549922266608799,0.1836520333735519,-0.18089242613047862,0.0873939318336018,1.1850724199375755,0.5590428229892624,0.22932624812042704,0.7166359444530706,-0.03115416321796531,-0.25316713907071114,-0.02613359816672435,0.0108269479933332,0.3366141887647129,0
sample_04064.html,-0.4450534397500724,-0.4717720437546845,-0.18089242613047862,-0.4238680904587242,-0.20549984255914044,-0.3304845408950493,-0.10977361938621372,0.7748692073816469,1.649301489744097,-0.23564118561797628,0.009863587073144301,-0.1034955163766537,-0.18644816002493203,0
sample_00908.html,9.667194858935225,3.268514689723785,-0.18089242613047862,6.135623655551818,1.8414199929579729,10.861719345786325,-0.10977361938621372,0.6110129164053577,-0.0742631419052015,-0.2109672182174509,-0.01970552937389066,1.8741384052439047,0.6490218180661241,0
sample_06583.html,-0.08240507073442171,-0.3669041914141667,0.05796600543856084,0.12215974934947997,0.6771733673408099,0.37017057449327845,0.22932624812042704,0.5790491905258267,-0.02306844395807284,-0.23223366965218173,-0.02613359816672435,-0.061529042114253446,0.5515508662481521,0
sample_09472.html,0.5859424419403477,1.2061135936936007,0.2968244370076003,0.28883116861677827,-0.2507808283658661,-0.18426086464009395,-0.44887348689285445,0.5961735839794771,0.4798536297240416,-0.22116756731375445,-0.002992550512523074,-0.058779514490165156,-0.3319801431881444,0
sample_08165.html,0.25875302456178295,0.9002490243670904,-0.021653471751118984,0.08637140778901715,0.5252599499597111,-0.32439188771775945,-0.44887348689285445,0.6943410729077683,-0.000518931291806388,-0.222233109765599,-0.01584868809819045,-0.06948820102608798,-0.2323758133271451,0
sample_06865.html,-0.3714492522609699,-0.3669041914141667,-0.18089242613047862,-0.40955275383453904,0.27677977152693045,-0.31829923454046966,-0.10977361938621372,0.4052365196263303,0.13248854390654743,-0.25056987934434005,-0.02613359816672435,-0.09235269390008537,-0.02408649004252883,1
sample_02198.html,-0.43806910079125244,-0.4542940683645982,-0.26051190332015844,0.5270792710050022,-1.1300799278875706,-0.32439188771775945,-0.44887348689285445,0.5825849800243423,-0.48378109239319006,-0.2632342953605341,-0.01584868809819045,-0.1034955163766537,0.17254249956770962,0
sample_05816.html,-0.44344166922111394,-0.4805110314497277,-0.5789898120788778,-0.4453410953950019,0.7087154325574094,-0.31220658136317986,-0.10977361938621372,-1.9925510562714843,-0.9865050238057802,-0.2694832578645808,-0.002992550512523074,-0.10089070073278059,0.37650090845157924,1
sample_07073.html,-0.45150052186590617,-0.4805110314497277,-0.4993703348891979,-0.4913546774013112,-2.256016803315404,-0.3304845408950493,-0.44887348689285445,0.9351927808084116,2.2837130508850603,-0.19098829724536556,-0.01970552937389066,-0.10364022835686888,-1.5198422527019813,1
sample_03961.html,-0.42195139550166794,-0.44555508066955507,-0.5789898120788778,-0.4688591484204489,0.32103522205746726,-0.31220658136317986,-0.10977361938621372,-1.9925510562714843,0.5085048947738157,-0.26943886026242064,-0.02613359816672435,-0.10175897261407163,-0.5993294962936854,1
sample_00862.html,0.2668118772065752,1.2935034706440323,1.8095945036115169,0.4524350157503226,1.2400730383542358,-0.30002127500860026,-0.10977361938621372,0.5609669860022551,0.45759677256669523,0.0795928891199101,-0.002992550512523074,-0.06847521716458177,-0.08344032348499249,0
sample_09649.html,-0.35533154697138547,-0.3669041914141667,-0.4993703348891979,-0.3257057821785976,0.9597891905515219,-0.29392862183131047,-0.10977361938621372,0.3583811095225799,-0.3463099801321691,-0.260859023644964,-0.004278164271089811,-0.10103541271299576,0.5121214684886306,1
sample_00573.html,0.5907777535272231,1.2323305567787302,0.21720495981792048,0.3154167937759792,0.9621493145833755,0.25441016412477213,0.9075259831337085,0.2308913911631087,-0.22064848292549416,-0.16285131687634538,-0.02613359816672435,-0.0639891457779114,0.9905805683819539,0
sample_05228.html,0.6133425409326414,0.05256721794790462,1.0930192089043984,0.43914220317072206,0.8695833038747028,1.0220844644632878,-0.44887348689285445,0.5115376302829854,0.15301060428450822,5.205395953118662,-0.02613359816672435,-0.0655809775602783,-1.1298872337424586,0
sample_04701.html,0.3543847426133175,0.2885198857140697,-0.4197508576995181,0.31643931782056384,0.9294262547157216,0.5895060888757114,0.22932624812042704,-0.5165103502920579,0.6249392057647946,-0.23273314267648385,-0.02613359816672435,-0.08063102350265633,0.7660549281660312,1
sample_01526.html,0.7729078232995277,1.3634153722043776,-0.4993703348891979,0.6589848727564223,0.10435913086360545,-0.12333433286719588,0.5684261156270678,0.3863716245465711,-0.6550840019062154,-0.26768515497709316,-0.02613359816672435,-0.015800056366258686,0.8918686792441829,0
sample_08551.html,-0.26829593840762933,-0.2358193759885194,-0.26051190332015844,-0.17743979571382307,-0.22833364528898234,-0.20863147734925316,-0.44887348689285445,0.5308582312980962,-0.0017821095044510341,-0.2550540371625192,-0.002992550512523074,-0.08743248657276947,0.6194665687687306,0
sample_08782.html,-0.4520377787088923,-0.4805110314497277,-0.4993703348891979,-0.49237720144589586,-2.256016803315404,-0.3365771940723391,-0.44887348689285445,-0.0418914742284984,-1.3014291554306419,-0.26880619443163795,-0.027419211925291086,-0.10364022835686888,-0.48100728776557167,1
sample_03629.html,0.013226647317112823,0.31473684879919916,0.45606339138695995,-0.24390385861182545,0.08876039048301268,-0.2878359686540206,-0.44887348689285445,0.5495817201037438,0.22154225382414888,-0.04712896684581114,-0.02613359816672435,-0.0655809775602783,-0.6432122450996103,0
sample_00193.html,0.2845413530251181,0.6817743319910116,1.3318776404734378,0.2816735003046857,0.7732365902085194,-0.2573727027675716,0.22932624812042704,0.4433132545494133,-0.21250901140123257,-0.1308961427215489,-0.011991846822490236,0.03701981641227957,0.5248893642421446,0
sample_05156.html,-0.3273941911361057,-0.4018601421943393,-0.4197508576995181,-0.38194460463075347,-0.41122075944918435,-0.22690943688112258,-0.10977361938621372,-0.040176184238764685,0.11559122578564986,-0.2664198233155277,0.0034355182803106135,-0.08613007875083291,0.04217646769475293,1
sample_09795.html,-0.07810701599053252,-0.4105991298893824,-0.4993703348891979,0.0015019120884910355,-0.12429169862301674,0.8088416032581446,-0.10977361938621372,0.44651127968764137,-1.087083614221443,-0.26405565100049766,-0.024847984408157612,-0.058490090529734806,1.0503963651579864,0
sample_02366.html,0.04385028736732332,-0.026083671307483746,0.13758548262824066,0.005592008266829643,0.37390222565687226,0.2787807768339313,-0.44887348689285445,0.46858912704326094,-0.4627575296203772,-0.22446408927414854,-0.02613359816672435,-0.07093532082823971,0.42830716349020537,0
sample_02026.html,-0.13183270028914743,-0.11347354825791527,0.6153023457663196,-0.25208405096850267,0.8744166854242634,-0.17816821146280412,-0.10977361938621372,0.8128098487010575,1.6717886364962726,0.44007921985956977,-0.02613359816672435,-0.03967753310176228,-1.226545483153126,0
sample_08567.html,-0.39240226913742976,-0.34942621602408036,-0.4197508576995181,-0.38807974889826136,0.046120251881593056,-0.3304845408950493,-0.10977361938621372,0.5152092167262775,0.3888133829980902,-0.19250891511935206,-0.0209911431324574,-0.08540651884975704,-1.1008376500080288,1
sample_06162.html,-0.4278612207745156,-0.4542940683645982,-0.5789898120788778,-0.45249876370709446,-0.30790964141511107,-0.32439188771775945,-0.10977361938621372,-1.9925510562714843,-0.6068170925125972,-0.2694943572651209,-0.014563074339623712,-0.1019036845942868,-0.30612715850124467,1
sample_07733.html,-0.33115498903700874,-0.34942621602408036,-0.4993703348891979,-0.4003500374332772,0.4618700726624893,-0.2817433154767308,-0.10977361938621372,0.3316516123233787,0.10282095574229667,-0.26031515301850167,-0.004278164271089811,-0.09582578142524951,-0.3917082617145721,1
sample_05231.html,0.2404862919002539,0.3846487503595444,0.2968244370076003,0.13749761001824976,0.11409046986121507,0.14474240693355558,0.22932624812042704,0.46184191177554323,-0.4171041843834379,-0.22241070017423978,-0.02613359816672435,-0.07990746360158046,0.3061990407382944,0
sample_05524.html,-0.4520377787088923,-0.4805110314497277,-0.4993703348891979,-0.49237720144589586,-2.256016803315404,-0.3365771940723391,-0.44887348689285445,0.12279681337195024,-2.0737394212202047,6.247674061431274,-0.027419211925291086,-0.10364022835686888,-1.5524626293043005,1
sample_02295.html,-0.08616586863532476,0.2360859595438108,-0.26051190332015844,-0.09870544428080485,0.17722651294581057,-0.2573727027675716,-0.44887348689285445,0.5369312948086237,0.1500964482157886,-0.13897650631470343,-0.02613359816672435,-0.07455312033361905,-0.8228143272390932,0
sample_02487.html,-0.3064411742596459,-0.4805110314497277,-0.4993703348891979,-0.20504794491760867,0.2503150567308094,0.053352609274208505,0.22932624812042704,0.10053752632824516,-0.46161137344001696,-0.2612697014649457,-0.008135005546790024,-0.09032672617707294,0.014081866328659542,1
sample_01506.html,-0.44344166922111394,-0.4717720437546845,-0.5789898120788778,-0.4913546774013112,-0.7829181474098523,-0.3365771940723391,-0.44887348689285445,-1.9925510562714843,-0.8836071058427817,-0.2694943572651209,0.08700041258714855,-0.1024825325151475,-0.8249123862667778,1
sample_09409.html,-0.4214141386586818,-0.4805110314497277,-0.5789898120788778,-0.4565888598854331,-0.2176315057962528,-0.2817433154767308,-0.10977361938621372,-1.9925510562714843,-0.6603472534716854,-0.26943886026242064,-0.0017069367539563366,-0.10320609241622336,-0.6114483252846218,1
sample_06366.html,-0.43054750498944633,-0.4542940683645982,-0.34013138050983827,-0.4535212877516791,-0.8780577223610432,-0.32439188771775945,-0.44887348689285445,0.6024675986471986,0.5547821128834729,-0.253378027680972,0.007292359556010826,-0.09900944498998333,-0.7055416762499681,1
sample_02931.html,-0.43054750498944633,-0.4717720437546845,-0.4993703348891979,-0.44840866752875586,-0.4802532427832406,-0.30002127500860026,-0.10977361938621372,0.15641832936714456,1.0097295232428287,-0.25876123694289505,-0.011991846822490236,-0.10364022835686888,0.526540205527383,1
sample_07711.html,-0.2521782331180448,-0.2969922898538215,0.2968244370076003,-0.23981376243348684,0.3539764640403642,0.07163056880607792,-0.44887348689285445,0.5451320435020349,-0.16100635680717232,-0.22389801984660612,-0.02613359816672435,-0.09264211786051571,0.02072615667786799,0
sample_03588.html,-0.40959448811298654,-0.42807710527946874,-0.18089242613047862,-0.412620325968293,-0.7835492446437979,-0.30611392818589006,-0.10977361938621372,0.48575008382720525,-0.455100749516014,-0.25765129688889027,-0.01970552937389066,-0.09770703716804677,0.5612287718830602,0
sample_02242.html,-0.4520377787088923,-0.4805110314497277,-0.5789898120788778,-0.4903321533567266,-1.3384300946045464,-0.3365771940723391,-0.44887348689285445,-1.9925510562714843,-0.012986168245264116,-0.2694943572651209,-0.027419211925291086,-0.10364022835686888,-0.7835202864442408,1
sample_08739.html,-0.2408958394153357,-0.3669041914141667,-0.4197508576995181,-0.3533139313823832,0.10904868069703597,-0.31829923454046966,0.22932624812042704,0.7512390644355861,0.9903511701421196,-0.19991221527956368,-0.02613359816672435,0.02529814601485053,0.3811513106599943,1
sample_09152.html,-0.42678670708854327,-0.46303305605964135,-0.5789898120788778,-0.4340933309045707,-0.024049137897478624,-0.31829923454046966,-0.10977361938621372,-1.9925510562714843,0.0435489745043271,-0.2694832578645808,-0.014563074339623712,-0.0932209657813764,-1.2170408871051321,1
sample_03401.html,-0.4520377787088923,-0.4805110314497277,-0.4993703348891979,-0.4903321533567266,-1.1508941274164883,-0.3365771940723391,-0.44887348689285445,0.8526984975040278,1.9638518790988715,-0.2501148039221981,-0.027419211925291086,-0.10364022835686888,-1.3413525435374123,0
sample_02152.html,-0.3209471090202719,-0.44555508066955507,-0.4993703348891979,-0.34002111880278274,-0.2593024669299178,-0.08068576062616724,-0.10977361938621372,-0.07587976015261777,-0.6648192415257006,-0.2684177154127363,0.0021499045217438758,-0.10277195647557784,-0.5242034995800174,0
sample_01602.html,-0.44182989869215544,-0.46303305605964135,-0.4993703348891979,-0.45863390797460235,0.07178597089648438,-0.3304845408950493,-0.44887348689285445,-0.045924347023679084,-0.3535203465736707,-0.2690836794451391,0.0034355182803106135,-0.1034955163766537,0.12219415455221747,0
sample_00730.html,-0.20973494252213906,-0.2882533021587783,-0.18089242613047862,-0.20300289682843936,-0.5235918584785499,-0.025851882030558975,-0.10977361938621372,0.3508968716895495,0.09994752459745093,-0.23275534147756397,-0.013277460581056975,-0.0720930166699611,0.0036592105595975315,0
sample_05774.html,1.0512068679663529,1.739191843091233,2.7650282298876747,0.2192995335850219,0.24966425303773607,-0.3304845408950493,-0.44887348689285445,0.7052294977891383,0.51884057144356,0.0033844050119446077,-0.01584868809819045,0.10532387107384136,-0.4829795464318528,0
sample_05029.html,-0.33545304378089796,-0.2532973513786057,-0.5789898120788778,-0.35229140733779857,-1.744236050644079,-0.31829923454046966,-0.10977361938621372,-1.9925510562714843,0.024783436873677053,-0.2694943572651209,-0.002992550512523074,-0.10364022835686888,0.3119036288542644,1
sample_02797.html,-0.1522484603226211,-0.4805110314497277,-0.021653471751118984,0.3338222265785029,-0.8241803357782393,0.25441016412477213,-0.44887348689285445,0.6854124208755276,-0.16293352767211322,-0.24847209264227108,-0.014563074339623712,0.00199951720020763,0.3921570756801463,0
sample_09935.html,-0.35049623538451014,-0.3581652037191235,-0.4993703348891979,-0.42693566259247817,-0.27329381672390685,-0.30002127500860026,-0.10977361938621372,0.2741468363408209,0.2591509909873889,-0.26010426440824075,-0.004278164271089811,-0.08120987142351702,-0.31735415953887597,1
sample_02505.html,0.036865948408503386,0.646818381210839,-0.4993703348891979,0.12931741766157254,0.002738347381782707,0.11427914104710657,-0.10977361938621372,0.41018090868118773,0.758432619561613,-0.2658648532885254,-0.02613359816672435,0.09432576057748819,0.8010646641872501,1
sample_09219.html,0.7175703684719543,1.4333272737647227,0.45606339138695995,0.4555025878840765,0.8250746065705482,0.053352609274208505,0.5684261156270678,0.5175565183440899,-0.11964735758355685,0.8930901535010647,-0.022276756891024138,0.10836282265836,0.7920277810799744,0
sample_00770.html,-0.017396992733097676,0.35843178727441494,-0.26051190332015844,-0.2766246280385343,0.4635330701045667,-0.3365771940723391,-0.10977361938621372,0.5707147093616571,0.934057098856231,-0.2562749712219244,0.0034355182803106135,0.4121132691300088,-0.8198546615491941,0
sample_08391.html,-0.3096647153175628,-0.3406872283290372,-0.4993703348891979,-0.37376441227407625,0.06381297614258408,-0.2695580091221512,-0.10977361938621372,0.3316516123233787,-2.6903216724904446,-0.26031515301850167,-0.02613359816672435,-0.0910502860781488,3.5660843661725488,1
sample_02716.html,0.23511372347039242,0.7866421843315294,-0.021653471751118984,-0.11608835303874394,0.4792511090525719,-0.31220658136317986,-0.10977361938621372,0.6687853005608142,-0.10237310151564809,-0.21868130159278384,-0.02613359816672435,-0.061673754094468625,-0.03354358990266986,0
sample_03406.html,-0.33115498903700874,-0.34942621602408036,-0.4993703348891979,-0.4003500374332772,0.4618700726624893,-0.2817433154767308,-0.10977361938621372,0.3316516123233787,0.104083618938514,-0.26031515301850167,-0.004278164271089811,-0.09582578142524951,-0.3918705153675585,1
sample_09822.html,0.04976011264017096,0.34095381188432866,0.3764439141972801,-0.15187669459920677,-0.043047012346887674,-0.2878359686540206,0.22932624812042704,0.7125960941047115,0.3468757344941077,-0.19757024176561366,-0.022276756891024138,0.0028677890814986697,-0.13965966928232232,0
sample_05417.html,1.862464700875438,1.2935034706440323,-0.021653471751118984,0.8266788160683052,0.5563659537494375,1.9116118283475996,-0.10977361938621372,0.6251575207936118,-1.1053750612065072,-0.19769233517155418,-0.02613359816672435,0.10590271899470206,1.588480520891771,0
sample_04696.html,0.04385028736732332,0.2623029226289403,2.3669308439392753,-0.11506582899415929,-0.05348383531398912,-0.2817433154767308,-0.44887348689285445,0.7040771241233793,0.8642089360028841,0.31162585740960114,-0.023562370649590873,-0.038953973200686415,-1.0717169588872275,0
sample_02322.html,-0.043185321196432834,-0.2008634252083468,1.8892139808011965,0.10170926845778692,0.562233082609169,0.2483175109474823,0.5684261156270678,0.6644541535111298,0.2602440283735837,-0.013619876615408017,-0.02613359816672435,-0.08019688756201081,0.0718642317473857,0
sample_08272.html,-0.42410042287361255,-0.4805110314497277,-0.4993703348891979,-0.4494311915733405,-0.4314309323871502,-0.25128004959028183,-0.10977361938621372,-0.06795741005321967,0.06064671899259688,-0.2673188747592716,-0.01584868809819045,-0.10002242885148954,-0.37046252458832674,1
sample_08335.html,0.49944409021957775,-0.2183414005984331,0.13758548262824066,1.415652665749065,0.5588245252919191,1.2718832447321697,-0.10977361938621372,0.5155929782668535,1.2511688348522654,-0.08887381227692943,-0.02613359816672435,0.033402016906900235,-0.6436186158597496,0
sample_03590.html,0.23887452137129545,0.5856454673455369,1.0930192089043984,0.4534575397949072,1.1431959096553979,0.18129832599729442,1.2466258506403491,0.4999876934497197,-0.9633772918978658,-0.22912583750096846,-0.02613359816672435,-0.053569883202418914,1.0417299471009003,1
sample_08879.html,-0.30268037635874284,-0.3319482406339941,-0.4993703348891979,-0.36660674396198367,0.1450017406474816,-0.2695580091221512,-0.10977361938621372,0.343253371727165,-2.6719057692109867,-0.25871683934073486,-0.02613359816672435,-0.0910502860781488,3.551261852867586,1
sample_08695.html,0.06050524949989394,0.15743507028842244,-0.18089242613047862,-0.13244873775209837,0.44396633667580887,-0.08068576062616724,0.22932624812042704,0.6825634525568337,-0.3088171242398319,-0.22505235750277106,-0.02613359816672435,-0.08280170320588393,0.3790279064252863,0
sample_06145.html,1.4992790750168012,2.0625343878078297,1.8892139808011965,0.3593853276931192,0.4258453088165074,-0.2208167837038328,0.9075259831337085,0.6315780655784738,0.829798139259346,-0.0723357054722588,-0.02613359816672435,1.1510126401086838,-0.3657538310112895,0
sample_06076.html,-0.23713504151443265,-0.4018601421943393,-0.18089242613047862,0.9350663647942783,1.291254709717075,0.6930811928896381,1.9248255856536307,0.06227337192826903,-0.7290319349921088,-0.2604594452255223,-0.02613359816672435,-0.08757719855298464,1.6671184845607308,1
sample_00622.html,-0.13881703924796737,-0.31447026524390775,-0.34013138050983827,-0.2612867673697645,0.051502695110290854,0.016796690210469666,-0.10977361938621372,0.4728011536507796,1.1995968307213805,-0.24514227248025686,-0.02613359816672435,0.3527813572417877,-1.0279207931676413,0
sample_00677.html,0.2797060414382428,0.07878418103303408,-0.18089242613047862,0.3430249429797648,0.28293281361403927,0.8697681350310427,-0.10977361938621372,0.5920761633551818,-0.3591230042641173,-0.21016806137856747,-0.01970552937389066,-0.023469791317662872,0.41250819479428874,0
sample_00812.html,-0.3821943891206929,-0.2882533021587783,-0.5789898120788778,-0.37376441227407625,1.0331786181745206,-0.31829923454046966,-0.44887348689285445,-1.9925510562714843,-0.8910058627177843,-0.2694943572651209,-0.02613359816672435,-0.10204839657450197,0.6851468735729501,1
sample_04300.html,0.04385028736732332,0.017611267167732012,0.21720495981792048,0.10170926845778692,-0.5874458549854167,0.2787807768339313,-0.44887348689285445,0.46641277523555635,0.4112779797560574,-0.20987947696452625,-0.02613359816672435,-0.061384330134038274,-0.3489787198282097,0
sample_06851.html,0.32000030466220397,0.20986899645868135,1.0930192089043984,0.3327997025339183,-0.2856286490731343,0.39454118720243764,2.6030253206669123,0.11095398438542466,-0.26693933609502696,0.18347217877421376,-0.02613359816672435,0.015457731360218746,1.0306828918180715,0
sample_04446.html,-0.42195139550166794,-0.44555508066955507,-0.5789898120788778,-0.4688591484204489,0.32103522205746726,-0.31220658136317986,-0.10977361938621372,-1.9925510562714843,0.5143483406689278,-0.26943886026242064,-0.02613359816672435,-0.10175897261407163,-0.5984787500005296,1
sample_04225.html,-0.4106690017989588,-0.4368160929745119,-0.5789898120788778,-0.43511585494915533,0.23683154493209693,-0.29392862183131047,-0.10977361938621372,-1.9925510562714843,0.05230295590268733,-0.26943886026242064,-0.02613359816672435,-0.10118012469321093,-0.34285285890908174,1
sample_08670.html,-0.317723567962355,-0.4193381175844256,-0.021653471751118984,-0.08132253552286578,0.1680566566315395,-0.10505637333532646,-0.44887348689285445,0.6153907170720357,0.8381748427998532,-0.16178577442450084,0.0034355182803106135,0.0041701969034352296,-0.007924305234234092,1
sample_03487.html,-0.4520377787088923,-0.4805110314497277,-0.4993703348891979,-0.49237720144589586,-2.256016803315404,-0.3365771940723391,-0.44887348689285445,-0.4122800789532711,-4.9049900538397475,2.8508801165584066,-0.027419211925291086,-0.10364022835686888,-1.552317911301235,1
sample_04591.html,0.7132723137280651,0.6905133196860547,0.21720495981792048,1.2776119197301368,1.1297032774118643,1.1987714066046922,-0.44887348689285445,0.6309187880361341,0.3328713331645261,-0.09992881521481664,-0.02613359816672435,-0.06196317805489897,0.3118726644166716,0
sample_00530.html,-0.4520377787088923,-0.4805110314497277,-0.5789898120788778,-0.49237720144589586,-2.256016803315404,-0.3365771940723391,-0.44887348689285445,-1.9925510562714843,-1.2972817976803461,-0.2694943572651209,-0.027419211925291086,-0.10364022835686888,-1.3042592724394466,1
sample_08796.html,-0.09691100549504775,0.27978089801902656,-0.18089242613047862,-0.11199825686040533,1.2658886209332265,-0.18426086464009395,-0.44887348689285445,0.26171147952010937,-0.6442565489268188,-0.23777227052166539,-0.02613359816672435,-0.07831563181921355,0.39798111481810644,0
sample_07861.html,-0.44720246712201694,-0.4805110314497277,-0.5789898120788778,-0.46579157628669493,-0.5633257970126022,-0.29392862183131047,-0.10977361938621372,-1.9925510562714843,0.639146330435008,-0.2694943572651209,-0.02613359816672435,-0.1034955163766537,-0.15617507031936026,1
sample_03647.html,-0.22262910675380662,-0.270775326768692,0.13758548262824066,-0.2704894837710264,0.6139455747615042,0.010704037033179861,0.22932624812042704,0.6966730385715965,1.138124549957342,0.22996756763647236,-0.02613359816672435,-0.0531357472617734,-0.4194826712394688,1
sample_02267.html,-0.12484836133032749,0.1486960825933793,0.21720495981792048,-0.08234505956745043,0.06512162068469506,-0.17816821146280412,-0.44887348689285445,0.24850271742099075,-0.0023654995110170556,-0.14800031895376195,-0.02613359816672435,-0.09133971003857914,0.8745400021428908,0
sample_08790.html,0.24639611717310153,-0.08725658517278581,3.003886661456714,0.5403720835846026,0.8429671267114065,0.760100377839826,0.22932624812042704,-0.30390958508354043,-2.529578075229769,1.394006099873404,-0.02613359816672435,-0.009722153197221407,3.7020285991054647,0
sample_00869.html,-0.3370648143098564,-0.34942621602408036,-0.18089242613047862,-0.3860347008090921,0.05815588398090847,-0.31829923454046966,0.22932624812042704,0.9362950385419789,1.8337075656178303,0.19198541898843013,-0.02613359816672435,-0.06297616191640518,-0.5782589461770969,1
sample_03433.html,0.13894474857587172,0.4021267257496307,-0.1012729489407988,0.2683806877250852,0.31803372969311844,-0.11724167968990606,0.5684261156270678,0.5596625651845432,-0.014180321381431634,-0.08657623636513961,-0.02613359816672435,-0.07527668023469491,-0.08976382226073909,0
sample_03870.html,-0.3273941911361057,-0.3406872283290372,-0.4993703348891979,-0.3931923691211846,0.4911933928541008,-0.2817433154767308,-0.10977361938621372,0.343253371727165,0.014887177368646334,-0.25871683934073486,-0.004278164271089811,-0.09582578142524951,-0.20254721649351112,1
sample_02553.html,1.0270303100319762,1.3808933475944638,0.05796600543856084,0.7407867963231944,0.8096228046711544,-0.13551963922177548,-0.10977361938621372,0.3784156733360661,-0.09018751417008931,-0.23455344436505163,-0.02613359816672435,0.0704482838419846,-0.21755773282587984,1
sample_08935.html,0.17655272758490215,-0.3406872283290372,-0.5789898120788778,-0.180507367847577,-0.31579475044840183,-0.17207555828551432,-0.44887348689285445,-1.9925510562714843,1.9880033555079626,-0.26943886026242064,-0.02613359816672435,0.6835929440136739,-0.7501916521123246,0
sample_07181.html,-0.43269653236139094,-0.4717720437546845,-0.34013138050983827,-0.42489061450330884,-0.3350834738240788,-0.30611392818589006,-0.44887348689285445,0.5431772720985447,-1.2440573787975582,-0.2437215492111308,0.006006745797444088,-0.09061615013750328,-1.4132478738033687,1
sample_02351.html,-0.23928406888637727,-0.052300634392613204,0.45606339138695995,0.04956054218396968,0.9267022879186725,-0.23300209005841238,-0.10977361938621372,0.6064738187526441,1.2696332707046145,-0.07845147516982491,-0.02613359816672435,-0.03967753310176228,-0.4700628910013141,0
sample_05279.html,-0.4520377787088923,-0.4805110314497277,-0.5789898120788778,-0.48828710526755725,-0.4857802989613899,-0.3365771940723391,-0.44887348689285445,-1.9925510562714843,-2.374105694263592,-0.2694943572651209,-0.027419211925291086,-0.10364022835686888,-0.06926926283400898,0
sample_09217.html,0.8266335075981426,0.49825559039510536,0.21720495981792048,1.1201432168641003,0.8616505577770299,1.5887012099512396,9.385022670799726,0.5716007867568685,-0.21644640467994875,-0.1466239932867961,-0.02613359816672435,0.3323769680314483,-0.1869815436486625,0
sample_08154.html,-0.41872785444375105,-0.44555508066955507,-0.4993703348891979,-0.41466537405746234,-0.8807664702485071,-0.30002127500860026,-0.10977361938621372,0.40973863008096567,0.42220264208583586,-0.25702973045864763,-0.014563074339623712,-0.10045656479213506,-0.37157295495220827,1
sample_00023.html,-0.43806910079125244,-0.4542940683645982,-0.5789898120788778,-0.48215196100004937,-0.9606002794267361,-0.3304845408950493,-0.44887348689285445,-1.9925510562714843,-0.4512635732836063,-0.2694610590635007,-0.002992550512523074,-0.1019036845942868,-0.5789548833199463,1
sample_00225.html,-0.2693704520936016,-0.3669041914141667,-0.4993703348891979,-0.4259131385478935,0.5347124189419791,-0.29392862183131047,-0.10977361938621372,0.303353647982437,2.3283458601731537,-0.2271723430059201,-0.02613359816672435,0.17304907781454246,-1.460092582926989,1
sample_05662.html,-0.10389534445386768,0.03508924255781832,-0.021653471751118984,-0.274579579949365,0.4539793799305768,-0.2817433154767308,-0.44887348689285445,0.8674976032749515,1.3183453293957672,-0.21416384557298454,-0.0209911431324574,-0.06239731399554449,-0.6945053248843033,1
sample_08607.html,0.39467900583727866,0.7953811720265725,1.650355549232157,0.23156982212003774,0.23005389166443055,-0.21472413052654296,0.9075259831337085,0.5370568922224268,0.2774531837901781,0.025594305492579468,-0.02613359816672435,0.1425148499891409,0.2669258732337939,0
sample_09040.html,0.7965471243909182,1.6518019661408017,3.8000814333535122,0.5669577087438036,1.6856418688410706,-0.245187396412992,0.5684261156270678,0.30447430730708797,-0.9866381658521969,0.20812394737365905,-0.02613359816672435,-0.07498725627426457,1.3284469627073197,0
sample_07970.html,-0.42624945024555716,-0.44555508066955507,-0.4993703348891979,-0.44431857135041725,0.2790832107224478,-0.31220658136317986,-0.10977361938621372,0.19302040253636527,-0.5444727086838165,-0.2581618693137325,-0.018419915615323922,-0.10146954865364127,0.6345159373217419,1
sample_05807.html,-0.4343083028903494,-0.4542940683645982,-0.5789898120788778,-0.42284556641413956,-0.8518486283188651,-0.30002127500860026,-0.44887348689285445,-1.9925510562714843,0.15748023356329208,-0.2694943572651209,-0.002992550512523074,-0.10103541271299576,-0.11805617882237282,0
sample_07356.html,-0.3821943891206929,-0.2882533021587783,-0.5789898120788778,-0.37376441227407625,0.9995864574331776,-0.31829923454046966,-0.44887348689285445,-1.9925510562714843,-0.08397322039720032,-0.2694943572651209,-0.02613359816672435,-0.10204839657450197,0.2472276669913195,1
sample_06093.html,-0.400461121782222,-0.4805110314497277,-0.5789898120788778,-0.36558421991739903,0.03349143356066756,-0.245187396412992,-0.10977361938621372,-1.9925510562714843,-1.3355601875264023,-0.26939446266026046,-0.0017069367539563366,-0.1034955163766537,1.0061440378626116,1
sample_03020.html,-0.4246376797165987,-0.46303305605964135,-0.4197508576995181,-0.46272400415294096,-0.3403204744214257,-0.2817433154767308,-0.44887348689285445,0.29923831615246704,0.2362018204244866,-0.2649103048420813,-0.02613359816672435,-0.09640462934611022,-0.2944677896135542,1
sample_06152.html,-0.4450534397500724,-0.4805110314497277,-0.34013138050983827,-0.45249876370709446,-1.3967092525231477,-0.29392862183131047,-0.10977361938621372,0.3284364970108883,0.14293611562006023,-0.2653542808636832,-0.01970552937389066,-0.10364022835686888,-0.3666376147296495,1
sample_09982.html,0.28937666461199346,0.4458216642248465,0.2968244370076003,-0.16721455526797654,0.18983461949961314,-0.2208167837038328,-0.44887348689285445,0.5544951988553517,0.1606110776430313,-0.15579209813287523,-0.02613359816672435,-0.07455312033361905,-0.534075366452007,0
sample_03167.html,-0.4337710460473632,-0.46303305605964135,-0.4993703348891979,-0.48828710526755725,-0.9915621547527916,-0.3365771940723391,-0.44887348689285445,0.5180764225268788,0.4507107042433139,-0.26636432631282747,0.08700041258714855,-0.09872002102955299,-1.0055610142462665,1
sample_06303.html,-0.06413833807289265,0.17491304567850874,-0.18089242613047862,-0.28071472421687294,-0.2183860257828188,-0.29392862183131047,-0.10977361938621372,0.6875102658635193,0.1622627069948863,-0.19411832819765892,-0.02613359816672435,-0.0693434890458728,-0.48119260503544303,0
sample_01875.html,-0.353719776442427,-0.4193381175844256,-0.1012729489407988,-0.36660674396198367,0.5583848726141968,-0.21472413052654296,-0.10977361938621372,0.2737464798666921,-0.06426924816123675,-0.20992387456668643,-0.0209911431324574,-0.09886473300976815,0.4631200308766237,1
sample_07312.html,-0.43538281657632166,-0.4805110314497277,-0.4993703348891979,-0.3165030657773357,0.8275359639062684,-0.1537975987536449,-0.10977361938621372,-0.17131392189562852,-0.9261970973275087,-0.2650323982480218,-0.02613359816672435,-0.10335080439643853,1.555125250624696,1
sample_02989.html,-0.4450534397500724,-0.46303305605964135,-0.5789898120788778,-0.4637465281975256,-1.557239237400944,-0.3304845408950493,-0.10977361938621372,-1.9925510562714843,-0.8872438814586383,-0.2694943572651209,-0.01584868809819045,-0.10306138043600818,-1.027436013932688,1
sample_06369.html,0.12443881381524569,0.00013329177764570985,-0.18089242613047862,0.07001102307566272,0.3503316411761086,0.5042089443936542,-0.10977361938621372,0.5948415185340201,-0.31355652942281276,-0.21127800143257222,-0.017134301856757187,-0.050965067558545796,0.3730457856848789,0
sample_02881.html,0.13894474857587172,0.35843178727441494,1.3318776404734378,0.28371854839385496,0.5751939008673563,-0.08068576062616724,0.5684261156270678,0.4052130981394621,-0.2715099523696756,2.951329691445835,-0.02613359816672435,-0.03171837418992775,0.9063783669846815,0
sample_09528.html,-0.4520377787088923,-0.4805110314497277,-0.4993703348891979,-0.49237720144589586,-2.256016803315404,-0.3365771940723391,-0.44887348689285445,0.7697390010992521,1.3592723457167761,2.1264777403122124,-0.027419211925291086,-0.10364022835686888,-1.5522331665246654,1
sample_07845.html,-0.10335808761088153,-0.39312115449929613,-0.1012729489407988,-0.035308953516556434,0.7850567533129633,0.601691395230291,-0.10977361938621372,0.5742136349867418,-0.518353153655078,-0.24045832545235685,-0.02613359816672435,-0.09958829291084402,0.6350376522416219,0
sample_07931.html,-0.07327170440365718,0.08752316872807724,-0.26051190332015844,-0.26230929141434917,-0.06200217331866005,-0.22690943688112258,-0.10977361938621372,0.17090620062839765,-0.39606495481094833,-0.22257719118234048,-0.02613359816672435,-0.05602998686607686,0.6232909440834328,0
sample_07650.html,-0.3666139406740946,-0.2969922898538215,-0.4993703348891979,-0.2592417192805952,0.7807143314852952,-0.31220658136317986,6.33312386323996,-0.41650874953288364,0.006610683149200484,-0.2629457109464929,-0.011991846822490236,-0.09336567776159158,0.09704478618869046,1
sample_08492.html,-0.180723073000887,-0.10473456056287211,0.13758548262824066,-0.2725345318601957,0.27318325189500536,-0.25128004959028183,-0.10977361938621372,0.6998919808323967,0.766941633397009,-0.14323867612208163,-0.02613359816672435,-0.0007500104238806627,-0.421541395653167,0
sample_04529.html,-0.4429044123781278,-0.4805110314497277,-0.5789898120788778,-0.4790843888662954,-1.100277820679305,-0.30611392818589006,-0.44887348689285445,-1.9925510562714843,-0.04486526526809608,-0.2694943572651209,-0.02613359816672435,-0.10161426063385645,0.31978156847248707,0
sample_06243.html,0.10133676956684128,0.20986899645868135,0.6153023457663196,-0.17948484380299237,-0.28239718947692805,-0.30002127500860026,0.9075259831337085,0.5512062582044474,0.6265741511595346,-0.12439189400508113,-0.02613359816672435,-0.039098685180901586,-0.058992237704067835,0
sample_07814.html,0.9507398383279431,0.34969279957937177,-0.18089242613047862,0.727493983743594,1.0364241460265824,1.5887012099512396,-0.10977361938621372,0.6012799492769909,0.02704949627208492,-0.20954649494832484,-0.01970552937389066,0.06842231611897218,0.1125340974710207,0
sample_03758.html,-0.35318251959944086,-0.34942621602408036,-0.4993703348891979,-0.4238680904587242,-0.5355417305386181,-0.275650662299441,-0.44887348689285445,0.4169844192227784,0.4720881373774245,-0.11436913531741832,-0.014563074339623712,-0.09466808558352813,-0.47359412761503206,0
sample_02050.html,0.14700360122066394,0.017611267167732012,0.6949218229559994,0.20702924505000608,0.10948474212390917,0.5773207825211318,-0.10977361938621372,0.5785171908169932,0.08203410224405515,0.0829893056851646,-0.02613359816672435,-0.031573662209712576,-0.08139680098044512,0
sample_03452.html,2.3003290279091497,3.6180741975255106,0.2968244370076003,0.5291243190941715,1.500917148563445,-0.3304845408950493,0.5684261156270678,0.720956516171478,-0.5673077413064178,-0.1874586878736305,-0.0209911431324574,0.03224432106517885,0.7921175062418748,0
sample_05010.html,0.7970843812339043,1.2410695444737734,4.516656728060631,0.2857635964830243,0.8316941539597721,-0.1477049455763551,0.22932624812042704,0.6857725201063023,0.6313224120499591,0.6674504399224408,-0.02613359816672435,0.03528327264969749,-0.6494813507664571,0
sample_05719.html,-0.3096647153175628,-0.3406872283290372,-0.4993703348891979,-0.37376441227407625,0.06381297614258408,-0.2695580091221512,-0.10977361938621372,0.3316516123233787,-2.6902995834359387,-0.26031515301850167,-0.02613359816672435,-0.0910502860781488,3.5660843661725488,1
sample_07646.html,0.4167065363997108,0.27104191032398345,-0.1012729489407988,0.36143037578228854,1.0728364137120718,0.4310971062661765,0.5684261156270678,0.42748075669328556,-0.7498897835046548,-0.16017636134619395,-0.01584868809819045,-0.08265699122566875,0.013770761735042677,0
sample_01949.html,-0.3402883553677733,-0.34942621602408036,-0.4197508576995181,-0.3829671286753381,-0.6320184317397499,-0.2208167837038328,-0.44887348689285445,0.5769686658533685,-0.6215245324648012,-0.2511248493713424,-0.02613359816672435,-0.09741761320761642,0.3310261312353552,0
sample_02539.html,-0.16890342245519172,-0.19212443751330363,-0.18089242613047862,-0.2428813345672408,0.9736039755588253,-0.08677841380345704,-0.10977361938621372,0.6237509803704573,0.4562321077922502,-0.14563614663873187,-0.02613359816672435,-0.0720930166699611,-0.5991023281418465,0
sample_05948.html,-0.4477397239650031,-0.4805110314497277,-0.4993703348891979,-0.4749942926879568,-1.514456932503265,-0.31220658136317986,-0.10977361938621372,0.3703367708508456,0.10285978025555965,-0.26836221841003605,-0.0107062330639235,-0.10320609241622336,-0.47897591635821873,1
sample_09804.html,-0.05231868752719737,0.08752316872807724,0.05796600543856084,-0.08643515574578904,-0.19262052086533046,-0.07459310744887743,-0.10977361938621372,0.701011816697985,0.5014060293885115,-0.23698421308332202,-0.02613359816672435,0.1274648040467629,-0.3891472876042893,0
sample_04259.html,0.14378006016274705,0.533211541175278,0.3764439141972801,0.374723188361889,-0.25375853853445723,-0.2878359686540206,0.5684261156270678,0.47979016728192825,0.5299196228224036,-0.20441857189882293,-0.02613359816672435,-0.061818466074683796,-0.3933547614597187,0
sample_04846.html,0.15828599492337309,0.19239102106859504,-0.18089242613047862,-0.0680297229432653,-1.5607830570920789,-0.3304845408950493,-0.44887348689285445,0.31248157273809096,0.33221058254063135,0.004782929479990581,-0.009420619305356762,0.08231466621962881,0.8340689998157205,1
sample_06261.html,-0.4300102481464602,-0.4805110314497277,-0.5789898120788778,-0.486242057178388,-1.6564056885908658,-0.31829923454046966,-0.44887348689285445,-1.9925510562714843,1.1032456007076077,-0.2694610590635007,0.03557586224447905,-0.07874976775985908,-1.1659366186826368,0
sample_07879.html,-0.3488844648555517,-0.4717720437546845,-0.1012729489407988,-0.14574155033169886,1.6517537417924004,-0.09896372015803664,-0.10977361938621372,0.291903238994899,-0.975535421142681,-0.18911249855409756,-0.006849391788223287,-0.09900944498998333,1.7029308970303034,1
sample_04709.html,-0.400461121782222,-0.4105991298893824,-0.4197508576995181,-0.16516950717880724,-0.18537053635403714,-0.06850045427158762,-0.44887348689285445,0.31819408693143375,-1.2937879880492307,-0.2613473972687261,-0.024847984408157612,-0.09524693350438883,1.7332800223569456,0
sample_00780.html,0.15828599492337309,0.19239102106859504,-0.18089242613047862,-0.0680297229432653,-1.5615035056161208,-0.3304845408950493,-0.44887348689285445,0.31253646385889255,0.33258496858125164,0.004782929479990581,-0.009420619305356762,0.08216995423941363,0.8340237069920584,1
sample_05803.html,-0.4520377787088923,-0.4805110314497277,-0.4993703348891979,-0.4903321533567266,-0.9312509968533539,-0.3365771940723391,-0.44887348689285445,0.6792945147753089,0.928000114275541,-0.26406675040103766,-0.027419211925291086,-0.10364022835686888,-1.18459720988079,1
sample_04486.html,0.47419301859922874,0.5769064796504938,0.13758548262824066,0.1150020810373874,-0.5260050155351674,-0.25128004959028183,-0.10977361938621372,0.6287622511976573,-0.35504804237280374,-0.25432147672687605,-0.011991846822490236,-0.034323189833800866,0.3678649072504523,0
sample_05542.html,-0.3854179301786098,-0.4805110314497277,-0.4197508576995181,-0.40750770574536976,-0.8744753194335517,-0.21472413052654296,-0.10977361938621372,0.47621091895452794,0.10863480106833243,-0.2574848058807896,-0.006849391788223287,-0.10204839657450197,-0.7507559089100425,1
sample_06905.html,-0.33115498903700874,-0.34942621602408036,-0.4993703348891979,-0.4003500374332772,0.4618700726624893,-0.2817433154767308,-0.10977361938621372,0.3316516123233787,0.104083618938514,-0.26031515301850167,-0.004278164271089811,-0.09582578142524951,-0.3918705153675585,1
sample_02515.html,0.3140904793893563,0.6293404058207527,0.2968244370076003,0.10682188868071019,0.25783371888783385,-0.1294269860444857,0.5684261156270678,0.6253328641656649,0.649881430668918,-0.10819786861715196,-0.009420619305356762,-0.017102464188195245,-0.6355974966820979,0
sample_08546.html,-0.3064411742596459,-0.4018601421943393,0.2968244370076003,-0.2173182334526245,-0.710510469660616,0.09600118151523715,-0.10977361938621372,0.5890669798115323,0.23108222754084828,-0.19732605495373262,-0.02613359816672435,-0.09191855795943984,0.0754847372049764,0
sample_00469.html,-0.1893191824886654,-0.4018601421943393,0.9337802545250389,0.23770496638754565,1.1230604928733863,0.2300395514156129,-0.44887348689285445,0.3283837048367424,-0.732630658619339,0.28920506831870535,-0.02613359816672435,-0.09278682984073088,1.8381886320847145,0
sample_04312.html,0.5961503219570846,2.2897480678789517,0.13758548262824066,1.2091028087429652,1.589337668802139,0.5346722102801031,-0.10977361938621372,0.6369038161985844,-1.8912549205579465,-0.22582931554057437,-0.02613359816672435,-0.022312095475941485,2.5435481033606586,0
sample_03419.html,-0.3940140396663882,-0.4105991298893824,-0.4993703348891979,-0.37580946036324553,-0.6891072807681635,-0.31220658136317986,0.22932624812042704,0.5775595788144166,1.4115044180747924,-0.2398811566242744,-0.02613359816672435,0.0008418213584862436,-0.4865859190682433,1
sample_08540.html,-0.2070486583072083,-0.13969051134304472,1.8095945036115169,-0.2152731853634552,-1.2849265009136577,-0.30002127500860026,-0.44887348689285445,0.7716829888790491,1.4484552861310387,7.696756298937164,-0.02613359816672435,-0.07310600053146732,-1.4424423319927593,0
sample_02780.html,-0.4332337892043771,-0.46303305605964135,-0.5789898120788778,-0.40750770574536976,-0.24129985345147925,-0.29392862183131047,-0.10977361938621372,-1.9925510562714843,-0.46118687372607775,-0.2694166614613405,-0.018419915615323922,-0.10291666845579302,-0.038778665881127224,1
sample_07084.html,0.12873686855913488,0.2885198857140697,-0.021653471751118984,0.12420479743864928,0.358696124665062,0.0472599560969187,0.5684261156270678,-0.14199116614981144,-1.0755707490565987,-0.16809023393124778,-0.02613359816672435,-0.0975623251878316,1.521502604068714,1
sample_08597.html,0.36351810894408204,0.5069945780901485,-0.1012729489407988,0.20805176909459072,1.2202655397167843,-0.31220658136317986,0.22932624812042704,0.6735587009631552,1.0446069454688598,0.43289790771015907,-0.02613359816672435,0.07334252344628807,-0.5912918714410894,0
sample_09497.html,0.0261208115487804,0.04382823025286147,0.3764439141972801,0.21418691336209864,1.0981615573913837,0.07163056880607792,-0.10977361938621372,0.24887026419808822,0.8557408633982626,-0.15944380091055083,-0.01970552937389066,-0.043440044587356785,0.28634270074274065,0
sample_06342.html,-0.23498601414248807,-0.017344683612440594,0.05796600543856084,0.1916913843812363,0.6245347079458974,0.06553791562878812,-0.10977361938621372,0.534826934492116,-1.0339202917372539,-0.2324334588619026,-0.02613359816672435,-0.05921365043081068,1.6655827918703636,0
sample_06066.html,0.6015228903869461,2.0363174247227,-0.021653471751118984,0.004569484222244991,0.33581889384105734,-0.31220658136317986,0.22932624812042704,0.7515573017460002,-0.3001647195311448,-0.22425320066388763,-0.018419915615323922,-0.06977762498651832,-0.3746858261604878,0
sample_02097.html,-0.4203396249727095,-0.4368160929745119,-0.4993703348891979,-0.3962599412549386,-0.8127942658771845,-0.25128004959028183,-0.44887348689285445,0.5302797920910469,-0.5257262369612515,-0.2649436030437014,-0.02613359816672435,-0.09177384597922467,0.4351935240342709,0
sample_03385.html,-0.2699077089365878,-0.2358193759885194,-0.5789898120788778,0.2786059281709317,1.15644590536391,0.24222485777019248,0.5684261156270678,-1.9925510562714843,0.4701976279567596,-0.2691724746494595,-0.02613359816672435,-0.03519146171509191,0.2595304964486759,1
sample_05780.html,-0.30482940373068745,-0.3232092529389509,0.21720495981792048,-0.3788770324969995,0.38309725706352027,-0.3304845408950493,-0.10977361938621372,0.6632362303676433,0.5931655815308997,-0.2272167406080803,-0.00042132299538959916,-0.06919877706565764,-0.45006690465163124,1
sample_04595.html,-0.4079827175840281,-0.44555508066955507,-0.5789898120788778,-0.4729492445987875,-1.1680996285521696,-0.2817433154767308,-0.44887348689285445,-1.9925510562714843,-0.05402684354129743,-0.26943886026242064,-0.002992550512523074,-0.0932209657813764,-0.9258764395490112,1
sample_08224.html,-0.04640886225434973,0.131218107203293,-0.4197508576995181,0.5434396557183566,0.617401260433067,-0.19035351781738374,-0.44887348689285445,0.4734884258880717,0.07834617004662012,2.01119936630328,-0.02613359816672435,0.02616641789614157,-0.44460511683936255,0
sample_08184.html,-0.10873065604074303,-0.11347354825791527,-0.4993703348891979,-0.16107941100046863,0.47786724203694303,0.07163056880607792,-0.10977361938621372,0.49733671314177386,-0.6697952967563658,-0.26259053012921135,-0.02613359816672435,-0.06210789003511414,0.668943541916216,0
sample_06120.html,-0.4450534397500724,-0.4717720437546845,-0.18089242613047862,-0.4238680904587242,-0.19155075203736846,-0.3304845408950493,-0.10977361938621372,0.7957819577550337,1.6924931903696574,-0.23395407673588908,0.009863587073144301,-0.1034955163766537,-0.22942046310202216,0
sample_04475.html,0.36566713631602665,0.6118624304306663,-0.26051190332015844,-0.14778659842086816,0.3857695473959904,-0.31829923454046966,-0.10977361938621372,0.7403604545453437,0.22941284557279312,-0.2357854778249969,-0.018419915615323922,0.040927039878089246,-0.3550651548697457,0
sample_08336.html,-0.4160415702288203,-0.4805110314497277,-0.5789898120788778,-0.39523741721035394,0.37607437526190635,-0.245187396412992,-0.10977361938621372,-1.9925510562714843,-0.1060777408459392,-0.2693500650581003,-0.005563778029656549,-0.10277195647557784,-0.2736918644909542,1
sample_02319.html,-0.3338412732519395,-0.3669041914141667,-0.34013138050983827,-0.11813340112791325,-0.06245920692376298,-0.19644617099467354,-0.10977361938621372,0.34538207992198583,-1.0724573923595988,-0.2662311335063469,-0.011991846822490236,-0.09944358093062886,1.5124634654466156,0
sample_02701.html,-0.2591625720768648,-0.3057312775488646,-0.5789898120788778,-0.42489061450330884,0.34910925327116976,-0.32439188771775945,-0.10977361938621372,-1.9925510562714843,1.527945573634075,-0.2694943572651209,-0.00042132299538959916,0.2595868419832161,0.5798152831088335,0
sample_00045.html,0.5741227913946525,0.646818381210839,0.2968244370076003,0.34609251511351874,1.1987935841238408,0.004611383855890054,0.5684261156270678,0.695175831712711,1.6386059195959546,0.008479029859826367,-0.018419915615323922,0.7973365604628001,-0.6437128650889532,0
sample_05924.html,-0.440218128163197,-0.4805110314497277,-0.5789898120788778,-0.48419700908921864,-2.256016803315404,-0.30611392818589006,-0.44887348689285445,-1.9925510562714843,-0.22645869738572902,-0.26943886026242064,-0.011991846822490236,-0.0959704934054647,-1.2020031351053397,1
sample_05680.html,-0.36392765645916386,-0.270775326768692,-0.4993703348891979,-0.36251664778364506,0.8663506694004784,-0.31220658136317986,-0.10977361938621372,0.5764698710630743,0.1870195646119271,-0.21534038203022957,-0.02613359816672435,-0.09915415697019851,-0.3342088134730099,1
sample_09176.html,1.9860337747622523,0.5244725534802348,0.6949218229559994,1.3491886028510625,2.000440192965749,2.703656741395274,-0.10977361938621372,0.6660418335647638,-1.5431393270538547,-0.08316872039934506,-0.02613359816672435,0.005906740666017309,2.655860968518599,0
sample_02961.html,0.3028080856866472,0.7342082581612704,0.9337802545250389,-0.0036107081344322243,0.03615198722510155,-0.30611392818589006,1.2466258506403491,0.6966626860986393,0.28792032097770914,-0.04196774559468909,-0.02613359816672435,-0.040401093002838145,-0.023601384866127204,0
sample_09566.html,-0.40959448811298654,-0.4805110314497277,-0.4197508576995181,-0.34002111880278274,0.5714484442503874,-0.11724167968990606,-0.10977361938621372,0.20856731838053558,0.47073344589606825,-0.2648215096377609,-0.02613359816672435,-0.10074598875256541,0.29786710379550035,1
sample_00562.html,-0.4396808713202109,-0.4717720437546845,-0.4197508576995181,-0.46579157628669493,-1.7247823961965245,-0.2878359686540206,-0.10977361938621372,0.40139478109889704,0.29993066625912085,-0.2675630615711526,-0.02613359816672435,-0.10262724449536266,-0.43320073846554163,1
sample_05240.html,-0.4337710460473632,-0.46303305605964135,-0.4197508576995181,-0.4872645812229726,-1.0053062290604096,-0.3365771940723391,-0.44887348689285445,0.5798050861319578,0.4856121777364331,-0.26558736827502416,0.08700041258714855,-0.09872002102955299,-0.8373126331042158,1
sample_02205.html,-0.4488142376509754,-0.4717720437546845,-0.5789898120788778,-0.4678366243758642,-0.5636349655574512,-0.3365771940723391,-0.10977361938621372,-1.9925510562714843,-0.168321894753002,-0.2694943572651209,0.018862883383111463,-0.10364022835686888,-0.07444076719238102,1
sample_02959.html,-0.24895469206012794,-0.46303305605964135,-0.5789898120788778,-0.47806186482171076,-0.4722282445368599,-0.32439188771775945,-0.44887348689285445,-1.9925510562714843,2.275925863471504,-0.2694943572651209,0.03557586224447905,0.3950372554646183,-1.5051251358237554,1
sample_05965.html,-0.3827316459636791,-0.39312115449929613,-0.4993703348891979,-0.3983049893441079,0.413983891747841,-0.2817433154767308,-0.10977361938621372,0.2579016500313576,-0.4555150313040648,-0.13368209225710082,-0.0107062330639235,-0.09770703716804677,1.3287569199870384,1
sample_04550.html,-0.19630352144748534,-0.11347354825791527,2.207691889559916,-0.14983164651003747,-1.3741403000013697,-0.2878359686540206,-0.44887348689285445,0.8990391898575998,2.078223974192804,10.331509800332537,-0.02613359816672435,-0.07296128855125214,-1.4710779961631064,0
sample_00303.html,-0.3515707490704824,-0.39312115449929613,0.6153023457663196,-0.19686775256093145,0.5788444770002571,-0.25128004959028183,0.22932624812042704,0.6851145753441086,1.1164325731162146,1.2302122461039244,-0.013277460581056975,-0.07527668023469491,-1.19067459678772,1
sample_03061.html,0.01537567468905742,0.19239102106859504,0.45606339138695995,0.24588515874422287,0.6455201368618405,-0.05631514791700801,0.22932624812042704,0.627583042768373,1.008354326382477,0.6608573960016527,-0.014563074339623712,-0.060081922312101715,-0.49521884338209765,0
sample_06758.html,1.1656425755224027,2.149924264758261,3.959320387732872,0.518899078648325,0.3129349710572075,-0.29392862183131047,-0.10977361938621372,0.5671813693625347,0.22336808490697152,0.9645591935784299,-0.02613359816672435,0.08318293810091985,0.03947469991644271,0
sample_09844.html,-0.2618488562917955,-0.39312115449929613,-0.4197508576995181,-0.16107941100046863,0.47505350002474017,0.053352609274208505,0.22932624812042704,0.3227133006696446,-0.28205394030827513,-0.26047054462606234,-0.02613359816672435,-0.0655809775602783,0.3969920128989569,0
sample_09175.html,0.021822756804891208,0.37590976266450127,1.4911165948527976,0.09659664823486366,-0.00744266709313625,-0.2634653559448614,0.22932624812042704,0.6250840770818631,0.451874801020867,-0.11232684561804959,-0.02613359816672435,-0.004223097949044822,0.18208356194494443,0
sample_01501.html,-0.14580137820678732,-0.2358193759885194,-0.1012729489407988,-0.18664251211508492,-0.17207219502068874,0.2239468982383231,-0.44887348689285445,0.4087374135904716,-0.14433329743875664,-0.23907090038485093,-0.02613359816672435,-0.0671728093426452,0.12708531015203842,0
sample_03043.html,-0.4283984776175017,-0.4542940683645982,-0.4993703348891979,-0.46988167246503354,-1.5251115318287682,-0.29392862183131047,-0.44887348689285445,-0.22654531482056856,-0.7124256500783883,-0.2518463104064455,-0.013277460581056975,-0.07976275162136529,1.817617046174911,0
sample_00441.html,-0.4450534397500724,-0.4805110314497277,-0.5789898120788778,-0.42898071068164745,0.2621742996695351,-0.30002127500860026,-0.10977361938621372,-1.9925510562714843,-0.5378764478285178,-0.26943886026242064,-0.008135005546790024,-0.10364022835686888,0.036300929807954324,1
sample_02575.html,-0.22209184991082048,-0.4368160929745119,-0.1012729489407988,0.4381196791261374,1.1191411664218873,-0.08677841380345704,-0.10977361938621372,0.1452748079382221,-0.906918526084231,-0.21723837952257768,-0.02613359816672435,-0.07527668023469491,1.4633884693685462,0
sample_01555.html,-0.3875669575505544,-0.4105991298893824,-0.021653471751118984,-0.3492238352040446,0.4482293210036669,-0.3304845408950493,-0.10977361938621372,0.604386985101966,0.8598164201335446,-0.254077289914995,-0.002992550512523074,-0.05067564359811545,-0.44768114362632094,1
sample_06836.html,-0.4321592755184048,-0.42807710527946874,-0.5789898120788778,-0.368651792051153,-1.004491699453838,-0.2817433154767308,-0.44887348689285445,-1.9925510562714843,-0.2634420063266398,-0.2694943572651209,-0.0209911431324574,-0.1034955163766537,0.6838232905395082,0
sample_05268.html,-0.440218128163197,-0.4805110314497277,-0.5789898120788778,-0.45863390797460235,0.30363029446232637,-0.30002127500860026,-0.44887348689285445,-1.9925510562714843,-1.258164010887673,-0.2694943572651209,-0.017134301856757187,-0.10306138043600818,1.0379882305374986,1
sample_01104.html,-0.1522484603226211,0.026350254862775167,-0.26051190332015844,-0.20198037278385472,0.2068076340773776,-0.3304845408950493,-0.44887348689285445,0.689572521009083,0.04773500483804348,-0.20198780318055254,-0.023562370649590873,-0.08092044746308667,0.09687397983209925,0
sample_00452.html,0.47849107334311797,0.707991295076141,-0.4197508576995181,-0.035308953516556434,-0.2074420552126782,-0.30002127500860026,-0.10977361938621372,0.6928722093544525,0.16128084877962595,-0.23520830899691442,-0.02613359816672435,-0.08120987142351702,-0.391218893224026,1
sample_05398.html,0.9835125057500981,1.5381951261052407,1.3318776404734378,0.5690027568329729,0.5653466789270878,0.5590428229892624,0.22932624812042704,0.6068403031898658,0.1276399706917746,0.052288363791393476,-0.02613359816672435,0.040927039878089246,0.3086893507425758,0
sample_08767.html,-0.3940140396663882,-0.42807710527946874,-0.4993703348891979,-0.46272400415294096,-0.2373260526300182,-0.3365771940723391,-0.44887348689285445,0.2273657812888318,0.42025155385807933,-0.251269141578363,0.022719724658811676,-0.061673754094468625,0.3944350674249757,1
sample_05466.html,-0.4343083028903494,-0.46303305605964135,-0.5789898120788778,-0.4197779942803856,0.3297909278142952,-0.31829923454046966,-0.10977361938621372,-1.9925510562714843,-0.3600805768798146,-0.2694943572651209,-0.013277460581056975,-0.10204839657450197,0.22768050201600817,1
sample_08003.html,-0.4477397239650031,-0.4717720437546845,-0.4197508576995181,-0.45147623966250977,0.006365819599019019,-0.3365771940723391,-0.10977361938621372,0.7689605739829406,1.8773011593113147,-0.24371044981059073,0.0304334072102121,-0.1034955163766537,-0.22241785879981835,0
sample_02227.html,-0.05984028332900346,-0.11347354825791527,-0.1012729489407988,0.22134458167419122,0.11984808071023069,0.1386497537562658,-0.44887348689285445,0.520580940250171,0.640084924695413,0.24307595967426834,-0.02613359816672435,-0.06673867340199968,-0.6355854629238249,0
sample_02270.html,-0.4520377787088923,-0.4805110314497277,-0.5789898120788778,-0.48828710526755725,-0.4857802989613899,-0.3365771940723391,-0.44887348689285445,-1.9925510562714843,-2.374105694263592,-0.2694943572651209,-0.027419211925291086,-0.10364022835686888,-0.06926926283400898,0
sample_02071.html,-0.3515707490704824,-0.3406872283290372,-0.18089242613047862,-0.3512688832932139,0.8791432439152636,-0.32439188771775945,-0.10977361938621372,0.6581640376501735,0.7840375804779525,-0.1336154958538605,-0.02613359816672435,-0.07339542449189766,-0.8376788869908927,1
sample_03099.html,1.1554346955056658,1.442066261459766,1.2522581632837582,0.7049984547627316,0.6043716633622442,0.08990852833794734,-0.44887348689285445,0.618549323962936,0.7012910835967939,1.4265051446546628,-0.02613359816672435,0.13310857127515463,-0.7447678429976171,0
sample_02302.html,0.7068252316122313,0.19239102106859504,-0.18089242613047862,0.7234038875652553,0.9314775856792057,1.9055191751703096,-0.10977361938621372,0.5985951658774135,-0.5372841866640164,-0.2081146722786587,-0.01970552937389066,-0.046334284191660254,0.7307898365765203,0
sample_02303.html,0.24639611717310153,0.7953811720265725,-0.021653471751118984,-0.10790816068206673,0.3842606467125204,-0.30002127500860026,-0.10977361938621372,0.6689593791269364,-0.16697332681694824,-0.21870350039386394,-0.02613359816672435,-0.06485741765920243,0.02418824155390479,0
sample_04227.html,-0.41550431338583416,-0.4368160929745119,-0.4197508576995181,-0.40341760956703115,-1.3434579669146764,-0.30002127500860026,0.22932624812042704,0.29933471621324054,1.7254123167130502,-0.2481058124244495,-0.013277460581056975,-0.10002242885148954,-0.7497696231250067,1
sample_04609.html,0.3828593552915834,0.8041201597216157,0.2968244370076003,0.6610299208455915,1.3801023283957008,0.11427914104710657,-0.10977361938621372,0.726943594242043,0.16909307114164307,-0.18512781376022053,-0.018419915615323922,-0.0634102978570507,0.3219719601936589,0
sample_09262.html,-0.4488142376509754,-0.4717720437546845,-0.4993703348891979,-0.4790843888662954,-1.5567457462408472,-0.3365771940723391,-0.44887348689285445,0.5727957826831369,0.4186478133085824,-0.25883893274667535,0.031719020968778835,-0.10060127677235024,-0.6050456879252167,1
sample_06466.html,0.4946087786327024,0.6555573689058821,0.6153023457663196,-0.014858472624863396,-0.10972451931050965,-0.19035351781738374,-0.44887348689285445,0.6206697655221423,0.23876389323890776,-0.04668499082420924,-0.02613359816672435,-0.004657233889690342,-0.3821571081900966,0
sample_02364.html,2.5963575483945176,4.998834253342329,1.2522581632837582,10.881157746469187,1.4373271241341643,2.8559730708275195,1.58572571814699,0.3707497909212446,-0.6233867829341804,-0.023231957483089073,-0.02613359816672435,0.36045109219319194,1.0588203349281358,0
sample_06194.html,-0.24250760994429416,-0.2882533021587783,0.13758548262824066,-0.10279554045914346,0.8513775515645102,-0.25128004959028183,-0.10977361938621372,0.6657120760814824,0.9385377675121019,1.2342746267015818,-0.008135005546790024,-0.07701322399727699,-0.8873499647896967,1
sample_03853.html,0.2576785108758107,0.7167302827711842,-0.18089242613047862,0.25406535110090006,0.6672860965946985,0.3457999617841192,-0.10977361938621372,0.512268370088704,0.1893733184322507,-0.10112755047314177,-0.02613359816672435,-0.05892422647038033,0.38924610564263007,0
sample_02670.html,-0.4423671555351416,-0.4805110314497277,-0.4197508576995181,-0.36558421991739903,1.8828817167951195,-0.275650662299441,-0.10977361938621372,0.47642455851382937,-0.14576154614113757,-0.2568965376521671,-0.017134301856757187,-0.10320609241622336,0.3575212205754957,1
sample_00669.html,-0.13451898450407818,-0.11347354825791527,0.6153023457663196,-0.25208405096850267,0.7031149041106248,-0.17816821146280412,-0.10977361938621372,0.8131071368439128,1.6632811805855634,0.440845078496833,-0.02613359816672435,-0.06514684161963279,-1.224449849129817,0
sample_00040.html,0.7691470253986246,1.2672865075589028,0.45606339138695995,0.13954265810741906,-0.2730550924115644,-0.30002127500860026,-0.10977361938621372,0.6988613470437346,0.15666198061603637,-0.2024650774037746,-0.02613359816672435,0.006630300567093176,-0.5665506599968386,0
sample_00403.html,1.0963364427771893,2.3421819940492106,-0.1012729489407988,0.8225887198899666,0.8283669781415262,-0.3365771940723391,-0.10977361938621372,0.4270747777805092,-1.1700142526505877,-0.26110321045684504,0.009863587073144301,-0.10089070073278059,1.2110375597241267,0
sample_08043.html,-0.4235631660306264,-0.4717720437546845,-0.4993703348891979,-0.43307080685998606,0.041603118425351006,-0.2817433154767308,-0.10977361938621372,0.21289639707196148,-0.20107040130467035,-0.2685176100175967,-0.0107062330639235,-0.10132483667342611,0.15139262834025188,1
sample_03082.html,-0.31396277006145196,-0.3406872283290372,-0.4993703348891979,-0.37376441227407625,0.05687775598690603,-0.2695580091221512,-0.10977361938621372,0.3316516123233787,-2.6987916120296087,-0.26031515301850167,-0.02613359816672435,-0.09683876528675574,3.5716534930225863,1
sample_05097.html,0.18192529601476365,-0.1833854498182605,1.2522581632837582,0.22134458167419122,0.20861286443250943,0.8453975223218834,0.9075259831337085,0.43491712417087247,0.19450555239406261,-0.05452116760548271,-0.02613359816672435,-0.01724717616841042,0.14830193418811768,0
sample_05886.html,-0.3096647153175628,-0.3406872283290372,-0.4993703348891979,-0.37376441227407625,0.06381297614258408,-0.2695580091221512,-0.10977361938621372,0.3316516123233787,-2.6902907612045635,-0.26031515301850167,-0.02613359816672435,-0.0910502860781488,3.5660843661725488,1
sample_05687.html,-0.3983120944102774,-0.4193381175844256,-0.26051190332015844,-0.412620325968293,-0.13282911931137287,-0.2695580091221512,-0.44887348689285445,0.36679473306537297,0.39290211127846497,-0.26173587628762773,-0.011991846822490236,-0.09177384597922467,-0.3355588499143992,1
sample_03019.html,-0.24895469206012794,-0.46303305605964135,-0.5789898120788778,-0.47806186482171076,-0.4722282445368599,-0.32439188771775945,-0.44887348689285445,-1.9925510562714843,2.275925863471504,-0.2694943572651209,0.03557586224447905,0.3950372554646183,-1.5051251358237554,1
sample_05275.html,0.3506239447124145,0.5069945780901485,0.2968244370076003,-0.16925960335714585,0.783500033882943,-0.1537975987536449,0.5684261156270678,0.7356927613304116,0.43233035512281626,-0.1745833832471755,-0.02613359816672435,-0.0292582705262698,-0.5287572797054849,0
sample_01783.html,-0.06306382438692035,0.061306205642947774,0.5356828685766397,0.44834491957198397,0.6761543423422987,0.06553791562878812,-0.10977361938621372,0.5879436840583964,0.5342210451614166,0.07157912192999587,-0.02613359816672435,-0.08106515944330184,-0.6874569062521201,0
sample_08672.html,-0.18770741195970694,-0.15716848673313102,-0.5789898120788778,-0.34308869093653666,1.100821226869268,-0.30611392818589006,-0.10977361938621372,-1.9925510562714843,0.3163179842141385,-0.2694943572651209,0.0008642907631771383,-0.058345378549519634,-0.20849749927324426,1
sample_04581.html,-0.353719776442427,-0.38438216680425297,-0.4197508576995181,-0.065984674854096,-0.1417743074570124,-0.1294269860444857,-0.10977361938621372,0.35532628566327185,-0.9764482388309701,-0.2618468702930282,-0.02613359816672435,-0.09929886895041368,0.8023740100982282,0
sample_03263.html,-0.44344166922111394,-0.4805110314497277,-0.5789898120788778,-0.4453410953950019,0.7087154325574094,-0.31220658136317986,-0.10977361938621372,-1.9925510562714843,-0.9880340895486073,-0.2694832578645808,-0.002992550512523074,-0.10089070073278059,0.37650090845157924,1
sample_04354.html,0.15774873808038692,-0.1833854498182605,-0.4197508576995181,2.6477941394735707,1.2047918753965388,1.8750559092838606,0.9075259831337085,0.6053416523644395,-0.24816615047045348,-0.25398849471067464,-0.023562370649590873,-0.0292582705262698,-0.40303191091046675,0
sample_02018.html,0.02773258207773885,0.15743507028842244,-0.021653471751118984,0.8921203549217229,0.6715114727138337,-0.01975922885326917,-0.10977361938621372,0.24308583037200476,0.49026900776077414,-0.1373781926369366,-0.017134301856757187,-0.07296128855125214,-0.07077375640894024,0
sample_08256.html,-0.04855788962629432,0.00013329177764570985,-0.1012729489407988,-0.1743722235800691,0.02806749412485717,-0.1477049455763551,-0.10977361938621372,0.5854210225605077,0.9353970737432172,-0.10749860638312898,-0.02613359816672435,0.06509394057402319,-0.5090633758901287,0
sample_04131.html,-0.4520377787088923,-0.4805110314497277,-0.5789898120788778,-0.48828710526755725,-1.4745881252400244,-0.3365771940723391,-0.44887348689285445,-1.9925510562714843,-2.257469615287448,-0.2694943572651209,-0.027419211925291086,-0.10364022835686888,-1.1604855999758212,1
sample_07795.html,-0.4498887513369477,-0.4805110314497277,-0.5789898120788778,-0.48010691291088003,-1.273951032711703,-0.32439188771775945,-0.10977361938621372,-1.9925510562714843,0.3350051157441157,-0.2694943572651209,-0.006849391788223287,-0.1034955163766537,-0.8800180162104266,1
sample_02585.html,-0.2897862121270753,-0.24455836368356254,-0.5789898120788778,-0.35229140733779857,0.20752381912654977,-0.31829923454046966,-0.44887348689285445,-1.9925510562714843,0.6699617846341526,-0.2694943572651209,0.0034355182803106135,-0.095391645484604,-1.1523361902441007,1
sample_01192.html,-0.3085902016315905,-0.34942621602408036,0.45606339138695995,-0.3512688832932139,1.1634407475509687,-0.2634653559448614,-0.10977361938621372,0.6496470088182118,0.5380017446925633,-0.19252001451989212,-0.02613359816672435,-0.029402982506484977,-0.6643920507896843,1
sample_05000.html,-0.21725653832394515,-0.1484294990380879,-0.4197508576995181,-0.061894578675757386,0.6989246653227311,-0.2573727027675716,-0.44887348689285445,0.3672348248379899,-0.3835250928161984,-0.26102551465306467,-0.0107062330639235,-0.08381468706739013,-0.09672831748880231,1
sample_08478.html,0.6702917662891732,0.7779031966364862,1.5707360720424772,0.0321776334260306,1.0163684695479938,-0.21472413052654296,-0.10977361938621372,0.6942875160237023,0.038660093528985584,-0.12304886653973539,-0.02613359816672435,-0.02375921527809322,-0.034211926323673425,0
sample_06627.html,0.0830700369053122,-0.13969051134304472,-0.26051190332015844,-0.008723328357355484,0.303350346466123,0.20566893870645367,-0.10977361938621372,0.6188103871899819,-0.19159100381998254,-0.2096574889537253,-0.0209911431324574,-0.08743248657276947,0.07606890250635935,0
sample_05943.html,0.3511612015554006,1.1711576429134283,-0.18089242613047862,0.3941511452089974,0.41053699343712474,-0.2817433154767308,0.5684261156270678,0.6006183902286749,0.5011444190697475,-0.0361627591122443,-0.02613359816672435,-0.08164400736416254,-0.5784871703792285,0
sample_07525.html,-0.2639978836637401,-0.39312115449929613,0.3764439141972801,-0.24390385861182545,-0.09024770038656793,-0.07459310744887743,-0.10977361938621372,0.5917874137448016,0.8204493319146839,-0.20638316579441132,-0.022276756891024138,-0.07542139221491008,-0.44779788281546046,0
sample_08423.html,-0.4246376797165987,-0.4368160929745119,-0.4197508576995181,-0.459656432019187,-1.4356723560119706,-0.3304845408950493,-0.10977361938621372,0.37380940987589684,0.12332421544563082,-0.25573110059546206,-0.02613359816672435,-0.09987771687127438,0.14714960079163683,1
sample_06918.html,-0.05231868752719737,-0.12221253595295842,-0.34013138050983827,-0.0005431360006782686,0.49577633764757195,0.07772322198336773,-0.44887348689285445,0.578621815757792,0.031892509884540204,-0.15944380091055083,-0.02613359816672435,-0.05168862745962166,0.013421287314126501,0
sample_05085.html,-0.34404915326867636,-0.4368160929745119,-0.26051190332015844,-0.42489061450330884,-1.9501545650597607,-0.11724167968990606,-0.44887348689285445,0.5392124570296276,-0.031607676382254875,-0.2515466265918642,-0.005563778029656549,-0.09119499805836398,-0.5893479305678406,0
sample_05723.html,-0.31342551321846585,-0.3232092529389509,-0.5789898120788778,0.08841645587818646,-0.19771222417706089,0.2300395514156129,-0.10977361938621372,-1.9925510562714843,-1.1553268700130905,-0.2694943572651209,-0.018419915615323922,-0.09828588508890747,1.3235835512435816,0
sample_03013.html,-0.36930022488902536,-0.4105991298893824,0.2968244370076003,-0.30525530128690453,-0.17023965177967307,-0.25128004959028183,0.22932624812042704,0.2742224430892,-1.7932132495544653,-0.2488716710617128,-0.011991846822490236,-0.09857530904933781,2.7809682480262907,1
sample_03771.html,1.761460414394042,0.646818381210839,0.2968244370076003,1.0230034326285584,1.3508995300980975,-0.0502224947397182,6.672223730746601,0.6660351633521431,1.1644068759274773,8.593943043390276,-0.02613359816672435,0.8670877349265137,-1.3124616672130105,0
sample_00136.html,1.5723460056629175,1.9314495723821825,-0.1012729489407988,2.1355095931366597,1.3708522291240095,0.29705873636580077,0.22932624812042704,0.7268122316437404,0.8988919601288055,1.1563901331120692,-0.02613359816672435,0.3497424056572691,-0.5111593619302017,0
sample_02798.html,-0.14633863504977346,0.04382823025286147,-0.021653471751118984,-0.23367861816597893,0.41280970412200446,-0.31220658136317986,0.5684261156270678,0.7134417651988259,0.033245669192030806,-0.23944828000321253,-0.02613359816672435,-0.09003730221664259,0.06353073028563948,1
sample_09759.html,-0.13613075503303662,0.008872279472688862,0.21720495981792048,-0.10484058854831277,-0.6484005916837242,-0.11724167968990606,-0.44887348689285445,0.6532929175162256,-0.6237527561814833,-0.2357854778249969,-0.018419915615323922,-0.09669405330654056,0.6265873855154205,0
sample_08822.html,-0.3993866080962497,-0.3669041914141667,-0.021653471751118984,-0.4300032347262321,-0.20163649238352285,-0.3304845408950493,-0.44887348689285445,0.6264788142680983,1.2066241139736518,1.1767908313046764,-0.013277460581056975,-0.10060127677235024,-1.0606426288240014,1
sample_02795.html,-0.44129264184916933,-0.4542940683645982,-0.4993703348891979,-0.48419700908921864,-2.256016803315404,-0.32439188771775945,-0.44887348689285445,0.7295248029024445,1.9164253863843956,-0.2626793253335318,-0.011991846822490236,-0.10306138043600818,-1.267166666262036,0
sample_01702.html,0.43980858064811523,0.9876389013175219,0.9337802545250389,0.04853801813938503,0.64454566033086,-0.31220658136317986,-0.10977361938621372,0.671402221417231,0.17937242303997558,-0.12734433454873373,-0.018419915615323922,-0.014642360524537299,-0.18820986051558167,0
sample_02928.html,0.31462773623234247,0.4720386273099759,0.2968244370076003,0.19475895651499026,0.10794525827553571,-0.18426086464009395,0.22932624812042704,0.6219677860819738,-0.037155443622033095,-0.17125356308516126,-0.02613359816672435,0.039479920075937515,0.4122787189769954,0
sample_01050.html,-0.4450534397500724,-0.46303305605964135,-0.5789898120788778,-0.4637465281975256,-1.557239237400944,-0.3304845408950493,-0.10977361938621372,-1.9925510562714843,-0.8872438814586383,-0.2694943572651209,-0.01584868809819045,-0.10306138043600818,-1.027436013932688,1
sample_09137.html,0.36351810894408204,0.35843178727441494,-0.18089242613047862,0.19475895651499026,0.8883834233405954,0.12646444740168616,-0.10977361938621372,0.10857250921650895,0.0847482079073948,-0.15686873998525983,-0.02613359816672435,-0.007551473493993808,0.6843734666666578,0
sample_02491.html,0.09112888955010444,-0.0348226590025269,1.4114971176631177,0.1743084756232972,0.8186489564468122,0.4250044530888867,-0.44887348689285445,0.5918267499375409,-0.4309091610525938,0.07934870230802905,-0.02613359816672435,-0.055595850925431345,0.918828952219402,0
sample_02335.html,-0.33115498903700874,-0.34942621602408036,-0.4993703348891979,-0.4003500374332772,0.4618700726624893,-0.2817433154767308,-0.10977361938621372,0.3316516123233787,0.10463379553577457,-0.26031515301850167,-0.004278164271089811,-0.09582578142524951,-0.3918705153675585,1
sample_05114.html,-0.44182989869215544,-0.4805110314497277,-0.4993703348891979,-0.4238680904587242,0.3496691310953599,-0.2573727027675716,-0.44887348689285445,0.0662678038482281,0.29381114838400363,-0.2647993108366808,-0.02613359816672435,-0.10364022835686888,0.19047686714363327,1
sample_09083.html,-0.32148436586325807,-0.38438216680425297,-0.18089242613047862,-0.2561741471468413,0.39830882668857925,-0.09896372015803664,-0.10977361938621372,0.5601657312023978,-0.15870956380355117,-0.2551539317673796,-0.02613359816672435,-0.09466808558352813,0.268234554224217,0
sample_03492.html,-0.4520377787088923,-0.4805110314497277,-0.4993703348891979,-0.49237720144589586,-2.256016803315404,-0.3365771940723391,-0.44887348689285445,0.14488012731105293,-0.8249238682071289,-0.2686175046224571,-0.027419211925291086,-0.10364022835686888,-0.5127824069287255,1
sample_00747.html,-0.25969982891985094,-0.3756431791092098,-0.18089242613047862,-0.2081155170513626,0.03704530027567886,0.18739097917458425,0.22932624812042704,0.8445015675049139,-0.8743458281147792,-0.25991557459905995,-0.02613359816672435,-0.09843059706912263,0.9032459001765273,0
sample_00374.html,-0.2919352394990199,-0.3232092529389509,-0.5789898120788778,-0.2173182334526245,0.016070033448984552,-0.2573727027675716,-0.10977361938621372,-1.9925510562714843,0.22478322129115133,-0.26937226385918034,-0.018419915615323922,-0.05588527488586169,-0.3937894239375743,1
sample_04481.html,-0.44935149449396156,-0.4805110314497277,-0.5789898120788778,-0.4913546774013112,-2.256016803315404,-0.3304845408950493,-0.44887348689285445,-1.9925510562714843,0.1858757981077862,-0.2694832578645808,0.09471409513854898,-0.09799646112847712,-1.369824702439611,0
sample_08462.html,-0.4369945871052801,-0.4805110314497277,-0.5789898120788778,-0.4790843888662954,-1.1921122154666917,-0.29392862183131047,-0.44887348689285445,-1.9925510562714843,-0.3035258094293158,-0.2694610590635007,-0.011991846822490236,-0.10045656479213506,-0.7648702818243297,1
sample_08153.html,-0.4396808713202109,-0.4717720437546845,-0.4197508576995181,-0.37376441227407625,-0.36608358719037215,-0.30002127500860026,-0.10977361938621372,0.4069755869965004,-0.9342605653027215,-0.2675630615711526,-0.02613359816672435,-0.10262724449536266,0.6789590837786363,1
sample_09221.html,0.1717174159980268,0.6380793935157958,0.6949218229559994,0.5454847038075259,0.9696214963858184,-0.31829923454046966,0.22932624812042704,0.633479337875981,0.3389334653343932,0.719684218863904,-0.02613359816672435,-0.006972625573133114,0.07523543110996589,0
sample_04751.html,1.1167522028106631,0.7866421843315294,0.2968244370076003,1.4892743969591598,1.7047904849850561,2.429487348417233,0.22932624812042704,0.33422545354992533,0.8583110760472934,0.7037232808873157,-0.02613359816672435,0.8303308919518596,-0.16173709164582406,0
sample_05223.html,-0.45096326502292,-0.4805110314497277,-0.5789898120788778,-0.4637465281975256,-0.04484623507833926,-0.3304845408950493,-0.10977361938621372,-1.9925510562714843,0.11205374018653848,-0.2694943572651209,-0.002992550512523074,-0.10364022835686888,0.0497384266352913,0
sample_05903.html,-0.4477397239650031,-0.4717720437546845,-0.34013138050983827,-0.4852195331338033,-1.3384300946045464,-0.3365771940723391,-0.44887348689285445,0.6254667665719609,0.8434118362528505,-0.2556423053911417,0.03557586224447905,-0.10364022835686888,-0.5734112842041429,0
sample_08018.html,-0.4520377787088923,-0.4805110314497277,-0.4993703348891979,-0.49237720144589586,-2.256016803315404,-0.3365771940723391,-0.44887348689285445,0.32146681233332947,-0.8329860769671793,-0.2532337354739514,-0.027419211925291086,-0.10364022835686888,0.7857714262425866,0
sample_05909.html,-0.28226461632526917,-0.24455836368356254,-0.4197508576995181,-0.03326390542738713,0.49743430854967535,-0.12333433286719588,-0.10977361938621372,0.4507139588695258,-0.6156974640920305,-0.2597601829914993,-0.02613359816672435,-0.09119499805836398,-0.4261609898758846,0
sample_01608.html,-0.4498887513369477,-0.4805110314497277,-0.4993703348891979,-0.4709041965096182,-1.4485405042524644,-0.32439188771775945,-0.10977361938621372,0.3391934432522604,0.1393958154561796,-0.2680514351949147,-0.009420619305356762,-0.10320609241622336,-0.4000954652893477,1
sample_07607.html,0.3049571130585918,0.533211541175278,0.7745413001456792,0.25815544727923867,0.7914823004834705,0.132557100578976,-0.10977361938621372,0.6658510527629347,-0.24225623913049757,-0.08230296715722137,-0.02613359816672435,-0.04387418052800231,0.8907489269548785,0
sample_02920.html,0.17010564546906837,-0.4105991298893824,-0.34013138050983827,0.8389491046033211,1.2249976395139006,0.5651354761665522,-0.10977361938621372,0.5460907571724262,-1.0763302695306467,-0.2575292034829498,-0.02613359816672435,-0.05516171498478582,1.2766698468341755,0
sample_04111.html,-0.4520377787088923,-0.4805110314497277,-0.5789898120788778,-0.49237720144589586,-2.256016803315404,-0.3365771940723391,-0.44887348689285445,-1.9925510562714843,-1.5094629360083582,-0.2694943572651209,-0.027419211925291086,-0.10364022835686888,-1.3066020613442069,1
sample_07829.html,-0.17481324772803936,-0.11347354825791527,-0.34013138050983827,-0.02712876115987922,1.05169120138567,-0.14161229239906528,-0.44887348689285445,0.6616864090386311,0.7971513304262118,0.49784050026997645,-0.02613359816672435,-0.08627479073104809,-0.92840273348919,0
sample_08480.html,-0.436457330262294,-0.4805110314497277,-0.5789898120788778,-0.41466537405746234,0.42914483866489467,-0.23300209005841238,-0.10977361938621372,-1.9925510562714843,-1.089610874500559,-0.26943886026242064,-0.02613359816672435,-0.10320609241622336,0.25224883411605653,1
sample_00625.html,-0.43162201867541866,-0.46303305605964135,-0.4993703348891979,-0.4688591484204489,-0.8322382245530539,-0.29392862183131047,-0.44887348689285445,0.2124692237989213,-0.37397175442324887,-0.26839551661165617,-0.01584868809819045,-0.10291666845579302,-0.35625621011029013,1
sample_02625.html,-0.43860635763423855,-0.46303305605964135,-0.4197508576995181,-0.4565888598854331,0.27561996101663483,-0.31829923454046966,-0.44887348689285445,0.18629151748680545,-0.9245149790032423,-0.2653875790653033,-0.005563778029656549,-0.09510222152417365,1.783262009184497,0
sample_06530.html,-0.4396808713202109,-0.46303305605964135,0.45606339138695995,-0.4709041965096182,-1.9676324077648897,-0.3365771940723391,-0.44887348689285445,0.6054142983502211,0.5677528324699394,-0.11113920976026452,0.05614568238154685,-0.10146954865364127,-1.0388084761198868,0
sample_08586.html,-0.43538281657632166,-0.4805110314497277,-0.5789898120788778,-0.40546265765620043,0.3661163574796755,-0.29392862183131047,-0.10977361938621372,-1.9925510562714843,-0.012724380245829945,-0.2694610590635007,-0.006849391788223287,-0.10364022835686888,0.022550829056338158,1
sample_08047.html,-0.10819339919775688,-0.2882533021587783,-0.4993703348891979,0.10682188868071019,0.7339031579011126,0.07772322198336773,-0.44887348689285445,0.5752999488826308,-0.3674128425591568,-0.2655207718717839,-0.02613359816672435,-0.006683201612702768,0.03986606433230028,0
sample_00990.html,0.16365856335323456,0.533211541175278,0.45606339138695995,0.021952392980184074,0.5485922825017686,-0.30611392818589006,1.2466258506403491,0.6733638417084212,0.24923149394122157,-0.16193006663152146,-0.02613359816672435,-0.061384330134038274,-0.39769323770206716,0
sample_02774.html,0.20287831289122346,-0.3406872283290372,-0.1012729489407988,-0.025083713070709918,0.613381003481314,0.19348363235187405,-0.44887348689285445,0.3285416356425409,0.1470076681026315,-0.24189014812202297,-0.02613359816672435,-2.6450522804796216e-05,0.16311949318306568,0
sample_04100.html,1.35851778215443,0.7691642089414431,0.2968244370076003,1.1886523278512722,0.22168619240110796,1.1378448748317942,-0.10977361938621372,0.4684228752224756,-0.0049924695452635325,-0.12143945346142852,-0.02613359816672435,0.3134196986232606,-0.10665327370389856,0
sample_03983.html,-0.14311509399185657,-0.15716848673313102,0.13758548262824066,0.05058306622855433,-0.6985248970545861,-0.06850045427158762,0.9075259831337085,0.35884933727941065,-0.27720511216037325,-0.19873567882231866,-0.02613359816672435,-0.06022663429231689,0.8301081593354254,0
sample_07332.html,1.2591252662019925,0.27978089801902656,-0.26051190332015844,0.7254489356544246,0.003262627613239954,1.515589371823762,-0.10977361938621372,0.6211692332571662,-0.5038463898532151,-0.21131129963419237,-0.018419915615323922,-0.04618957221144508,0.44219782323200596,0
sample_02487.html,0.6590093725864641,0.39338773805458754,1.0133997317147188,0.4831107370878621,0.5741983249806283,0.5346722102801031,0.9075259831337085,0.6436046929583481,1.3065153171158725,-0.14187344985565578,-0.02613359816672435,0.47462884458296367,-0.35301560896723305,0
sample_02571.html,-0.3821943891206929,-0.2882533021587783,-0.5789898120788778,-0.37376441227407625,1.0558977128397216,-0.31829923454046966,-0.44887348689285445,-1.9925510562714843,-0.7445715642360506,-0.2694943572651209,-0.02613359816672435,-0.10204839657450197,0.24957767875857506,1
sample_07376.html,0.7809666759443199,1.442066261459766,1.9688334579908764,0.1916913843812363,0.8164163793527873,-0.20253882417196337,0.5684261156270678,0.46908029803980333,0.08645326506326892,-0.08467823887279151,-0.02613359816672435,0.05727949364240383,-0.08744821687277086,0
sample_04534.html,-0.3886414712365267,-0.38438216680425297,-0.5789898120788778,-0.46272400415294096,-0.20730834319329128,-0.3365771940723391,-0.44887348689285445,-1.9925510562714843,-1.298336360764447,-0.2694943572651209,0.040718317278746,-0.10146954865364127,1.9916220748010625,1
sample_05879.html,-0.2441193804732526,-0.11347354825791527,3.879700910543192,1.382931896322356,2.2148676100255242,-0.1537975987536449,0.22932624812042704,-1.9925510562714843,-0.5448403428590931,-0.26815132979977513,-0.02613359816672435,-0.04300590864671126,1.1205764350708536,0
sample_09796.html,-0.03136567065073755,0.22734697184876765,-0.021653471751118984,-0.1508541705546221,0.5796110485706168,-0.16598290510822453,-0.44887348689285445,0.3794868775350019,-0.3960281774879783,-0.2419234463236431,-0.02613359816672435,-0.06312087389662036,0.6562496609467925,0
sample_00136.html,-0.4520377787088923,-0.4805110314497277,-0.4993703348891979,-0.49237720144589586,-2.256016803315404,-0.3365771940723391,-0.44887348689285445,0.8064035882119662,1.5200168365309492,-0.267185681952791,-0.027419211925291086,-0.10364022835686888,-1.0168014571092276,1
sample_04729.html,-0.440218128163197,-0.4805110314497277,-0.4993703348891979,-0.41466537405746234,-1.1013571096528567,-0.245187396412992,-0.44887348689285445,0.8099287280930983,1.4577322924606895,-0.20062257691412672,-0.02613359816672435,-0.10335080439643853,-0.6947671210556144,1
sample_05251.html,0.47741655965714563,0.008872279472688862,0.5356828685766397,0.44527734743823,0.2857355214625879,1.2840685510867493,-0.10977361938621372,0.3480050354321123,-0.35199332802113653,-0.21484090900592745,-0.018419915615323922,0.056121797800682445,0.6199948546682094,0
sample_08346.html,0.010003106259195928,0.04382823025286147,2.605789275508315,0.3788132845402276,0.8489430650213992,0.5163942507482338,-0.44887348689285445,0.7343141927822943,0.45813635785115747,0.23849190725122876,-0.02613359816672435,-0.06876464112501211,-0.589378399574432,0
sample_02534.html,0.1324976664600379,0.2011300087636382,0.2968244370076003,0.22134458167419122,1.294094523120349,0.6443399674713197,0.5684261156270678,0.46988867168210047,-0.18761370706858882,-0.1646605191643731,-0.02613359816672435,-0.027087590823042202,0.2668307113685351,0
sample_08321.html,2.15795596451782,0.6642963566009252,-0.34013138050983827,1.3819093722777713,1.0461802846400892,2.8316024581183603,-0.10977361938621372,0.5894483889587361,-0.5880580183380915,-0.2572739172705287,-0.02613359816672435,-0.049517947756394065,0.38748801658322796,0
sample_02332.html,-0.3821943891206929,-0.2882533021587783,-0.5789898120788778,-0.37376441227407625,1.0349185882949992,-0.31829923454046966,-0.44887348689285445,-1.9925510562714843,-0.7702275040533052,-0.2694943572651209,-0.02613359816672435,-0.10204839657450197,0.2499703599778838,1
sample_03122.html,-0.440218128163197,-0.4805110314497277,-0.5789898120788778,-0.48419700908921864,-2.256016803315404,-0.30611392818589006,-0.44887348689285445,-1.9925510562714843,-0.1978691029778706,-0.26943886026242064,-0.01584868809819045,-0.09524693350438883,-1.2002264804210399,1
sample_07886.html,-0.07165993387469874,0.22734697184876765,-0.1012729489407988,-0.24185881052265615,0.689642256905543,-0.2695580091221512,-0.10977361938621372,0.6834412958469482,-0.03376478920593626,-0.21277642050547863,-0.02613359816672435,-0.08743248657276947,-0.2768354263460099,0
sample_01296.html,0.26627462036358907,0.6293404058207527,3.8000814333535122,0.35427270747019596,0.6488715248569741,-0.2634653559448614,0.5684261156270678,-1.9925510562714843,-0.5493881825323101,-0.2682623238051756,-0.02613359816672435,0.02515343403463536,0.2949617921015273,1
sample_01118.html,-0.4429044123781278,-0.46303305605964135,-0.5789898120788778,-0.4760168167325414,-0.8670094056658955,-0.31829923454046966,-0.44887348689285445,-1.9925510562714843,-0.006302609530698446,-0.2694943572651209,-0.018419915615323922,-0.10335080439643853,-0.5325001957334164,0
sample_07758.html,-0.4224886523446541,-0.4368160929745119,-0.5789898120788778,-0.44431857135041725,0.4572772201348041,-0.3365771940723391,-0.10977361938621372,-1.9925510562714843,-0.25029871503619344,-0.2694943572651209,0.012434814590277775,-0.09900944498998333,0.12857606203550778,1
sample_03662.html,-0.4310847618324325,-0.44555508066955507,-0.5789898120788778,-0.4811294369554647,-0.7829181474098523,-0.3365771940723391,-0.44887348689285445,-1.9925510562714843,-0.4054286744562224,-0.2694943572651209,-0.002992550512523074,-0.10262724449536266,-0.41822861803578826,1
sample_04738.html,-0.22101733622484818,-0.0348226590025269,-0.26051190332015844,0.017862296801845468,1.1913977815047168,-0.20253882417196337,0.5684261156270678,0.49457540437085373,-0.5601009774048137,-0.17897874586103427,-0.02613359816672435,-0.06977762498651832,0.33482688231388125,0
sample_07929.html,0.004630537829334437,0.13995709489833613,0.7745413001456792,-0.0025881840898475724,0.7653934255316884,-0.06240780109429781,-0.10977361938621372,0.6658510527629347,0.01567114309734899,-0.08230296715722137,-0.02613359816672435,-0.08497238290911152,0.693813930475275,0
sample_03579.html,-0.4321592755184048,-0.4717720437546845,-0.34013138050983827,-0.4167104221466316,-0.40787061294886384,-0.30611392818589006,-0.44887348689285445,0.5358179961204064,-1.235537727297886,-0.24368825100951064,0.006006745797444088,-0.09119499805836398,-1.405427677972135,1
sample_05521.html,0.42906344378839223,0.07878418103303408,5.710948885905828,0.6978407864506391,-0.0714631086899451,0.857582828676463,0.22932624812042704,0.6901047275537422,0.833554172078775,0.960141632163491,-0.02613359816672435,-0.014208224583891779,-0.5376844378835898,0
sample_00190.html,-0.4477397239650031,-0.4805110314497277,-0.5789898120788778,-0.4688591484204489,-0.6502400691274753,-0.30002127500860026,-0.10977361938621372,-1.9925510562714843,-0.14469037377730304,-0.2694943572651209,-0.02613359816672435,-0.1034955163766537,-0.6095858697734594,1
sample_06268.html,-0.21725653832394515,-0.2882533021587783,-0.021653471751118984,-0.42080051832497023,-1.8917417799067846,-0.2878359686540206,-0.44887348689285445,0.6019697943383238,0.3488080065967458,-0.24702917057206492,0.013720428348844514,-0.06601511350092382,-0.9002597102615306,0
sample_03732.html,-0.4079827175840281,-0.4805110314497277,-0.4993703348891979,-0.4637465281975256,-2.256016803315404,-0.21472413052654296,-0.44887348689285445,0.15908081382546316,-0.04325863805153348,-0.26829562200679574,0.0021499045217438758,-0.08366997508717497,-0.9822296299426896,0
sample_01154.html,-0.4079827175840281,-0.4193381175844256,-0.4993703348891979,0.6088811945717744,1.2225575753282403,-0.30611392818589006,-0.44887348689285445,0.2174220295181966,-0.5740993041156504,-0.2675741609716927,-0.014563074339623712,-0.10089070073278059,0.05501390631568566,0
sample_07520.html,-0.38165713227770676,-0.4018601421943393,0.21720495981792048,-0.30934539746524314,0.25879286144385716,-0.17816821146280412,-0.10977361938621372,0.5491050009108586,-0.04471334314771145,-0.10392459940923371,-0.02613359816672435,-0.0997330048910592,-0.5581389586628054,0
sample_05500.html,-0.4520377787088923,-0.4805110314497277,-0.5789898120788778,-0.4893096293121419,-1.2585460805872977,-0.3365771940723391,-0.44887348689285445,-1.9925510562714843,0.3147990900457222,-0.2694943572651209,-0.027419211925291086,-0.10364022835686888,-0.7478019146013446,1
sample_01836.html,-0.3542570332854132,-0.3319482406339941,-0.4993703348891979,-0.4238680904587242,0.43757951203131995,-0.32439188771775945,-0.44887348689285445,0.5095672422891093,-0.42871271642447145,-0.2661756365036467,-0.02613359816672435,-0.1024825325151475,-0.29514388344102843,0
sample_04958.html,-0.4520377787088923,-0.4805110314497277,-0.5789898120788778,-0.486242057178388,-0.7123121087648986,-0.3365771940723391,-0.44887348689285445,-1.9925510562714843,0.011481041558787767,-0.2694943572651209,-0.027419211925291086,-0.10364022835686888,-0.7502781960856892,1
sample_09600.html,-0.3961630670383328,-0.3756431791092098,-0.5789898120788778,-0.4422735232612479,-0.512147813797768,-0.3365771940723391,-0.44887348689285445,-1.9925510562714843,-0.5805438488571358,-0.2694943572651209,-0.00042132299538959916,-0.09785174914826195,0.18575877341522562,0
sample_07720.html,-0.44344166922111394,-0.4805110314497277,-0.5789898120788778,-0.4453410953950019,0.7087154325574094,-0.31220658136317986,-0.10977361938621372,-1.9925510562714843,-0.989063365326196,-0.2694832578645808,-0.002992550512523074,-0.10089070073278059,0.37650090845157924,1
sample_01376.html,-0.4117435154849311,-0.4193381175844256,-0.5789898120788778,-0.45147623966250977,-0.2991542505740407,-0.31829923454046966,-0.10977361938621372,-1.9925510562714843,-0.34301968954206286,-0.26943886026242064,-0.02613359816672435,-0.10233782053493232,-0.2357735052106468,1
sample_09244.html,-0.07165993387469874,0.061306205642947774,0.21720495981792048,-0.25208405096850267,0.3419504247595056,-0.2878359686540206,-0.10977361938621372,0.3871066180815637,0.32906473345732484,-0.052223591693692895,-0.02613359816672435,-0.08714306261233912,0.5277903995843151,1
sample_08023.html,-0.2091976856791529,-0.270775326768692,-0.1012729489407988,-0.029173809249048523,0.23858290652449246,0.24222485777019248,-0.10977361938621372,0.5223937028366861,-0.554059559195598,-0.2531782384712512,-0.014563074339623712,-0.09076086211771846,0.27499400620595493,0
sample_07967.html,-0.33115498903700874,-0.34942621602408036,-0.4993703348891979,-0.4003500374332772,0.4618700726624893,-0.2817433154767308,-0.10977361938621372,0.3316516123233787,0.10463379553577457,-0.26031515301850167,-0.004278164271089811,-0.09582578142524951,-0.3918705153675585,1
sample_05811.html,-0.4445161829070862,-0.4717720437546845,-0.5789898120788778,-0.4760168167325414,-0.5084934647318502,-0.3304845408950493,-0.44887348689285445,-1.9925510562714843,1.517266847098139,-0.2694943572651209,0.018862883383111463,-0.10320609241622336,0.43776453714116287,1
sample_00221.html,1.2419330472264358,1.678018929225931,2.8446477070773546,0.5843406175017427,0.7218423143729864,-0.19644617099467354,0.5684261156270678,0.661773455847409,0.8015601542906738,0.49079238092704636,-0.017134301856757187,0.08101225839769226,-0.7095074319273045,0
sample_08679.html,-0.3918650122944436,-0.46303305605964135,-0.4993703348891979,-0.4310257587708167,0.7369455469214203,-0.25128004959028183,-0.10977361938621372,0.5832984106817196,0.28877969798656977,-0.2151627916215888,-0.006849391788223287,-0.09915415697019851,-0.7973786127943657,1
sample_05146.html,2.215979703560324,3.4345554559296048,0.2968244370076003,1.5690312724367625,0.6284476452411643,-0.04412984156242839,0.22932624812042704,0.5502026048383432,0.15195413048946965,-0.11458002392767923,-0.005563778029656549,-0.03041596636799119,-0.18733350826224401,1
sample_09758.html,0.0830700369053122,0.37590976266450127,0.5356828685766397,-0.14369650224252956,0.9622847707515723,-0.31220658136317986,0.5684261156270678,0.637236198457628,-0.035898376079281515,-0.20116644754058904,-0.02613359816672435,-0.045031876369723695,-0.4048992685810122,0
sample_05003.html,-0.23283698677054346,-0.4018601421943393,-0.4993703348891979,-0.25003900287933334,0.3820449781722396,0.12646444740168616,-0.10977361938621372,0.5336567277910291,-0.6554747654691794,-0.2648992054415412,-0.02613359816672435,-0.09133971003857914,0.39059399087046054,0
sample_00601.html,1.0775324532726742,0.026350254862775167,0.21720495981792048,0.32461951017724106,1.0679512406325595,1.2292346724911412,-0.10977361938621372,0.25048754071050017,-0.7508644752663486,-0.16355057911036838,-0.02613359816672435,0.0661069244355294,1.2268741029502084,0
sample_02738.html,-0.3574805743433301,-0.4193381175844256,0.7745413001456792,-0.3492238352040446,0.042240834946274584,-0.20863147734925316,-0.10977361938621372,0.6150972301443942,0.6935705599094011,0.034329533717596776,-0.0017069367539563366,-0.09915415697019851,-0.7991521645160773,1
sample_06765.html,-0.4160415702288203,-0.4805110314497277,3.8000814333535122,-0.2214083296309631,1.6762177543891148,-0.2634653559448614,-0.10977361938621372,0.4591878391263414,-0.03664861080717134,-0.041113091753105444,0.009863587073144301,-0.09958829291084402,0.649040370653364,1
sample_07208.html,-0.3461981806406209,-0.34942621602408036,0.5356828685766397,-0.3349084985798595,1.4182139844614665,-0.29392862183131047,-0.10977361938621372,0.6341234702776697,0.517723863902434,-0.11779885008429297,-0.02613359816672435,-0.07571081617534044,-0.6884972200916336,1
sample_03400.html,-0.4396808713202109,-0.4717720437546845,-0.4197508576995181,-0.46579157628669493,-1.7247823961965245,-0.2878359686540206,-0.10977361938621372,0.40139478109889704,0.29993066625912085,-0.2675630615711526,-0.02613359816672435,-0.10262724449536266,-0.43320073846554163,1
sample_02761.html,-0.28871169844110295,-0.3756431791092098,-0.18089242613047862,-0.2060704689621933,0.37143466690316007,-0.07459310744887743,-0.44887348689285445,0.6012010885058299,-0.21987031885682862,-0.14841099677374373,-0.02613359816672435,-0.08945845429578189,0.6074936963583635,0
sample_01348.html,-0.37843359121978987,-0.3669041914141667,-0.5789898120788778,-0.40955275383453904,-0.16522995374238944,-0.3304845408950493,-0.10977361938621372,-1.9925510562714843,0.21628159279130033,-0.2694610590635007,0.006006745797444088,-0.09872002102955299,0.07026478490972227,1
sample_06125.html,0.31785127729025936,0.1661740579834656,-0.1012729489407988,-0.24083628647807148,-0.03574341342789344,-0.3365771940723391,-0.44887348689285445,0.6495236730036507,0.26332290729595303,-0.19751474476291345,-0.01584868809819045,-0.07918390370050458,-0.36202313126884206,0
sample_07360.html,0.7868765012171676,1.214852581388644,2.287311366749596,0.1743084756232972,-0.02243420750091364,-0.20863147734925316,0.22932624812042704,0.7038100150754316,0.2342111918106331,-0.09271420486378583,-0.02613359816672435,0.06133142908842868,-0.3351905751907426,0
sample_00901.html,-0.25701354470492016,-0.270775326768692,-0.5789898120788778,-0.2428813345672408,0.01710726905677595,-0.06240780109429781,-0.44887348689285445,-1.9925510562714843,-0.44859989030344377,-0.2693500650581003,-0.024847984408157612,-0.09018201419685776,0.32144411757455044,0
sample_09775.html,-0.440218128163197,-0.4805110314497277,-0.5789898120788778,-0.35024635924862924,-0.9940306945902098,-0.245187396412992,-0.44887348689285445,-1.9925510562714843,-1.416247249599211,-0.2694943572651209,-0.017134301856757187,-0.10364022835686888,0.9487820456486458,0
sample_08390.html,-0.39670032388131893,-0.3756431791092098,-0.4993703348891979,-0.4617014801083563,-0.22908649379960497,-0.3304845408950493,-0.44887348689285445,-0.024559437026846997,-0.33218672073674393,-0.26883949263325807,-0.002992550512523074,-0.10306138043600818,-0.6403104405356215,1
sample_08222.html,-0.31933533849131346,-0.3319482406339941,-0.5789898120788778,-0.368651792051153,-0.22621398971828183,-0.3304845408950493,-0.10977361938621372,-1.9925510562714843,1.7457675014687037,-0.26937226385918034,-0.01584868809819045,-0.07527668023469491,-0.7248996778463174,1
sample_08212.html,-0.015785222204139228,0.07878418103303408,-0.1012729489407988,-0.05064681418532622,1.1136065340973427,-0.03194453520784878,0.22932624812042704,0.5646124616074132,-0.5220241083360361,-0.19717066334617198,-0.02613359816672435,-0.07628966409620112,0.7158267642813727,0
sample_06774.html,2.2820622952476204,3.1986027881634396,1.4911165948527976,6.348308656825426,1.7180447381123656,-0.30002127500860026,0.22932624812042704,0.7078780781217614,0.9591783460450668,2.50521148553971,-0.02613359816672435,2.686262038211457,-0.21806629274890435,0
sample_02054.html,0.05083462632614326,0.1836520333735519,-0.18089242613047862,-0.2173182334526245,0.5610361241516422,-0.19035351781738374,-0.44887348689285445,0.6797485116446816,0.07685676314366628,-0.21665011129395517,-0.017134301856757187,-0.08352526310695979,-0.28808584301729007,0
sample_08826.html,-0.3676884543600669,-0.4018601421943393,-0.18089242613047862,0.005592008266829643,-0.12082568734825387,-0.17207555828551432,0.22932624812042704,0.32113944657135884,-0.625960585247699,-0.19217593310315065,-0.022276756891024138,-0.09133971003857914,1.2541026648503897,0
sample_09463.html,-0.4520377787088923,-0.4805110314497277,-0.5789898120788778,-0.49237720144589586,-2.256016803315404,-0.3365771940723391,-0.44887348689285445,-1.9925510562714843,0.7487071137525794,-0.2694943572651209,-0.027419211925291086,-0.10364022835686888,-1.471867087371893,1
sample_03234.html,0.3221493320341486,0.09626215642312039,0.6153023457663196,0.791912998552427,0.5106866903506571,0.8880460945629121,-0.10977361938621372,0.5662627983503921,-1.120651475855516,-0.1709982768727402,-0.023562370649590873,-0.03924339716111676,1.6533577059672666,0
sample_09939.html,-0.3719865091039561,-0.4805110314497277,-0.18089242613047862,-0.28787239252896546,-1.7144168471438288,-0.1598902519309347,0.22932624812042704,0.5417651548765722,0.48102370584229975,-0.07051540378369102,-0.002992550512523074,-0.09423394964288262,-0.6915293230090129,1
sample_02878.html,-0.10067180339595079,-0.3319482406339941,1.2522581632837582,0.20396167291625214,0.4463595208061191,0.6382473142940299,-0.10977361938621372,0.3776940843162886,0.11401516994412668,0.19997698737726427,-0.02613359816672435,0.032099609084963676,0.8565425453402257,0
sample_01009.html,-0.32470790692117496,-0.4805110314497277,-0.5789898120788778,-0.34820131115945996,-0.14161226513160213,0.016796690210469666,-0.10977361938621372,-1.9925510562714843,-0.19973373539821743,-0.26930566745594003,-0.02613359816672435,-0.07874976775985908,-0.21333316660089913,1
sample_06647.html,-0.29945683530082595,-0.39312115449929613,1.0930192089043984,-0.17743979571382307,0.486054264440517,-0.025851882030558975,-0.10977361938621372,0.6004788090622389,0.3570909050454466,-0.07139225642635477,-0.02613359816672435,-0.10016714083170472,-0.08899664735493931,0
sample_06674.html,-0.41657882707180643,-0.4717720437546845,-0.4993703348891979,-0.42080051832497023,0.5242065506950628,-0.245187396412992,-0.10977361938621372,0.34566993372931776,0.7851895537688416,-0.2608146260428038,-0.02613359816672435,-0.10262724449536266,0.24107540481487552,1
sample_00114.html,-0.4520377787088923,-0.4805110314497277,-0.5789898120788778,-0.4872645812229726,-0.7067890193140784,-0.3365771940723391,-0.44887348689285445,-1.9925510562714843,0.22606251694284138,-0.2694943572651209,-0.027419211925291086,-0.10364022835686888,-0.8721332970100784,1
sample_07655.html,-0.4171160839147926,-0.44555508066955507,-0.4993703348891979,-0.43920595112749394,-0.44035159949621655,-0.2695580091221512,-0.44887348689285445,0.5393187487952863,-0.16571022843185165,-0.26362277437943576,-0.023562370649590873,-0.10118012469321093,0.3435134174771595,0
sample_06956.html,-0.2699077089365878,-0.3406872283290372,-0.1012729489407988,-0.04655671800698761,0.7092218170953438,0.2848734300112211,-0.44887348689285445,-0.14648692295745683,-0.2968539415876172,-0.1835295000824537,-0.02613359816672435,-0.05776653062865894,0.9247437073812653,1
sample_07425.html,0.10509756746774432,0.7254692704662273,2.446550321128955,0.1835111920245591,0.10841434952050441,-0.31220658136317986,-0.44887348689285445,0.6343481920616807,0.5415273205368268,0.2019304818723126,-0.02613359816672435,0.3510448134792057,-0.837759994260899,1
sample_02405.html,1.177999482911084,1.800364756956535,1.0133997317147188,0.23668244234296099,0.6165954818509084,-0.01975922885326917,0.22932624812042704,0.7069308137368409,0.1347453484597829,-0.16727997769182432,-0.02613359816672435,0.030652489282811942,-0.2509495346104853,0
sample_07043.html,0.6713662799751455,-0.26203633907364887,0.13758548262824066,1.2438686262588432,1.3082218196243882,0.9063240540947815,-0.44887348689285445,0.480421032573422,-0.9290517689990406,-0.08306882579448463,-0.02613359816672435,-0.01551063240582834,-0.042206461716798205,0
sample_00206.html,-0.39455129650937437,-0.34942621602408036,-0.4993703348891979,-0.38807974889826136,-0.16962605659455313,-0.3304845408950493,-0.10977361938621372,0.6377884535114965,0.5853649521886275,-0.1909549990437454,-0.0209911431324574,-0.08424882300803566,-1.1022301370636507,1
sample_08737.html,0.07769746847545071,0.6817743319910116,0.13758548262824066,0.3154167937759792,0.46907168126858473,0.25441016412477213,-0.10977361938621372,0.6318015832478175,-0.9372763933391541,-0.22495246289791063,-0.02613359816672435,-0.06659396142178452,1.134425048365818,0
sample_04168.html,-0.34727269432659325,-0.17464646212321733,-0.5789898120788778,-0.2674219116372724,-0.5647286255904712,-0.2817433154767308,-0.10977361938621372,-1.9925510562714843,0.5892365212179528,-0.2694166614613405,-0.004278164271089811,-0.09611520538567987,-0.48785911155377076,1
sample_05695.html,0.7782803917293891,-0.20960241290338993,1.4114971176631177,1.0178908124056352,1.292717281447771,1.0830109962361858,0.22932624812042704,0.6473398163570709,1.2297036609447638,1.6686163686347169,-0.02613359816672435,0.19591357068853985,-0.9565748306940421,0
sample_07700.html,0.5886287261552785,0.5681674919554506,0.13758548262824066,0.47390802068660026,0.2513460727523918,0.6199693547621605,-0.44887348689285445,0.3488231332714078,-0.3529124675360548,-0.17531594368281864,-0.02613359816672435,0.015457731360218746,0.4534080317662184,0
sample_04301.html,-0.45042600817993383,-0.4805110314497277,-0.5789898120788778,-0.45454381179626374,-0.31159226628240205,-0.3304845408950493,-0.10977361938621372,-1.9925510562714843,-0.19837425941426468,-0.2694943572651209,-0.004278164271089811,-0.10364022835686888,-0.21479099839808535,1
sample_01016.html,-0.42302590918764027,-0.4805110314497277,-0.4197508576995181,0.53321441527251,-0.9431416647510269,0.6687105801804789,0.9075259831337085,-0.2116725706403228,-0.2704443370330786,-0.20920241353158336,-0.02613359816672435,-0.10277195647557784,-0.36166510414432124,1
sample_07638.html,-0.39347678282340204,-0.4105991298893824,-0.5789898120788778,-0.2490164788347487,-0.20767609818116536,-0.18426086464009395,-0.44887348689285445,-1.9925510562714843,-0.7754500873467061,-0.2694832578645808,-0.02613359816672435,-0.10074598875256541,0.6821213025221955,0
sample_09805.html,0.42476538904450306,0.8565540858918747,0.05796600543856084,0.06898849903107807,0.6222321953294353,-0.18426086464009395,0.22932624812042704,0.6948375313271837,0.25977600204641077,-0.11567886458114392,-0.006849391788223287,-0.08120987142351702,-0.1463146635486944,1
sample_07095.html,0.18299980970073593,0.6380793935157958,-0.1012729489407988,-0.13142621370751373,1.5996260150456882,-0.23909474323570218,-0.44887348689285445,0.7422635383556832,-0.024792579897443698,-0.19412942759819898,-0.02613359816672435,-0.07136945676888523,-0.23421807350616797,0
sample_05324.html,0.23081566872650322,0.27104191032398345,-0.4197508576995181,0.29496631288428615,0.9925662160790678,0.5895060888757114,0.22932624812042704,-0.5191631178363302,0.5699137255141861,-0.23264434747216348,-0.02613359816672435,-0.08265699122566875,0.7824311652422835,1
sample_09297.html,-0.4332337892043771,-0.46303305605964135,-0.4993703348891979,-0.2152731853634552,1.8906728476991086,-0.245187396412992,-0.10977361938621372,0.2541742014070482,-2.093980707518194,-0.2682623238051756,-0.02613359816672435,-0.10320609241622336,2.460978868619597,1
sample_08955.html,-0.3204098521772858,-0.24455836368356254,0.6949218229559994,-0.36251664778364506,1.4279627346668182,-0.31829923454046966,-0.44887348689285445,0.5330921664910496,0.1841088771788368,0.6264603537280458,-0.011991846822490236,-0.08859018241449086,1.0930523616159442,0
sample_08038.html,-0.42195139550166794,-0.44555508066955507,-0.5789898120788778,-0.4688591484204489,0.32103522205746726,-0.31220658136317986,-0.10977361938621372,-1.9925510562714843,0.5143483406689278,-0.26943886026242064,-0.02613359816672435,-0.10175897261407163,-0.5984787500005296,1
sample_04540.html,0.1410937759478163,-0.38438216680425297,0.6949218229559994,0.3900610490306588,0.7165140790470711,1.0220844644632878,-0.10977361938621372,0.283397012722305,1.3593294198370902,-0.18217537321656793,-0.018419915615323922,0.08332765008113502,1.1634307473436427,1
sample_08367.html,-0.39562581019534665,-0.4717720437546845,-0.4993703348891979,-0.42080051832497023,0.5692782447006207,-0.2634653559448614,-0.10977361938621372,0.22921566799291562,-1.5539823515548883,-0.2636005755783557,-0.02613359816672435,-0.0975623251878316,2.2963056088478697,1
sample_05286.html,-0.31073922900353507,-0.3756431791092098,-0.5789898120788778,-0.2449263826564101,-1.2481449218297243,-0.12333433286719588,-0.44887348689285445,-1.9925510562714843,-0.24293331835017612,-0.2694610590635007,-0.004278164271089811,-0.08584065479040257,-0.6799144646855086,1
sample_00686.html,-0.27313124999450467,-0.2969922898538215,-0.34013138050983827,-0.3594490756498911,-0.8598211567552014,-0.23300209005841238,-0.10977361938621372,0.44845190565697235,1.4350717190772695,-0.2632342953605341,-0.011991846822490236,-0.07614495211598594,-0.5992519222289793,1
sample_08617.html,0.8577944044913393,0.9264659874522199,0.6949218229559994,0.34813756320268807,0.40879845254969943,-0.05631514791700801,-0.10977361938621372,0.3280594445253413,0.4333436499407122,0.06363195114332193,-0.01970552937389066,-0.03533617369530708,-0.27440086536705327,0
sample_04894.html,0.19535671708941738,0.4021267257496307,0.05796600543856084,0.11909217721572601,0.6679399767724794,-0.3304845408950493,1.2466258506403491,0.6444768419513591,-0.0065172864025756375,-0.22598470714813504,-0.02613359816672435,-0.031139526269067054,0.5112264984597633,0
sample_06200.html,-0.44666521027903083,-0.4805110314497277,-0.4993703348891979,-0.4167104221466316,-0.34635517480053907,-0.30002127500860026,0.22932624812042704,0.13127792802737134,0.4128027476868096,-0.267418769364132,-0.02613359816672435,-0.10364022835686888,-1.0477025838351293,1
sample_01605.html,-0.4520377787088923,-0.4805110314497277,-0.5789898120788778,-0.486242057178388,-1.0200836873138628,-0.3365771940723391,-0.44887348689285445,-1.9925510562714843,0.19333343166059386,-0.2694943572651209,-0.027419211925291086,-0.10364022835686888,0.25538278721721513,1
sample_06712.html,-0.3515707490704824,-0.4805110314497277,-0.26051190332015844,0.28065097626010105,1.3044389001444312,-0.1598902519309347,-0.10977361938621372,0.44667542527881926,-0.7568676921321777,-0.24193454572418316,-0.004278164271089811,-0.08222285528502322,0.741313755834754,1
sample_02918.html,-0.3096647153175628,-0.4018601421943393,0.5356828685766397,-0.38398965271992275,0.964490737464096,-0.31220658136317986,0.22932624812042704,0.6457445358151301,0.8558240926277648,0.5416276354004634,-0.004278164271089811,-0.07513196825447974,-1.10970211008913,0
sample_06783.html,-0.44344166922111394,-0.46303305605964135,-0.5789898120788778,-0.486242057178388,-0.9793312991081637,-0.3365771940723391,-0.44887348689285445,-1.9925510562714843,-0.4423456209555785,-0.2694943572651209,0.044575158554446215,-0.1024825325151475,-0.41698721136030337,0
sample_02357.html,-0.45042600817993383,-0.4805110314497277,-0.5789898120788778,-0.4749942926879568,-1.0081682682488708,-0.3304845408950493,-0.44887348689285445,-1.9925510562714843,-0.7403060617176609,-0.2694943572651209,-0.005563778029656549,-0.10364022835686888,0.45784402968991206,0
sample_02900.html,-0.3316922458799949,-0.4805110314497277,-0.5789898120788778,-0.251061526923918,0.9663803712982889,-0.025851882030558975,0.5684261156270678,-1.9925510562714843,-0.7570014135720713,-0.2694943572651209,-0.01584868809819045,-0.10320609241622336,0.18741795880154166,1
sample_07265.html,-0.45042600817993383,-0.4805110314497277,-0.4993703348891979,-0.48419700908921864,-1.091387524772613,-0.3304845408950493,-0.44887348689285445,0.19867672293162741,-0.33425918288558676,-0.2687173992273175,0.0008642907631771383,-0.10364022835686888,-0.887651317215179,1
sample_02538.html,-0.3676884543600669,-0.4193381175844256,-0.5789898120788778,-0.30321025319773526,-0.3452774301254131,-0.2695580091221512,-0.10977361938621372,-1.9925510562714843,0.45914472911202187,-0.2694610590635007,-0.0017069367539563366,-0.09394452568245226,-0.5500993260108874,1
sample_07671.html,2.644710664263271,5.234786921108494,0.21720495981792048,2.7203933466390806,1.0525059247865545,0.26050281730206193,-0.44887348689285445,0.6267139390201983,1.6761260275824665,-0.10269256594928845,-0.02613359816672435,0.04584724720540514,-0.4319276111683038,0
sample_07706.html,-0.3273941911361057,-0.3406872283290372,-0.4993703348891979,-0.3931923691211846,0.4911933928541008,-0.2817433154767308,-0.10977361938621372,0.343253371727165,0.014903835574940195,-0.25871683934073486,-0.004278164271089811,-0.09582578142524951,-0.2023741806974135,1
sample_06381.html,-0.4520377787088923,-0.4805110314497277,-0.5789898120788778,-0.48828710526755725,-0.4857802989613899,-0.3365771940723391,-0.44887348689285445,-1.9925510562714843,-2.374105694263592,-0.2694943572651209,-0.027419211925291086,-0.10364022835686888,-0.06926926283400898,0
sample_04946.html,-0.4375318439482663,-0.4805110314497277,-0.5789898120788778,-0.4872645812229726,-1.6442923328601897,-0.32439188771775945,-0.44887348689285445,-1.9925510562714843,0.8179068915264152,-0.2694832578645808,0.05228884110584664,-0.08207814330480806,-1.1160668860898952,1
sample_02653.html,-0.3999238649392358,-0.42807710527946874,-0.26051190332015844,-0.21629570940803983,-0.33063531297478427,-0.19644617099467354,1.58572571814699,0.551840208068716,0.10811903529356591,-0.13236126359283518,-0.02613359816672435,-0.10306138043600818,-0.3067778810463797,1
sample_08520.html,-0.41872785444375105,-0.44555508066955507,-0.4993703348891979,-0.41466537405746234,-0.8807664702485071,-0.30002127500860026,-0.10977361938621372,0.40973863008096567,0.42220264208583586,-0.25702973045864763,-0.014563074339623712,-0.10045656479213506,-0.37157295495220827,1
sample_02119.html,-0.4477397239650031,-0.4805110314497277,-0.5789898120788778,-0.3962599412549386,1.3760473943741975,-0.32439188771775945,-0.10977361938621372,-1.9925510562714843,-0.592539523895655,-0.2694943572651209,-0.002992550512523074,-0.10364022835686888,0.551077494963891,1
sample_05424.html,-0.44129264184916933,-0.4805110314497277,-0.5789898120788778,-0.4811294369554647,-1.3908636227199325,-0.29392862183131047,-0.44887348689285445,-1.9925510562714843,0.5732105696883117,-0.26939446266026046,-0.013277460581056975,-0.09408923766266744,-1.232522180227833,0
sample_00368.html,-0.4520377787088923,-0.4805110314497277,-0.4993703348891979,-0.4893096293121419,-1.2220532489725586,-0.3365771940723391,-0.44887348689285445,0.3318121523679765,-0.3527225938552481,-0.2678294471841138,-0.027419211925291086,-0.10364022835686888,0.11082971052464799,1
sample_02430.html,-0.4520377787088923,-0.4805110314497277,-0.5789898120788778,-0.49237720144589586,-2.256016803315404,-0.3365771940723391,-0.44887348689285445,-1.9925510562714843,-1.4078000403100033,-0.2694943572651209,-0.027419211925291086,-0.10364022835686888,-1.3155472897162082,1
sample_08540.html,-0.4332337892043771,-0.4717720437546845,-0.4197508576995181,-0.43511585494915533,-0.5860089973375293,-0.23300209005841238,-0.10977361938621372,0.4066228702510142,0.23951684467844467,-0.2642110426080583,-0.02613359816672435,-0.10146954865364127,-0.41904318482817754,1
sample_04069.html,-0.4488142376509754,-0.4805110314497277,-0.5789898120788778,-0.46988167246503354,-0.4298780888433753,-0.31829923454046966,-0.10977361938621372,-1.9925510562714843,-1.0897108829652162,-0.2694943572651209,-0.014563074339623712,-0.10364022835686888,-0.0949130191863865,1
sample_05272.html,1.0920383880333002,0.6730353442959685,2.8446477070773546,0.8307689122466438,0.2539095839149618,1.1256595684772144,0.5684261156270678,0.7750737641292228,1.0432641560171043,0.34287066992983456,-0.02613359816672435,0.4077719097235536,-0.6366547203639513,0
sample_04340.html,-0.27313124999450467,-0.20960241290338993,-0.1012729489407988,-0.16107941100046863,0.8202535309598163,-0.2695580091221512,-0.10977361938621372,0.557848139657409,0.19954697865966534,-0.23748368610762416,-0.02613359816672435,-0.07918390370050458,-0.07088488940516827,0
sample_03796.html,-0.44129264184916933,-0.46303305605964135,-0.34013138050983827,-0.486242057178388,-2.256016803315404,-0.3365771940723391,-0.44887348689285445,0.7706438573424409,1.403614840245609,-0.22130076012023503,0.027862179693078627,-0.10320609241622336,-1.1172676022349683,0
sample_02284.html,0.345251376282553,-0.17464646212321733,-0.4993703348891979,-0.19891280065010075,0.06509192776241353,0.132557100578976,0.5684261156270678,0.5111424665533592,0.6687637147980647,-0.2145523245918862,-0.02613359816672435,0.005038468784726269,-0.45463559985777496,0
sample_01753.html,1.736746599616679,1.9926224862474844,1.5707360720424772,1.147751366067886,1.4329379736529528,-0.25128004959028183,0.22932624812042704,0.670616230712901,0.2667859215198837,0.22788088033494344,-0.02613359816672435,0.21979104742404346,0.524819690998146,1
sample_00416.html,-0.267221424721657,-0.26203633907364887,0.05796600543856084,-0.3604715996944758,0.45935699041361283,-0.2878359686540206,-0.10977361938621372,0.5486251539330191,0.6148537343750643,-0.2477062340050078,-0.02613359816672435,-0.0103010011180821,-0.512644950901129,1
sample_02880.html,-0.24895469206012794,-0.46303305605964135,-0.5789898120788778,-0.47806186482171076,-0.4722282445368599,-0.32439188771775945,-0.44887348689285445,-1.9925510562714843,2.275925863471504,-0.2694943572651209,0.03557586224447905,0.3950372554646183,-1.5051251358237554,1
sample_06123.html,-0.02814212959282066,-0.13969051134304472,-0.1012729489407988,-0.05882700654200343,0.614408609934215,0.37626322767056825,-0.10977361938621372,0.4823495664154198,0.05307340760037547,3.1422060825330305,-0.02613359816672435,0.006340876606662829,-1.3407734238096496,0
sample_07131.html,-0.39347678282340204,-0.4368160929745119,-0.1012729489407988,-0.3911473210320153,0.5312967881323317,-0.275650662299441,-0.10977361938621372,0.6349704333674008,-0.14033155285762827,-0.24942664108871515,-0.024847984408157612,-0.09568106944503435,0.6905296271028237,1
sample_01521.html,-0.4477397239650031,-0.4805110314497277,-0.5789898120788778,-0.4688591484204489,-0.6502400691274753,-0.30002127500860026,-0.10977361938621372,-1.9925510562714843,-0.14469037377730304,-0.2694943572651209,-0.02613359816672435,-0.1034955163766537,-0.6095858697734594,1
sample_00264.html,-0.4520377787088923,-0.4805110314497277,-0.4993703348891979,-0.49237720144589586,-2.256016803315404,-0.3365771940723391,-0.44887348689285445,0.7052571972817858,1.0864841207441176,-0.267185681952791,-0.027419211925291086,-0.10364022835686888,-1.0168014571092276,1
sample_04630.html,4.679839585494804,-0.017344683612440594,0.13758548262824066,2.4381767103337166,1.15872186210352,4.336487792908942,0.5684261156270678,0.5991607162022228,-0.8815935744484709,-0.20390799947398075,-0.02613359816672435,0.019509666806243598,0.5696209558431666,0
sample_05040.html,0.2603647950907414,0.008872279472688862,2.0484529351805563,-0.03939904969489504,-0.17712301984467688,-0.3365771940723391,-0.44887348689285445,0.7368557248933507,1.292448088932502,3.4322667168460894,0.012434814590277775,0.26349406544902576,-1.1181480091999236,0
sample_05989.html,-0.4520377787088923,-0.4805110314497277,-0.5789898120788778,-0.47703934077712606,-0.5517954654142867,-0.3365771940723391,-0.44887348689285445,-1.9925510562714843,-0.041946257744643646,-0.2694943572651209,-0.027419211925291086,-0.10364022835686888,-0.02235407213159832,0
sample_08933.html,-0.2693704520936016,-0.46303305605964135,0.2968244370076003,-0.17948484380299237,0.5407611936330203,0.2483175109474823,0.5684261156270678,0.659177691479907,0.022365166945687357,-0.21687209930475612,-0.02613359816672435,-0.06847521716458177,0.47285029574579407,1
sample_02552.html,-0.1490249192647042,0.08752316872807724,-0.1012729489407988,-0.34308869093653666,-0.7349567924702641,-0.30002127500860026,-0.44887348689285445,0.4394420200679344,0.3240624922164833,-0.22572942093571394,-0.02613359816672435,-0.07571081617534044,-0.6428541918997737,1
sample_00062.html,0.36029456788616515,-0.04356164669757005,4.198178819301911,1.100715260016992,1.3372689465845966,0.6687105801804789,0.5684261156270678,0.6802891586447339,0.9515177316434137,2.6928801498708315,-0.0209911431324574,0.07667089899123705,-0.6033637387881481,0
sample_01027.html,-0.1946917509185269,-0.10473456056287211,-0.4197508576995181,-0.21118308918511658,0.504233818182121,-0.32439188771775945,0.22932624812042704,0.3071057654204615,0.29817250318449523,-0.2612586020644057,-0.02613359816672435,-0.05487229102435548,-0.2370442205411669,1
sample_01106.html,-0.4391436144772247,-0.46303305605964135,-0.4993703348891979,-0.4453410953950019,-0.13902459024072258,-0.31220658136317986,-0.10977361938621372,0.3498149853427134,-0.288761666168623,-0.25054768054325993,-0.02613359816672435,-0.10320609241622336,0.4753483631565463,1
sample_06708.html,0.5246951618399268,1.1798966306084713,0.3764439141972801,0.2387274904321303,0.7765105149833991,-0.2878359686540206,0.22932624812042704,0.5652606991661624,-0.13254821776693587,-0.18966746858109992,-0.02613359816672435,-0.07831563181921355,-0.032338766895347384,0
sample_03733.html,0.6939310673805638,1.5731510768854131,-0.4197508576995181,0.27962845221551635,1.8015718187329155,-0.2634653559448614,-0.10977361938621372,0.46386173887264087,-0.15489806371505707,-0.25631936882408457,-0.0017069367539563366,-0.06861992914479693,0.6907378385000269,1
sample_09980.html,-0.4482769808079893,-0.4805110314497277,-0.5789898120788778,0.02399744106935338,1.713341035238068,0.6869885397123483,-0.44887348689285445,-1.9925510562714843,-1.4234446685277677,-0.2694943572651209,-0.02613359816672435,-0.10335080439643853,1.2441324158116314,1
sample_06857.html,0.06748958845871388,0.22734697184876765,0.13758548262824066,0.021952392980184074,1.079114774102418,-0.14161229239906528,0.9075259831337085,0.6878240557181466,0.7265069470283078,0.10600946240522292,-0.02613359816672435,-0.04691313211252095,-0.32282044534313176,0
sample_02723.html,0.02665806839176655,0.34095381188432866,-0.1012729489407988,-0.2592417192805952,0.5978629965999942,-0.32439188771775945,-0.44887348689285445,0.7341376467521643,0.15820621101752458,-0.2235872366314848,-0.017134301856757187,-0.05776653062865894,-0.24016649190081663,0
sample_08340.html,-0.4520377787088923,-0.4805110314497277,-0.5789898120788778,-0.48828710526755725,-0.6578866234184465,-0.3365771940723391,-0.44887348689285445,-1.9925510562714843,-2.1221819872661927,-0.2694943572651209,-0.027419211925291086,-0.10364022835686888,-0.12894331419298516,0
sample_09983.html,0.32107481834817625,0.11374013181320669,0.5356828685766397,0.12011470126031067,0.45922574927170723,0.16911301964271483,-0.44887348689285445,0.5000116247432005,-0.4646811932234559,-0.22680606278809853,-0.02613359816672435,-0.010445713098297274,0.5312005685064597,0
sample_01162.html,-0.4455906965930585,-0.46303305605964135,-0.5789898120788778,-0.4494311915733405,2.0410089126120043,-0.3365771940723391,-0.10977361938621372,-1.9925510562714843,-0.4636230069988015,-0.2694943572651209,0.012434814590277775,-0.1034955163766537,1.0998323087959543,1
sample_08544.html,-0.14633863504977346,-0.1484294990380879,0.7745413001456792,-0.04860176609615691,0.1314963724839895,0.08381587516065754,0.22932624812042704,0.6115511906197736,0.5973893213673163,-0.001144150408394734,-0.02613359816672435,-0.0883007584540605,-0.2745253880379794,0
sample_03620.html,-0.016322479047125377,0.15743507028842244,0.45606339138695995,-0.23981376243348684,0.6022783759301555,-0.32439188771775945,0.22932624812042704,0.6473276547989323,0.16620949932337462,-0.17511615447309778,-0.013277460581056975,-0.07325071251168248,-0.4757183271468738,0
sample_08776.html,-0.4477397239650031,-0.46303305605964135,-0.5789898120788778,-0.4852195331338033,-0.7668187091431757,-0.3365771940723391,-0.44887348689285445,-1.9925510562714843,-0.17332347934789882,-0.2694943572651209,-0.00042132299538959916,-0.10364022835686888,0.2680929522213981,0
sample_07250.html,-0.42678670708854327,-0.4368160929745119,-0.4993703348891979,-0.44840866752875586,0.6681161236901786,-0.30002127500860026,-0.44887348689285445,0.0784060662525974,0.13742710079124626,-0.26850651061705666,-0.02613359816672435,-0.10103541271299576,-0.2086014224446349,0
sample_05478.html,-0.4520377787088923,-0.4805110314497277,-0.4993703348891979,-0.4913546774013112,-0.994335084894047,-0.3365771940723391,-0.44887348689285445,0.8442418598779289,1.7989550039740867,-0.2647216150329005,-0.027419211925291086,-0.10364022835686888,-1.2908907969732115,0
sample_06493.html,-0.3821943891206929,-0.2882533021587783,-0.5789898120788778,-0.37376441227407625,1.0349185882949992,-0.31829923454046966,-0.44887348689285445,-1.9925510562714843,-0.7702275040533052,-0.2694943572651209,-0.02613359816672435,-0.10204839657450197,0.2499703599778838,1
sample_01900.html,0.6654564547022979,0.27978089801902656,0.7745413001456792,0.04444792196104642,-0.19595799200641484,-0.01975922885326917,-0.44887348689285445,0.6077984060633815,1.1319871867630673,0.9534819918394626,0.018862883383111463,0.41544164467495776,-0.650741270916208,1
sample_00817.html,-0.4477397239650031,-0.4805110314497277,-0.4993703348891979,-0.47703934077712606,-1.355789843900642,-0.32439188771775945,-0.44887348689285445,0.7776545401822983,1.430050306349976,2.390654572565881,-0.01584868809819045,-0.10320609241622336,-1.5481551044618869,1
sample_04634.html,-0.38111987543472065,-0.34942621602408036,-0.5789898120788778,-0.368651792051153,0.6850522325636024,-0.275650662299441,-0.10977361938621372,-1.9925510562714843,-0.34172507472678265,-0.2694943572651209,-0.02613359816672435,-0.10016714083170472,-1.2377794854130675,1
sample_03388.html,0.6251621914783366,1.4595442368498521,0.21720495981792048,0.7510120367690409,0.8345474602920373,0.2787807768339313,-0.10977361938621372,0.6246790852517959,-0.029392292025070828,-0.10444627123461594,-0.02613359816672435,0.0038807729430048827,0.2277034874069457,0
sample_08696.html,0.0567444515989909,0.59438445504058,-0.4993703348891979,0.26122301941299264,1.3567661320795423,-0.31220658136317986,0.9075259831337085,0.29305533396637645,0.02970508061895299,-0.26276812053785215,-0.02613359816672435,-0.03750685339853468,0.9075878053229125,1
sample_06696.html,-0.4520377787088923,-0.4805110314497277,-0.4993703348891979,-0.4872645812229726,-2.14386731413818,-0.3365771940723391,-0.44887348689285445,0.26829661949702877,2.3433175087019924,-0.2686175046224571,-0.027419211925291086,-0.10364022835686888,-1.3464929139686381,1
sample_01414.html,0.2318901824124755,0.04382823025286147,-0.4993703348891979,-0.12631359348459045,-0.25437312691542735,0.16911301964271483,-0.10977361938621372,0.37580727013432963,0.23661483269704778,-0.26644202211660784,-0.02613359816672435,0.15626248810958238,-0.1337763348760794,0
sample_07915.html,1.5476321908855546,0.34095381188432866,1.2522581632837582,0.8338364843803977,-0.1677952696144924,1.801944071156383,-0.44887348689285445,0.4032926061326394,0.2811927283587341,-0.12113976964684724,-0.02613359816672435,0.19924194623348884,-0.14523476737969374,0
sample_02978.html,0.26520010667761673,-0.1833854498182605,0.21720495981792048,0.5209441267374942,1.0189340761115648,0.918509360449361,-0.10977361938621372,0.6248125972918852,-0.20443651003791039,-0.16844541474852928,-0.02613359816672435,-0.039098685180901586,0.5319389432258839,0
sample_00282.html,9.274997363555338,9.307155186998603,1.2522581632837582,2.1426672614487523,1.4659489573639741,-0.245187396412992,1.2466258506403491,0.2754867513515299,-0.9294893964816751,-0.13141781454693113,-0.02613359816672435,0.21964633544382828,1.1485961872427488,0
sample_05247.html,-0.40690820389805576,-0.4018601421943393,0.6949218229559994,-0.42080051832497023,0.36526820455992687,-0.31829923454046966,-0.10977361938621372,0.6331122295325713,0.09374415432295498,0.9716184123219,-0.02613359816672435,-0.10060127677235024,-1.3787861105451082,0
sample_09015.html,-0.4477397239650031,-0.4805110314497277,-0.5789898120788778,-0.4279581866370628,0.10209982832270485,-0.2878359686540206,0.22932624812042704,-1.9925510562714843,-0.25510597105820165,-0.2694943572651209,-0.02613359816672435,-0.10364022835686888,-0.30001071077114505,1
sample_07907.html,-0.13881703924796737,-0.08725658517278581,-0.1012729489407988,-0.40341760956703115,-0.47481908069745854,-0.3304845408950493,-0.44887348689285445,0.6754091795284406,0.19694917400561598,-0.20549521375120752,-0.017134301856757187,-0.05009679567725476,-0.9045989557256969,1
sample_07864.html,-0.4488142376509754,-0.4805110314497277,-0.4993703348891979,-0.46681410033127957,-1.7152960677142615,-0.31220658136317986,-0.10977361938621372,0.3391934432522604,0.2355059044790332,-0.2680514351949147,-0.02613359816672435,-0.10364022835686888,-0.7436898242513591,1
sample_09995.html,-0.4520377787088923,-0.4805110314497277,-0.5789898120788778,-0.49237720144589586,-2.256016803315404,-0.3365771940723391,-0.44887348689285445,-1.9925510562714843,-0.8647119308524948,-0.2694943572651209,-0.027419211925291086,-0.10364022835686888,-1.2033726367700244,1
sample_09774.html,-0.43054750498944633,-0.4717720437546845,-0.4197508576995181,-0.31854811386650506,0.7566485843684918,-0.11114902651261627,0.22932624812042704,0.20140659945443204,-0.9136773518743525,-0.25586429340194267,-0.02613359816672435,-0.1034955163766537,0.6252879873374461,1
sample_02230.html,-0.33975109852478713,-0.3232092529389509,-0.4197508576995181,-0.29196248870730407,0.516238116163573,-0.21472413052654296,-0.10977361938621372,0.5887084357336929,0.281654082648109,-0.21322039652708052,-0.02613359816672435,-0.09886473300976815,-0.3282518162994408,1
sample_04158.html,1.0587284637681589,0.10500114411816354,1.8892139808011965,0.9309762686159397,1.3503441216552334,0.5468575166346828,0.22932624812042704,0.5509399988341883,0.002481590456447758,0.7797985721888008,-0.014563074339623712,0.12051862899643456,0.8701652160231969,0
sample_00695.html,-0.43054750498944633,-0.4805110314497277,-0.4993703348891979,-0.43511585494915533,-1.665180483087451,-0.18426086464009395,-0.10977361938621372,0.3703367708508456,0.1030789068693563,-0.26836221841003605,-0.02613359816672435,-0.0997330048910592,-0.5716649942251708,1
sample_07892.html,1.804440961832934,3.4432944436246475,4.516656728060631,1.0935575917048994,0.9303699603435581,-0.25128004959028183,0.9075259831337085,0.6499914263975665,0.37096939000906504,0.7134241569593172,-0.02613359816672435,0.04049290393744373,-0.40731128744940115,0
sample_01640.html,-0.3929395259804159,-0.4105991298893824,-0.34013138050983827,-0.29298501275188876,0.6327507631598767,-0.275650662299441,0.5684261156270678,0.31909334986778126,-0.8749367476614901,-0.2544879677349768,-0.02613359816672435,-0.10002242885148954,0.8655665211661472,1
sample_05331.html,-0.44129264184916933,-0.46303305605964135,-0.5789898120788778,-0.4647690522421103,-0.48096114312556365,-0.3304845408950493,-0.10977361938621372,-1.9925510562714843,0.12460105446896978,-0.2694832578645808,0.00472113203887735,-0.10364022835686888,-0.31167148772589254,1
sample_05544.html,1.5761068035638206,0.8041201597216157,2.287311366749596,5.327829660329943,1.4101555809205104,-0.03194453520784878,0.9075259831337085,0.5574004027277155,0.3491112843194455,0.28946035453112645,-0.02613359816672435,0.2982249407006674,-0.29636074020662384,0
sample_06138.html,-0.23176247308457118,0.04382823025286147,-0.021653471751118984,-0.31752558982192036,0.9090377788983321,-0.31220658136317986,-0.10977361938621372,0.6612510676925886,-0.10901392931735984,-0.2498373189086969,-0.02613359816672435,-0.0699223369667335,0.8165191649228972,1
sample_09505.html,-0.3096647153175628,-0.4105991298893824,-0.34013138050983827,-0.3533139313823832,0.11088634131910956,-0.29392862183131047,0.22932624812042704,0.7537065075653803,-2.1854603791341063,-0.19710406694293167,-0.02613359816672435,-0.01956256785185319,3.453459966178279,1
sample_07485.html,-0.3096647153175628,-0.3406872283290372,-0.4993703348891979,-0.37376441227407625,0.06381297614258408,-0.2695580091221512,-0.10977361938621372,0.3316516123233787,-2.6901995569457076,-0.26031515301850167,-0.02613359816672435,-0.0910502860781488,3.566025188243186,1
sample_00911.html,1.001779238411627,0.7167302827711842,1.4911165948527976,2.796060125938345,0.9311987156638644,1.3693656955688067,1.9248255856536307,0.28669203997864,-0.20939516543862893,0.2847431093016063,-0.02613359816672435,0.10952051850008139,0.33457109650287764,0
sample_08998.html,-0.4520377787088923,-0.4805110314497277,-0.5789898120788778,-0.4678366243758642,-1.3075410374913226,-0.3365771940723391,-0.44887348689285445,-1.9925510562714843,-1.1552615865309481,-0.2694943572651209,-0.027419211925291086,-0.10364022835686888,0.18575877341522562,1
sample_03841.html,-0.40099837862520815,-0.3581652037191235,-0.5789898120788778,0.06080830667440085,1.4403869667547198,-0.2573727027675716,0.22932624812042704,-1.9925510562714843,-0.07604771244706653,-0.2694943572651209,-0.017134301856757187,-0.1003118528119199,0.36771519582439816,1
sample_08610.html,-0.0877776391642832,0.2972588734091129,0.3764439141972801,-0.11813340112791325,0.6343406819780157,-0.20253882417196337,-0.10977361938621372,0.1057968069055443,-0.6215195059044851,-0.19907976023906013,-0.017134301856757187,-0.0612396181538231,1.1457967022182247,0
sample_05046.html,-0.44182989869215544,-0.46303305605964135,-0.4993703348891979,-0.45863390797460235,0.015010293476682085,-0.3304845408950493,-0.44887348689285445,-0.045924347023679084,-0.332863248888847,-0.2690836794451391,0.0034355182803106135,-0.1034955163766537,0.10131520585662415,0
sample_07072.html,0.007854078887251332,-0.13095152364800158,-0.34013138050983827,-0.180507367847577,0.8402567618526497,-0.06240780109429781,-0.10977361938621372,0.3190655848285699,0.046787639847905266,-0.26458842222641993,-0.011991846822490236,0.1219657487985863,0.023241942265752064,1
sample_05059.html,0.40273785848207094,0.37590976266450127,-0.021653471751118984,0.40642143374401324,1.5179674446792952,0.4798383316844949,0.22932624812042704,0.5368365839070951,-0.22367608938758657,-0.23134571760897793,-0.02613359816672435,0.06509394057402319,0.5623372074852778,0
sample_03663.html,-0.43054750498944633,-0.4717720437546845,-0.4197508576995181,-0.31854811386650506,0.7566485843684918,-0.11114902651261627,0.22932624812042704,0.20140659945443204,-0.9136773518743525,-0.25586429340194267,-0.02613359816672435,-0.1034955163766537,0.6252879873374461,1
sample_02673.html,-0.40637094705506965,-0.42807710527946874,-0.4993703348891979,-0.4576113839300177,-2.1695014870726785,-0.32439188771775945,-0.10977361938621372,0.5777114856481682,0.4412380302980663,-0.21540697843346987,-0.01584868809819045,-0.09886473300976815,-0.623034096593276,1
sample_07377.html,-0.39347678282340204,-0.4018601421943393,-0.34013138050983827,-0.44738614348417116,-0.7187061522475193,-0.3365771940723391,-0.10977361938621372,0.43384620303598925,0.03570830005986222,-0.23657353526334027,0.03943270352017926,-0.09090557409793362,-0.01696223135414469,1
sample_09863.html,-0.32255887954923035,-0.4018601421943393,-0.4197508576995181,-0.3379760707136134,-0.6803817221390368,-0.2208167837038328,-0.10977361938621372,0.0035960509316255384,0.21692706030276002,-0.2662977299095872,0.0034355182803106135,-0.08280170320588393,0.1781757716947819,1
sample_01248.html,-0.3370648143098564,-0.270775326768692,-0.021653471751118984,-0.3717193641849069,-0.4768447036342072,-0.2695580091221512,-0.10977361938621372,0.717778885725426,0.6854866097309315,-0.24879397525793245,-0.006849391788223287,-0.0888796063749212,-0.14536367070368544,1
sample_03592.html,-0.4477397239650031,-0.4805110314497277,-0.5789898120788778,-0.44840866752875586,-0.5785132210775682,-0.31829923454046966,-0.10977361938621372,-1.9925510562714843,-0.5516185718930614,-0.2694943572651209,-0.0107062330639235,-0.10364022835686888,-0.6167418099706229,1
sample_03702.html,-0.42678670708854327,-0.4805110314497277,-0.5789898120788778,-0.3860347008090921,0.3292777483632871,-0.245187396412992,0.22932624812042704,-1.9925510562714843,-0.3004862108097474,-0.2694943572651209,-0.02613359816672435,-0.0813545834037322,0.2295903233384442,1
sample_09677.html,-0.3821943891206929,-0.2882533021587783,-0.5789898120788778,-0.37376441227407625,1.0511664063880717,-0.31829923454046966,-0.44887348689285445,-1.9925510562714843,-0.7295247593601852,-0.2694943572651209,-0.02613359816672435,-0.10204839657450197,0.24563514315001875,1
sample_01547.html,-0.3827316459636791,-0.39312115449929613,-0.4993703348891979,-0.3983049893441079,0.413983891747841,-0.2817433154767308,-0.10977361938621372,0.2579016500313576,-0.4555150313040648,-0.13368209225710082,-0.0107062330639235,-0.09770703716804677,1.3287569199870384,1
sample_04382.html,-0.43162201867541866,-0.46303305605964135,-0.4993703348891979,-0.4494311915733405,-0.09884066736967546,-0.29392862183131047,-0.44887348689285445,0.02560895135238177,0.02093633627474509,-0.26396685579617724,-0.02613359816672435,-0.10219310855471715,-1.4083751795271817,0
sample_02466.html,-0.0034283148154578,0.1486960825933793,0.6153023457663196,0.2775834041263471,0.7694613256038959,-0.04412984156242839,0.22932624812042704,0.6325181266387158,1.0671003007440483,0.586247225571454,-0.014563074339623712,-0.06384443379769622,-0.5063893913608756,0
sample_09842.html,-0.20436237409227756,-0.1659074744281742,-0.26051190332015844,-0.2684444356818571,0.9871184399428493,-0.12333433286719588,-0.44887348689285445,0.5788126844405705,0.6018273852893565,-0.09051652355685645,-0.02613359816672435,-0.03823041329961055,-0.49264046399847333,0
sample_04728.html,-0.44720246712201694,-0.4717720437546845,-0.5789898120788778,-0.4913546774013112,-2.256016803315404,-0.3365771940723391,-0.44887348689285445,-1.9925510562714843,0.281382123074264,-0.2694943572651209,0.04328954479587948,-0.10320609241622336,-0.8470946444377254,1
sample_08399.html,-0.16406811086831638,-0.3669041914141667,-0.1012729489407988,-0.07620991529994252,1.034176543817285,0.3336146554295396,-0.10977361938621372,0.5230967975291295,-0.4755985577704821,-0.1856383861850627,-0.02613359816672435,-0.1024825325151475,0.6547310475883187,0
sample_00846.html,-0.40099837862520815,-0.3581652037191235,-0.5789898120788778,-0.10688563663748207,0.39163792986267915,-0.2878359686540206,0.22932624812042704,-1.9925510562714843,0.24808378498633923,-0.2694943572651209,-0.02613359816672435,-0.1003118528119199,-0.3209684199583164,1
sample_08518.html,-0.29677055108589523,-0.46303305605964135,-0.18089242613047862,-0.26230929141434917,0.37350388750409497,0.20566893870645367,-0.10977361938621372,0.40115038272173914,-0.2334710966632918,-0.25980458059365946,-0.02613359816672435,-0.10045656479213506,-0.041265116738660436,1
sample_03204.html,3.1110496039752484,1.800364756956535,-0.18089242613047862,3.6969038092174236,0.2751987127425049,5.823095168167654,-0.10977361938621372,0.586317019821351,-0.4693305246086357,-0.20377480666750017,-0.0209911431324574,0.5018346968634162,0.9596310589074598,0
sample_01984.html,0.6267739620072951,1.7654088061763626,0.2968244370076003,0.48720083326620073,1.9680771242013342,-0.30611392818589006,0.22932624812042704,0.6813455604872746,-0.8600349276347552,-0.2008334655243876,-0.02613359816672435,-0.0020524182458172223,1.1449111453783856,0
sample_07269.html,0.3103296814884533,0.6380793935157958,-0.18089242613047862,0.2520203030117308,0.899650218898527,0.3457999617841192,-0.10977361938621372,0.6043500119842607,0.10899986273656163,-0.21723837952257768,-0.017134301856757187,0.045557823244974795,0.07082408739742531,0
sample_01511.html,1.6728130353013273,0.646818381210839,0.45606339138695995,0.09250655205652507,0.8551103933829654,-0.08677841380345704,-0.10977361938621372,0.6727585599693648,1.851170369199247,-0.12282687852893444,0.0008642907631771383,0.7720119639251448,-0.47943377282953875,1
sample_03967.html,0.6246249346353505,0.7342082581612704,1.8095945036115169,0.6344442956863906,0.686336961676366,0.028981996565049278,-0.10977361938621372,0.6181687154548798,0.3119404166965617,0.23648291575348018,-0.0107062330639235,0.1485927531581782,-0.0793940602699148,1
sample_01517.html,-0.4520377787088923,-0.4805110314497277,-0.4993703348891979,-0.49237720144589586,-2.256016803315404,-0.3365771940723391,-0.44887348689285445,0.7697390010992521,1.3592723457167761,2.1264777403122124,-0.027419211925291086,-0.10364022835686888,-1.5522331665246654,1
sample_04940.html,-0.20328786040630525,-0.17464646212321733,-0.4993703348891979,-0.1508541705546221,0.3952671462287259,-0.18426086464009395,-0.10977361938621372,0.24876567178780673,-0.2478997917002412,-0.2593051075693574,-0.0107062330639235,-0.08801133449363016,-0.2505334507951852,1
sample_04176.html,-0.4445161829070862,-0.4805110314497277,-0.4993703348891979,-0.4637465281975256,-1.660337563224084,-0.275650662299441,-0.10977361938621372,0.3391934432522604,0.09833956091326469,-0.2680514351949147,-0.02613359816672435,-0.10291666845579302,-0.766820832790151,1
sample_03856.html,-0.4520377787088923,-0.4805110314497277,-0.5789898120788778,-0.4913546774013112,-2.256016803315404,-0.3365771940723391,-0.44887348689285445,-1.9925510562714843,-0.834531934820573,-0.2694943572651209,-0.027419211925291086,-0.10364022835686888,-1.2476211570692826,1
sample_05030.html,-0.4520377787088923,-0.4805110314497277,-0.5789898120788778,-0.4903321533567266,-1.044802351692958,-0.3365771940723391,-0.44887348689285445,-1.9925510562714843,-1.243368467075495,-0.2694943572651209,-0.027419211925291086,-0.10364022835686888,-0.18364153036386008,1
sample_01939.html,-0.4224886523446541,-0.44555508066955507,-0.4993703348891979,-0.4279581866370628,0.7860164106351285,-0.29392862183131047,-0.10977361938621372,0.31879378847296186,0.19314282665646135,-0.26226864751355,-0.0107062330639235,-0.10175897261407163,-0.6157402179751728,1
sample_00317.html,-0.3424373827397179,-0.4018601421943393,-0.4993703348891979,-0.38194460463075347,0.28020454094961544,-0.31829923454046966,0.22932624812042704,0.0472756464719266,-2.5899471753591077,-0.2359519688330976,-0.02613359816672435,-0.03779627735896503,3.781625313025904,1
sample_00145.html,-0.2242408772827651,-0.07851759747774266,0.05796600543856084,-0.3512688832932139,0.25091543151018963,-0.3365771940723391,-0.44887348689285445,0.6878804699468963,0.7728170386364311,-0.17115366848030084,-0.01584868809819045,-0.08641950271126325,-0.7420833110030955,0
sample_08027.html,0.7653862274977216,0.2011300087636382,0.21720495981792048,1.9831535104935467,0.9530639707574662,1.3449950828596475,1.2466258506403491,0.5117525375613983,0.033673243554032964,0.43060033179836926,-0.02613359816672435,-0.03215251013057327,-0.49641722578640096,0
sample_09417.html,-0.3096647153175628,-0.3406872283290372,-0.4993703348891979,-0.37376441227407625,0.06381297614258408,-0.2695580091221512,-0.10977361938621372,0.3316516123233787,-2.6902008702375926,-0.26031515301850167,-0.02613359816672435,-0.0910502860781488,3.566025188243186,1
sample_08566.html,-0.3574805743433301,-0.4805110314497277,-0.5789898120788778,-0.4893096293121419,-1.134521941823523,-0.3304845408950493,-0.44887348689285445,-1.9925510562714843,2.2550509550398505,-0.2694943572651209,19.7890312626224,0.2364329251487884,-1.5360901601111911,1
sample_06016.html,0.5574678292620818,1.0662897905729103,2.3669308439392753,0.2622455434575773,0.23656444792122522,-0.32439188771775945,0.5684261156270678,0.6424627727558092,0.27958647967924377,-0.1420843384659167,-0.02613359816672435,-0.008564457355500021,-0.3243457079071517,0
sample_00141.html,0.33396898257984386,0.2623029226289403,0.13758548262824066,0.5720703289667268,0.7939193002965688,0.4189117999115969,-0.10977361938621372,0.6391799366749498,1.6872971767736653,-0.11873119972965696,-0.02613359816672435,-0.03548088567552225,-0.5762789170666873,0
sample_06253.html,-0.37037473857499764,-0.39312115449929613,0.3764439141972801,-0.2725345318601957,-0.7388839675914098,-0.25128004959028183,0.22932624812042704,0.5807821523548921,-0.15818599552993212,-0.136068463373211,-0.02613359816672435,-0.09727290122740126,0.3776875830390578,0
sample_06185.html,-0.4520377787088923,-0.4805110314497277,-0.5789898120788778,-0.48828710526755725,-0.4857802989613899,-0.3365771940723391,-0.44887348689285445,-1.9925510562714843,-2.374105694263592,-0.2694943572651209,-0.027419211925291086,-0.10364022835686888,-0.06926926283400898,0
sample_09169.html,-0.3676884543600669,-0.4542940683645982,-0.5789898120788778,-0.2858273444397962,0.44539417683210375,-0.08068576062616724,-0.10977361938621372,-1.9925510562714843,0.01953895250676549,-0.26928346865485997,-0.02613359816672435,-0.09799646112847712,-0.43245428039819866,1
sample_03497.html,-0.436457330262294,-0.4805110314497277,-0.4993703348891979,-0.44329604730583255,0.08141459285252393,-0.2878359686540206,-0.10977361938621372,0.5851432648662368,1.12585673766431,-0.2577511914937507,-0.02613359816672435,-0.10320609241622336,-0.05111192523210123,1
sample_09091.html,0.4419576080200598,-0.44555508066955507,-0.34013138050983827,0.41869172227902907,-0.1131394597279197,0.9611579326903897,-0.10977361938621372,0.4170210767459137,0.04884521029679242,-0.2648659072399211,-0.02613359816672435,-0.003354826067753782,-0.03267676817728168,0
sample_06387.html,-0.41228077232791727,-0.46303305605964135,-0.34013138050983827,-0.37989955654158414,0.12588535492005357,-0.23909474323570218,-0.10977361938621372,0.280026188875319,0.02287579543160619,-0.24907146027143365,-0.002992550512523074,-0.10291666845579302,0.7651007019818548,1
sample_09475.html,0.8943278698143974,1.6518019661408017,0.2968244370076003,0.1559030428207735,0.34692048580385976,-0.2695580091221512,0.22932624812042704,0.626369541347578,-0.3508283685910696,-0.1756600250995601,-0.02613359816672435,-0.042137636765420226,0.16868429153066938,0
sample_04551.html,-0.4450534397500724,-0.4717720437546845,-0.4197508576995181,-0.44431857135041725,-1.2567046833686406,-0.3304845408950493,-0.10977361938621372,0.2937847259405157,-0.1809622647783422,-0.26673060653064906,0.009863587073144301,-0.1034955163766537,-0.4347807722305417,1
sample_06001.html,0.6616956568013947,0.6031234427356232,-0.18089242613047862,0.7315840799219325,0.6069902605580739,1.2901612042640391,-0.10977361938621372,0.6020709841536103,-0.13452222680072606,-0.2129318121130393,-0.018419915615323922,0.03542798462991266,0.5845005871275375,0
sample_05819.html,-0.27742930473839383,-0.44555508066955507,-0.4993703348891979,0.9892601391572649,0.6805702122143129,0.48593098486178476,-0.44887348689285445,0.10106033009683774,-1.2904773826362061,-0.26877289623001777,-0.02613359816672435,-0.09886473300976815,1.2459358237700116,0
sample_08576.html,-0.4520377787088923,-0.4805110314497277,-0.4993703348891979,-0.48828710526755725,-2.256016803315404,-0.3365771940723391,-0.44887348689285445,0.6948797331186194,1.5288514592012725,-0.23345460371158694,-0.027419211925291086,-0.10364022835686888,-1.3340155493845216,1
sample_06104.html,0.12873686855913488,0.5681674919554506,1.3318776404734378,0.056718210496062245,-0.20906818934292082,-0.05631514791700801,0.22932624812042704,0.7232216889149736,0.744191959596831,-0.1747942718574364,-0.02613359816672435,-0.05371459518263409,-0.18525218958734646,0
sample_01923.html,-0.4429044123781278,-0.4805110314497277,-0.5789898120788778,-0.44329604730583255,-0.06936590903517763,-0.275650662299441,-0.10977361938621372,-1.9925510562714843,-0.37220232536430614,-0.2694943572651209,-0.02613359816672435,-0.10364022835686888,-0.09724673388122487,1
sample_05772.html,-0.4450534397500724,-0.4717720437546845,-0.4993703348891979,-0.4463636194395865,0.28953005043306423,-0.3304845408950493,-0.10977361938621372,0.36805941227270567,-0.01997357635076145,-0.26118090626062535,-0.004278164271089811,-0.10277195647557784,0.2966705597009656,1
sample_03412.html,-0.25432726048998944,-0.31447026524390775,-0.4197508576995181,-0.38398965271992275,0.1600372844762868,-0.22690943688112258,-0.10977361938621372,0.5591184291651364,-0.18380648161642862,-0.2660535430977062,0.0008642907631771383,-0.09886473300976815,-0.6015766018268693,1
sample_01375.html,-0.16782890876921944,-0.08725658517278581,-0.26051190332015844,-0.07723243934452717,1.4805452179354646,-0.03194453520784878,-0.44887348689285445,0.116797788833084,-1.9042628191801962,8.278342688434568,-0.02613359816672435,-0.08757719855298464,-0.8911845355529028,0
sample_09118.html,-0.3778963343768037,-0.34942621602408036,-0.5789898120788778,-0.40955275383453904,0.5531864613092785,-0.3365771940723391,0.22932624812042704,-1.9925510562714843,-0.11345556745339637,-0.2694943572651209,0.0034355182803106135,-0.10089070073278059,-0.10246110605888335,1
sample_02663.html,-0.4520377787088923,-0.4805110314497277,-0.5789898120788778,-0.4933997254904805,-2.256016803315404,-0.3365771940723391,-0.44887348689285445,-1.9925510562714843,0.17523956815223166,-0.2694943572651209,-0.027419211925291086,-0.10364022835686888,-0.9802106312727159,0
sample_02546.html,-0.30268037635874284,-0.3319482406339941,-0.4993703348891979,-0.36660674396198367,0.1450017406474816,-0.2695580091221512,-0.10977361938621372,0.343253371727165,-2.6719867194928058,-0.25871683934073486,-0.02613359816672435,-0.0910502860781488,3.551320391951708,1
sample_04032.html,2.896146866780789,0.12247911950824984,0.854160777335359,2.2009511319900774,1.075060560753514,3.294644099592385,0.9075259831337085,0.6794316770307485,0.4703400969506475,0.19502665473640313,-0.02613359816672435,0.5977787397460761,0.28383593721414674,0
sample_04866.html,-0.30053134898679823,-0.2969922898538215,-0.4993703348891979,-0.2674219116372724,0.029704214269406802,-0.12333433286719588,1.2466258506403491,0.37764286186098117,0.14408932752545311,-0.18800255850009281,-0.023562370649590873,-0.07296128855125214,-0.09100824063520674,0
sample_00904.html,1.7093465006243855,2.324704018659124,0.13758548262824066,1.433035574507004,0.608381594710797,0.30924404272038036,0.22932624812042704,0.657511627445678,0.5481283993707878,-0.20841435609324,-0.02613359816672435,0.4870740748814686,-0.36233053316760566,0
sample_01081.html,1.0114498615853778,1.8877546339069666,7.781055292837503,1.5843691331055325,0.8665372630428233,-0.31829923454046966,0.9075259831337085,0.5117850850721717,0.37495945659273805,0.598634156574147,-0.004278164271089811,-0.07759207191813769,-0.5663691497230839,0
sample_03616.html,-0.4520377787088923,-0.4805110314497277,-0.5789898120788778,-0.49237720144589586,-2.256016803315404,-0.3365771940723391,-0.44887348689285445,-1.9925510562714843,-1.4078000403100033,-0.2694943572651209,-0.027419211925291086,-0.10364022835686888,-1.3155472897162082,1
sample_01852.html,0.1126191632695504,0.31473684879919916,-0.26051190332015844,-0.18152989189216168,0.007903559298582056,-0.29392862183131047,-0.10977361938621372,0.6262929077030214,0.40232510673927296,-0.1382661446801404,-0.02613359816672435,-0.055595850925431345,-0.5600420786290633,0
sample_08301.html,-0.43592007341930783,-0.46303305605964135,-0.5789898120788778,-0.3788770324969995,-0.007679350509127598,-0.30002127500860026,-0.44887348689285445,-1.9925510562714843,-0.4409233181178345,-0.2694610590635007,-0.014563074339623712,-0.10320609241622336,-0.03489987138220945,1
sample_09591.html,0.13518395067496866,-0.17464646212321733,0.3764439141972801,1.47393653629039,0.6516665414937549,0.7722856841944056,-0.44887348689285445,0.5927198286769066,0.7298633811779879,7.789380796443859,-0.02613359816672435,-0.018260160029916633,-1.0558418893819512,0
sample_09324.html,0.7702215390845969,0.59438445504058,-0.5789898120788778,0.21623196145126794,1.1224081327697422,0.2483175109474823,0.22932624812042704,-1.9925510562714843,0.20918244157188365,-0.26939446266026046,-0.008135005546790024,0.09070796107210886,0.005953642791081334,1
sample_07256.html,0.0030187673003759896,0.17491304567850874,1.729975026421837,0.00047938804390638344,-0.5573715212730767,-0.22690943688112258,-0.44887348689285445,0.6654165261364131,0.013549561256889109,-0.17317375937858948,-0.022276756891024138,-0.06051605825274724,0.19405090638834768,0
sample_07230.html,-0.4138925428568757,-0.4368160929745119,-0.5789898120788778,-0.4310257587708167,0.5169579651364612,-0.275650662299441,-0.10977361938621372,-1.9925510562714843,0.058814071667378814,-0.26943886026242064,-0.02613359816672435,-0.10118012469321093,-0.2597248040736611,1
sample_05733.html,-0.4160415702288203,-0.4805110314497277,-0.18089242613047862,-0.34411121498112135,0.4355708642651104,-0.2208167837038328,0.22932624812042704,0.3781548810348203,0.2031693441159232,-0.23650693886009996,-0.02613359816672435,-0.10219310855471715,-0.17362227276892855,1
sample_02864.html,-0.31933533849131346,-0.3406872283290372,1.0930192089043984,-0.22243085367554774,0.622800418421197,-0.23300209005841238,0.22932624812042704,0.6157713013035868,0.38025425548937525,-0.09638810644254152,-0.013277460581056975,-0.0959704934054647,-0.1592135616891272,1
sample_08733.html,-0.050169660155252774,0.008872279472688862,0.3764439141972801,-0.22243085367554774,0.014293290857755015,-0.31220658136317986,0.22932624812042704,0.6629657250365917,0.15430126377363756,-0.2038303036702004,-0.02613359816672435,-0.06746223330307555,-0.20545144606187568,0
sample_02195.html,0.1846115802296944,0.5506895165653642,0.5356828685766397,-0.061894578675757386,0.22262249750864566,-0.16598290510822453,-0.44887348689285445,0.6397652631265777,0.14914858365971942,-0.15267316658112193,-0.02613359816672435,-0.06804108122393625,-0.21932510469773078,0
sample_01409.html,-0.3488844648555517,-0.46303305605964135,-0.021653471751118984,0.013772200623506859,0.11860823314897197,0.10818648786981676,0.22932624812042704,0.43842381876321107,0.49869481811748684,-0.21548467423725018,-0.02613359816672435,-0.07932861568071976,0.6656738407206505,0
sample_00511.html,0.059430735813921644,0.05256721794790462,0.6949218229559994,0.1518129466424349,0.8332417044963935,0.5224869039255235,0.5684261156270678,0.5867873290457538,0.6128073423576992,-0.14401563415988494,-0.02613359816672435,-0.0671728093426452,-0.13899434456030133,0
sample_08946.html,-0.017934249576083826,-0.2532973513786057,-0.4197508576995181,0.0342226815151999,1.11520594278071,0.12646444740168616,-0.10977361938621372,0.5768064856880672,-0.8184346148897153,-0.2617136774865476,-0.02613359816672435,-0.08772191053319982,0.46016264677686286,0
sample_07189.html,-0.2999940921438121,-0.2882533021587783,0.5356828685766397,-0.3257057821785976,1.147649121268956,-0.245187396412992,-0.10977361938621372,0.6678796359099954,0.4356487527343638,-0.16520438979083543,-0.02613359816672435,-0.06529155359984795,-0.6967468372622336,1
sample_08722.html,-0.39670032388131893,-0.4105991298893824,-0.5789898120788778,-0.3574040275607218,-0.1709287964662127,-0.3365771940723391,0.22932624812042704,-1.9925510562714843,-0.05390547477037812,-0.2694943572651209,0.008577973314577563,-0.09770703716804677,0.5833493619319812,0
sample_09719.html,-0.3746727933188868,-0.270775326768692,-0.34013138050983827,-0.34717878711487526,-1.7887827437455812,-0.2573727027675716,-0.44887348689285445,0.6443393213746997,1.0455687566697427,0.2212989358146953,-0.0107062330639235,-0.08178871934437772,-1.1872869047878534,0
sample_03530.html,-0.3096647153175628,-0.3406872283290372,-0.4993703348891979,-0.37376441227407625,0.06381297614258408,-0.2695580091221512,-0.10977361938621372,0.3316516123233787,-2.6903216724904446,-0.26031515301850167,-0.02613359816672435,-0.0910502860781488,3.5660843661725488,1
sample_07587.html,-0.4391436144772247,-0.4805110314497277,-0.5789898120788778,-0.42898071068164745,0.7977533451385292,-0.2695580091221512,0.22932624812042704,-1.9925510562714843,-1.1077035483209774,-0.2694943572651209,-0.017134301856757187,-0.10364022835686888,0.31274981196714335,1
sample_07103.html,-0.3096647153175628,-0.3406872283290372,-0.4993703348891979,-0.37376441227407625,0.06381297614258408,-0.2695580091221512,-0.10977361938621372,0.3316516123233787,-2.6902907612045635,-0.26031515301850167,-0.02613359816672435,-0.0910502860781488,3.5660843661725488,1
sample_02339.html,0.20610185394914035,0.34969279957937177,0.5356828685766397,0.34200241893518013,0.5653060608504527,0.053352609274208505,0.22932624812042704,0.5287000028727241,1.074744980537484,3.0742666518274,-0.0209911431324574,-0.043729468547787136,-1.0821663679303697,0
sample_07732.html,-0.33115498903700874,-0.34942621602408036,-0.4993703348891979,-0.4003500374332772,0.4618700726624893,-0.2817433154767308,-0.10977361938621372,0.3316516123233787,0.1037463501317055,-0.26031515301850167,-0.004278164271089811,-0.09582578142524951,-0.3918705153675585,1
sample_02225.html,0.46022434068158885,-0.04356164669757005,-0.18089242613047862,0.7898679504632578,0.8964209576565505,2.076113464134424,-0.10977361938621372,0.5880429516599863,-0.6679559954189261,-0.20712682563059448,-0.018419915615323922,-0.052556899340912705,0.918244369712965,0
sample_06531.html,-0.15278571716560724,0.017611267167732012,-0.4993703348891979,0.04547044600563107,1.0454624523392626,-0.06240780109429781,-0.44887348689285445,0.4941217182407502,0.24501584501285698,-0.17551573289253947,-0.02613359816672435,-0.07556610419512526,-0.12436914317050901,0
sample_07966.html,-0.35318251959944086,-0.34942621602408036,-0.34013138050983827,-0.38092208058616883,0.05456767328012151,-0.20863147734925316,-0.10977361938621372,0.37083395513777284,0.07565676714614873,-0.2558198957997825,-0.02613359816672435,-0.09076086211771846,-0.03945696307279223,1
sample_04666.html,-0.45150052186590617,-0.4805110314497277,-0.4993703348891979,-0.4903321533567266,-2.256016803315404,-0.3304845408950493,-0.44887348689285445,0.12427410135816573,-0.30786811634729416,-0.26620893470526685,-0.008135005546790024,-0.10364022835686888,0.823945101978212,0
sample_07458.html,-0.3273941911361057,-0.3406872283290372,-0.4993703348891979,-0.3931923691211846,0.4911933928541008,-0.2817433154767308,-0.10977361938621372,0.343253371727165,0.015338298281638785,-0.25871683934073486,-0.004278164271089811,-0.09582578142524951,-0.20254721649351112,1
sample_04568.html,-0.43538281657632166,-0.4717720437546845,-0.4197508576995181,-0.4494311915733405,-1.8285293515827974,-0.22690943688112258,-0.10977361938621372,0.4066228702510142,0.20549469220527664,-0.2642110426080583,-0.02613359816672435,-0.10233782053493232,-0.4970429029906451,1
sample_07154.html,-0.43054750498944633,-0.4542940683645982,-0.5789898120788778,-0.4606789560637717,-0.6043607312695036,-0.31220658136317986,-0.10977361938621372,-1.9925510562714843,-0.05343205107106384,-0.26943886026242064,-0.018419915615323922,-0.1019036845942868,-0.031214555727029632,1
sample_05601.html,-0.411206258641945,-0.4805110314497277,-0.34013138050983827,-0.24390385861182545,1.1753890995369,-0.09896372015803664,0.5684261156270678,0.4373112677913599,0.4288915852971335,-0.22556292992761323,-0.02613359816672435,-0.09843059706912263,1.1672803114134727,1
sample_02270.html,-0.4488142376509754,-0.4805110314497277,-0.5789898120788778,-0.46988167246503354,-0.4298780888433753,-0.31829923454046966,-0.10977361938621372,-1.9925510562714843,-1.0897108829652162,-0.2694943572651209,-0.014563074339623712,-0.10364022835686888,-0.0949130191863865,1
sample_09433.html,0.4381968101191568,0.8128591474166589,0.6949218229559994,0.2857635964830243,0.08109031440739096,-0.17816821146280412,1.2466258506403491,0.6531073935488735,-0.16116414496464807,-0.10686594055234627,-0.02613359816672435,-0.049517947756394065,-0.35142618808852066,0
sample_00035.html,-0.4450534397500724,-0.4717720437546845,-0.5789898120788778,-0.4760168167325414,-0.5084934647318502,-0.3304845408950493,-0.44887348689285445,-1.9925510562714843,1.5213241310506336,-0.2694943572651209,0.009863587073144301,-0.10320609241622336,0.4353595586080583,1
sample_01567.html,2.8918488120369,2.237314141708693,-0.021653471751118984,3.6263496501410826,1.4324585386365671,2.021279585538816,13.454221080879416,0.6085182384352296,0.7393892794957679,-0.136068463373211,-0.02613359816672435,1.0045641161309282,-0.6259304644539063,0
sample_09249.html,-0.3118137426895074,-0.3057312775488646,0.05796600543856084,-0.3257057821785976,-0.04987619673339827,-0.32439188771775945,-0.10977361938621372,0.4602642360697793,-0.10637105300079944,-0.23861582496270897,-0.009420619305356762,-0.09220798191987019,0.36454773594234985,1
sample_00029.html,-0.18663289827373464,-0.1484294990380879,0.9337802545250389,-0.42693566259247817,-1.7152960677142615,-0.3304845408950493,-0.44887348689285445,0.8215562074832828,1.7381080535792532,1.0054160869663444,-0.008135005546790024,-0.0363491575568133,-1.417490823126036,0
sample_02547.html,0.4215418479865861,0.6555573689058821,-0.26051190332015844,0.656939824667253,2.010593682592255,0.132557100578976,-0.10977361938621372,0.2093394637083132,-0.5878206781683964,-0.0970873686765645,-0.02613359816672435,-0.08366997508717497,0.4509411243579282,0
sample_08298.html,-0.4289357344604879,-0.46303305605964135,-0.4993703348891979,-0.47397176864337215,-1.5435377130570114,-0.31829923454046966,-0.10977361938621372,0.43619300261567,-0.22157088764455046,-0.26772955257925335,-0.006849391788223287,-0.10089070073278059,0.5328237178062468,0
sample_04000.html,0.4768793028141595,1.0225948520976944,0.2968244370076003,0.011727152534337554,0.17632119676001762,-0.1294269860444857,-0.44887348689285445,0.4873889139921606,0.3066301930579698,-0.15699083339120035,-0.02613359816672435,0.10706041483642345,-0.4540705347252653,0
sample_02410.html,-0.3467354374836071,-0.34942621602408036,-0.26051190332015844,-0.36967431609573764,0.06996879191078736,-0.3365771940723391,-0.10977361938621372,0.7913456419708297,1.390602216347652,0.24151094419812166,0.01500604210741125,-0.08772191053319982,-1.1466482903302857,1
sample_09077.html,-0.38488067333562365,-0.38438216680425297,-0.26051190332015844,-0.1938001804271775,0.8844391822078266,-0.3365771940723391,-0.10977361938621372,-0.024580120123907246,-1.4030912219525535,-0.01870340206274973,0.031719020968778835,-0.10002242885148954,2.2960924040276782,1
sample_04521.html,-0.4520377787088923,-0.4805110314497277,-0.5789898120788778,-0.49237720144589586,-2.256016803315404,-0.3365771940723391,-0.44887348689285445,-1.9925510562714843,0.5094353311740346,-0.2694943572651209,-0.027419211925291086,-0.10364022835686888,-1.441636826372634,1
sample_02395.html,-0.3821943891206929,-0.3581652037191235,-0.26051190332015844,-0.19686775256093145,0.8406681266168545,-0.05631514791700801,-0.10977361938621372,0.36767087894223094,-1.401449694647893,-0.24005874703291513,-0.02613359816672435,-0.1019036845942868,1.7978997788765378,1
sample_01260.html,-0.4090572312700004,-0.4805110314497277,-0.5789898120788778,-0.35229140733779857,0.41473640111841736,-0.2573727027675716,-0.44887348689285445,-1.9925510562714843,-1.2488756767717357,-0.26939446266026046,-0.01970552937389066,-0.10364022835686888,1.1396974772342559,1
sample_07029.html,-0.30268037635874284,-0.3319482406339941,-0.4993703348891979,-0.36660674396198367,0.1450017406474816,-0.2695580091221512,-0.10977361938621372,0.343253371727165,-2.671862868342712,-0.25871683934073486,-0.02613359816672435,-0.0910502860781488,3.551261852867586,1
sample_09147.html,-0.4520377787088923,-0.4805110314497277,-0.4993703348891979,-0.4913546774013112,-2.256016803315404,-0.3365771940723391,-0.44887348689285445,0.3183084428666517,-0.17024839352150645,-0.2684288148132763,-0.027419211925291086,-0.10364022835686888,-0.8388552096779718,1
sample_05429.html,0.12443881381524569,-0.11347354825791527,-0.18089242613047862,0.1129570329482181,0.4459231262952721,0.5651354761665522,-0.10977361938621372,0.6032345400632811,-0.06267045691959482,-0.212865215709799,-0.017134301856757187,-0.035625597655737425,0.30302882991042207,0
sample_02084.html,-0.3875669575505544,-0.39312115449929613,-0.4993703348891979,-0.4300032347262321,-1.1418760059926445,-0.31829923454046966,-0.10977361938621372,0.10447175931226499,-0.4897432572997131,-0.2214783505288758,-0.0107062330639235,-0.09857530904933781,-1.1490820429744504,1
sample_03955.html,0.3533102289273452,0.008872279472688862,-0.021653471751118984,0.41460162610069046,0.7161270536372718,1.363273042391517,-0.10977361938621372,0.6258744045411155,-0.4942849270761477,-0.2012552427449094,-0.02613359816672435,-0.005959641711626901,0.9204228971654171,0
sample_08072.html,-0.2134957404230421,-0.13969051134304472,1.8095945036115169,-0.23061104603222496,-1.266168440869598,-0.30002127500860026,-0.44887348689285445,0.7140017926186593,1.2298912685532968,3.5568685873086614,-0.02613359816672435,-0.07310600053146732,-1.4261813608503,0
sample_09838.html,6.791796235273356,0.1661740579834656,0.5356828685766397,5.944411659214489,1.6353734471186818,9.74676381434229,0.22932624812042704,0.5254397118968878,1.2276288863721696,4.470438046958884,-0.02613359816672435,2.303643562522539,-0.5661562447690247,0
sample_07642.html,0.9958694131387795,0.1486960825933793,0.2968244370076003,1.2275082415454888,1.2686358188234568,2.2101518340348,0.22932624812042704,0.6462608956281329,-0.6301688205146151,0.002274464957939867,-0.02613359816672435,-0.04532130033015404,0.546185504953962,0
sample_03198.html,-0.08186781389143558,0.2011300087636382,-0.18089242613047862,0.15079042259785022,0.20587378167910467,-0.2878359686540206,0.5684261156270678,0.6907160978403498,0.036030973301161597,-0.20571720176200847,-0.01584868809819045,-0.07484254429404939,0.4401311328093102,0
sample_06579.html,-0.1893191824886654,-0.11347354825791527,2.207691889559916,-0.19277765638259284,-1.3152677136182684,-0.2878359686540206,-0.44887348689285445,0.7849219771694954,1.528453807293612,4.642223469117197,-0.02613359816672435,-0.07498725627426457,-1.4026615302389476,0
sample_07184.html,-0.09153843706518626,-0.13969051134304472,0.7745413001456792,-0.1191559251724979,-0.413747734327821,-0.19035351781738374,-0.10977361938621372,0.7996497677926625,1.4734784922179647,1.5764247477490831,-0.02613359816672435,0.009379828191181468,-0.9367984767299123,0
sample_02110.html,-0.41765334075777877,-0.4805110314497277,-0.34013138050983827,-0.4003500374332772,0.4297195902025507,-0.25128004959028183,-0.10977361938621372,0.4317693708200011,0.7157974868871609,-0.2528230576539697,-0.004278164271089811,-0.10291666845579302,-0.27607164123127276,1
sample_00517.html,-0.44935149449396156,-0.4805110314497277,-0.5789898120788778,-0.4913546774013112,-2.256016803315404,-0.3304845408950493,-0.44887348689285445,-1.9925510562714843,0.1858757981077862,-0.2694832578645808,0.09471409513854898,-0.09799646112847712,-1.369824702439611,0
sample_02419.html,-0.44666521027903083,-0.4805110314497277,-0.4197508576995181,-0.4678366243758642,-1.5106540643212891,-0.29392862183131047,-0.10977361938621372,0.37736588198594256,0.20308214410977832,-0.26721898015441115,-0.02613359816672435,-0.10320609241622336,-0.4544497350062705,1
sample_05536.html,0.010540363102182078,0.42834368883476015,0.3764439141972801,0.04035782578270781,-0.06290239634768409,-0.30002127500860026,0.22932624812042704,0.539433100846264,-0.5755277124731251,-0.2497596231049166,-0.022276756891024138,-0.09553635746481917,0.32840819559755946,0
sample_08669.html,-0.4300102481464602,-0.46303305605964135,-0.5789898120788778,-0.2766246280385343,-1.079006084891287,-0.29392862183131047,0.22932624812042704,-1.9925510562714843,-1.1520455587343688,-0.2694943572651209,-0.02613359816672435,-0.09843059706912263,-0.5163487930682329,1
sample_03279.html,0.6676054820742424,1.3546763845093344,0.854160777335359,0.24588515874422287,-0.2062692725956058,0.022889343387759473,1.2466258506403491,0.5790582092475779,0.19021791704476956,-0.1399088559600674,-0.02613359816672435,-0.001328858344741356,-0.2985236355072133,0
sample_00767.html,-0.24250760994429416,-0.20960241290338993,-0.4993703348891979,-0.31752558982192036,0.8298338557395974,-0.3365771940723391,-0.10977361938621372,0.01660112101228969,0.024221177991065417,-0.2653542808636832,0.0008642907631771383,-0.08395939904760531,-0.14945186302667832,1
sample_08706.html,1.9871082884482247,3.1986027881634396,0.854160777335359,1.171269419093333,1.4712920240108496,-0.19035351781738374,0.22932624812042704,0.36703648433238345,-0.5015320734157039,-0.09399063592589128,-0.022276756891024138,0.14237013800892573,0.7164357663211196,0
sample_05891.html,0.21362344975094644,-0.3232092529389509,-0.18089242613047862,0.2673581636805005,1.5412133328459399,1.5094967186464723,-0.44887348689285445,0.6170360101282555,-0.5649435275024862,-0.1331382216306385,-0.02613359816672435,-0.09119499805836398,0.7503299221035733,0
sample_02413.html,0.15559971070844233,0.08752316872807724,1.0133997317147188,0.5076513141578938,0.9506620961634652,0.6626179270031891,0.5684261156270678,0.5733238976655781,0.18720100747384236,-0.13659013519859323,-0.02613359816672435,-0.061673754094468625,0.3156760882150742,0
sample_05730.html,26.04332068999604,-0.4805110314497277,-0.4993703348891979,-0.4729492445987875,-0.42442422029846527,-0.31829923454046966,-0.10977361938621372,-1.9925510562714843,1.8881572703797305,-0.2694832578645808,-0.013277460581056975,27.558923061654795,-1.5505230430088017,1
sample_08050.html,-0.26507239734971244,-0.2882533021587783,-0.18089242613047862,-0.34308869093653666,0.02981776562424648,-0.25128004959028183,-0.44887348689285445,0.6054600615049972,0.09678108515743848,-0.24908255967197368,-0.011991846822490236,-0.08019688756201081,0.267063968106629,0
sample_00142.html,-0.3273941911361057,-0.3406872283290372,-0.4993703348891979,-0.3931923691211846,0.4911933928541008,-0.2817433154767308,-0.10977361938621372,0.343253371727165,0.015398913139880914,-0.25871683934073486,-0.004278164271089811,-0.09582578142524951,-0.20272021317663516,1
sample_07477.html,-0.4337710460473632,-0.46303305605964135,-0.4993703348891979,-0.48828710526755725,-0.9915621547527916,-0.3365771940723391,-0.44887348689285445,0.5403747743519939,0.5078614281011713,-0.26636432631282747,0.08700041258714855,-0.09872002102955299,-1.0055610142462665,1
sample_01538.html,-0.3359903006238841,-0.3669041914141667,-0.4197508576995181,-0.3717193641849069,-0.13628325462843763,-0.13551963922177548,0.22932624812042704,0.6018677038646876,-0.23584630349283286,-0.2626682259329917,-0.02613359816672435,-0.08786662251341498,0.0830215725786763,0
sample_05373.html,-0.05124417384122507,-0.2008634252083468,0.2968244370076003,0.04649297005021572,0.5742335713211708,0.19957628552916384,-0.10977361938621372,0.6388500131403717,0.7845587230242063,1.1180306048456654,-0.02613359816672435,-0.05241218736069753,-0.9600983750895791,0
sample_09565.html,-0.38917872807951287,-0.4717720437546845,-0.4197508576995181,-0.4637465281975256,-0.7541108833035711,-0.245187396412992,-0.44887348689285445,0.5064613736785133,0.08178997673294833,1.5245461496249015,0.0021499045217438758,-0.07932861568071976,-1.0804271573996558,0
sample_09032.html,-0.4520377787088923,-0.4805110314497277,-0.4993703348891979,-0.4893096293121419,-1.2220532489725586,-0.3365771940723391,-0.44887348689285445,0.3497685215679916,-0.38941941975910577,-0.2678294471841138,-0.027419211925291086,-0.10364022835686888,0.11082971052464799,1
sample_04098.html,-0.41872785444375105,-0.44555508066955507,-0.4993703348891979,-0.41466537405746234,-0.8807664702485071,-0.30002127500860026,-0.10977361938621372,0.40973863008096567,0.42220264208583586,-0.25702973045864763,-0.014563074339623712,-0.10045656479213506,-0.37157295495220827,1
sample_05931.html,0.1464663443776778,0.19239102106859504,-0.18089242613047862,-0.0680297229432653,-1.5636559245377377,-0.3304845408950493,-0.44887348689285445,0.31397956421363077,0.3449643591829468,0.004805128281070676,-0.009420619305356762,0.0834723620613502,0.8348844270935335,1
sample_06022.html,-0.4283984776175017,-0.4717720437546845,-0.4197508576995181,-0.2970751089302273,0.7857346397611749,-0.1537975987536449,-0.10977361938621372,0.3715161254246923,0.07230928140686742,-0.24792822201580875,-0.02613359816672435,-0.10335080439643853,-0.03677914547210649,1
sample_09451.html,0.7207939095298712,1.3546763845093344,-0.021653471751118984,0.09455160014569436,0.8290491159524636,-0.31220658136317986,0.22932624812042704,0.5115557866813645,-0.51494765904067,-0.2426449073587462,-0.005563778029656549,-0.08540651884975704,0.38323392006302714,0
sample_06183.html,-0.436457330262294,-0.4805110314497277,-0.4993703348891979,-0.44329604730583255,0.08141459285252393,-0.2878359686540206,-0.10977361938621372,0.5812348790775027,1.1283862614406175,-0.2577955890959109,-0.02613359816672435,-0.10320609241622336,-0.048250472219417646,1
sample_01877.html,0.7218684232158435,0.24482494723885398,6.666382612181986,1.1763820393162563,0.1176304984511163,1.1317522216545042,0.22932624812042704,0.702386497606529,0.8592333030856864,0.9936063247917339,-0.02613359816672435,0.062199700969719725,-0.3548748311392279,0
sample_09866.html,0.9195789414347464,1.8702766585168804,0.05796600543856084,0.43607463103696814,-0.8939003649957589,-0.2695580091221512,1.2466258506403491,0.5373440429821623,0.27004353946793297,-0.24237852174578506,-0.02613359816672435,-0.001328858344741356,-0.7466833878518861,1
sample_08044.html,-0.37574730700485914,-0.3232092529389509,-0.5789898120788778,-0.3574040275607218,0.45731848621117066,-0.29392862183131047,-0.10977361938621372,-1.9925510562714843,-0.5450984484910818,-0.2694943572651209,-0.02613359816672435,-0.10277195647557784,-0.38812261895429634,1
sample_06709.html,0.09112888955010444,-0.09599557286782896,-0.18089242613047862,0.11602460508197206,0.25455654805822353,0.4250044530888867,-0.10977361938621372,0.6173532773495147,-0.12197178121842485,-0.20557290955498786,-0.017134301856757187,-0.04416360448843265,0.1461227418151109,0
sample_03800.html,1.0705481143138542,1.5381951261052407,-0.34013138050983827,0.4902684053999547,0.3470230151071894,-0.19644617099467354,0.9075259831337085,0.7018242435456215,0.7341022444717504,-0.24973742430383647,-0.02613359816672435,0.5550887055826,0.09166406653345413,0
sample_01462.html,-0.4520377787088923,-0.4805110314497277,-0.18089242613047862,-0.4852195331338033,-1.16902947788668,-0.3365771940723391,-0.10977361938621372,-0.34200040426398937,-4.171988336927003,-0.09252551505460503,-0.027419211925291086,-0.10364022835686888,-1.5142566071393413,1
sample_06689.html,1.1226620280835107,0.34969279957937177,-0.18089242613047862,1.0751521589023758,0.8038225711855859,2.2223371403893797,-0.10977361938621372,0.6106046792920504,-0.33862520115981387,-0.20763739805543668,-0.017134301856757187,0.062054988989504546,0.9435287690997128,0
sample_00341.html,-0.2408958394153357,-0.4368160929745119,-0.4197508576995181,-0.2612867673697645,0.006051606345979112,-0.2878359686540206,0.5684261156270678,0.34635009780583204,-7.851757030852685e-05,-0.2530894432669308,-0.02613359816672435,-0.002341842206247569,-0.7872033074716241,1
sample_04812.html,-0.3821943891206929,-0.2882533021587783,-0.5789898120788778,-0.37376441227407625,1.0610806751043098,-0.31829923454046966,-0.44887348689285445,-1.9925510562714843,-0.7673013275012062,-0.2694943572651209,-0.02613359816672435,-0.10204839657450197,0.2515154919325951,1
sample_05304.html,-0.42195139550166794,-0.44555508066955507,-0.5789898120788778,-0.4688591484204489,0.32103522205746726,-0.31220658136317986,-0.10977361938621372,-1.9925510562714843,0.5085048947738157,-0.26943886026242064,-0.02613359816672435,-0.10175897261407163,-0.5993294962936854,1
sample_01897.html,-0.14150332346289812,-0.11347354825791527,-0.1012729489407988,1.1620667026920712,1.125519754808105,3.0814012383872424,0.22932624812042704,0.46676505743159635,-0.5901216634057234,-0.210290154784508,-0.004278164271089811,-0.006538489632487595,1.1214345867537157,1
sample_05856.html,-0.42195139550166794,-0.44555508066955507,-0.5789898120788778,-0.4688591484204489,0.32103522205746726,-0.31220658136317986,-0.10977361938621372,-1.9925510562714843,0.5085048947738157,-0.26943886026242064,-0.02613359816672435,-0.10175897261407163,-0.5993294962936854,1
sample_02431.html,-0.38380615964965137,-0.4805110314497277,0.6949218229559994,-0.3574040275607218,0.14601747114268449,-0.19644617099467354,-0.10977361938621372,0.6705625922597777,0.8127443359725304,0.198511866505978,-0.013277460581056975,-0.10045656479213506,-0.6960996088094249,1
sample_07478.html,0.6128052840896552,0.8390761105017883,4.75551515962967,0.4340295829477988,0.16801149650071084,0.5346722102801031,0.22932624812042704,0.7279358070622187,0.740700495865535,0.2944772835752279,-0.02613359816672435,-0.002341842206247569,-0.6028956738306661,0
sample_03693.html,-0.32578242060714724,-0.4193381175844256,-0.4197508576995181,-0.20095784873927006,-0.08124944287973043,-0.1294269860444857,0.5684261156270678,0.23894994508151327,-0.7356527544056738,-0.26481041023722085,-0.02613359816672435,-0.10277195647557784,1.221811228357741,0
sample_08209.html,-0.23283698677054346,-0.24455836368356254,-0.1012729489407988,-0.342066166891952,0.502679182040958,-0.19035351781738374,-0.10977361938621372,0.5853631211530382,0.20820223398426754,-0.24000325003021492,-0.004278164271089811,-0.09741761320761642,-0.4026915628501044,0
sample_04442.html,-0.45150052186590617,-0.4805110314497277,-0.4993703348891979,-0.4913546774013112,-2.256016803315404,-0.3304845408950493,-0.44887348689285445,0.9309370579477853,2.2462945350387136,-0.14019744037410864,-0.01970552937389066,-0.10364022835686888,-1.5326077234511195,1
sample_08935.html,-0.37897084806277603,-0.4717720437546845,-0.18089242613047862,-0.15698931482213002,0.8529063525014203,-0.20253882417196337,0.22932624812042704,-0.2983747855912968,-0.8103824412247207,-0.1592662105019101,-0.002992550512523074,-0.10103541271299576,1.642709785544424,1
sample_08795.html,-0.41819059760076494,-0.4805110314497277,-0.5789898120788778,-0.3533139313823832,0.4953261897966264,-0.2573727027675716,-0.10977361938621372,-1.9925510562714843,0.0382361088314714,-0.2694943572651209,-0.02613359816672435,-0.09741761320761642,-0.22142333321496846,1
sample_09885.html,-0.44666521027903083,-0.4805110314497277,-0.4197508576995181,-0.4678366243758642,-1.5106540643212891,-0.29392862183131047,-0.10977361938621372,0.37736588198594256,0.20308214410977832,-0.26721898015441115,-0.02613359816672435,-0.10320609241622336,-0.4544497350062705,1
sample_01980.html,-0.12484836133032749,0.07878418103303408,0.45606339138695995,0.6497821563551603,1.211648009304598,0.0472599560969187,-0.10977361938621372,0.6023438914021049,1.2591023281320843,0.10939477956993739,-0.02613359816672435,0.012129355815269761,-0.3580988614190511,0
sample_06690.html,0.4505537175078382,1.0662897905729103,3.4019840474051133,1.3011299727555838,-0.46912555520507815,-0.30002127500860026,0.9075259831337085,0.6570207880661991,0.7722666895086651,2.6338313389977794,-0.0209911431324574,0.011839931854839414,-0.7455849260579878,0
sample_00355.html,-0.4396808713202109,-0.4717720437546845,-0.34013138050983827,-0.4617014801083563,-1.6771275451299916,-0.2878359686540206,-0.10977361938621372,0.41172914281227757,0.3088307037407746,-0.2664198233155277,-0.02613359816672435,-0.10277195647557784,-0.4156764052316369,1
sample_00246.html,0.38232209844859727,0.07004519333799093,0.3764439141972801,0.46981792450826165,1.0013782614761124,0.351892614961409,0.5684261156270678,0.23403387117147947,-0.5484233430348417,-0.17595970891414137,-0.02613359816672435,0.02341689027205328,0.5868150712769236,0
sample_02445.html,2.059637962251355,2.953911132702231,-0.18089242613047862,1.6487881479143656,1.1592264903804996,-0.3304845408950493,11.419621875839571,0.3104484683346666,-0.4621233718696299,-0.2125100348925175,-0.02613359816672435,0.005762028685802135,0.1816511810572271,0
sample_07715.html,-0.41228077232791727,-0.4542940683645982,-0.021653471751118984,-0.3635391718282297,-0.8127472465321726,-0.2695580091221512,-0.10977361938621372,0.21640642045871913,0.89359338873685,-0.16438303415087194,0.03429024848591231,-0.09220798191987019,0.47456516496914547,1
sample_02960.html,-0.4520377787088923,-0.4805110314497277,-0.5789898120788778,-0.4903321533567266,-0.871771713151435,-0.3365771940723391,-0.44887348689285445,-1.9925510562714843,-0.6382231366479425,-0.2694943572651209,-0.027419211925291086,-0.10364022835686888,0.12037819132924721,0
sample_03063.html,-0.3338412732519395,-0.3232092529389509,0.21720495981792048,-0.29503006084105804,1.0095402420208996,-0.31829923454046966,-0.10977361938621372,0.568506379084466,0.39418510474809454,-0.20603908437766985,-0.02613359816672435,-0.05964778637145619,-0.2170038931168509,1
sample_04834.html,-0.4391436144772247,-0.46303305605964135,-0.4993703348891979,-0.4453410953950019,-0.13902459024072258,-0.31220658136317986,-0.10977361938621372,0.3498149853427134,-0.288761666168623,-0.25054768054325993,-0.02613359816672435,-0.10320609241622336,0.4753483631565463,1
sample_09566.html,-0.42195139550166794,-0.44555508066955507,-0.4993703348891979,-0.4760168167325414,-0.765291325327174,-0.31829923454046966,-0.44887348689285445,0.5128833056228927,0.6802658650461698,-0.2647105156323604,-0.02613359816672435,-0.10060127677235024,-0.678562681197956,0
sample_01708.html,0.5187853365670791,0.59438445504058,0.2968244370076003,0.48413326113244676,0.009546468748979584,0.14474240693355558,0.22932624812042704,0.4282276656226522,-0.15558029824915742,-0.2092357117332035,-0.02613359816672435,0.026311129876356743,0.04282052799668383,0
sample_03525.html,-0.2870999279121445,-0.3756431791092098,0.3764439141972801,-0.23265609412139426,0.8583584405610865,-0.03194453520784878,-0.10977361938621372,0.24783530045192526,-0.27436640342295987,-0.25710742626242794,-0.02613359816672435,-0.10002242885148954,0.3083014934567026,1
sample_09251.html,0.21577247712289105,0.061306205642947774,0.3764439141972801,0.5966109060367585,0.16935076660023093,0.9977138517541285,0.22932624812042704,0.5956666167464088,0.4619413661576061,0.046605470714889206,-0.02613359816672435,0.028626521559799518,0.17557237304558235,0
sample_09907.html,-0.42947299130347405,-0.4542940683645982,-0.4993703348891979,-0.48828710526755725,-0.8476279032632241,-0.3365771940723391,-0.44887348689285445,0.2321780187589619,-0.4380601332247829,-0.267896043587354,0.0715730474843477,-0.10277195647557784,-0.6227474767212589,0
sample_07578.html,-0.28495090054019995,-0.38438216680425297,-0.18089242613047862,-0.3911473210320153,0.9467137187333441,-0.2817433154767308,0.22932624812042704,0.22367667837584237,0.48721240329882315,-0.25502073896089905,-0.006849391788223287,-0.0813545834037322,0.05758308111280886,1
sample_07323.html,0.6111935135606967,0.7691642089414431,1.4114971176631177,0.3644979479160425,0.5294980922791664,-0.23300209005841238,1.2466258506403491,0.540594116947941,-0.599328037807648,0.17783368329986968,-0.02613359816672435,0.0004076854178407237,1.1452362133036498,0
sample_02730.html,-0.4251749365595848,-0.4542940683645982,-0.5789898120788778,-0.41364285001287765,2.293365649513998,-0.31829923454046966,-0.10977361938621372,-1.9925510562714843,-1.218418241391197,-0.2694943572651209,-0.0107062330639235,-0.09886473300976815,1.1697781050334084,1
sample_02235.html,-0.4477397239650031,-0.4805110314497277,-0.4993703348891979,-0.48419700908921864,-1.2792309526931431,-0.31829923454046966,-0.44887348689285445,0.28704593753334845,0.3564502812634727,-0.2681957274019353,-0.011991846822490236,-0.10364022835686888,-0.8495846415382166,1
sample_00359.html,-0.2408958394153357,-0.4368160929745119,-0.4197508576995181,-0.2612867673697645,0.006051606345979112,-0.2878359686540206,0.5684261156270678,0.34635009780583204,-7.851757030852685e-05,-0.2530894432669308,-0.02613359816672435,-0.002341842206247569,-0.7872033074716241,1
sample_00004.html,-0.4520377787088923,-0.4805110314497277,-0.4993703348891979,-0.49237720144589586,-2.256016803315404,-0.3365771940723391,-0.44887348689285445,0.06649804708062462,-1.1854255629769443,-0.2687506974289377,-0.027419211925291086,-0.10364022835686888,-0.5164903429204203,1
sample_06434.html,-0.436457330262294,-0.4805110314497277,-0.5789898120788778,-0.41466537405746234,0.42914483866489467,-0.23300209005841238,-0.10977361938621372,-1.9925510562714843,-1.089610874500559,-0.26943886026242064,-0.02613359816672435,-0.10320609241622336,0.25224883411605653,1
sample_00414.html,-0.3940140396663882,-0.4805110314497277,-0.5789898120788778,-0.44431857135041725,-1.272552080020079,-0.21472413052654296,-0.44887348689285445,-1.9925510562714843,0.048571234433642564,-0.2694610590635007,-0.009420619305356762,-0.09032672617707294,-0.9841866215115304,0
sample_01254.html,-0.4520377787088923,-0.4805110314497277,-0.4993703348891979,-0.49237720144589586,-2.256016803315404,-0.3365771940723391,-0.44887348689285445,0.8136477979243384,1.4967530218328278,-0.267185681952791,-0.027419211925291086,-0.10364022835686888,-1.0168014571092276,1
sample_01690.html,-0.3096647153175628,-0.3406872283290372,-0.4993703348891979,-0.37376441227407625,0.06381297614258408,-0.2695580091221512,-0.10977361938621372,0.3316516123233787,-2.690264309960931,-0.26031515301850167,-0.02613359816672435,-0.0910502860781488,3.566025188243186,1
sample_01755.html,0.022897270490863507,0.3671707749694581,0.13758548262824066,-0.0700747710324346,1.2884984761670357,-0.31220658136317986,-0.44887348689285445,0.7157973159731688,0.4182564626268947,-0.13682322260993424,-0.02613359816672435,-0.0780262078587832,0.14831945680038092,0
sample_04618.html,0.6278484756932674,1.3808933475944638,0.21720495981792048,0.39108357307524344,0.8742620193948635,-0.2878359686540206,0.22932624812042704,0.5507813941126002,0.45819416329479734,-0.07232460607171874,-0.02613359816672435,0.024719298093989837,-0.12905313038576166,0
sample_05561.html,-0.19093095301762383,-0.07851759747774266,-0.021653471751118984,-0.2193632815417938,0.2996267946625117,-0.11724167968990606,-0.10977361938621372,0.5253080851702068,-0.39573682239553587,-0.25213489482048673,-0.02613359816672435,-0.058490090529734806,0.17668303808730693,0
sample_08264.html,-0.39455129650937437,-0.34942621602408036,-0.4993703348891979,-0.38807974889826136,-0.011983824988026193,-0.3304845408950493,-0.10977361938621372,0.5309020455350199,0.4245794197154777,-0.19318597855229494,-0.0209911431324574,-0.08424882300803566,-1.1002600426485867,1
sample_08145.html,-0.4477397239650031,-0.4717720437546845,-0.5789898120788778,-0.4719267205542028,-1.2585460805872977,-0.3304845408950493,-0.10977361938621372,-1.9925510562714843,0.1190541344312136,-0.2694832578645808,-0.02613359816672435,-0.10364022835686888,0.19771993800876822,1
sample_04284.html,0.07393667057454767,0.31473684879919916,-0.021653471751118984,-0.05064681418532622,1.0621043087738096,-0.2634653559448614,1.58572571814699,0.6428818401037,-0.13189291601682704,-0.20057817931196653,-0.02613359816672435,-0.05979249835167137,-0.24454268608756766,0
sample_01074.html,-0.3123509995324935,-0.2969922898538215,0.6153023457663196,-0.3410436428473674,0.5882088240750974,-0.2634653559448614,-0.10977361938621372,0.6603246422598928,0.4810771130456624,-0.16288461507796553,-0.02613359816672435,-0.06326558587683553,-0.7941496021292117,1
sample_09112.html,0.11852898854239804,0.20986899645868135,0.45606339138695995,0.07410111925400133,0.8385747543997542,0.1569277132881352,-0.44887348689285445,0.8769157856975001,2.048886696963447,2.124302257806363,-0.02613359816672435,-0.07715793597749217,-1.223186839055136,0
sample_04335.html,-0.3263196774501334,-0.38438216680425297,-0.5789898120788778,-0.07314234316618856,0.196496262647103,-0.1294269860444857,-0.10977361938621372,-1.9925510562714843,-2.082813250994768,-0.2694943572651209,-0.02613359816672435,-0.09278682984073088,2.9480772552038466,1
sample_07349.html,-0.41765334075777877,-0.4368160929745119,-0.4993703348891979,-0.45863390797460235,-0.6830110204145464,-0.32439188771775945,-0.10977361938621372,0.4729540427119395,0.7818067327525808,-0.2656095670761043,-0.01970552937389066,-0.10118012469321093,-0.7280796929929559,1
sample_03971.html,-0.4455906965930585,-0.4717720437546845,-0.5789898120788778,-0.4760168167325414,-0.5084934647318502,-0.3304845408950493,-0.44887348689285445,-1.9925510562714843,1.5201946511021458,-0.2694943572651209,0.012434814590277775,-0.10320609241622336,0.43428047077384946,1
sample_01604.html,-0.414967056542848,-0.4368160929745119,-0.34013138050983827,-0.45147623966250977,-0.7580808748555818,-0.32439188771775945,-0.44887348689285445,0.7290843571783795,0.7239996178848753,-0.14515887241550982,-0.02613359816672435,-0.055306426965000995,-1.0738245745181776,1
sample_02319.html,-0.4520377787088923,-0.4805110314497277,-0.26051190332015844,-0.4852195331338033,-1.0030363344491298,-0.3365771940723391,-0.44887348689285445,-0.3333500716843548,-3.9779910921287596,-0.10960749248573798,-0.027419211925291086,-0.10364022835686888,-1.5097574678382744,1
sample_06651.html,-0.2451938941592249,-0.2183414005984331,-0.26051190332015844,-0.08848020383495833,1.3846076161746057,-0.23909474323570218,0.22932624812042704,0.8510367435205649,0.12450774379293185,-0.18203108100954732,0.0008642907631771383,-0.08670892667169361,0.782573080148893,0
sample_08969.html,-0.3940140396663882,-0.42807710527946874,-0.4993703348891979,-0.3983049893441079,0.4696808494648838,-0.20863147734925316,-0.10977361938621372,-0.031938160913451454,0.5894104577154621,-0.2688616914343382,-0.014563074339623712,-0.10262724449536266,0.10039638995139612,1
sample_06041.html,-0.3085902016315905,-0.2358193759885194,-0.4993703348891979,-0.05269186227449552,0.14338751275529885,-0.19035351781738374,0.22932624812042704,0.5648423941005405,-1.2833296524924163,-0.2047626533155644,-0.004278164271089811,-0.0883007584540605,2.4159370198727244,1
sample_02647.html,-0.440218128163197,-0.4805110314497277,-0.4993703348891979,-0.41466537405746234,-1.0923009560952317,-0.245187396412992,-0.44887348689285445,0.8111216935324558,1.4536946332091025,-0.20055598051088644,-0.02613359816672435,-0.10335080439643853,-0.6953523684826057,1
sample_00030.html,0.5246951618399268,0.8128591474166589,3.4019840474051133,0.09455160014569436,0.7592362653154439,-0.2817433154767308,1.2466258506403491,0.6615507344474418,0.560104874596954,0.21630420557167399,-0.017134301856757187,-0.0124716808213097,-0.3419579019178725,0
sample_00041.html,-0.4079827175840281,-0.4105991298893824,0.13758548262824066,-0.4044401336116158,0.09138111336020502,-0.3365771940723391,-0.10977361938621372,0.9379358715186289,1.971461118036963,0.3629161873051602,0.018862883383111463,-0.1003118528119199,-0.8347236019540594,0
sample_08458.html,-0.45096326502292,-0.4805110314497277,-0.5789898120788778,-0.45147623966250977,0.6953601823130514,-0.3304845408950493,-0.10977361938621372,-1.9925510562714843,-0.3478124040752843,-0.2694943572651209,-0.01584868809819045,-0.1034955163766537,-0.05797874232692409,1
sample_00609.html,-0.4369945871052801,-0.4805110314497277,-0.5789898120788778,-0.4790843888662954,-1.1921122154666917,-0.29392862183131047,-0.44887348689285445,-1.9925510562714843,-0.3035258094293158,-0.2694610590635007,-0.011991846822490236,-0.10045656479213506,-0.7648702818243297,1
sample_03347.html,-0.3273941911361057,-0.3406872283290372,-0.4993703348891979,-0.3931923691211846,0.4911933928541008,-0.2817433154767308,-0.10977361938621372,0.343253371727165,0.016215829619510687,-0.25871683934073486,-0.004278164271089811,-0.09582578142524951,-0.20254721649351112,1
sample_04809.html,-0.42302590918764027,-0.44555508066955507,-0.5789898120788778,-0.4606789560637717,-1.0331560584230444,-0.31829923454046966,-0.10977361938621372,-1.9925510562714843,-0.03985032372219392,-0.26943886026242064,-0.018419915615323922,-0.10161426063385645,-0.10105722409022729,1
sample_08452.html,0.36351810894408204,0.08752316872807724,-0.1012729489407988,0.559800040431711,1.6164438609400553,0.8880460945629121,1.58572571814699,0.833077280522703,-1.3176321335563492,-0.22204441995641822,-0.02613359816672435,0.012997627696560802,2.0755064572108815,0
sample_04073.html,-0.016859735890111527,0.2186079841537245,0.2968244370076003,-0.08643515574578904,0.7998562253890747,-0.20253882417196337,-0.10977361938621372,0.6685129589548949,0.0389438598543916,-0.18113202956580346,-0.02613359816672435,-0.05516171498478582,-0.08675565648332617,0
sample_04656.html,-0.1946917509185269,-0.10473456056287211,-0.4197508576995181,-0.21118308918511658,0.504233818182121,-0.32439188771775945,0.22932624812042704,0.3071057654204615,0.29334479328513374,-0.2612586020644057,-0.02613359816672435,-0.05487229102435548,-0.23620992777232364,1
sample_06182.html,-0.3096647153175628,-0.3406872283290372,-0.4993703348891979,-0.37376441227407625,0.06381297614258408,-0.2695580091221512,-0.10977361938621372,0.3316516123233787,-2.690270503033452,-0.26031515301850167,-0.02613359816672435,-0.0910502860781488,3.566025188243186,1
sample_06105.html,0.629997503065212,1.0225948520976944,0.5356828685766397,0.23975001447671496,0.9489528061050466,-0.0014812693213997515,0.22932624812042704,0.5500623648075503,0.9895112066774329,4.217482708651203,-0.0209911431324574,-0.05487229102435548,-1.1220348609714443,0
sample_06369.html,-0.3886414712365267,-0.39312115449929613,-0.4993703348891979,-0.06700719889868065,2.456511009757182,-0.30611392818589006,-0.10977361938621372,0.3028039317655021,-2.463971348177232,-0.24684048076288412,-0.01584868809819045,-0.1024825325151475,3.043651827524713,1
sample_02290.html,-0.016322479047125377,0.12247911950824984,0.6153023457663196,-0.25208405096850267,0.5437973448989024,-0.29392862183131047,-0.10977361938621372,0.6189274436436597,0.64400436192644,-0.10039499003749863,-0.02613359816672435,-0.0699223369667335,-0.5064236412882676,0
sample_04207.html,1.3735609737580423,1.905232609297053,2.685408752697995,0.48004316495410815,0.3856470996710037,0.016796690210469666,0.22932624812042704,0.6323647515619178,0.379327359827082,0.30440014765803025,-0.02613359816672435,0.299527348522604,-0.2616412224510116,0
sample_01467.html,0.03901497578044798,-0.1833854498182605,-0.34013138050983827,0.17124090348954327,0.5040555274148423,0.7357297651306668,0.22932624812042704,0.1577159095511686,-0.514936866871465,-0.2591275171607166,-0.02613359816672435,-0.07614495211598594,0.5491412071958491,0
sample_01069.html,0.28185506881018735,0.30599786110415605,0.13758548262824066,-0.07109729507701926,0.13911824222443678,-0.23909474323570218,-0.44887348689285445,0.3356688811519561,0.3802971357569913,-0.22559622812923338,-0.02613359816672435,0.0038807729430048827,-0.06342711438917888,0
sample_09231.html,0.20717636763511266,0.4458216642248465,0.05796600543856084,-0.03939904969489504,0.9428360096104025,-0.1294269860444857,-0.10977361938621372,0.6558139058773631,0.3118984711837559,-0.014496729258071763,-0.02613359816672435,-0.030126542407560842,-0.28507514793423805,0
sample_09508.html,1.0683990869419098,1.8702766585168804,0.21720495981792048,0.3931286211644127,1.2232392589337577,0.3579852681386988,-0.10977361938621372,0.5431037473032678,-0.7749918643572011,-0.15922181289974988,-0.02613359816672435,0.1142960138471821,1.320925785560798,0
sample_02968.html,-0.3322295027229811,-0.39312115449929613,0.13758548262824066,-0.2817372482614576,0.41012090493655906,-0.1294269860444857,-0.44887348689285445,0.7090340976330998,0.48158091498885647,-0.19985671827686344,-0.02613359816672435,-0.08092044746308667,-0.31522102921134953,0
sample_06755.html,-0.4429044123781278,-0.4717720437546845,-0.4197508576995181,-0.4729492445987875,-1.5435377130570114,-0.32439188771775945,-0.10977361938621372,0.40139478109889704,0.4123495306569642,-0.2675630615711526,-0.008135005546790024,-0.10306138043600818,-0.36525806103069797,1
sample_09373.html,-0.3322295027229811,-0.39312115449929613,-0.26051190332015844,-0.2817372482614576,-0.3335672331810319,-0.025851882030558975,-0.44887348689285445,0.5787356550889756,-1.1319254480761411,-0.25657465503650567,-0.0209911431324574,-0.1024825325151475,1.135595621445748,0
sample_03224.html,-0.10496985813983999,-0.3406872283290372,-0.34013138050983827,0.052628114317723636,0.6365242654474732,0.729637111953377,-0.44887348689285445,0.591900158691122,-0.7594352163954672,-0.2574404082786294,-0.014563074339623712,-0.09495750954395848,0.6029874906466962,0
sample_00317.html,0.0250462978628081,-0.17464646212321733,0.13758548262824066,0.005592008266829643,0.10764009279444936,0.3579852681386988,0.22932624812042704,0.16257540706539667,-0.8331030886991366,-0.15015360265853117,-0.02613359816672435,-0.0975623251878316,1.2266547965061037,0
sample_00391.html,0.3076433972735225,0.13995709489833613,-0.4993703348891979,0.0025244361330756873,0.9754714078321205,0.12037179422439637,0.22932624812042704,0.14382500629693637,0.15112207767708458,-0.2607480296395635,-0.008135005546790024,-0.03533617369530708,0.16440534523444675,1
sample_06951.html,-0.24250760994429416,-0.270775326768692,0.21720495981792048,-0.07518739125535787,0.040201313323693616,0.1569277132881352,0.22932624812042704,0.4820602409663316,-0.32498347182224674,-0.09386854251995076,-0.02613359816672435,-0.08193343132459288,0.5769099844525184,0
sample_05829.html,-0.43538281657632166,-0.4717720437546845,-0.4197508576995181,-0.4494311915733405,-1.8285293515827974,-0.22690943688112258,-0.10977361938621372,0.4066228702510142,0.20549469220527664,-0.2642110426080583,-0.02613359816672435,-0.10233782053493232,-0.4970429029906451,1
sample_07198.html,0.3028080856866472,0.7779031966364862,0.7745413001456792,-0.08336758361203508,-0.09869396507529518,-0.29392862183131047,-0.10977361938621372,0.6548778756880759,0.014307562432480938,-0.17408391022287337,-0.02613359816672435,0.012997627696560802,0.2232856248654382,0
sample_00778.html,-0.18770741195970694,-0.15716848673313102,-0.5789898120788778,-0.34308869093653666,1.100821226869268,-0.30611392818589006,-0.10977361938621372,-1.9925510562714843,0.3163179842141385,-0.2694943572651209,0.0008642907631771383,-0.058345378549519634,-0.20849749927324426,1
sample_02264.html,-0.20489963093526373,-0.26203633907364887,-0.4197508576995181,-0.04655671800698761,0.7633677965388673,0.18739097917458425,-0.10977361938621372,0.46724749665468124,-0.625370324922013,-0.25825066451805284,-0.02613359816672435,-0.004512521909475168,0.29060845292913434,1
sample_02163.html,-0.05070691699823892,0.15743507028842244,0.21720495981792048,-0.24799395479016403,-0.3355043526778007,-0.3304845408950493,-0.44887348689285445,0.6241088524746277,0.22542762529368823,-0.17981120090153782,-0.017134301856757187,-0.06022663429231689,-0.2985127360251805,0
sample_07414.html,-0.42678670708854327,-0.44555508066955507,-0.34013138050983827,-0.4637465281975256,-1.6137061096402328,-0.32439188771775945,-0.44887348689285445,0.5567175696921989,1.0334266006593755,-0.23952597580699286,-0.002992550512523074,-0.09148442201879432,-1.2403378780670795,0
sample_07474.html,-0.3687629680460392,-0.39312115449929613,-0.021653471751118984,-0.32161568600025897,-1.6504095775041814,-0.3304845408950493,-0.44887348689285445,0.48742885369882427,1.4935598556153928,-0.2038303036702004,-0.002992550512523074,-0.08063102350265633,-0.8329639223003891,1
sample_03390.html,-0.4117435154849311,-0.4193381175844256,-0.5789898120788778,-0.45147623966250977,-0.2991542505740407,-0.31829923454046966,-0.10977361938621372,-1.9925510562714843,-0.34460790749648285,-0.26943886026242064,-0.02613359816672435,-0.10233782053493232,-0.23615017618601292,1
sample_02828.html,4.046951024457121,2.2285751540136496,-0.18089242613047862,4.26542717800649,0.9082796676609172,7.699632346772915,-0.10977361938621372,0.5545655982933252,-0.31307574356368995,-0.18386248209865513,-0.0209911431324574,0.6954593263913181,0.8499524264597321,0
sample_07389.html,0.10133676956684128,-0.026083671307483746,0.3764439141972801,0.45857016001783046,-0.11371890472157613,0.5773207825211318,-0.44887348689285445,0.343507268529821,-0.4964499763029497,-0.11208265880616855,-0.02613359816672435,-0.05371459518263409,0.953389514849485,0
sample_08624.html,-0.4520377787088923,-0.4805110314497277,-0.5789898120788778,-0.4913546774013112,-2.256016803315404,-0.3365771940723391,-0.44887348689285445,-1.9925510562714843,-0.8183249987936324,-0.2694943572651209,-0.027419211925291086,-0.10364022835686888,-1.069719394126897,1
sample_01554.html,0.5053539154924254,0.9264659874522199,0.05796600543856084,-0.08643515574578904,0.5315958551486542,-0.32439188771775945,-0.10977361938621372,0.9096555270652974,1.769410970825481,0.6461506902860898,-0.017134301856757187,0.03427028878819128,-0.9166584503353765,0
sample_07106.html,0.5875542124693062,1.1798966306084713,2.287311366749596,0.06796597498649341,-0.1432594441129416,-0.245187396412992,-0.10977361938621372,0.6480222269813942,0.5408065756494819,0.11904015863923857,-0.02613359816672435,0.0014206692793469367,-0.016774358703318226,0
sample_07334.html,-0.43592007341930783,-0.46303305605964135,-0.34013138050983827,-0.45249876370709446,-0.48796886052224325,-0.3304845408950493,-0.44887348689285445,0.5776514435384534,0.10946495089502427,-0.2616359816827673,-0.00042132299538959916,-0.10277195647557784,0.25359430737716904,0
sample_03335.html,-0.3096647153175628,-0.3406872283290372,-0.4993703348891979,-0.37376441227407625,0.06381297614258408,-0.2695580091221512,-0.10977361938621372,0.3316516123233787,-2.6902211515844425,-0.26031515301850167,-0.02613359816672435,-0.0910502860781488,3.566025188243186,1
sample_03312.html,0.24209806242921234,0.7953811720265725,-0.021653471751118984,-0.10688563663748207,0.3885145711562804,-0.30002127500860026,-0.10977361938621372,0.6684975836729727,-0.17311560584300761,-0.21870350039386394,-0.02613359816672435,-0.06514684161963279,0.03028186034496237,0
sample_07699.html,0.46559690911145035,0.7167302827711842,0.7745413001456792,-0.09154777596871229,0.3446226363630366,-0.275650662299441,-0.10977361938621372,0.6770341259599649,0.45977427746575594,-0.07111477141285358,-0.02613359816672435,-0.006104353691842075,-0.34967212766542005,0
sample_02599.html,-0.3236333932352027,-0.3406872283290372,0.5356828685766397,-0.342066166891952,-0.46661340559132924,-0.32439188771775945,-0.10977361938621372,0.829970592337285,1.4075456361639105,0.024284576228853872,-0.02613359816672435,-0.043440044587356785,-0.5911228512436353,1
sample_03114.html,-0.4310847618324325,-0.46303305605964135,-0.4197508576995181,-0.47397176864337215,-1.514456932503265,-0.32439188771775945,-0.10977361938621372,0.4248331857777564,0.5485012867136084,-0.26769625437763317,-0.004278164271089811,-0.10306138043600818,-1.0521471344624274,1
sample_05110.html,-0.31396277006145196,-0.3406872283290372,-0.4993703348891979,-0.37376441227407625,0.05687775598690603,-0.2695580091221512,-0.10977361938621372,0.3316516123233787,-2.6989751046568995,-0.26031515301850167,-0.02613359816672435,-0.09683876528675574,3.571772122672126,1
sample_01022.html,1.8167978692216153,2.193619203233477,3.2427450930257535,2.085405914952012,0.6853358989881723,-0.31220658136317986,-0.10977361938621372,0.6050806677932706,0.9080590671033408,1.9379877203411275,-0.0209911431324574,0.854063656707148,-0.41412803993775826,0
sample_00771.html,-0.425712193402571,-0.4717720437546845,-0.4197508576995181,-0.4300032347262321,-1.6893667702664803,-0.19644617099467354,-0.10977361938621372,0.40139478109889704,0.37437922106178073,-0.2675630615711526,-0.02613359816672435,-0.09958829291084402,-0.6044989667774199,1
sample_08333.html,-0.44182989869215544,-0.46303305605964135,-0.5789898120788778,-0.4606789560637717,-0.7343906102748531,-0.3304845408950493,-0.10977361938621372,-1.9925510562714843,0.07714339553548381,-0.2694832578645808,-0.00042132299538959916,-0.10335080439643853,-0.45589850563119266,1
sample_04492.html,-0.3053666605736736,-0.27951431446373515,-0.4993703348891979,-0.4453410953950019,-1.371918666229915,-0.2817433154767308,-0.44887348689285445,0.3704588918690772,-0.26861014208349854,-0.26829562200679574,-0.011991846822490236,-0.08801133449363016,-1.1004758419627072,0
sample_03739.html,-0.4423671555351416,-0.4717720437546845,-0.5789898120788778,-0.4729492445987875,-0.98619520295693,-0.31220658136317986,-0.10977361938621372,-1.9925510562714843,-3.805465919883044,-0.2694943572651209,-0.0107062330639235,-0.1034955163766537,4.85068853116225,1
sample_05998.html,-0.34727269432659325,-0.4368160929745119,0.13758548262824066,-0.3563815035161372,-0.03228463915947906,-0.1598902519309347,-0.10977361938621372,0.5090177066893743,0.40469124155447417,-0.24989281591139714,-0.02613359816672435,-0.09944358093062886,-0.03590493139466993,0
sample_07494.html,-0.3096647153175628,-0.3406872283290372,-0.4993703348891979,-0.37376441227407625,0.06381297614258408,-0.2695580091221512,-0.10977361938621372,0.3316516123233787,-2.6902092289541852,-0.26031515301850167,-0.02613359816672435,-0.0910502860781488,3.566025188243186,1
sample_08534.html,-0.4214141386586818,-0.4805110314497277,-0.5789898120788778,-0.4565888598854331,-0.28562008578696146,-0.2817433154767308,-0.10977361938621372,-1.9925510562714843,-0.6722464092818357,-0.26943886026242064,-0.0017069367539563366,-0.10320609241622336,-0.6158825631244942,1
sample_01464.html,-0.4450534397500724,-0.4717720437546845,-0.18089242613047862,-0.4238680904587242,-0.19186004170366258,-0.3304845408950493,-0.10977361938621372,0.7760667678779439,1.6048215862577606,-0.23479763117693267,0.009863587073144301,-0.1034955163766537,-0.19821365544820388,0
sample_00420.html,-0.4090572312700004,-0.4193381175844256,-0.4993703348891979,-0.4535212877516791,-2.0938005838462757,-0.3304845408950493,-0.10977361938621372,0.5802692135870287,0.6193115002504779,-0.19439581321116012,-0.02613359816672435,-0.10118012469321093,-0.8732681990579019,1
sample_05390.html,-0.4520377787088923,-0.4805110314497277,-0.5789898120788778,-0.48828710526755725,-0.4857802989613899,-0.3365771940723391,-0.44887348689285445,-1.9925510562714843,-2.374105694263592,-0.2694943572651209,-0.027419211925291086,-0.10364022835686888,-0.06926926283400898,0
sample_09335.html,-0.216719281480959,-0.2008634252083468,0.5356828685766397,-0.12529106944000581,0.684843195117469,-0.007573922498689558,-0.10977361938621372,0.5418732275666659,0.022842821504940276,-0.16635872744700037,-0.02613359816672435,-0.04430831646864782,0.7092906604176992,0
sample_01306.html,0.03471692103655879,0.34969279957937177,0.6153023457663196,-0.11608835303874394,-0.3560240272445894,-0.31829923454046966,-0.44887348689285445,0.6875157989646274,-0.17870057529430805,-0.17782440820486933,-0.02613359816672435,-0.06977762498651832,0.3623447759189299,0
sample_04431.html,-0.3746727933188868,-0.4805110314497277,-0.4197508576995181,-0.4064851817007851,-0.8787791883052244,-0.21472413052654296,-0.10977361938621372,0.5029411789215281,-0.026323221590531732,-0.26158048468006706,0.0034355182803106135,-0.10204839657450197,-0.7380922622693675,1
sample_04321.html,-0.4455906965930585,-0.46303305605964135,-0.5789898120788778,-0.4494311915733405,2.0410089126120043,-0.3365771940723391,-0.10977361938621372,-1.9925510562714843,-0.4636230069988015,-0.2694943572651209,0.012434814590277775,-0.1034955163766537,1.0998323087959543,1
sample_00931.html,-0.4117435154849311,-0.4193381175844256,-0.5789898120788778,-0.45147623966250977,-0.2991542505740407,-0.31829923454046966,-0.10977361938621372,-1.9925510562714843,-0.34349583767826897,-0.26943886026242064,-0.02613359816672435,-0.10233782053493232,-0.23615017618601292,1
sample_03881.html,-0.2919352394990199,-0.22708038829347624,-0.1012729489407988,-0.38398965271992275,0.22762021663500231,-0.2878359686540206,-0.44887348689285445,0.5304276199863636,-0.027935045322831323,-0.24364385340735045,-0.01584868809819045,-0.09220798191987019,-0.30645223946416666,0
sample_06065.html,-0.43538281657632166,-0.4717720437546845,-0.4197508576995181,-0.4422735232612479,-0.5284225208516665,-0.2634653559448614,-0.10977361938621372,0.40139478109889704,0.2922082627617758,-0.2675630615711526,-0.02613359816672435,-0.1019036845942868,-0.3658290713352256,1
sample_06311.html,1.1624190344644858,0.6031234427356232,0.2968244370076003,1.4575761515770356,1.2652314523082095,2.2223371403893797,1.2466258506403491,0.5119307484742674,-0.041928314572366135,-0.08448954906361071,-0.02613359816672435,0.005906740666017309,0.4708682588360626,0
sample_09674.html,1.2526781840861587,2.211097178623563,5.710948885905828,0.9544943216413867,0.6418902846082069,-0.09896372015803664,1.2466258506403491,0.6947523654620437,0.8186387916695457,2.0503802502096473,-0.02613359816672435,0.11863737325363731,-0.6900661718473898,0
sample_07201.html,-0.23176247308457118,0.04382823025286147,-0.021653471751118984,-0.31752558982192036,0.9090377788983321,-0.31220658136317986,-0.10977361938621372,0.6612510676925886,-0.10901392931735984,-0.2498373189086969,-0.02613359816672435,-0.0699223369667335,0.8165191649228972,1
sample_01747.html,-0.2736685068374908,-0.20960241290338993,-0.4993703348891979,-0.34717878711487526,-0.9818552943992493,-0.17816821146280412,-0.44887348689285445,0.31791553393884614,-1.00814102351158,-0.26751866396899243,-0.006849391788223287,-0.09900944498998333,0.70825934256216,0
sample_07726.html,-0.45150052186590617,-0.4805110314497277,-0.5789898120788778,-0.36967431609573764,-1.2436137322297711,-0.3304845408950493,-0.44887348689285445,-1.9925510562714843,-1.1446651905208525,-0.2694943572651209,-0.013277460581056975,-0.10262724449536266,0.5101412829263259,0
sample_08450.html,-0.3273941911361057,-0.3406872283290372,-0.4993703348891979,-0.3931923691211846,0.4911933928541008,-0.2817433154767308,-0.10977361938621372,0.343253371727165,0.014755662774137335,-0.25871683934073486,-0.004278164271089811,-0.09582578142524951,-0.20254721649351112,1
sample_08468.html,-0.2408958394153357,-0.17464646212321733,0.21720495981792048,-0.2469714307455794,-0.9109016069263187,-0.09896372015803664,-0.44887348689285445,0.5298794040574611,0.41558934448717105,-0.2468626795639642,-0.022276756891024138,-0.06543626558006313,-0.37318902480373745,0
sample_03442.html,-0.42195139550166794,-0.4805110314497277,-0.34013138050983827,-0.35842655160530645,0.4294621647390753,-0.2817433154767308,-0.10977361938621372,-0.40554107982603693,-0.022137798976200128,-0.24866078245145187,-0.005563778029656549,-0.10060127677235024,0.7069799311137982,1
sample_04838.html,-0.43538281657632166,-0.46303305605964135,-0.5789898120788778,-0.46272400415294096,-0.4515544550432468,-0.32439188771775945,-0.10977361938621372,-1.9925510562714843,0.18405362364158787,-0.2694832578645808,-0.018419915615323922,-0.1024825325151475,-0.39383654203334717,1
sample_00570.html,-0.19254272354658228,-0.1484294990380879,-0.4993703348891979,-0.3165030657773357,1.0260323257324306,-0.3304845408950493,-0.10977361938621372,-1.9925510562714843,0.1825512048486351,-0.2694610590635007,-0.014563074339623712,-0.07846034379942872,0.018006775023689216,1
sample_03929.html,-0.07112267703171259,0.03508924255781832,0.13758548262824066,-0.09052525192412764,-0.19646678080503557,-0.18426086464009395,0.5684261156270678,0.10907791886899121,-0.20580214819339848,-0.11011806491058017,-0.02613359816672435,-0.047926115974027156,0.8599021933378767,1
sample_04413.html,-0.4520377787088923,-0.4805110314497277,-0.5789898120788778,-0.4903321533567266,-1.114558160185379,-0.3365771940723391,-0.44887348689285445,-1.9925510562714843,-1.60279190543054,-0.2694943572651209,-0.027419211925291086,-0.10364022835686888,0.2457020263352195,0
sample_02624.html,-0.24465663731623874,-0.1833854498182605,-0.4197508576995181,-0.33899859475819805,-0.34609616264613186,-0.20863147734925316,-0.44887348689285445,0.37525926880973487,-0.37956987224390093,-0.2615249876773668,-0.02613359816672435,-0.055595850925431345,0.1604716230826541,0
sample_02689.html,-0.4520377787088923,-0.4805110314497277,-0.5789898120788778,-0.4913546774013112,-2.256016803315404,-0.3365771940723391,-0.44887348689285445,-1.9925510562714843,-0.834531934820573,-0.2694943572651209,-0.027419211925291086,-0.10364022835686888,-1.2476211570692826,1
sample_05901.html,0.5633776545349295,-0.2882533021587783,0.6153023457663196,0.8348590084249824,1.0554191498977412,2.0090942791842363,0.22932624812042704,0.08540778475007538,0.273342132122825,-0.16448292875573237,-0.02613359816672435,0.07073770780241495,-0.061567227296629536,0
sample_03246.html,-0.39455129650937437,-0.39312115449929613,-0.4197508576995181,-0.4555663358408484,-0.3798759647303206,-0.3365771940723391,-0.44887348689285445,0.5643001948607335,-0.20600169388268277,-0.2632786929626943,0.03300463472734558,-0.10306138043600818,-0.38886536128912835,0
sample_08951.html,-0.39455129650937437,-0.34942621602408036,-0.4993703348891979,-0.38807974889826136,-0.11690180067434446,-0.3304845408950493,-0.10977361938621372,0.6272977253703242,0.5816825203666184,-0.1908329056378049,-0.0209911431324574,-0.08482767092889634,-1.0993864804540465,1
sample_00118.html,-0.2188683088529036,-0.3581652037191235,-0.34013138050983827,-0.044511669917818304,0.06404247705687739,0.29096608318851097,-0.10977361938621372,0.21135332509697705,-0.8053670902407604,-0.24626331193480164,-0.02613359816672435,-0.08120987142351702,1.5460081859211268,1
sample_04248.html,-0.44720246712201694,-0.4717720437546845,-0.4993703348891979,-0.4688591484204489,-0.3020765113450368,-0.3304845408950493,-0.44887348689285445,0.2641027143297212,-0.19939034047102408,-0.2634562833713351,-0.0107062330639235,-0.10320609241622336,-0.014702870422502866,1
sample_06618.html,-0.4429044123781278,-0.4805110314497277,-0.5789898120788778,-0.43307080685998606,0.4751530376283746,-0.275650662299441,0.22932624812042704,-1.9925510562714843,0.050647639033224515,-0.2694943572651209,-0.02613359816672435,-0.1034955163766537,-0.2806289806373563,1
sample_09283.html,-0.27635479105242156,-0.3756431791092098,-0.4993703348891979,-0.42693566259247817,0.5390934724545814,-0.29392862183131047,-0.10977361938621372,0.3134954445708432,0.00649844819459492,-0.2254408365216727,-0.02613359816672435,0.17261494187389695,-1.0685369698159048,1
sample_06567.html,1.8844922314378703,-0.4717720437546845,-0.4993703348891979,-0.45454381179626374,0.12582466701995518,-0.30002127500860026,-0.44887348689285445,0.1471530777613447,1.86188447993872,-0.26806253459545476,-0.02613359816672435,5.36053943258786,-1.5469924973909541,1
sample_07263.html,0.05083462632614326,0.59438445504058,0.6949218229559994,0.20396167291625214,0.16731903914264593,-0.20863147734925316,-0.44887348689285445,0.4295514314164475,0.1584276809560584,0.10691961324950681,-0.022276756891024138,-0.06659396142178452,0.08654954977791088,0
sample_07554.html,0.23135292556948936,0.46329963961493276,0.45606339138695995,-0.20913804109594727,0.18398329698847538,-0.2878359686540206,-0.44887348689285445,0.5970031442135559,0.3637916395578135,-0.04043602832016255,-0.02613359816672435,-0.06312087389662036,-0.39968513108119663,0
sample_03963.html,-0.36500217014513614,-0.2882533021587783,-0.4197508576995181,-0.29912015701939665,0.7279522735620515,-0.3304845408950493,-0.10977361938621372,0.5588824921211666,0.38230119084906883,-0.1698328398160352,-0.0209911431324574,-0.08034159954222597,-1.000412873370912,1
sample_01212.html,0.35707102682824826,1.6081070276655858,0.13758548262824066,0.7663498974378107,1.2832592711593862,0.18129832599729442,-0.10977361938621372,0.6379938133258707,-1.1681592999639654,-0.22580711673949427,-0.02613359816672435,-0.02781115072411807,1.7402207629722528,0
sample_00531.html,-0.31396277006145196,-0.3406872283290372,-0.4993703348891979,-0.37376441227407625,0.05687775598690603,-0.2695580091221512,-0.10977361938621372,0.3316516123233787,-2.6988565633261588,-0.26031515301850167,-0.02613359816672435,-0.09683876528675574,3.571712814366185,1
sample_06373.html,0.38769466687845877,0.7167302827711842,1.5707360720424772,0.07205607116483202,0.36950092669471113,-0.1598902519309347,-0.10977361938621372,0.6531335403162364,0.4714308296383356,-0.10746530818150883,-0.02613359816672435,0.000986533338701417,-0.5116352103694704,0
sample_03689.html,-0.17481324772803936,-0.27951431446373515,-0.4993703348891979,0.1109119848590488,0.28986753111572,0.21785424506103326,-0.44887348689285445,0.4699682961921212,0.6593624478802643,-0.2647216150329005,-0.02613359816672435,-0.09944358093062886,-0.4695851390639871,0
sample_01364.html,-0.4520377787088923,-0.4805110314497277,-0.5789898120788778,-0.48828710526755725,-0.4857802989613899,-0.3365771940723391,-0.44887348689285445,-1.9925510562714843,-2.374105694263592,-0.2694943572651209,-0.027419211925291086,-0.10364022835686888,-0.06926926283400898,0
sample_00546.html,-0.252715489961031,-0.08725658517278581,-0.34013138050983827,-0.20095784873927006,1.059417368802547,-0.31220658136317986,0.5684261156270678,0.3921936471425364,-0.009367168421346456,-0.22434199586820802,-0.02613359816672435,-0.09799646112847712,0.4864340229445167,1
sample_07155.html,-0.3096647153175628,-0.3406872283290372,-0.4993703348891979,-0.37376441227407625,0.06381297614258408,-0.2695580091221512,-0.10977361938621372,0.3316516123233787,-2.6902995834359387,-0.26031515301850167,-0.02613359816672435,-0.0910502860781488,3.5660843661725488,1
sample_01932.html,-0.04533434856837743,-0.13969051134304472,1.729975026421837,0.08637140778901715,0.6586746949276372,0.351892614961409,-0.44887348689285445,0.2298197572700274,-0.19445759039652707,0.03997912859248091,-0.02613359816672435,-0.04401889250821748,1.2980291941116564,0
sample_07757.html,-0.17911130247192855,-0.1484294990380879,0.13758548262824066,-0.28787239252896546,0.57971750220877,-0.2634653559448614,-0.10977361938621372,0.8026556545868806,1.3756507693381197,-0.1343813544911238,-0.02613359816672435,-0.04763669201359681,-0.9965615231419449,1
sample_04391.html,-0.1973780351334576,-0.3669041914141667,-0.1012729489407988,0.08637140778901715,0.12284323236692508,0.5285795571028133,-0.10977361938621372,0.7712940748929699,0.5983294787025728,-0.23701751128494217,-0.02613359816672435,-0.04850496389488785,0.15090537195029102,1
sample_09604.html,-0.4520377787088923,-0.4805110314497277,-0.5789898120788778,-0.49237720144589586,-2.256016803315404,-0.3365771940723391,-0.44887348689285445,-1.9925510562714843,-0.738659597980557,-0.2694943572651209,-0.027419211925291086,-0.10364022835686888,-1.3636440442441873,1
sample_03941.html,-0.38165713227770676,-0.2882533021587783,-0.5789898120788778,-0.36660674396198367,0.8738219488481554,-0.31220658136317986,-0.10977361938621372,-1.9925510562714843,-0.5202074883219906,-0.2694943572651209,-0.02613359816672435,-0.10219310855471715,0.07755557360289522,1
sample_01716.html,-0.4520377787088923,-0.4805110314497277,-0.4993703348891979,-0.49237720144589586,-2.256016803315404,-0.3365771940723391,-0.44887348689285445,0.7826110825412832,1.4164568005754463,-0.267185681952791,-0.027419211925291086,-0.10364022835686888,-1.0168014571092276,1
sample_00599.html,-0.4520377787088923,-0.4805110314497277,-0.5789898120788778,-0.48828710526755725,-0.4857802989613899,-0.3365771940723391,-0.44887348689285445,-1.9925510562714843,-2.374105694263592,-0.2694943572651209,-0.027419211925291086,-0.10364022835686888,-0.06926926283400898,0
sample_00451.html,-0.2983823216148537,-0.34942621602408036,-0.4197508576995181,-0.3747869363186609,0.4840634396949633,-0.17207555828551432,-0.10977361938621372,0.5556578613896241,-0.017212665994640698,-0.26297900914811306,-0.004278164271089811,-0.08945845429578189,-0.2204443224430598,1
sample_03605.html,-0.38917872807951287,-0.4018601421943393,-0.4197508576995181,-0.4576113839300177,-0.8796367463051897,-0.3304845408950493,-0.10977361938621372,0.21629013308473186,-2.1236973381215987,-0.26557626887448416,-0.02613359816672435,-0.0997330048910592,2.8929209087708356,1
sample_08519.html,0.021822756804891208,0.24482494723885398,-0.021653471751118984,0.010704628489752904,0.3763859238431524,-0.23300209005841238,0.5684261156270678,0.6377258478028128,0.05803204497551989,-0.1609089217818371,-0.0209911431324574,-0.09249740588030053,-0.11944728388625378,0
sample_02661.html,0.39521626268026483,0.4545606519198896,2.207691889559916,0.17635352371246651,1.250564547653828,-0.32439188771775945,-0.10977361938621372,0.6718505880794743,1.1427217565300605,5.091294115566975,-0.006849391788223287,0.22514539069200484,-1.2794339811391808,0
sample_01761.html,-0.4343083028903494,-0.44555508066955507,-0.34013138050983827,-0.43920595112749394,-1.120503254919361,-0.29392862183131047,-0.44887348689285445,0.36807681804153825,-0.07589615341326245,-0.25023689732813864,-0.0017069367539563366,-0.09423394964288262,0.5401193695458287,0
sample_06979.html,-0.41228077232791727,-0.4805110314497277,-0.5789898120788778,-0.44840866752875586,-0.46645337388190866,-0.25128004959028183,-0.10977361938621372,-1.9925510562714843,-0.4528804441768807,-0.26943886026242064,-0.01584868809819045,-0.10074598875256541,-0.4675152413774397,0
sample_04006.html,0.5940012945851401,0.7429472458563137,-0.021653471751118984,0.8082733832657815,0.8522973478190723,0.08990852833794734,0.9075259831337085,0.4719828781074651,0.2899649104375832,-0.17122026488354114,-0.01970552937389066,-0.04358475656757196,0.06439726518255309,1
sample_02580.html,-0.39777483756729126,-0.42807710527946874,-0.34013138050983827,-0.45045371561792513,-1.8171709882123235,-0.30002127500860026,-0.10977361938621372,0.48793841220607725,0.3973588677216827,-0.2648659072399211,-0.0107062330639235,-0.09582578142524951,-0.6088103116536081,1
sample_07434.html,-0.43592007341930783,-0.4542940683645982,-0.4993703348891979,-0.43511585494915533,1.6703895539618583,-0.3304845408950493,-0.10977361938621372,0.41874947507749655,-1.2257133512104947,-0.26038174942174197,-0.005563778029656549,-0.10291666845579302,2.231848875203082,1
sample_03455.html,-0.4520377787088923,-0.4805110314497277,-0.5789898120788778,-0.4933997254904805,-1.9629810475231189,-0.3365771940723391,-0.44887348689285445,-1.9925510562714843,-1.2292546015796797,-0.2694943572651209,-0.027419211925291086,-0.10364022835686888,-1.165338450936633,0
sample_08083.html,-0.4520377787088923,-0.4805110314497277,-0.5789898120788778,-0.48828710526755725,-1.1430089275421138,-0.3365771940723391,-0.44887348689285445,-1.9925510562714843,-0.39077629748519,-0.2694943572651209,-0.027419211925291086,-0.10364022835686888,-0.01178149633395549,0
sample_09869.html,-0.436457330262294,-0.4805110314497277,-0.5789898120788778,-0.41466537405746234,0.42914483866489467,-0.23300209005841238,-0.10977361938621372,-1.9925510562714843,-1.089610874500559,-0.26943886026242064,-0.02613359816672435,-0.10320609241622336,0.25224883411605653,1
sample_04209.html,0.19696848761837582,0.4370826765298033,-0.021653471751118984,-0.010768376446524789,0.6686082764583064,-0.2573727027675716,1.2466258506403491,0.6507777783362968,-0.17220027487456038,-0.19677108492673026,-0.02613359816672435,-0.04893909983553337,0.5161171716662409,0
sample_06730.html,-0.43162201867541866,-0.4542940683645982,-0.4993703348891979,-0.46579157628669493,-0.6019353954515749,-0.3304845408950493,-0.44887348689285445,0.4727523952607689,0.2686496732621426,-0.24106879248205945,0.008577973314577563,-0.10364022835686888,-0.45594232519950834,1
sample_07668.html,-0.45096326502292,-0.4805110314497277,-0.5789898120788778,-0.4709041965096182,-0.9721545385665432,-0.32439188771775945,-0.44887348689285445,-1.9925510562714843,-0.7783590494747711,-0.2694943572651209,-0.004278164271089811,-0.10335080439643853,0.5394068093891138,0
sample_06364.html,-0.3010686058297844,-0.4105991298893824,-0.4993703348891979,-0.2173182334526245,-0.07165776296446541,0.16911301964271483,-0.10977361938621372,-0.09763721784285515,-1.0314480455127497,-0.2626460271319116,-0.02613359816672435,-0.09770703716804677,1.0381068471493806,0
sample_06800.html,-0.2978450647718675,-0.2183414005984331,-0.18089242613047862,-0.26946695972644175,0.26856860356326306,-0.09287106698074685,-0.44887348689285445,0.5088229275471083,0.0819158853736622,-0.24524216708511729,-0.02613359816672435,-0.09524693350438883,0.010656834476470525,0
sample_03772.html,1.5621381256461806,1.800364756956535,1.8892139808011965,0.9412015090617862,0.620613201308385,-0.08677841380345704,0.9075259831337085,0.6004994586577216,-0.03111944596069768,-0.03614056031116421,-0.02613359816672435,0.1349898270179519,-0.7002126769837554,0
sample_05667.html,-0.2989195784578398,-0.4717720437546845,-0.1012729489407988,-0.42080051832497023,-0.4071007347630513,-0.29392862183131047,-0.10977361938621372,0.409830780782236,2.068544670507334,-0.07842927636874482,0.03429024848591231,0.3357053435763973,-0.4057160778505662,1
sample_05460.html,-0.20006431934838836,-0.1659074744281742,0.7745413001456792,-0.14369650224252956,-0.19062706778441674,-0.05631514791700801,-0.10977361938621372,0.6240683811124961,0.026797351955227127,-0.20634986759279117,-0.02613359816672435,-0.0813545834037322,-0.1684231155380788,0
sample_04596.html,1.3155372347155383,0.30599786110415605,-0.18089242613047862,2.300135964314789,1.5860918018100303,2.137039995907322,-0.10977361938621372,0.7368259803478897,0.44693745442476845,-0.1973482537548127,-0.018419915615323922,0.9999333327640427,0.6166362887961667,0
sample_02058.html,-0.4520377787088923,-0.4805110314497277,-0.5789898120788778,-0.49237720144589586,-2.256016803315404,-0.3365771940723391,-0.44887348689285445,-1.9925510562714843,-1.2972817976803461,-0.2694943572651209,-0.027419211925291086,-0.10364022835686888,-1.3042592724394466,1
sample_01730.html,-0.4520377787088923,-0.4805110314497277,-0.5789898120788778,-0.48828710526755725,-0.8510080394333668,-0.3365771940723391,-0.44887348689285445,-1.9925510562714843,-1.3554462772958,-0.2694943572651209,-0.027419211925291086,-0.10364022835686888,0.3863381342664385,1
sample_03292.html,-0.3085902016315905,-0.4542940683645982,-0.34013138050983827,0.04956054218396968,0.12822506393232497,0.20566893870645367,-0.44887348689285445,0.4286434532146654,0.40137271261373625,-0.25836165852345333,-0.02613359816672435,-0.09900944498998333,0.9625892513420121,1
sample_05117.html,-0.24680566468818335,-0.13969051134304472,-0.18089242613047862,-0.3594490756498911,-0.9588682972655663,-0.3365771940723391,-0.44887348689285445,0.8082109706393572,2.0397084939600174,-0.21964694943976795,-0.01584868809819045,-0.07296128855125214,-0.3105534303321196,1
sample_06855.html,-0.45042600817993383,-0.4805110314497277,-0.4993703348891979,-0.48828710526755725,-0.8517101925631169,-0.3304845408950493,-0.44887348689285445,0.6509715237849633,0.7123956772152785,-0.2631898977583739,-0.013277460581056975,-0.10364022835686888,-1.0367170662977485,1
sample_07958.html,-0.22746441834068198,-0.09599557286782896,-0.021653471751118984,-0.1876650361596696,-0.33210128216201673,-0.08068576062616724,-0.44887348689285445,0.6095229521990894,0.5477341826226887,-0.17579321790604066,-0.02613359816672435,-0.06312087389662036,-0.1524867038522239,0
sample_06561.html,-0.3053666605736736,-0.1659074744281742,0.2968244370076003,-0.41364285001287765,-1.9558428581057101,-0.3365771940723391,-0.44887348689285445,0.5659771255443043,0.9332216623859271,-0.22079018769539285,-0.013277460581056975,-0.08989259023642741,-1.1077582213665127,0
sample_04814.html,1.1146031754387185,0.8390761105017883,0.5356828685766397,0.8297463882020591,1.1795503297386776,1.0708256898816062,0.9075259831337085,0.6085126145399915,0.2887211380438676,0.05040146569958542,-0.02613359816672435,0.08680073760629918,0.08158441850697326,0
sample_06478.html,-0.22370362043977893,-0.07851759747774266,-0.4993703348891979,-0.2827597723060422,-0.08698877044659886,-0.30002127500860026,-0.10977361938621372,0.43513435519638105,-0.3905416637268128,-0.2642665396107585,-0.02613359816672435,-0.09148442201879432,-0.24677664966155438,0
sample_06555.html,-0.2613115994488094,-0.12221253595295842,-0.5789898120788778,-0.1958452285163468,-0.5739035387250779,-0.275650662299441,0.22932624812042704,-1.9925510562714843,-0.8621798603199611,-0.2694943572651209,-0.013277460581056975,-0.10364022835686888,0.4630747119776457,0
sample_04676.html,-0.11517773815657681,-0.2882533021587783,-0.021653471751118984,0.059785782629816195,-0.6095254284201611,0.26050281730206193,-0.10977361938621372,0.6545682278907975,-0.4816109651044297,-0.22810469265128408,-0.0209911431324574,-0.043729468547787136,0.6678957183857326,0
sample_04294.html,-0.4455906965930585,-0.4805110314497277,-0.5789898120788778,-0.4872645812229726,-1.83350013329975,-0.3304845408950493,-0.44887348689285445,-1.9925510562714843,0.6651328180947109,-0.2694943572651209,0.04586077231301296,-0.10306138043600818,-0.7172144608876725,0
sample_03568.html,-0.4144297996998619,-0.4805110314497277,-0.5789898120788778,-0.40341760956703115,-1.4518229256967226,-0.2573727027675716,-0.10977361938621372,-1.9925510562714843,0.22297079608589396,-0.2694499596629607,-0.02613359816672435,-0.10364022835686888,-0.3688294275555361,1
sample_01720.html,-0.43538281657632166,-0.4717720437546845,-0.4197508576995181,-0.4494311915733405,-1.8285293515827974,-0.22690943688112258,-0.10977361938621372,0.4066228702510142,0.20549469220527664,-0.2642110426080583,-0.02613359816672435,-0.10233782053493232,-0.4970429029906451,1
sample_01198.html,0.6128052840896552,1.2323305567787302,-0.021653471751118984,0.5608225644762956,0.23363389033123547,-0.18426086464009395,0.22932624812042704,0.5959762470646031,-0.03085697298941761,-0.23136791641005802,-0.02613359816672435,-0.06471270567898726,-0.26823338824380055,0
sample_01514.html,0.16043502229531767,0.5506895165653642,0.21720495981792048,-0.03837652565031039,0.74771634410534,-0.31220658136317986,0.22932624812042704,0.6982406084536977,-0.37752610423522553,-0.16916687578363238,-0.02613359816672435,-0.07817091983899838,0.0249948032243229,0
sample_01827.html,-0.3929395259804159,-0.4018601421943393,-0.4993703348891979,-0.1764172716692384,0.4117822551269824,-0.2208167837038328,0.22932624812042704,0.4893146419556656,-0.8503166114550247,-0.26447742822101944,-0.02613359816672435,-0.10045656479213506,0.6188242163999893,0
sample_09100.html,-0.2408958394153357,-0.3669041914141667,-0.4197508576995181,-0.3533139313823832,0.10904868069703597,-0.31829923454046966,0.22932624812042704,0.7538026799125329,0.9927663319459805,-0.1987023806206985,-0.02613359816672435,0.02833709759936917,0.3769601338769823,1
sample_04672.html,-0.44720246712201694,-0.4717720437546845,-0.4993703348891979,-0.4872645812229726,-1.2792309526931431,-0.3304845408950493,-0.44887348689285445,0.3144451264101702,1.4594019190615466,-0.26451072642263956,0.021434110900244937,-0.08048631152244115,-0.14206012374812388,1
sample_01135.html,-0.43592007341930783,-0.4805110314497277,-0.4993703348891979,-0.43307080685998606,0.6147187474506252,-0.2695580091221512,-0.10977361938621372,-1.9925510562714843,-0.031844210551245256,-0.26939446266026046,-0.013277460581056975,-0.10364022835686888,0.060864803028989285,1
sample_09651.html,-0.4520377787088923,-0.4805110314497277,-0.4993703348891979,-0.49237720144589586,-2.256016803315404,-0.3365771940723391,-0.44887348689285445,0.7697390010992521,1.3592723457167761,2.1264777403122124,-0.027419211925291086,-0.10364022835686888,-1.5522331665246654,1
sample_00865.html,0.08360729374829835,0.4108657134446739,-0.34013138050983827,0.022974917024768726,-0.0076139388726677,-0.10505637333532646,-0.10977361938621372,0.4360481869491422,-0.7433153284448271,-0.2517464158015851,-0.02613359816672435,-0.08757719855298464,0.6441098152512668,0
sample_06638.html,-0.440218128163197,-0.4805110314497277,-0.4993703348891979,-0.41466537405746234,-1.077792629692929,-0.245187396412992,-0.44887348689285445,0.8108599986307395,1.4510394892012808,-0.20055598051088644,-0.02613359816672435,-0.10335080439643853,-0.6944600581359569,1
sample_04315.html,-0.37628456384784525,-0.39312115449929613,-0.4197508576995181,-0.39216984507659997,-0.09422898651333977,-0.31829923454046966,-0.10977361938621372,0.5889277734743391,0.7307700830462216,-0.21433033658108525,-0.00042132299538959916,-0.08164400736416254,-0.7714890574769617,1
sample_04700.html,0.731001789546608,-0.3057312775488646,0.6153023457663196,0.9780123746668337,0.8021066557841167,1.0708256898816062,0.22932624812042704,0.6252707080578611,-0.15277784924320895,-0.047828229079834125,-0.022276756891024138,0.14946102503946923,0.1599393085468738,0
sample_09746.html,0.7197193958438989,1.057550802877867,0.9337802545250389,0.31337174568680987,0.5177385746823152,-0.23300209005841238,1.58572571814699,0.5751088976405317,-0.037121506614648886,-0.09770893510680717,-0.02613359816672435,0.00460433284408075,0.0015567187282155767,0
sample_04103.html,-0.44666521027903083,-0.4805110314497277,-0.18089242613047862,-0.43920595112749394,0.01861853766449876,-0.30002127500860026,-0.10977361938621372,0.6159075012383525,0.5827149609201451,-0.17912303806805488,-0.02613359816672435,-0.10364022835686888,-0.5868872812353586,1
sample_07396.html,-0.44666521027903083,-0.4805110314497277,-0.4993703348891979,-0.4647690522421103,-0.3081573044901068,-0.30002127500860026,-0.10977361938621372,0.3703367708508456,0.16227970253693957,-0.26836221841003605,-0.02613359816672435,-0.10306138043600818,-0.4672886077695759,1
sample_05464.html,-0.3295432185080503,-0.42807710527946874,0.05796600543856084,-0.1191559251724979,-0.2554621782774591,-0.03803718838513859,-0.10977361938621372,0.5979217992224073,0.756989986450459,-0.1713534576900217,-0.02613359816672435,-0.09495750954395848,0.044435059404576524,0
sample_06683.html,-0.019546020105042274,0.12247911950824984,0.5356828685766397,-0.14574155033169886,0.5134391267433909,-0.2817433154767308,2.942125188173553,0.6052028815477527,0.23917886514896913,-0.20664955140737246,-0.011991846822490236,-0.07455312033361905,0.1576472100561602,1
sample_04845.html,-0.3096647153175628,-0.3406872283290372,-0.4993703348891979,-0.37376441227407625,0.06381297614258408,-0.2695580091221512,-0.10977361938621372,0.3316516123233787,-2.6902423213346274,-0.26031515301850167,-0.02613359816672435,-0.0910502860781488,3.566025188243186,1
sample_05054.html,-0.4520377787088923,-0.4805110314497277,-0.5789898120788778,-0.47703934077712606,-0.6279288872652918,-0.3365771940723391,-0.44887348689285445,-1.9925510562714843,-0.5964335012896713,-0.2694943572651209,-0.027419211925291086,-0.10364022835686888,0.8100296967616527,0
sample_01292.html,-0.43538281657632166,-0.4805110314497277,-0.4993703348891979,-0.40546265765620043,-0.09938660411552774,-0.30002127500860026,-0.10977361938621372,0.29323330842608303,0.027734321338809025,-0.2639335575945571,-0.011991846822490236,-0.10219310855471715,0.17519729266448442,1
sample_00889.html,0.3893064374074172,1.101245741353083,-0.1012729489407988,0.23259234616462238,0.3309552016498449,-0.31829923454046966,1.2466258506403491,0.5531734324745404,-0.2220489567920285,-0.24528656468727747,-0.02613359816672435,-0.03620444557659812,0.1662073060127962,0
sample_06388.html,-0.13451898450407818,-0.4717720437546845,0.05796600543856084,-0.12529106944000581,0.32425558087322437,0.40063384037972744,-0.10977361938621372,0.4392976438061539,0.19364346124863727,-0.22281027859368147,-0.02613359816672435,-0.06847521716458177,0.31727621301095,0
sample_00620.html,-0.41872785444375105,-0.44555508066955507,-0.4993703348891979,-0.41466537405746234,-0.8807664702485071,-0.30002127500860026,-0.10977361938621372,0.40973863008096567,0.42220264208583586,-0.25702973045864763,-0.014563074339623712,-0.10045656479213506,-0.37157295495220827,1
sample_09995.html,-0.303217633201729,-0.4717720437546845,-0.34013138050983827,-0.27969220017228824,1.008658229601156,-0.08677841380345704,-0.10977361938621372,0.5107452815618944,-0.8378727794230421,-0.2632342953605341,-0.02613359816672435,-0.0969834772669709,0.7618344166526679,0
sample_07088.html,0.17225467284101295,0.24482494723885398,0.13758548262824066,0.4115340539669365,-0.04193158679017176,0.8453975223218834,-0.10977361938621372,0.6093351413849298,-0.5780345188748856,-0.24741764959096657,-0.02613359816672435,-0.07325071251168248,0.8331683062550204,0
sample_02417.html,0.25660399718983834,0.4807776150050191,1.650355549232157,0.027065013203107335,-0.18976792309351953,-0.19035351781738374,0.9075259831337085,0.6264108798664823,1.0015235836986456,0.07236717936833924,-0.02613359816672435,0.16726059860593553,-0.03804544103658698,0
sample_03655.html,0.7250919642737604,0.39338773805458754,0.21720495981792048,0.9667646101764025,1.0544021294591472,1.9177044815248894,-0.10977361938621372,0.6520277241325094,-0.7485339023353547,-0.15036449126879206,-0.02613359816672435,-0.04749198003338164,1.1496788604328894,0
sample_09009.html,1.207011352432336,0.4545606519198896,0.6153023457663196,1.0168682883610505,0.5813599877341094,1.0525477303497368,-0.10977361938621372,0.3703169660777505,0.1135548225118653,0.09512095047543642,-0.02613359816672435,0.09432576057748819,0.2903725886594532,0
sample_03105.html,-0.35640606065735775,-0.34942621602408036,0.7745413001456792,-0.43613837899374003,-1.1576115409334031,-0.32439188771775945,-0.44887348689285445,0.45157000622757293,-0.20073035655932545,0.3127912944663061,-0.0209911431324574,-0.07325071251168248,0.34563108514237645,0
sample_01968.html,-0.4246376797165987,-0.4717720437546845,0.21720495981792048,-0.40341760956703115,0.2916097480390059,-0.2634653559448614,0.5684261156270678,0.5843707456802762,0.4516479749115047,-0.181021035560403,-0.02613359816672435,-0.09582578142524951,-0.5193671542941499,0
sample_06982.html,-0.04049903698150209,0.2535639349338971,0.13758548262824066,-0.271512007815611,-0.7708798748630322,-0.3365771940723391,-0.10977361938621372,0.47143945193307557,-0.439343358451805,-0.03111253186652273,-0.01584868809819045,-0.08005217558179563,0.14601851877758815,0
sample_04345.html,0.9555751499148184,1.7741477938714056,0.3764439141972801,0.5045837420241398,0.9230810292315734,-0.31829923454046966,0.9075259831337085,0.7016799493384294,0.23931925605157822,-0.1604427469591551,-0.0209911431324574,0.1501845849405451,0.13273129399559636,0
sample_02183.html,-0.3768218206908314,-0.3232092529389509,-0.34013138050983827,-0.37580946036324553,-0.041574217966220406,-0.2878359686540206,0.22932624812042704,0.5636389140211698,0.3706676264346569,-0.26527658505990287,-0.013277460581056975,-0.1034955163766537,-0.33347425878736037,1
sample_01487.html,0.33396898257984386,0.34095381188432866,-0.1012729489407988,0.27553835603717775,0.8997597308531702,0.08381587516065754,0.22932624812042704,0.518677242729775,1.0086823686700144,-0.04630761120584763,-0.02613359816672435,-0.05443815508370996,-0.35368759593245813,1
sample_00140.html,0.0599679926569078,-0.27951431446373515,0.2968244370076003,0.29496631288428615,1.3570094226703677,0.510301597570944,1.9248255856536307,0.3543056591356606,-0.6068016342945766,-0.21283191750817887,-0.02613359816672435,-0.0006052984436654894,0.8483098380119658,0
sample_08737.html,-0.44397892606410005,-0.4805110314497277,-0.4993703348891979,-0.4637465281975256,-0.14343345929320636,-0.30002127500860026,-0.10977361938621372,0.16156460426845545,-0.4762510913073016,-0.2623463433173303,-0.0107062330639235,-0.10335080439643853,0.596437971033009,1
sample_05926.html,-0.31396277006145196,-0.3406872283290372,-0.4993703348891979,-0.37376441227407625,0.05687775598690603,-0.2695580091221512,-0.10977361938621372,0.3316516123233787,-2.698799646285854,-0.26031515301850167,-0.02613359816672435,-0.09683876528675574,3.571712814366185,1
sample_00892.html,-0.4450534397500724,-0.4717720437546845,-0.4197508576995181,-0.44431857135041725,-0.3629198587063006,-0.3304845408950493,-0.10977361938621372,0.28610712914078423,-0.4050737302856794,-0.26673060653064906,0.009863587073144301,-0.1034955163766537,0.24713575150288594,1
sample_00775.html,-0.45096326502292,-0.4805110314497277,-0.4993703348891979,-0.4903321533567266,-1.224241531954088,-0.3304845408950493,-0.44887348689285445,0.6889445252005257,0.8321123372430785,-0.26265712653245166,-0.018419915615323922,-0.10364022835686888,-0.9162513494663929,1
sample_07924.html,-0.19630352144748534,-0.11347354825791527,2.207691889559916,-0.1876650361596696,-1.3602888394204709,-0.2878359686540206,-0.44887348689285445,0.7784396617877355,1.4946056608451719,5.306478193836874,-0.02613359816672435,-0.07122474478867005,-1.3926165884578865,0
sample_09709.html,-0.3805826185917345,-0.38438216680425297,-0.5789898120788778,-0.36251664778364506,0.9842990536713019,-0.30611392818589006,-0.10977361938621372,-1.9925510562714843,-0.36545121967040667,-0.2694943572651209,0.00472113203887735,-0.10103541271299576,-0.21297564794503787,1
sample_06395.html,-0.032977441179696,-0.08725658517278581,0.854160777335359,0.20498419696083678,1.0235445760338098,0.14474240693355558,0.22932624812042704,0.6127712452404326,0.5782041792538551,-0.051846212075331286,-0.02613359816672435,0.14555380157365955,-0.7739105938356423,0
sample_05605.html,-0.12968367291720284,-0.34942621602408036,-0.18089242613047862,-0.23776871434431754,0.6734757536946802,0.09600118151523715,-0.10977361938621372,0.47015662118266516,-0.27039770744587843,-0.2637448677853763,-0.02613359816672435,-0.06254202597575965,0.1922351256925884,0
sample_04427.html,-0.061989310700948055,-0.2358193759885194,0.3764439141972801,0.3665429960052118,0.6934421757803293,0.3640779213159886,0.5684261156270678,0.6176299571669465,-0.3373567388786395,-0.18685932024446794,-0.02613359816672435,-0.049228523795963715,0.07242206097974226,0
sample_09243.html,-0.22853893202665426,-0.2969922898538215,-0.1012729489407988,0.2489527308779768,0.8572864673228227,0.07163056880607792,-0.10977361938621372,0.6283578220969849,0.26129331253931687,-0.19362995457389684,-0.02613359816672435,-0.07339542449189766,0.48042976426093775,0
sample_01014.html,-0.41657882707180643,-0.44555508066955507,-0.4993703348891979,-0.22958852198764032,-1.359225708047704,-0.275650662299441,-0.44887348689285445,0.09921529141087947,-0.25568782374073507,-0.25347792228583244,-0.02613359816672435,-0.10175897261407163,0.0008533370826858896,1
sample_03694.html,0.2173842476518495,-0.4805110314497277,-0.4993703348891979,0.6692101132022688,1.100653885480632,1.5947938631285294,-0.44887348689285445,0.130703494929241,-0.8622280349564385,-0.25235688283128765,-0.01584868809819045,-0.09394452568245226,1.10914980141494,0
sample_05695.html,-0.3096647153175628,-0.3406872283290372,-0.4993703348891979,-0.37376441227407625,0.06381297614258408,-0.2695580091221512,-0.10977361938621372,0.3316516123233787,-2.6904033257696836,-0.26031515301850167,-0.02613359816672435,-0.0910502860781488,3.5660843661725488,1
sample_01812.html,1.3053293546988014,2.726697452631109,0.9337802545250389,2.300135964314789,1.0871686900938313,1.1317522216545042,0.5684261156270678,0.22239222304169115,-0.8765486280455966,0.942815467920477,-0.013277460581056975,-0.009577441217006233,1.5495513128788805,0
sample_08831.html,-0.4289357344604879,-0.4805110314497277,2.446550321128955,-0.38398965271992275,-0.6328069081234672,-0.29392862183131047,-0.10977361938621372,0.5842312888095474,0.5520092206702056,-0.13949817814008564,0.017577269624544724,-0.10175897261407163,-0.7227331580768225,1
sample_08858.html,0.19267043287448662,-0.017344683612440594,-0.021653471751118984,0.30314650524096337,0.9803557148932995,0.6382473142940299,-0.10977361938621372,0.6327237097969394,-0.33066158199416423,-0.20131073974760966,-0.02613359816672435,-0.006827913592917941,0.849363984806547,0
sample_08980.html,-0.1774995319429701,-0.026083671307483746,1.4114971176631177,-0.12324602135083651,0.46398493788003364,-0.2208167837038328,-0.44887348689285445,0.6078916642588278,0.4946360200167009,1.1667014762137733,-0.02613359816672435,-0.04937323577617889,-0.558594898598409,0
sample_06204.html,0.15613696755142847,0.5157335657851917,0.6153023457663196,-0.03837652565031039,0.540133075986626,-0.32439188771775945,0.22932624812042704,0.629718753278408,0.11574871780868139,-0.14209543786645673,-0.009420619305356762,-0.053859307162849264,-0.04945095368664809,0
sample_09094.html,-0.4520377787088923,-0.4805110314497277,-0.5789898120788778,-0.486242057178388,-1.0200836873138628,-0.3365771940723391,-0.44887348689285445,-1.9925510562714843,0.19333343166059386,-0.2694943572651209,-0.027419211925291086,-0.10364022835686888,0.25538278721721513,1
sample_00831.html,2.0907988591445514,0.22734697184876765,3.1631256158360737,0.8941654030108922,-0.05973486465023442,2.3746534698216246,-0.10977361938621372,0.6698572738394405,1.5868310710955769,0.13702118751411538,-0.02613359816672435,1.7311629687913135,0.4087997242586185,0
sample_07779.html,-0.38917872807951287,-0.4717720437546845,0.05796600543856084,-0.38807974889826136,-0.05712196016232739,-0.20863147734925316,0.5684261156270678,0.48480392208115963,0.33468344420976515,-0.21055654039746913,-0.002992550512523074,-0.10002242885148954,0.36427110291631015,1
sample_03860.html,0.13142315277406563,-0.31447026524390775,0.05796600543856084,0.10477684059154088,0.5964563950891082,0.5895060888757114,0.5684261156270678,0.6158291527014553,0.38968228781082864,-0.17274088275752764,-0.02613359816672435,0.027034689777432612,-0.10581437864180457,0
sample_04170.html,-0.4520377787088923,-0.4805110314497277,-0.5789898120788778,-0.48828710526755725,-0.4857802989613899,-0.3365771940723391,-0.44887348689285445,-1.9925510562714843,-2.374105694263592,-0.2694943572651209,-0.027419211925291086,-0.10364022835686888,-0.06926926283400898,0
sample_01907.html,-0.25432726048998944,-0.34942621602408036,-0.4197508576995181,-0.389102272942846,0.460039842841076,-0.20863147734925316,-0.10977361938621372,0.5890067430042442,0.31554300037190286,-0.2515244277907841,-0.011991846822490236,-0.08960316627599707,-0.40374298477417736,1
sample_07027.html,-0.3526452627564547,-0.3057312775488646,0.21720495981792048,-0.3870572248536767,0.12743737483800144,-0.3304845408950493,-0.10977361938621372,0.5220825547513749,0.28687024626176083,-0.20627217178901083,-0.011991846822490236,-0.09307625380116123,0.012705506855901763,1
sample_08873.html,-0.31664905427638274,-0.34942621602408036,-0.18089242613047862,0.06796597498649341,0.29625428914341395,0.5042089443936542,-0.10977361938621372,0.24773247682782604,-0.11512022672082438,-0.1904333272183632,-0.02613359816672435,-0.09857530904933781,0.9223932392959819,1
sample_08371.html,-0.4445161829070862,-0.4805110314497277,-0.4993703348891979,-0.4637465281975256,-1.660337563224084,-0.275650662299441,-0.10977361938621372,0.3391934432522604,0.09833956091326469,-0.2680514351949147,-0.02613359816672435,-0.10291666845579302,-0.766820832790151,1
sample_06258.html,-0.008800883245319292,-0.1659074744281742,-0.34013138050983827,-0.06393962676492669,0.672390045284535,0.14474240693355558,0.5684261156270678,0.45352157361788215,-0.023927895644314523,-0.24446520904731397,-0.02613359816672435,-0.07296128855125214,0.1437482062132817,0
sample_07368.html,-0.09046392337921395,-0.008605695917397443,0.13758548262824066,-0.2214083296309631,-0.385533729116017,-0.21472413052654296,0.22932624812042704,0.6333992220094915,-0.17735471634465436,-0.16356167851090841,-0.02613359816672435,-0.07600024013577078,0.12768904497798025,0
sample_00794.html,-0.4391436144772247,-0.4805110314497277,-0.5789898120788778,-0.4300032347262321,0.852280524050339,-0.275650662299441,-0.44887348689285445,-1.9925510562714843,-1.8462031016310103,-0.2694943572651209,-0.02613359816672435,-0.10364022835686888,1.5862256318768004,1
sample_01896.html,-0.34727269432659325,-0.3581652037191235,0.7745413001456792,-0.4238680904587242,-1.1566661093249724,-0.3365771940723391,-0.44887348689285445,0.5906642029594341,0.4632668613577794,2.224696335691092,0.02529095217594515,-0.08207814330480806,-0.9726358563144286,0
sample_01932.html,-0.4520377787088923,-0.4805110314497277,-0.5789898120788778,-0.4913546774013112,-2.256016803315404,-0.3365771940723391,-0.44887348689285445,-1.9925510562714843,-0.3619526821885016,-0.2694943572651209,-0.027419211925291086,-0.10364022835686888,-1.2612512983302495,1
sample_03046.html,-0.4520377787088923,-0.4805110314497277,-0.4993703348891979,-0.49237720144589586,-2.256016803315404,-0.3365771940723391,-0.44887348689285445,0.3391601271473267,-0.7819740450459779,-0.26873959802839764,-0.027419211925291086,-0.10364022835686888,-1.0511472373625088,1
sample_08774.html,-0.12753464554525823,0.2186079841537245,-0.18089242613047862,-0.368651792051153,-0.7397151513966914,-0.32439188771775945,-0.10977361938621372,0.3978547704016242,-0.08518067383256622,0.4891829678487395,-0.01970552937389066,-0.0872877745925543,-1.3837796117597096,0
sample_07666.html,-0.4520377787088923,-0.4805110314497277,-0.5789898120788778,-0.4913546774013112,-2.256016803315404,-0.3365771940723391,-0.44887348689285445,-1.9925510562714843,-1.6241803805168198,-0.2694943572651209,-0.027419211925291086,-0.10364022835686888,-1.0836151124799762,1
sample_07000.html,-0.4520377787088923,-0.4805110314497277,-0.5789898120788778,-0.49237720144589586,-2.256016803315404,-0.3365771940723391,-0.44887348689285445,-1.9925510562714843,0.488467843389667,-0.2694943572651209,-0.027419211925291086,-0.10364022835686888,-1.4372181033457028,1
sample_05402.html,-0.3295432185080503,-0.3057312775488646,-0.4197508576995181,-0.2101605651405319,0.3631902934953013,-0.19644617099467354,-0.44887348689285445,0.40433383224613234,-2.2820535175132743,-0.26143619247304645,-0.02613359816672435,-0.09220798191987019,3.211450526806968,1
sample_01468.html,-0.2408958394153357,-0.4368160929745119,-0.4197508576995181,-0.2612867673697645,0.006051606345979112,-0.2878359686540206,0.5684261156270678,0.34635009780583204,-7.851757030852685e-05,-0.2530894432669308,-0.02613359816672435,-0.002341842206247569,-0.7872033074716241,1
sample_05413.html,-0.3886414712365267,-0.4805110314497277,-0.4993703348891979,-0.43920595112749394,0.13229338187351822,-0.2208167837038328,-0.10977361938621372,-0.1268481045386658,-0.4471929066292876,-0.2651655910545024,-0.02613359816672435,-0.10320609241622336,-0.02373773269279918,1
sample_08538.html,-0.4450534397500724,-0.4717720437546845,-0.5789898120788778,-0.4760168167325414,-0.5084934647318502,-0.3304845408950493,-0.44887348689285445,-1.9925510562714843,1.5188014003409827,-0.2694943572651209,0.011149200831711038,-0.10320609241622336,0.43481986475788775,1
sample_01605.html,0.22114504555275252,0.533211541175278,0.2968244370076003,0.006614532311414296,1.2105707309470357,-0.3304845408950493,-0.10977361938621372,0.6301972436851263,-0.12087675844390879,-0.17513835327417787,-0.01584868809819045,-0.05950307439124102,-0.5851792828577381,0
sample_04766.html,0.7036016905543144,1.442066261459766,0.45606339138695995,1.2111478568321346,0.6281778290538486,0.5529501698119726,0.22932624812042704,0.6661118358391089,-0.10964259699300599,-0.050037009787303556,-0.02613359816672435,0.07189540364413634,0.39680262787981035,0
sample_04860.html,0.23672549399935086,-0.06977860978269951,0.05796600543856084,0.12931741766157254,0.07805958332618022,0.3640779213159886,-0.10977361938621372,0.6663130798147594,0.48556721680245596,-0.2235650378304047,-0.02613359816672435,0.007353860468169042,-0.3136133164985559,0
sample_01600.html,0.45377725856575507,0.07004519333799093,1.0930192089043984,0.4728854966420156,0.27284734579113684,1.387643655100676,-0.10977361938621372,0.6574318548489743,-0.25461384196229825,-0.2172716777241978,-0.02613359816672435,0.01126108393397872,0.5987008651699507,0
sample_06776.html,-0.39670032388131893,-0.4805110314497277,-0.4993703348891979,-0.3850121767645074,0.4635330701045667,-0.20253882417196337,-0.10977361938621372,-0.11760644192762107,-0.226355027154283,-0.26829562200679574,-0.009420619305356762,-0.10364022835686888,-0.23674743129596124,1
sample_08892.html,-0.4520377787088923,-0.4805110314497277,-0.5789898120788778,-0.4872645812229726,-0.7067890193140784,-0.3365771940723391,-0.44887348689285445,-1.9925510562714843,0.22606251694284138,-0.2694943572651209,-0.027419211925291086,-0.10364022835686888,-0.8721332970100784,1
sample_06114.html,0.6987663789674391,0.6905133196860547,1.1726386860940783,-0.11813340112791325,-0.6719923845295357,-0.275650662299441,0.5684261156270678,0.6033581866171112,0.16063723790238416,-0.11254883362885054,-0.02613359816672435,0.01126108393397872,-0.8126711988561325,0
sample_01083.html,0.4242281322015169,0.9177269997571766,-0.5789898120788778,1.9749733181368694,-0.8127144286766058,3.520072267152108,-0.44887348689285445,-1.9925510562714843,-0.911325408336767,-0.2694943572651209,-0.022276756891024138,-0.021009687654004926,0.7298163016209438,0
sample_05550.html,-0.34727269432659325,-0.26203633907364887,-0.4993703348891979,-0.39216984507659997,0.37039824886512324,-0.32439188771775945,-0.10977361938621372,0.6795834736491656,1.4323336187986486,-0.20718232263329472,-0.004278164271089811,-0.08005217558179563,-0.6223270774411828,1
sample_09900.html,-0.4391436144772247,-0.4542940683645982,-0.5789898120788778,-0.4688591484204489,-0.2785238225577958,-0.3304845408950493,-0.10977361938621372,-1.9925510562714843,-0.5316030172945301,-0.2694943572651209,-0.01970552937389066,-0.10306138043600818,-0.5473072072630959,1
sample_04163.html,-0.1226993339583829,-0.42807710527946874,-0.1012729489407988,0.13954265810741906,0.5251703867070858,0.8697681350310427,-0.10977361938621372,0.31930448991808863,-1.4063146247843508,-0.2498373189086969,-0.02613359816672435,-0.10306138043600818,1.4594819437712028,0
sample_06947.html,-0.3821943891206929,-0.2882533021587783,-0.5789898120788778,-0.37376441227407625,1.0298242566479083,-0.31829923454046966,-0.44887348689285445,-1.9925510562714843,-0.2285732750027962,-0.2694943572651209,-0.02613359816672435,-0.10204839657450197,0.2305492430794769,1
sample_06229.html,-0.4482769808079893,-0.4805110314497277,-0.4993703348891979,-0.4300032347262321,0.11072408097509814,-0.31220658136317986,-0.10977361938621372,-1.9925510562714843,-0.32204537263988814,-0.2694610590635007,-0.013277460581056975,-0.10364022835686888,-0.28078916130273124,1
sample_04014.html,-0.4520377787088923,-0.4805110314497277,-0.5789898120788778,-0.49237720144589586,-2.256016803315404,-0.3365771940723391,-0.44887348689285445,-1.9925510562714843,-1.3950323556491044,-0.2694943572651209,-0.027419211925291086,-0.10364022835686888,-1.3133725301468988,1
sample_01490.html,-0.4455906965930585,-0.4805110314497277,-0.4993703348891979,-0.459656432019187,-1.6831451007685423,-0.30002127500860026,-0.10977361938621372,0.3391934432522604,0.2634045528499451,-0.2680514351949147,-0.008135005546790024,-0.10335080439643853,-0.5391840292991381,1
sample_07757.html,-0.43860635763423855,-0.46303305605964135,-0.4993703348891979,-0.46681410033127957,-0.5853761801790625,-0.32439188771775945,-0.10977361938621372,-0.12877611158049646,-0.03931027749802671,-0.26815132979977513,-0.01584868809819045,-0.10146954865364127,-0.4350820725053922,0
sample_06564.html,-0.17051519298415016,-0.4805110314497277,-0.34013138050983827,-0.44329604730583255,-0.24812118916834344,-0.25128004959028183,-0.10977361938621372,0.03919824573132944,1.843642142344946,-0.21107821222285136,0.006006745797444088,0.594305652220912,0.09854883648325219,1
sample_00098.html,0.6826486736778546,1.0051168767076082,1.0930192089043984,0.00047938804390638344,1.1650970227528399,-0.3365771940723391,0.9075259831337085,0.5815047371969206,0.12748735072413236,-0.03315482156589145,-0.01584868809819045,0.005617316705586963,-0.5990830063327885,0
sample_00217.html,-0.41872785444375105,-0.44555508066955507,-0.4993703348891979,-0.41466537405746234,-0.8807664702485071,-0.30002127500860026,-0.10977361938621372,0.40973863008096567,0.42220264208583586,-0.25702973045864763,-0.014563074339623712,-0.10045656479213506,-0.37157295495220827,1
sample_05650.html,-0.44720246712201694,-0.4805110314497277,-0.4993703348891979,-0.4494311915733405,0.15244997068414426,-0.2817433154767308,-0.10977361938621372,0.5706618652357898,0.7619461543218407,-0.2590165231553161,-0.02613359816672435,-0.1034955163766537,-0.24514686419387882,1
sample_08717.html,-0.35533154697138547,-0.3581652037191235,-0.4993703348891979,-0.39932751338869255,0.8072290452139791,-0.31829923454046966,-0.44887348689285445,0.16838592793863916,-0.13171278129663191,-0.24807251422282936,-0.02613359816672435,-0.08048631152244115,1.1233302491796358,1
sample_01163.html,-0.33867658483881485,-0.34942621602408036,0.2968244370076003,-0.3706968401403223,-0.8659840702400913,-0.3304845408950493,0.22932624812042704,0.6314911231586691,0.6576009655247714,-0.16864520395825014,-0.02613359816672435,-0.0487943878553182,0.0518172420798656,1
sample_01995.html,-0.4520377787088923,-0.4805110314497277,-0.4993703348891979,-0.49237720144589586,-2.256016803315404,-0.3365771940723391,-0.44887348689285445,0.7695379411395121,1.3582131423346788,2.1259449690862904,-0.027419211925291086,-0.10364022835686888,-1.5522331665246654,1
sample_02573.html,-0.3590923448722885,-0.4717720437546845,-0.4993703348891979,0.3389348468014262,-1.285751555973814,0.2787807768339313,0.9075259831337085,0.010173475835132638,-0.7638338480848621,-0.26799593819221446,-0.02613359816672435,-0.09828588508890747,0.7114333473484913,1
sample_01027.html,-0.4445161829070862,-0.46303305605964135,-0.5789898120788778,-0.4709041965096182,-0.7753738862353929,-0.3304845408950493,-0.44887348689285445,-1.9925510562714843,0.5268540776753008,-0.2694832578645808,-0.02613359816672435,-0.10320609241622336,-0.23558615406613778,0
sample_05974.html,-0.41228077232791727,-0.4018601421943393,-0.34013138050983827,-0.4115978019237084,0.41831710228960417,-0.3365771940723391,-0.10977361938621372,0.6099276420294296,0.40322318980762023,-0.13890990991146313,0.0008642907631771383,-0.09915415697019851,-0.293807236674337,1
sample_07386.html,0.8239472233832118,1.6605409538358447,-0.1012729489407988,0.4708404485528463,0.3957327612882186,-0.2817433154767308,0.9075259831337085,0.28539762108114775,0.26201806167937497,1.3384203019688468,-0.02613359816672435,-0.07455312033361905,-0.9844262667020119,1
sample_07095.html,-0.19845254881942992,-0.13095152364800158,-0.4197508576995181,-0.3604715996944758,0.418093027616054,-0.30611392818589006,0.22932624812042704,0.49825548467785125,-0.019669541553914854,-0.24146837090150117,-0.02613359816672435,-0.09524693350438883,-0.2168890052751381,1
sample_08868.html,0.1717174159980268,0.15743507028842244,-0.021653471751118984,0.12931741766157254,0.938582666549579,0.38235588084785804,0.22932624812042704,0.4317009135024585,-0.863947983812266,-0.22949211771879002,-0.02613359816672435,-0.08338055112674461,0.8278533615840603,0
sample_04328.html,-0.4455906965930585,-0.4717720437546845,-0.5789898120788778,-0.4320482828154014,0.5630748827091187,-0.3304845408950493,-0.44887348689285445,-1.9925510562714843,-0.43470088451033584,-0.2694943572651209,0.0034355182803106135,-0.1034955163766537,0.2258197544380353,0
sample_05344.html,0.7755941075144585,0.9963778890125651,3.7204619561638324,0.8941654030108922,1.511524795160731,-0.0502224947397182,0.22932624812042704,0.6920868503247922,1.2644071389480385,7.955250238114328,-0.0209911431324574,0.10546858305405654,-1.0185075259134737,0
sample_06562.html,-0.4520377787088923,-0.4805110314497277,-0.5789898120788778,-0.486242057178388,-1.0200836873138628,-0.3365771940723391,-0.44887348689285445,-1.9925510562714843,0.19333343166059386,-0.2694943572651209,-0.027419211925291086,-0.10364022835686888,0.25538278721721513,1
sample_09621.html,-0.09476197812310315,0.35843178727441494,0.05796600543856084,-0.10381806450372812,-0.10350384300842183,-0.2573727027675716,-0.10977361938621372,0.5129938482046447,1.0314926058267921,-0.19815850999423618,-0.009420619305356762,-0.0720930166699611,-0.575933432169099,0
sample_09058.html,-0.4520377787088923,-0.4805110314497277,-0.4993703348891979,-0.49237720144589586,-2.256016803315404,-0.3365771940723391,-0.44887348689285445,0.3420244464714374,-0.867733009481389,-0.06646412258657372,-0.027419211925291086,-0.10364022835686888,-1.5483386486102793,1
sample_06232.html,2.745177693901681,1.5993680399705426,-0.18089242613047862,3.289939239472732,0.6494610289866511,6.2678588501098105,-0.10977361938621372,0.6177926791838484,-0.319625346505885,-0.17106487327598047,-0.01970552937389066,0.39879976695021285,0.6999932066789577,0
sample_01591.html,-0.44075538500618316,-0.4717720437546845,-0.4197508576995181,-0.4688591484204489,-1.6504095775041814,-0.30611392818589006,-0.10977361938621372,0.40139478109889704,0.30040045909263424,-0.2675630615711526,-0.02613359816672435,-0.10277195647557784,-0.2320542134188914,1
sample_05178.html,1.0495950974373944,1.4245882860696797,0.9337802545250389,0.4902684053999547,-0.2904449403867825,-0.17816821146280412,1.2466258506403491,0.7169113968503897,-0.1440893290076567,-0.12097327863874653,-0.02613359816672435,0.06031844522692247,0.06519360532915085,0
sample_00348.html,1.235485965110602,1.905232609297053,2.207691889559916,1.347143554761893,0.8283773824736658,-0.1477049455763551,0.22932624812042704,0.5570307550618422,0.5131379284641975,0.37222858435825995,-0.02613359816672435,0.148448041177963,-0.37775585562479674,0
sample_04061.html,0.10509756746774432,-0.17464646212321733,0.13758548262824066,0.559800040431711,0.9470250250717003,0.30924404272038036,-0.10977361938621372,0.3369534195117557,-0.6740078504360133,-0.21652801788801465,-0.02613359816672435,0.04020347997701338,1.5345733906913466,0
sample_00803.html,-0.425712193402571,-0.4717720437546845,-0.4197508576995181,-0.4300032347262321,-1.6893667702664803,-0.19644617099467354,-0.10977361938621372,0.40139478109889704,0.37315210687435674,-0.2675630615711526,-0.02613359816672435,-0.09958829291084402,-0.6044989667774199,1
sample_00130.html,-0.43538281657632166,-0.4717720437546845,-0.4197508576995181,-0.4494311915733405,-1.8285293515827974,-0.22690943688112258,-0.10977361938621372,0.4066228702510142,0.20549469220527664,-0.2642110426080583,-0.02613359816672435,-0.10233782053493232,-0.4970429029906451,1
sample_00607.html,0.42476538904450306,-0.3232092529389509,-0.4993703348891979,0.25099777896714615,0.3136215964176877,1.3449950828596475,-0.10977361938621372,0.5237332774907894,-1.1260493012130661,-0.265309883261523,-0.02613359816672435,-0.09293154182094605,0.5527252202488832,0
sample_01380.html,3.4360899939818688,4.44827802855461,1.650355549232157,1.7990991824683094,2.0687105801668446,-0.19035351781738374,0.22932624812042704,0.5888245060757218,-0.29010166938151494,-0.07400061555326591,-0.02613359816672435,0.21487084009672755,0.18366993201170043,0
sample_08842.html,-0.4235631660306264,-0.4717720437546845,-0.4197508576995181,-0.4259131385478935,-1.7085752446286655,-0.18426086464009395,-0.10977361938621372,0.40139478109889704,0.35391850686538556,-0.2675630615711526,-0.02613359816672435,-0.09929886895041368,-0.6062055440503255,1
sample_02954.html,-0.19200546670359614,-0.42807710527946874,-0.4197508576995181,-0.0976829202362202,1.5569841201833137,0.44328241262075607,-0.44887348689285445,0.021403086607460275,-0.5328435682605028,-0.2679293417889742,-0.02613359816672435,-0.0937998137022371,0.8087780164117163,0
sample_03429.html,-0.35640606065735775,-0.38438216680425297,-0.4993703348891979,-0.42489061450330884,0.5347124189419791,-0.2817433154767308,-0.10977361938621372,0.26343625579708835,0.49573871653596374,-0.230424467364154,-0.02613359816672435,-0.06760694528329073,0.666230509601451,1
sample_04682.html,0.13625846436094097,0.15743507028842244,-0.1012729489407988,0.2980338850180401,0.9060905247171274,0.6504326206486095,-0.10977361938621372,0.639704073223688,1.4966729676795907,-0.23523050779799454,-0.02613359816672435,-0.0888796063749212,-0.35407416249019585,0
sample_05838.html,3.2099048630847,8.642992122175324,-0.021653471751118984,4.1611297254588555,1.3147157095703281,0.2665954704793517,-0.44887348689285445,0.6274774176355523,1.3929515487519595,-0.13734489443531644,-0.02613359816672435,-0.04980737171682441,-0.1781678261322398,0
sample_05494.html,-0.440218128163197,-0.4805110314497277,-0.5789898120788778,-0.48419700908921864,-2.256016803315404,-0.30611392818589006,-0.44887348689285445,-1.9925510562714843,-0.24369068605556432,-0.26943886026242064,-0.011991846822490236,-0.0948127975637433,-1.2020031351053397,1
sample_00213.html,0.5316795007987467,-0.31447026524390775,0.05796600543856084,0.8133860034887047,0.05468377424138169,1.3510877360369373,0.5684261156270678,0.6719410627308128,-0.5435350672038004,-0.11688869924000908,-0.02613359816672435,-0.035625597655737425,0.41312668824901144,0
sample_07479.html,-0.4520377787088923,-0.4805110314497277,-0.4993703348891979,-0.4903321533567266,-2.256016803315404,-0.3365771940723391,-0.44887348689285445,0.6180652198571115,0.4690476400541941,-0.2679737393911344,-0.027419211925291086,-0.10364022835686888,-1.2396918230034848,1
sample_03728.html,-0.42947299130347405,-0.44555508066955507,-0.4993703348891979,-0.43511585494915533,-0.488579403446945,-0.275650662299441,-0.10977361938621372,0.3478286345754845,0.22048310194369608,-0.26806253459545476,-0.02613359816672435,-0.10118012469321093,-0.32450802674842777,1
sample_00686.html,-0.04372257803941898,-0.07851759747774266,1.2522581632837582,-0.14165145415336025,-0.04265786731179808,-0.0014812693213997515,-0.10977361938621372,0.5362216546847978,0.17660658140157623,-0.0995181373948349,-0.02613359816672435,-0.0081303214148545,0.1502956398016999,0
sample_09909.html,0.12228978644330109,0.419604701139717,-0.18089242613047862,-0.08439010765661974,-0.1822730067958193,-0.32439188771775945,-0.10977361938621372,0.6365043744631789,0.3171591940185761,-0.19983451947578335,-0.022276756891024138,-0.01073513705872762,-0.1723864983616712,0
sample_03330.html,1.0281048237179484,1.2585475198638598,1.2522581632837582,0.21827700954043724,0.5474917972753135,-0.29392862183131047,0.5684261156270678,0.4462097052849947,0.48631172712277204,-0.04432081850917914,-0.02613359816672435,-0.030126542407560842,-0.2037940729100124,0
sample_08254.html,-0.014173451675180781,0.04382823025286147,-0.021653471751118984,-0.16823707931256118,0.8513146592541101,-0.05631514791700801,0.9075259831337085,0.2847839066551796,0.03512337272926586,-0.21855920818684332,-0.0209911431324574,-0.07628966409620112,0.4253738208316746,1
sample_03031.html,0.09112888955010444,0.3322148241892855,0.05796600543856084,0.48720083326620073,1.216729810938186,-0.11724167968990606,0.5684261156270678,0.4267418138563966,-0.5299677628899364,-0.23642924305631965,-0.02613359816672435,-0.08685363865190877,-0.4179360138787794,1
sample_08453.html,-0.4283984776175017,-0.4368160929745119,-0.4197508576995181,-0.4340933309045707,-0.6012781359854742,-0.31220658136317986,0.22932624812042704,0.5012090910466566,-0.0768542873968646,-0.26457732282587987,-0.02613359816672435,-0.10335080439643853,-0.3394993777236337,1
sample_01067.html,-0.1269973887022721,-0.11347354825791527,0.6153023457663196,-0.24799395479016403,1.084608334144908,-0.17207555828551432,-0.10977361938621372,0.8125646768744382,1.6439631410584896,0.45368708492166787,-0.02613359816672435,-0.06630453746135417,-1.2119094083566169,0
sample_06268.html,0.007854078887251332,-0.13095152364800158,-0.34013138050983827,-0.180507367847577,0.8402567618526497,-0.06240780109429781,-0.10977361938621372,0.3190655848285699,0.046787639847905266,-0.26458842222641993,-0.011991846822490236,0.1219657487985863,0.023241942265752064,1
sample_02964.html,-0.4520377787088923,-0.4805110314497277,-0.5789898120788778,-0.48828710526755725,-1.4745881252400244,-0.3365771940723391,-0.44887348689285445,-1.9925510562714843,-2.257469615287448,-0.2694943572651209,-0.027419211925291086,-0.10364022835686888,-1.1604855999758212,1
sample_05332.html,-0.4520377787088923,-0.4805110314497277,-0.5789898120788778,-0.49237720144589586,-2.256016803315404,-0.3365771940723391,-0.44887348689285445,-1.9925510562714843,-1.3950323556491044,-0.2694943572651209,-0.027419211925291086,-0.10364022835686888,-1.3133725301468988,1
sample_08320.html,-0.26346062682075394,-0.008605695917397443,-0.18089242613047862,-0.1488091224654528,0.8082449513352776,-0.18426086464009395,0.22932624812042704,0.667766969134022,0.5296016722817314,-0.1268892591265918,-0.02613359816672435,-0.08569594281018739,-0.8754146538718367,0
sample_08446.html,-0.16245634033935794,-0.270775326768692,0.05796600543856084,0.012749676578922207,1.8715602409607701,0.14474240693355558,-0.44887348689285445,0.49740274135218737,-0.6630619205029278,-0.2391818943902514,-0.02613359816672435,-0.0460448602312299,0.8232368963992468,0
sample_02689.html,-0.4482769808079893,-0.4717720437546845,-0.4993703348891979,-0.4872645812229726,-1.2792309526931431,-0.3365771940723391,-0.10977361938621372,0.19723148672994484,1.9273800715967204,-0.2688949896359583,0.038147089761612525,-0.10364022835686888,-1.4884233875418693,0
sample_02268.html,-0.19254272354658228,-0.4105991298893824,-0.4993703348891979,-0.1723271754908998,0.09789299589682401,0.12037179422439637,-0.10977361938621372,0.27640699550042386,-0.7953821655078509,-0.26422214200859834,-0.022276756891024138,-0.07021176092716384,0.6226824505123454,0
sample_09338.html,-0.4520377787088923,-0.4805110314497277,-0.5789898120788778,-0.49237720144589586,-2.256016803315404,-0.3365771940723391,-0.44887348689285445,-1.9925510562714843,-0.21905923236313948,-0.2694943572651209,-0.027419211925291086,-0.10364022835686888,-1.3854461503851005,1
sample_03189.html,-0.43054750498944633,-0.4717720437546845,-0.4993703348891979,-0.44840866752875586,-0.4802532427832406,-0.30002127500860026,-0.10977361938621372,0.15641832936714456,1.0097295232428287,-0.25876123694289505,-0.011991846822490236,-0.10364022835686888,0.526540205527383,1
sample_01494.html,1.948963052596208,2.5693956741203325,-0.26051190332015844,1.0956026397940688,0.4379458620104299,0.3397073086068294,0.22932624812042704,0.4326245340277221,-0.050866455544288744,-0.2427891995657668,-0.02613359816672435,0.4099425894267812,-0.001371539243721033,0
sample_07298.html,-0.3273941911361057,-0.3406872283290372,-0.4993703348891979,-0.3931923691211846,0.4911933928541008,-0.2817433154767308,-0.10977361938621372,0.343253371727165,0.015290607760602795,-0.25871683934073486,-0.004278164271089811,-0.09582578142524951,-0.20254721649351112,1
sample_07491.html,-0.41872785444375105,-0.44555508066955507,-0.4993703348891979,-0.41466537405746234,-0.8807664702485071,-0.30002127500860026,-0.10977361938621372,0.40973863008096567,0.42220264208583586,-0.25702973045864763,-0.014563074339623712,-0.10045656479213506,-0.37157295495220827,1
sample_08784.html,0.21416070659393258,0.4458216642248465,3.879700910543192,0.7612372772148874,0.813539539123727,0.4128191467343071,-0.10977361938621372,-1.9925510562714843,0.3490577509370595,-0.26806253459545476,-0.0209911431324574,0.10156135958824686,-0.04393985745207377,0
sample_00655.html,-0.4520377787088923,-0.4805110314497277,-0.5789898120788778,-0.49237720144589586,-2.256016803315404,-0.3365771940723391,-0.44887348689285445,-1.9925510562714843,0.5970842874386032,-0.2694943572651209,-0.027419211925291086,-0.10364022835686888,-1.4843356254615883,1
sample_00333.html,0.20717636763511266,0.5244725534802348,0.21720495981792048,0.013772200623506859,0.40634240638934976,-0.22690943688112258,0.22932624812042704,0.6251908024259081,0.7106095976752866,0.0829449080830044,-0.0209911431324574,-0.0466237081520906,-0.561707104886134,0
sample_03480.html,-0.43484555973333555,-0.4717720437546845,-0.4993703348891979,-0.42080051832497023,-0.6875376558481614,-0.2634653559448614,-0.44887348689285445,0.7920922421030481,1.3682393070078895,-0.197181762746712,-0.02613359816672435,-0.09929886895041368,-0.4612691602145039,1
sample_01597.html,-0.45096326502292,-0.4805110314497277,-0.4993703348891979,-0.483174485044634,-1.2220532489725586,-0.3304845408950493,-0.44887348689285445,0.13676314615607185,-0.25099876656354797,-0.2627570211373121,-0.008135005546790024,-0.10364022835686888,0.5815687046866955,1
sample_06296.html,0.3361180099517884,0.07878418103303408,-0.18089242613047862,0.44016472721530675,0.5740616999904856,1.1378448748317942,-0.10977361938621372,0.5968847103109628,-0.39761897309960803,-0.21280971870709878,-0.01970552937389066,-0.03504674973487674,0.5960991744539406,0
sample_07678.html,-0.24250760994429416,-0.20960241290338993,-0.4993703348891979,-0.31752558982192036,0.8298338557395974,-0.3365771940723391,-0.10977361938621372,0.01660112101228969,0.024221177991065417,-0.2653542808636832,0.0008642907631771383,-0.08395939904760531,-0.14945186302667832,1
sample_05739.html,-0.4477397239650031,-0.4805110314497277,-0.4993703348891979,-0.4760168167325414,-1.3361070942956352,-0.31220658136317986,-0.10977361938621372,0.3391934432522604,0.25173342313743036,-0.2680514351949147,-0.008135005546790024,-0.10364022835686888,-0.7381459904577129,1
sample_05051.html,0.24961965823101842,0.27978089801902656,-0.021653471751118984,0.32052941399890245,0.3229068209084756,0.5346722102801031,-0.10977361938621372,0.6618388596661037,-0.6233145699060263,-0.22621779455947602,-0.01970552937389066,0.007498572448384215,1.210045732934469,0
sample_06250.html,-0.3832689028066652,-0.39312115449929613,-0.5789898120788778,-0.3533139313823832,0.706360377458036,-0.29392862183131047,-0.10977361938621372,-1.9925510562714843,-0.052178938854463126,-0.2694610590635007,-0.011991846822490236,-0.0975623251878316,-0.14581934988613054,1
sample_03295.html,-0.44344166922111394,-0.4805110314497277,-0.5789898120788778,-0.4453410953950019,0.7087154325574094,-0.31220658136317986,-0.10977361938621372,-1.9925510562714843,-0.991203915221621,-0.2694832578645808,-0.002992550512523074,-0.10089070073278059,0.37650090845157924,1
sample_09568.html,-0.389715984922499,-0.4018601421943393,-0.5789898120788778,-0.47397176864337215,-1.6071519193828185,-0.3304845408950493,-0.44887348689285445,-1.9925510562714843,0.5805461752491731,-0.26943886026242064,0.04843199983014643,-0.06673867340199968,-1.5303839814009528,0
sample_02633.html,-0.4520377787088923,-0.4805110314497277,-0.4993703348891979,-0.4903321533567266,-2.256016803315404,-0.3365771940723391,-0.44887348689285445,0.30423101788069656,-0.21571730880125803,-0.26843991421381636,-0.027419211925291086,-0.10364022835686888,-0.8768633462708114,1
sample_00428.html,0.31785127729025936,0.6118624304306663,0.45606339138695995,-0.013835948580278744,0.16623405746117148,-0.29392862183131047,0.22932624812042704,0.6285946146450047,0.5286551467683681,-0.1238480233786188,-0.02613359816672435,-0.021154399634220097,-0.7277784057557634,0
sample_09651.html,0.4886989533598548,-0.15716848673313102,-0.18089242613047862,0.27553835603717775,0.37166382867740677,0.6930811928896381,0.22932624812042704,0.5451909970532481,-0.6460148175798136,-0.24271150376198647,-0.022276756891024138,-0.06514684161963279,0.3313913681847132,0
sample_07940.html,-0.02545584537788991,0.12247911950824984,1.8892139808011965,-0.20095784873927006,-0.5224363235552683,-0.31220658136317986,0.22932624812042704,0.6627595262261914,0.40082514457467355,-0.042256330008730324,-0.02613359816672435,-0.08280170320588393,-0.31015716375687896,0
sample_05620.html,-0.2231663635967928,-0.06977860978269951,-0.34013138050983827,0.6896605940939619,-0.4854233237821356,0.035074649742339085,0.22932624812042704,0.4120304108454263,-0.732722583901191,-0.26558736827502416,-0.02613359816672435,-0.09958829291084402,0.16748989864969407,0
sample_08236.html,-0.4520377787088923,-0.4805110314497277,-0.4993703348891979,-0.49237720144589586,-2.256016803315404,-0.3365771940723391,-0.44887348689285445,0.8140034302781218,1.5906967921133874,-0.26707468794739053,-0.027419211925291086,-0.10364022835686888,-1.0345429846866518,1
sample_01334.html,-0.3209471090202719,-0.38438216680425297,0.05796600543856084,-0.3011652051085659,-0.18695564665080341,-0.07459310744887743,-0.10977361938621372,0.5616346243730499,1.409541476743995,-0.2115998840482336,-0.02613359816672435,-0.08178871934437772,-0.36040278506551066,1
sample_04953.html,0.39091820793637566,0.8128591474166589,0.2968244370076003,0.7929355225970117,1.4474952573433904,0.053352609274208505,-0.10977361938621372,0.7279502360459607,0.12157157334708761,-0.18518331076292077,-0.018419915615323922,-0.05154391547940649,0.3375142565178322,0
sample_03218.html,-0.4337710460473632,-0.46303305605964135,-0.26051190332015844,-0.4606789560637717,-0.07026198971077695,-0.31220658136317986,-0.44887348689285445,0.27073757210414384,-0.6199538482446006,-0.24584153471427983,-0.02613359816672435,-0.10335080439643853,1.5223558666298511,0
sample_08517.html,-0.353719776442427,-0.3581652037191235,-0.4993703348891979,-0.18868756020425423,0.782686430855427,-0.275650662299441,-0.10977361938621372,0.3076488658041481,-0.5750517960943092,-0.25205719901670637,-0.004278164271089811,-0.09640462934611022,1.3882776876016867,1
sample_08841.html,-0.4520377787088923,-0.4805110314497277,-0.4993703348891979,-0.4913546774013112,-0.994335084894047,-0.3365771940723391,-0.44887348689285445,0.8332194388829511,1.7712732624961731,-0.265309883261523,-0.027419211925291086,-0.10364022835686888,-1.26286988444976,0
sample_00352.html,0.0884426053351737,-0.2358193759885194,1.2522581632837582,0.1559030428207735,0.10731971445985058,1.107381608945345,-0.10977361938621372,0.6387563839999234,0.45147892849496113,0.61806920691977,-0.02613359816672435,-0.06876464112501211,-0.0945255139172775,0
sample_08839.html,0.17547821389892984,-0.4805110314497277,-0.5789898120788778,-0.47703934077712606,-1.3060446849895713,-0.3304845408950493,-0.10977361938621372,-1.9925510562714843,2.094501032281206,-0.2694943572651209,99.86219860119307,1.363449827064558,-1.5487909640769775,1
sample_07777.html,0.12605058434420413,0.026350254862775167,-0.1012729489407988,0.19680400460415956,1.2902126898122,0.30924404272038036,0.22932624812042704,0.6851383556377263,-0.44557946059524495,-0.1654041790005563,-0.02613359816672435,-0.050820355578330624,0.7088203529830525,0
sample_02444.html,-0.4117435154849311,-0.4368160929745119,-0.4197508576995181,-0.412620325968293,-1.396574208167864,-0.30002127500860026,-0.10977361938621372,0.4920668421817645,0.5137972833935793,-0.2533336300788118,-0.014563074339623712,-0.09987771687127438,-0.5064305773222884,1
sample_09477.html,-0.44344166922111394,-0.4805110314497277,-0.5789898120788778,-0.3850121767645074,0.0595402354823181,-0.2634653559448614,1.58572571814699,-1.9925510562714843,0.039198919164220844,-0.2694943572651209,-0.02613359816672435,-0.10060127677235024,-0.38186106209139314,1
sample_06436.html,-0.2838763868542276,-0.17464646212321733,0.3764439141972801,-0.10586311259289742,0.3748378222039556,-0.23300209005841238,0.22932624812042704,0.6011039732592076,0.5105300861400076,0.04972440226664253,-0.022276756891024138,-0.09437866162309778,-0.8817128335158759,1
sample_05800.html,-0.385955187021596,-0.39312115449929613,-0.4993703348891979,-0.42284556641413956,0.235483390574574,-0.2817433154767308,-0.10977361938621372,0.10108713767067676,-0.47925214867264176,-0.21169977865309403,-0.02613359816672435,-0.09958829291084402,1.5450837898983032,1
sample_07935.html,0.28078055512421507,-0.0348226590025269,-0.021653471751118984,0.2745158319925931,1.2452969214990717,0.8332122159673038,-0.10977361938621372,0.6404107190833397,-0.18123603978508765,-0.2026537672129554,-0.02613359816672435,-0.02650874290218151,0.7450957717988292,0
sample_09593.html,0.008928592573223629,0.2885198857140697,0.2968244370076003,-0.05575943440824947,-0.32710183705506624,-0.245187396412992,0.9075259831337085,0.5700504522225326,0.32184974731848065,0.2826231237984572,-0.02613359816672435,-0.05487229102435548,-0.6743353249141775,0
sample_02318.html,-0.44344166922111394,-0.4805110314497277,-0.5789898120788778,-0.44738614348417116,0.6504347000600212,-0.31220658136317986,-0.10977361938621372,-1.9925510562714843,-0.9957920806809808,-0.2694832578645808,-0.002992550512523074,-0.10089070073278059,0.28481245779338993,1
sample_04399.html,-0.436457330262294,-0.4805110314497277,-0.5789898120788778,-0.41466537405746234,0.42914483866489467,-0.23300209005841238,-0.10977361938621372,-1.9925510562714843,-1.089610874500559,-0.26943886026242064,-0.02613359816672435,-0.10320609241622336,0.25224883411605653,1
sample_00451.html,-0.4520377787088923,-0.4805110314497277,-0.26051190332015844,-0.4617014801083563,-0.6935759838145575,-0.3365771940723391,-0.10977361938621372,0.8119368107024199,2.4303747007929104,-0.22494136349737057,-0.027419211925291086,-0.10364022835686888,-1.4335506101689186,0
sample_06389.html,-0.3494217216985378,-0.34942621602408036,0.21720495981792048,-0.34717878711487526,-0.7747409842919143,-0.17207555828551432,-0.44887348689285445,0.5791868829801439,-0.31004950962037164,-0.23708410768818244,-0.02613359816672435,-0.09958829291084402,0.45326382223181233,0
sample_02019.html,-0.43054750498944633,-0.4717720437546845,-0.4197508576995181,-0.31854811386650506,0.7566485843684918,-0.11114902651261627,0.22932624812042704,0.20140659945443204,-0.9136773518743525,-0.25586429340194267,-0.02613359816672435,-0.1034955163766537,0.6252879873374461,1
sample_01989.html,-0.41657882707180643,-0.4717720437546845,-0.4993703348891979,-0.42080051832497023,0.5242065506950628,-0.245187396412992,-0.10977361938621372,0.34566993372931776,0.7854124065264789,-0.2608146260428038,-0.02613359816672435,-0.10262724449536266,0.24204745347744755,1
sample_03127.html,-0.4520377787088923,-0.4805110314497277,-0.5789898120788778,-0.48828710526755725,-0.4857802989613899,-0.3365771940723391,-0.44887348689285445,-1.9925510562714843,-2.374105694263592,-0.2694943572651209,-0.027419211925291086,-0.10364022835686888,-0.06926926283400898,0
sample_08358.html,1.0130616321143362,1.7654088061763626,0.21720495981792048,1.9524777891560072,0.7824071005785943,1.3449950828596475,-0.44887348689285445,0.628621873276314,0.32871375491325977,-0.11908638054693847,-0.02613359816672435,-0.022312095475941485,0.3394636471320975,0
sample_05032.html,-0.4520377787088923,-0.4805110314497277,-0.5789898120788778,-0.47397176864337215,-1.0286528236526349,-0.3365771940723391,-0.44887348689285445,-1.9925510562714843,-0.5582160378867956,-0.2694943572651209,-0.027419211925291086,-0.10364022835686888,0.4456996208141094,0
sample_04706.html,-0.43806910079125244,-0.4717720437546845,-0.34013138050983827,-0.34411121498112135,0.20586057944158187,-0.2817433154767308,-0.10977361938621372,0.4190388476230048,0.4971852869476945,-0.24463170005541468,-0.014563074339623712,-0.09886473300976815,-0.16703365321909752,1
sample_05615.html,0.85349634974745,0.9439439628423061,1.1726386860940783,0.3450699910689341,-0.05091392288304249,-0.245187396412992,0.22932624812042704,0.41829866231457036,-0.2462902649412012,-0.17317375937858948,-0.02613359816672435,0.046570807106481,0.30571088474993624,0
sample_05227.html,-0.42302590918764027,-0.44555508066955507,-0.5789898120788778,-0.4555663358408484,-0.8031348609058567,-0.32439188771775945,-0.10977361938621372,-1.9925510562714843,0.43008687919468264,-0.26943886026242064,-0.0107062330639235,-0.10175897261407163,-0.6357750956584722,1
sample_00252.html,-0.4117435154849311,-0.4193381175844256,-0.5789898120788778,-0.45147623966250977,-0.2991542505740407,-0.31829923454046966,-0.10977361938621372,-1.9925510562714843,-0.343770882200504,-0.26943886026242064,-0.02613359816672435,-0.10233782053493232,-0.2357735052106468,1
sample_01928.html,-0.44344166922111394,-0.4805110314497277,-0.5789898120788778,-0.4453410953950019,0.7087154325574094,-0.31220658136317986,-0.10977361938621372,-1.9925510562714843,-0.9932099376764434,-0.2694832578645808,-0.002992550512523074,-0.10089070073278059,0.37650090845157924,1
sample_04572.html,0.24532160348712923,-0.3232092529389509,-0.4197508576995181,0.4534575397949072,1.147812459593829,0.6869885397123483,0.9075259831337085,0.515078735365121,0.2371502772494465,0.2894270563295063,-0.02613359816672435,0.002144229180422803,-0.2219188815553752,0
sample_08197.html,-0.4396808713202109,-0.4717720437546845,-0.4197508576995181,-0.46579157628669493,-1.7247823961965245,-0.2878359686540206,-0.10977361938621372,0.40139478109889704,0.29993066625912085,-0.2675630615711526,-0.02613359816672435,-0.10262724449536266,-0.43320073846554163,1
sample_05586.html,0.0261208115487804,-0.2358193759885194,0.3764439141972801,0.1855562401137284,0.8598683586646959,1.0951963025907654,-0.10977361938621372,0.5470786045914029,-0.35294799336911165,-0.1986801818196184,-0.02613359816672435,-0.07672380003684665,0.40402049695215914,0
sample_03805.html,-0.3435118964256902,-0.4018601421943393,-0.26051190332015844,-0.2674219116372724,0.18153938719693094,-0.13551963922177548,-0.10977361938621372,0.11964471112790398,0.04941273007219502,-0.22990279553877177,-0.005563778029656549,-0.09568106944503435,0.5786329370237888,0
sample_03386.html,-0.4321592755184048,-0.4717720437546845,-0.4993703348891979,-0.43511585494915533,-1.6438506574543332,-0.2695580091221512,-0.10977361938621372,0.4823791905494141,0.4609688117140781,-0.2607147314379434,-0.02613359816672435,-0.10219310855471715,-0.8626565493994313,1
sample_03051.html,-0.4520377787088923,-0.4805110314497277,-0.4993703348891979,-0.48828710526755725,-2.256016803315404,-0.3365771940723391,-0.44887348689285445,0.6948797331186194,1.5102882148725374,-0.23345460371158694,-0.027419211925291086,-0.10364022835686888,-1.3340155493845216,1
sample_00528.html,-0.17427599088505322,-0.09599557286782896,-0.18089242613047862,-0.3614941237390604,-0.003196766945118214,-0.3304845408950493,-0.44887348689285445,0.7189094697710096,0.3842441237917216,-0.24105769308151942,-0.017134301856757187,-0.08149929538394736,-0.6215569299493738,0
sample_01693.html,-0.41657882707180643,-0.44555508066955507,-0.34013138050983827,-0.4463636194395865,-0.25936416013801117,-0.29392862183131047,-0.44887348689285445,0.5781751673866,0.4579337529643043,-0.21234354388441679,-0.014563074339623712,-0.10060127677235024,-0.6328972673474239,1
sample_08957.html,-0.34780995116957936,-0.38438216680425297,0.45606339138695995,-0.18868756020425423,0.3877361175721502,-0.14161229239906528,-0.10977361938621372,0.42330053182229394,-0.37885368782700696,-0.0008000689916532644,-0.02613359816672435,-0.10074598875256541,0.7271433601043253,0
sample_07602.html,3.238916732605952,1.3371984091192481,3.561223001784473,9.429173603158981,0.8336895510398807,5.768261289572046,0.5684261156270678,0.8001722355744207,0.11703389752303668,0.8148726778953506,-0.02613359816672435,0.3590039723910402,1.1067749398716622,0
sample_07739.html,-0.41819059760076494,-0.4368160929745119,-0.5789898120788778,-0.412620325968293,0.4285615238410655,-0.3304845408950493,-0.10977361938621372,-1.9925510562714843,-0.08565887173414764,-0.2694943572651209,-0.009420619305356762,-0.0910502860781488,-0.37840241915705086,1
sample_09379.html,-0.4520377787088923,-0.4805110314497277,-0.5789898120788778,-0.4933997254904805,-1.2151293839523647,-0.3365771940723391,-0.44887348689285445,-1.9925510562714843,-1.5361382864635642,-0.2694943572651209,-0.027419211925291086,-0.10364022835686888,-0.16022437130873657,1
sample_07508.html,-0.3950885533523605,-0.46303305605964135,-0.26051190332015844,-0.36251664778364506,-0.0009308330050949547,-0.2634653559448614,-0.10977361938621372,0.572817232917767,0.17591763620344736,-0.2295365153209502,0.026576565934511888,-0.10291666845579302,-0.069162080248135,1
sample_06561.html,-0.4488142376509754,-0.4805110314497277,-0.5789898120788778,-0.4565888598854331,-0.14402521628176326,-0.32439188771775945,-0.10977361938621372,-1.9925510562714843,-0.7189365521112614,-0.2694943572651209,-0.008135005546790024,-0.10364022835686888,-0.3600862828815091,1
sample_01044.html,4.349426627058322,1.1973746059985577,-0.18089242613047862,6.063024448386308,1.082973164354856,9.503057687250697,-0.10977361938621372,0.5946123769694378,-0.607064627432444,-0.20696033462249377,-0.0209911431324574,0.4681168054732809,1.2485469276750498,0
sample_04275.html,-0.08562861179233862,-0.08725658517278581,0.45606339138695995,1.7254774512582145,0.501787831157792,0.32142934907495996,-0.44887348689285445,0.5335477889152231,0.9644930786524675,0.691147660075442,-0.02613359816672435,0.2715979363410755,-0.8832645103748699,0
sample_00663.html,-0.1436523508348427,0.20986899645868135,0.21720495981792048,-0.05882700654200343,0.791131193638234,-0.2634653559448614,0.22932624812042704,0.5305073289786227,-0.632842790947887,-0.2340761701418296,-0.02613359816672435,-0.09365510172202192,1.1786052774128186,0
sample_01715.html,0.02773258207773885,0.24482494723885398,-0.26051190332015844,0.05569568645147759,0.2411675170428097,-0.11114902651261627,-0.44887348689285445,0.29735988464781854,-0.25374802724811457,-0.24869408065307202,-0.02613359816672435,-0.051254491518976146,0.13605090334573225,0
sample_02669.html,-0.18770741195970694,-0.15716848673313102,-0.5789898120788778,-0.34308869093653666,1.100821226869268,-0.30611392818589006,-0.10977361938621372,-1.9925510562714843,0.3163179842141385,-0.2694943572651209,0.0008642907631771383,-0.058345378549519634,-0.20849749927324426,1
sample_09232.html,0.5870169556263201,0.8390761105017883,0.2968244370076003,-0.12835864157375976,0.3754429752243475,-0.29392862183131047,0.22932624812042704,0.7571249852213819,0.12138172541710202,-0.21502959881510825,-0.017134301856757187,-0.045176588349938866,-0.3020232688380996,0
sample_05455.html,-0.3435118964256902,-0.4368160929745119,0.2968244370076003,-0.22856599794305565,0.3351738858091348,0.163020366465425,-0.10977361938621372,0.44089712127034575,1.3587544194481027,-0.12269368572245387,-0.02613359816672435,-0.0823675672652384,0.42491024082852175,0
sample_00239.html,-0.2661469110356847,-0.2183414005984331,-0.4197508576995181,-0.3011652051085659,-0.33074634500356453,-0.025851882030558975,-0.10977361938621372,0.4255580142544131,-0.1732520285440564,-0.2642776390112986,-0.024847984408157612,-0.10335080439643853,-0.029518095676680678,0
sample_01791.html,-0.19522900776151303,-0.1484294990380879,0.05796600543856084,-0.040421573739479695,0.1984439560460343,-0.1598902519309347,-0.44887348689285445,0.6809497548868458,1.2007060421984297,0.9962479821202652,-0.02613359816672435,-0.08931374231556673,-0.9143153485268257,0
sample_03110.html,-0.19254272354658228,-0.20960241290338993,0.3764439141972801,-0.16312445908963794,-0.07145927519620554,-0.06240780109429781,-0.10977361938621372,0.6184863953767307,-0.6463285449857965,-0.2542548803236358,-0.02613359816672435,-0.09133971003857914,1.2071907726754363,0
sample_09529.html,-0.03566372539462675,0.37590976266450127,-0.021653471751118984,-0.20300289682843936,0.11454720671877734,-0.32439188771775945,-0.10977361938621372,0.6447957823093693,-0.006583612792982066,-0.21880339499872437,-0.01584868809819045,-0.07484254429404939,-0.3559781950925092,0
sample_00243.html,-0.43054750498944633,-0.44555508066955507,-0.18089242613047862,-0.4340933309045707,-0.5041355514713463,-0.29392862183131047,-0.10977361938621372,0.6424326223071781,-0.19777533136213224,-0.2491824542768341,-0.00042132299538959916,-0.10089070073278059,0.6512246085999911,1
sample_02243.html,-0.4520377787088923,-0.4805110314497277,-0.5789898120788778,-0.486242057178388,-0.7123121087648986,-0.3365771940723391,-0.44887348689285445,-1.9925510562714843,0.011481041558787767,-0.2694943572651209,-0.027419211925291086,-0.10364022835686888,-0.7502781960856892,1
sample_05154.html,-0.23176247308457118,0.04382823025286147,-0.021653471751118984,-0.31752558982192036,0.9090377788983321,-0.31220658136317986,-0.10977361938621372,0.7826712067055861,0.009413793951258362,-0.25389969950635427,-0.02613359816672435,-0.0699223369667335,0.5191127300284318,1
sample_02473.html,-0.4429044123781278,-0.4717720437546845,-0.4197508576995181,-0.4729492445987875,-1.5435377130570114,-0.32439188771775945,-0.10977361938621372,0.40139478109889704,0.42771637704019233,-0.2675630615711526,-0.011991846822490236,-0.10306138043600818,-0.39593861665967545,1
sample_07809.html,-0.13559349819005048,0.05256721794790462,0.6949218229559994,-0.24390385861182545,-1.462716315951363,-0.18426086464009395,-0.10977361938621372,0.6309889655868485,1.416573791706745,2.4069817907602906,-0.011991846822490236,-0.07397427241275835,-1.2612287171067083,1
sample_05523.html,0.532754014484719,1.3459373968142911,0.45606339138695995,0.6784128296035307,0.6513377452187175,0.20566893870645367,0.22932624812042704,0.6633485732950349,0.07202083873231413,-0.05088056422834716,-0.02613359816672435,0.005762028685802135,0.1793955097827806,0
sample_04908.html,0.5746600482376386,0.061306205642947774,0.05796600543856084,0.21009681718376003,0.9189403472829676,-0.007573922498689558,0.9075259831337085,0.47876880954597456,2.0548479708915526,0.011908744626701015,-0.02613359816672435,1.6269703430363887,-0.9367234189331873,0
sample_00914.html,0.19105866234552818,0.6730353442959685,0.05796600543856084,0.16306071113286605,1.275645746686511,-0.01975922885326917,-0.44887348689285445,0.6198853707552765,0.06555472510291502,0.035916747994823556,-0.02613359816672435,-0.0590689384505955,-0.42331327855466305,0
sample_01286.html,-0.425712193402571,-0.4805110314497277,-0.1012729489407988,-0.4678366243758642,-1.705464779300104,-0.2573727027675716,-0.44887348689285445,0.5907710069593566,0.5231743574147741,0.06552994863567004,-0.013277460581056975,-0.07846034379942872,-1.1451560782291281,0
sample_03761.html,-0.0700481633457403,-0.10473456056287211,0.7745413001456792,0.39926376543192066,0.7646479957095819,0.2726881236566415,-0.10977361938621372,0.5191590158055521,2.1100769058061184,1.0397132346350908,-0.02613359816672435,-0.06731752132286038,-1.1125483742303206,0
sample_00126.html,-0.45096326502292,-0.4805110314497277,-0.4993703348891979,-0.48419700908921864,-1.091387524772613,-0.3304845408950493,-0.44887348689285445,0.19867672293162741,-0.33585272868493177,-0.2687173992273175,-0.0017069367539563366,-0.10364022835686888,-0.8852200678013379,1
sample_03610.html,-0.3273941911361057,-0.4018601421943393,-0.4197508576995181,-0.3768319844078302,-0.2941905786859191,-0.22690943688112258,-0.10977361938621372,0.0035960509316255384,0.2052723776398054,-0.2662977299095872,0.0034355182803106135,-0.08613007875083291,0.17629467233277418,1
sample_09851.html,-0.13989155293393968,-0.26203633907364887,0.5356828685766397,-0.0036107081344322243,0.3597900753895509,-0.06240780109429781,-0.44887348689285445,0.698397110344389,1.0498385492749605,17.010829361518486,-0.02613359816672435,0.0108269479933332,-1.3989538419627534,0
sample_08296.html,0.45377725856575507,0.935204975147263,0.854160777335359,0.609903718616359,0.6079414393790775,0.44328241262075607,0.22932624812042704,0.5550968930124421,0.20911484566598762,1.2051054020823373,-0.02613359816672435,0.1132830299856759,-0.3607002131559549,0
sample_00320.html,-0.3316922458799949,-0.4805110314497277,-0.5789898120788778,-0.251061526923918,0.9934044430963854,-0.025851882030558975,0.5684261156270678,-1.9925510562714843,-0.7937653049149058,-0.2694943572651209,-0.01584868809819045,-0.10320609241622336,0.19121783635698628,1
sample_05581.html,-0.4171160839147926,-0.46303305605964135,-0.4993703348891979,-0.43920595112749394,0.15145883389838155,-0.20863147734925316,-0.44887348689285445,0.5139084781689031,0.1860366892392261,-0.26251283432543104,-0.01970552937389066,-0.10074598875256541,-0.4915015593896641,1
sample_00574.html,-0.022769561162959168,-0.11347354825791527,0.05796600543856084,0.2786059281709317,1.3934877621041932,0.9246020136266508,-0.44887348689285445,0.5568224946906041,-1.4090647429712666,-0.22559622812923338,-0.02613359816672435,-0.08149929538394736,1.7943406677501574,0
sample_00227.html,-0.4455906965930585,-0.4805110314497277,-0.18089242613047862,-0.42693566259247817,0.8566538742390294,-0.30611392818589006,0.22932624812042704,0.2816604370926475,-0.6508677761594519,-0.24459840185379453,-0.014563074339623712,-0.10364022835686888,0.9300817938950581,1
sample_07173.html,-0.20973494252213906,-0.4105991298893824,-0.4197508576995181,0.3000789331072094,0.9595108171341058,0.3457999617841192,-0.44887348689285445,0.7683474426786319,-0.14734099079074203,-0.16332859109956743,-0.018419915615323922,-0.09032672617707294,1.2845812671579722,0
sample_02312.html,-0.42195139550166794,-0.46303305605964135,-0.34013138050983827,-0.40546265765620043,-0.8319048014388112,-0.245187396412992,-0.10977361938621372,0.14911296422452022,0.5843126680522124,-0.2492268518789943,-0.018419915615323922,-0.10306138043600818,0.2340154087424472,1
sample_01313.html,-0.44344166922111394,-0.4805110314497277,-0.5789898120788778,-0.4729492445987875,0.4127608013385202,-0.31220658136317986,-0.44887348689285445,-1.9925510562714843,-1.3410129728618396,-0.2694943572651209,-0.017134301856757187,-0.10364022835686888,0.5851104626903658,1
sample_06415.html,-0.3515707490704824,-0.4717720437546845,-0.5789898120788778,-0.2940075367964734,0.9067562990208229,-0.09287106698074685,-0.10977361938621372,-1.9925510562714843,0.0803562817318638,-0.26930566745594003,-0.02613359816672435,-0.08801133449363016,-0.18455693040270962,1
sample_01679.html,0.2883021509260212,0.533211541175278,1.9688334579908764,0.06285335476357015,0.02129252369720123,-0.29392862183131047,0.5684261156270678,0.6824934517390789,0.7565543932827059,0.47527541897206005,-0.02613359816672435,0.01922024284581325,-0.5665736845007497,0
sample_04035.html,0.14055651910483016,0.10500114411816354,2.446550321128955,0.07512364329858598,-0.09919659484842948,-0.12333433286719588,0.22932624812042704,0.5759811685015995,-0.06206215299342676,0.08987093401999399,-0.02613359816672435,-0.03823041329961055,0.3821927587757481,0
sample_08127.html,-0.0066518558733746945,0.13995709489833613,0.05796600543856084,0.32052941399890245,0.44563743714256765,0.06553791562878812,-0.10977361938621372,0.6284541944825421,1.777889521439287,-0.1509416600968745,-0.02613359816672435,-0.06210789003511414,-0.6440063558067015,0
sample_04415.html,-0.23068795939859887,-0.07851759747774266,-0.4993703348891979,-0.17334969953548446,0.6178828392990321,-0.2695580091221512,0.5684261156270678,0.16774605023728523,-0.0986856920598851,-0.2668526999365896,-0.017134301856757187,-0.09032672617707294,0.28425014360670414,0
sample_06012.html,-0.4251749365595848,-0.4717720437546845,-0.021653471751118984,-0.39216984507659997,1.4887345598147141,-0.29392862183131047,-0.44887348689285445,-0.11137543644410272,-1.9854766091523974,0.06314357751955985,-0.0107062330639235,-0.10306138043600818,-1.0917086297721343,1
sample_05834.html,-0.3623158859302054,-0.44555508066955507,-0.26051190332015844,-0.389102272942846,0.9939408112480699,-0.17816821146280412,-0.10977361938621372,0.6318740592980616,0.12747880660162927,-0.2570741280608078,-0.02613359816672435,-0.09061615013750328,0.28250635685805553,1
sample_09386.html,-0.4520377787088923,-0.4805110314497277,-0.5789898120788778,-0.4893096293121419,-0.9503498502515947,-0.3365771940723391,-0.44887348689285445,-1.9925510562714843,-0.676787049025418,-0.2694943572651209,-0.027419211925291086,-0.10364022835686888,0.40682118144121326,0
sample_03297.html,-0.36715119751708075,-0.3669041914141667,-0.4197508576995181,-0.37989955654158414,0.560760990732884,-0.29392862183131047,-0.44887348689285445,0.5737373537420137,0.5266768579480771,-0.20420768328856204,-0.02613359816672435,-0.07542139221491008,-1.2402261974892184,1
sample_01911.html,-0.30482940373068745,-0.22708038829347624,0.854160777335359,-0.031218857338217828,0.28551010234099644,-0.3304845408950493,-0.44887348689285445,0.7524008578709653,1.0782282323318695,0.8983734681581272,-0.0017069367539563366,-0.0699223369667335,-0.820215426581881,0
sample_05201.html,-0.40207289231118043,-0.46303305605964135,-0.34013138050983827,-0.38194460463075347,-0.2543548860257861,-0.1598902519309347,-0.44887348689285445,0.4853204387203868,0.21097078975923164,-0.24026963564317605,-0.02613359816672435,-0.10132483667342611,0.2996177874651959,1
sample_06232.html,-0.14633863504977346,-0.08725658517278581,-0.18089242613047862,-0.11302078090498999,0.21718943157194223,-0.2634653559448614,-0.44887348689285445,0.5658510756164409,0.8603938179239962,0.5293627978037111,-0.01584868809819045,-0.0807757354828715,-0.7117953062168474,1
sample_06444.html,-0.3263196774501334,-0.4018601421943393,0.3764439141972801,-0.3318409264461055,0.7113482918034071,-0.2634653559448614,-0.10977361938621372,0.7041347842223855,1.143100046395187,0.20078724361668773,-0.02613359816672435,-0.08974787825621224,-1.1852964716264127,1
sample_01405.html,-0.42302590918764027,-0.44555508066955507,-0.5789898120788778,-0.4606789560637717,-1.0331560584230444,-0.31829923454046966,-0.10977361938621372,-1.9925510562714843,-0.03985032372219392,-0.26943886026242064,-0.018419915615323922,-0.10161426063385645,-0.10105722409022729,1
sample_03143.html,-0.4429044123781278,-0.46303305605964135,-0.5789898120788778,-0.48010691291088003,-0.8755885708603269,-0.3304845408950493,-0.44887348689285445,-1.9925510562714843,0.053530667509164465,-0.2694943572651209,-0.005563778029656549,-0.1019036845942868,-0.1992714658246645,1
sample_04991.html,-0.44129264184916933,-0.46303305605964135,-0.5789898120788778,-0.4688591484204489,-0.6870861635491745,-0.3304845408950493,-0.44887348689285445,-1.9925510562714843,-0.1656403175271219,-0.2694943572651209,0.011149200831711038,-0.10364022835686888,-0.25746403507496246,1
sample_00178.html,0.6665309683882701,1.4770222122399386,0.5356828685766397,1.2909047323097373,0.5775826398406292,0.5346722102801031,0.22932624812042704,0.6513543322299378,-0.09238971410677123,-0.038482533825114205,-0.02613359816672435,0.07392137136714876,0.2705986596996992,0
sample_03856.html,1.209697636647267,1.678018929225931,1.650355549232157,0.31337174568680987,0.6914252069708371,-0.22690943688112258,0.5684261156270678,0.6816832340534327,0.589401197720125,-0.0718473318484967,-0.022276756891024138,0.025442857995065703,-0.7053278716975114,0
sample_01634.html,-0.4520377787088923,-0.4805110314497277,-0.5789898120788778,-0.49237720144589586,-2.256016803315404,-0.3365771940723391,-0.44887348689285445,-1.9925510562714843,-1.3950323556491044,-0.2694943572651209,-0.027419211925291086,-0.10364022835686888,-1.3133725301468988,1
sample_01202.html,-0.44720246712201694,-0.4717720437546845,-0.4993703348891979,-0.4688591484204489,-0.3020765113450368,-0.3304845408950493,-0.44887348689285445,0.2641027143297212,-0.190191392605962,-0.2634562833713351,-0.0107062330639235,-0.10320609241622336,-0.014161155735352524,1
sample_09249.html,-0.4450534397500724,-0.46303305605964135,-0.5789898120788778,-0.4790843888662954,-0.4530639916143037,-0.3304845408950493,-0.44887348689285445,-1.9925510562714843,0.15340302362528113,-0.2694943572651209,-0.00042132299538959916,-0.10146954865364127,-0.2899558082194224,0
sample_02494.html,-0.2580880583908925,-0.4105991298893824,-0.34013138050983827,-0.251061526923918,0.48103996378831765,0.07163056880607792,-0.10977361938621372,0.06536698867212577,-0.4280193678359007,-0.2548209497511782,-0.02613359816672435,-0.08569594281018739,0.4673693556140207,0
sample_00917.html,-0.2408958394153357,-0.3669041914141667,-0.4197508576995181,-0.3533139313823832,0.10904868069703597,-0.31829923454046966,0.22932624812042704,0.7553343865987553,0.9941130870242139,-0.1989576668331196,-0.02613359816672435,0.02833709759936917,0.37784299192162896,1
sample_06135.html,0.0030187673003759896,0.03508924255781832,0.45606339138695995,0.3379123227568415,0.11521038296747407,-0.16598290510822453,-0.10977361938621372,0.38107357730334823,0.4332568928486913,0.10941697837101748,-0.02613359816672435,-0.044887164389508516,-0.12423716295924492,0
sample_09431.html,0.4865499259879102,1.0225948520976944,0.2968244370076003,-0.0169035207140327,0.7900824454370802,-0.30002127500860026,-0.10977361938621372,0.7547308202375697,-0.21503391805528202,-0.21268762530115823,-0.02613359816672435,-0.07571081617534044,-0.26188304493036824,0
sample_03149.html,-0.4235631660306264,-0.4717720437546845,-0.4197508576995181,-0.4259131385478935,-1.7085752446286655,-0.18426086464009395,-0.10977361938621372,0.40139478109889704,0.35391850686538556,-0.2675630615711526,-0.02613359816672435,-0.09929886895041368,-0.6062055440503255,1
sample_02406.html,-0.4520377787088923,-0.4805110314497277,-0.5789898120788778,-0.486242057178388,-1.0200836873138628,-0.3365771940723391,-0.44887348689285445,-1.9925510562714843,0.19333343166059386,-0.2694943572651209,-0.027419211925291086,-0.10364022835686888,0.25538278721721513,1
sample_01748.html,-0.36070411540124697,-0.3319482406339941,-0.1012729489407988,-0.3021877291531506,1.159219435056319,-0.29392862183131047,-0.10977361938621372,0.7010481557133691,0.7990498071509853,-0.09290289467296664,-0.013277460581056975,-0.09712818924718608,-0.09323341682774598,1
sample_09974.html,-0.4343083028903494,-0.4542940683645982,-0.5789898120788778,-0.4535212877516791,0.2145752674210055,-0.30611392818589006,-0.10977361938621372,-1.9925510562714843,-0.4281367941560786,-0.2694943572651209,-0.01584868809819045,-0.10060127677235024,0.29942399571766753,1
sample_04600.html,0.5193225934100653,0.1836520333735519,4.038939864922551,0.3788132845402276,-0.31232004265387614,0.2483175109474823,0.22932624812042704,0.5468509205882047,0.5410243065687632,2.1049782014661407,-0.011991846822490236,0.06364682077187145,-0.10504042415387917,0
sample_01385.html,-0.13183270028914743,-0.11347354825791527,0.6153023457663196,-0.25208405096850267,0.8744166854242634,-0.17816821146280412,-0.10977361938621372,0.8075442504059962,1.6371506145056411,0.4392245660179861,-0.02613359816672435,-0.06644924944156934,-1.221938365969051,0
sample_03799.html,0.3081806541165087,0.9526829505373493,-0.1012729489407988,0.30519155333013265,-0.009687955882831209,-0.31829923454046966,-0.10977361938621372,0.5526103612664615,-1.0940469504591959,-0.20158822476111082,-0.017134301856757187,-0.026364030921966337,1.5609706715216671,0
sample_09261.html,-0.44666521027903083,-0.4805110314497277,-0.18089242613047862,-0.4412509992166633,-0.11242070690411045,-0.30002127500860026,-0.10977361938621372,0.6159075012383525,0.5719195187866983,-0.17912303806805488,-0.02613359816672435,-0.10364022835686888,-0.5958993015289547,1
sample_07426.html,-0.4310847618324325,-0.42807710527946874,-0.4197508576995181,-0.4167104221466316,0.3573177989555492,-0.32439188771775945,-0.10977361938621372,0.5761380209450288,0.2875670634859609,-0.19946823925796178,-0.0017069367539563366,-0.10118012469321093,-0.058785786390685685,1
sample_08483.html,-0.3950885533523605,-0.4105991298893824,-0.1012729489407988,-0.45045371561792513,-2.256016803315404,-0.30611392818589006,-0.44887348689285445,0.5716090621320249,2.3010411081438957,-0.25513173296629954,-0.008135005546790024,-0.07846034379942872,-1.2994190940821468,0
sample_00491.html,-0.4520377787088923,-0.4805110314497277,-0.5789898120788778,-0.48828710526755725,-1.0194366020491556,-0.3365771940723391,-0.44887348689285445,-1.9925510562714843,-0.2287225087374372,-0.2694943572651209,-0.027419211925291086,-0.10364022835686888,0.1547167356823751,0
sample_08344.html,-0.40959448811298654,-0.4805110314497277,-0.4197508576995181,-0.34002111880278274,0.5714484442503874,-0.11724167968990606,-0.10977361938621372,0.20856731838053558,0.46978129640333577,-0.2648215096377609,-0.02613359816672435,-0.10074598875256541,0.29978616881741127,1
sample_05628.html,-0.3601668585582608,-0.2882533021587783,-0.021653471751118984,-0.4310257587708167,-0.009409352334669085,-0.29392862183131047,-0.44887348689285445,0.2322079099345155,-0.0919891858323745,-0.2351750107952943,-0.017134301856757187,-0.09987771687127438,0.5360160405019749,0
sample_04049.html,-0.4343083028903494,-0.4542940683645982,-0.5789898120788778,-0.4279581866370628,0.018066859762146115,-0.3365771940723391,-0.44887348689285445,-1.9925510562714843,-0.8458984735184986,-0.2694943572651209,0.04328954479587948,-0.10175897261407163,0.4731759373280073,1
sample_00513.html,2.609251712626185,-0.3319482406339941,-0.4197508576995181,1.9657706017356076,0.8212538548071943,4.500989428695767,-0.44887348689285445,0.5196639913941183,-0.7725004286206707,-0.24177915411662249,-0.02613359816672435,0.10098251166738617,0.6260498559164669,0
sample_02009.html,0.42906344378839223,-0.4805110314497277,-0.5789898120788778,-0.20095784873927006,2.0141755768096767,1.363273042391517,-0.44887348689285445,-1.9925510562714843,-2.4953027844580413,-0.2694943572651209,-0.023562370649590873,-0.09929886895041368,3.207273469807498,1
sample_01921.html,0.15130165596455314,0.5157335657851917,-0.4993703348891979,-0.14778659842086816,0.5445812489480647,-0.32439188771775945,0.22932624812042704,0.4648236181993349,-0.7757533547690787,-0.2646772174307403,-0.017134301856757187,-0.03548088567552225,0.7162243606977228,0
sample_08077.html,-0.44666521027903083,-0.46303305605964135,-0.5789898120788778,-0.48828710526755725,-1.1074513775587007,-0.3365771940723391,-0.44887348689285445,-1.9925510562714843,-0.274351728029905,-0.2694943572651209,0.0008642907631771383,-0.10335080439643853,-0.7584235511057925,0
sample_00012.html,-0.31020197216054896,-0.3057312775488646,0.5356828685766397,-0.3267283062231823,0.9444845027594221,-0.23909474323570218,-0.10977361938621372,0.6667647058406161,0.47571369336044156,-0.1585225506657269,-0.02613359816672435,-0.06702809736243004,-0.7431673401096611,1
sample_04482.html,1.3719492032290839,1.5906290522754996,1.729975026421837,0.6528497284889143,0.7678058316353459,0.19957628552916384,0.9075259831337085,0.6383848218888346,2.069632519103036,0.20722489592991522,-0.02613359816672435,0.03441500076840645,-1.0676118697595525,0
sample_05952.html,0.20932539500705724,0.017611267167732012,1.4114971176631177,0.15488051877618883,-0.09839659375920513,0.1508350601108454,-0.10977361938621372,0.6758191291064382,0.6799192100650009,0.4458287093393143,-0.02613359816672435,0.030218353342166424,-0.9432689359858892,0
sample_00705.html,-0.43054750498944633,-0.4717720437546845,-0.4197508576995181,-0.31854811386650506,0.7566485843684918,-0.11114902651261627,0.22932624812042704,0.20140659945443204,-0.9136773518743525,-0.25586429340194267,-0.02613359816672435,-0.1034955163766537,0.6252879873374461,1
sample_00503.html,-0.4283984776175017,-0.4717720437546845,-0.4197508576995181,-0.2970751089302273,0.7857346397611749,-0.1537975987536449,-0.10977361938621372,0.3715161254246923,0.07230928140686742,-0.24792822201580875,-0.02613359816672435,-0.10335080439643853,-0.03677914547210649,1
sample_09646.html,-0.4144297996998619,-0.46303305605964135,-0.4993703348891979,-0.45045371561792513,-0.3582614431403493,-0.2817433154767308,-0.10977361938621372,0.579492633912777,0.40374656237499723,-0.21529598442806938,-0.004278164271089811,-0.10045656479213506,-0.8290655973898866,1
sample_09607.html,-0.44397892606410005,-0.4717720437546845,-0.4993703348891979,-0.4872645812229726,-1.044802351692958,-0.3304845408950493,-0.44887348689285445,0.714084940620672,1.066123703421579,-0.26651971792038814,0.00472113203887735,-0.0997330048910592,-1.0616981967232975,1
sample_06999.html,-0.4455906965930585,-0.4717720437546845,-0.5789898120788778,-0.4760168167325414,-0.5084934647318502,-0.3304845408950493,-0.44887348689285445,-1.9925510562714843,1.5183751675967712,-0.2694943572651209,0.012434814590277775,-0.10320609241622336,0.43428047077384946,1
sample_00690.html,0.5300677302697883,1.1798966306084713,0.3764439141972801,0.2387274904321303,0.7765105149833991,-0.2878359686540206,0.22932624812042704,0.5652606991661624,-0.1331147229599802,-0.18966746858109992,-0.02613359816672435,-0.07831563181921355,-0.03337874175575453,0
sample_01700.html,-0.3096647153175628,-0.3406872283290372,-0.4993703348891979,-0.37376441227407625,0.06381297614258408,-0.2695580091221512,-0.10977361938621372,0.3316516123233787,-2.6902040839400905,-0.26031515301850167,-0.02613359816672435,-0.0910502860781488,3.566025188243186,1
sample_04223.html,-0.20275060356331912,-0.3232092529389509,0.13758548262824066,-0.3083228734206585,-0.7758772306250536,-0.11114902651261627,-0.44887348689285445,0.34395928152317323,1.4809522354845754,-0.22965860872689073,-0.01970552937389066,-0.06543626558006313,0.17024282619773648,1
sample_02883.html,-0.4310847618324325,-0.46303305605964135,-0.5789898120788778,-0.4688591484204489,-0.36259086863695095,-0.29392862183131047,-0.44887348689285445,-1.9925510562714843,0.00037260849284860803,-0.26943886026242064,-0.014563074339623712,-0.10277195647557784,-0.20074867158154033,1
sample_01319.html,0.1486153717496224,-0.1833854498182605,1.2522581632837582,0.19475895651499026,0.5969419467384749,0.8027489500808548,0.9075259831337085,0.4296916049296152,0.25492124863452853,-0.057484707549675364,-0.02613359816672435,-0.020575551713359404,0.12287367728372815,0
sample_00907.html,-0.4079827175840281,-0.4805110314497277,-0.4993703348891979,-0.4576113839300177,-1.843102786817947,-0.31829923454046966,-0.10977361938621372,0.05125652481892846,2.375727834867779,-0.2646106210275,0.007292359556010826,0.021680346509471198,-1.1892083426635085,1
sample_03628.html,-0.41872785444375105,-0.44555508066955507,-0.4993703348891979,-0.41466537405746234,-0.8807664702485071,-0.30002127500860026,-0.10977361938621372,0.40973863008096567,0.42220264208583586,-0.25702973045864763,-0.014563074339623712,-0.10045656479213506,-0.37157295495220827,1
sample_08030.html,0.2630510793056722,-0.2008634252083468,-0.18089242613047862,0.6784128296035307,0.8708281174152129,0.6869885397123483,0.22932624812042704,0.008732320028475557,-0.3093314119174574,-0.21831502137496228,-0.02613359816672435,-0.06659396142178452,0.27043443736036477,0
sample_01509.html,0.036865948408503386,0.13995709489833613,0.05796600543856084,-0.010768376446524789,0.1205359415094516,0.04116730291962889,-0.44887348689285445,0.7262669162717024,0.35122254523073015,-0.19497298203924257,-0.02613359816672435,-0.004078385968829649,-0.02285658258134167,0
sample_07304.html,-0.4106690017989588,-0.4542940683645982,-0.4197508576995181,-0.45045371561792513,-0.1612794809112668,-0.2695580091221512,-0.10977361938621372,0.5849854501021337,0.42492755794395237,-0.2128430169087189,-0.02613359816672435,-0.09886473300976815,-0.7777285415849828,1
sample_00923.html,0.6885584989507022,0.2535639349338971,0.21720495981792048,1.2428461022142587,1.4493941266877766,1.3084391637959087,-0.10977361938621372,0.6140564662555638,0.7678216599894649,1.809534357891159,-0.02613359816672435,0.17406206167604868,-0.270610453151269,0
sample_06677.html,-0.3273941911361057,-0.3406872283290372,-0.4993703348891979,-0.3931923691211846,0.4911933928541008,-0.2817433154767308,-0.10977361938621372,0.343253371727165,0.014938926219117741,-0.25871683934073486,-0.004278164271089811,-0.09582578142524951,-0.20254721649351112,1
sample_03391.html,-0.3316922458799949,-0.4542940683645982,-0.4993703348891979,0.47697559282035423,0.6613930901382085,0.4615603721526255,-0.44887348689285445,0.5591482606204866,-0.10090688837743565,-0.26536538026422324,-0.02613359816672435,-0.10175897261407163,0.8620892083056436,1
sample_07658.html,-0.33115498903700874,-0.34942621602408036,-0.4993703348891979,-0.4003500374332772,0.4618700726624893,-0.2817433154767308,-0.10977361938621372,0.3316516123233787,0.10282095574229667,-0.26031515301850167,-0.004278164271089811,-0.09582578142524951,-0.3917082617145721,1
sample_05953.html,-0.33921384168180096,-0.34942621602408036,-0.4993703348891979,-0.4555663358408484,-1.4081666871796918,-0.3365771940723391,-0.44887348689285445,0.315346034322523,-0.229450144544561,-0.2678405465846538,0.04714638607157969,-0.09351038974180675,-1.048042293050253,0
sample_09519.html,-0.4520377787088923,-0.4805110314497277,-0.5789898120788778,-0.4913546774013112,-0.6043607312695036,-0.3365771940723391,-0.44887348689285445,-1.9925510562714843,-0.6365108435112832,-0.2694943572651209,-0.027419211925291086,-0.10364022835686888,-0.9390587633352675,1
sample_08439.html,-0.4396808713202109,-0.46303305605964135,-0.5789898120788778,-0.42693566259247817,0.0408346815847358,-0.3304845408950493,-0.44887348689285445,-1.9925510562714843,-0.48251410820915897,-0.2694943572651209,0.0034355182803106135,-0.10175897261407163,0.31476624221850424,0
sample_07743.html,-0.07649524546157407,0.24482494723885398,-0.26051190332015844,-0.08439010765661974,-0.283276737075263,-0.2573727027675716,-0.44887348689285445,0.5223249542010793,0.11295010052494049,-0.1319283869717733,-0.02613359816672435,-0.07469783231383421,-0.8209895896723334,0
sample_08794.html,1.2875998788802585,2.1761412278433907,0.6153023457663196,0.4278944386802909,-0.100067651833458,-0.31829923454046966,0.9075259831337085,0.7050984745763812,0.12314167302364683,-0.11203826120400837,-0.02613359816672435,0.11603255760976419,-0.2942451716043341,0
sample_02191.html,-0.40959448811298654,-0.4805110314497277,-0.4197508576995181,-0.34002111880278274,0.5714484442503874,-0.11724167968990606,-0.10977361938621372,0.20856731838053558,0.46978129640333577,-0.2648215096377609,-0.02613359816672435,-0.10074598875256541,0.29978616881741127,1
sample_03610.html,-0.06843639281678184,-0.13969051134304472,-0.021653471751118984,0.12624984552781857,-0.23047608380351794,0.0472599560969187,-0.44887348689285445,0.6241041457457631,0.38917970388147965,0.7197952128693044,-0.02613359816672435,0.060463157207137644,-0.0364450163745785,0
sample_01508.html,-0.3096647153175628,-0.3406872283290372,-0.4993703348891979,-0.37376441227407625,0.06381297614258408,-0.2695580091221512,-0.10977361938621372,0.3316516123233787,-2.6903904452088727,-0.26031515301850167,-0.02613359816672435,-0.0910502860781488,3.5660843661725488,1
sample_07605.html,-0.3633903996161777,-0.3406872283290372,-0.1012729489407988,-0.4453410953950019,-1.226484519436325,-0.32439188771775945,-0.44887348689285445,0.6563980544329495,0.7980620906238809,0.6774509998090236,0.0021499045217438758,-0.09495750954395848,-1.3734457163658613,1
sample_06190.html,-0.4520377787088923,-0.4805110314497277,-0.5789898120788778,-0.4903321533567266,-1.4361991616255594,-0.3365771940723391,-0.44887348689285445,-1.9925510562714843,-0.3489671739053663,-0.2694943572651209,-0.027419211925291086,-0.10364022835686888,-0.20086518913049492,0
sample_05050.html,-0.41657882707180643,-0.42807710527946874,-0.5789898120788778,-0.4637465281975256,-0.8429332784412412,-0.3365771940723391,-0.10977361938621372,-1.9925510562714843,0.47330023626095186,-0.26943886026242064,0.03429024848591231,-0.10146954865364127,-0.8821174181168785,1
sample_01712.html,-0.31933533849131346,-0.2358193759885194,-0.4197508576995181,-0.40546265765620043,0.27473209237501756,-0.3304845408950493,-0.44887348689285445,0.7143379794916273,0.5013810407915283,-0.24324427498790874,-0.01584868809819045,-0.09683876528675574,-0.7103436542695218,0
sample_03269.html,-0.3768218206908314,-0.3669041914141667,-0.5789898120788778,-0.45147623966250977,-0.7885839118670015,-0.3304845408950493,-0.44887348689285445,-1.9925510562714843,-0.25860040643427384,-0.2694943572651209,0.008577973314577563,-0.10045656479213506,-0.766924078003329,1
sample_00095.html,-0.4343083028903494,-0.4717720437546845,-0.4197508576995181,-0.44022847517207864,0.06416672343532498,-0.2817433154767308,-0.10977361938621372,0.3600250372681366,0.7639727594081243,-0.25508733536413936,-0.02613359816672435,-0.10320609241622336,0.4836908606022667,1
sample_00977.html,1.3338039673770674,-0.3232092529389509,-0.021653471751118984,0.5516198480750338,-0.025783415310034103,0.9124167072720712,0.22932624812042704,0.09214265395821286,0.24264518320327289,-0.21570666224805113,-0.02613359816672435,0.19547943474789434,-0.6121411073142514,0
sample_00023.html,-0.19630352144748534,-0.3057312775488646,0.6153023457663196,-0.1978902766055161,0.4864726603046134,-0.05631514791700801,0.22932624812042704,0.46218135267129307,0.014054661041478516,0.07644065936653663,-0.0209911431324574,-0.08685363865190877,0.7613776683822722,0
sample_09531.html,0.6063582019738214,0.11374013181320669,-0.18089242613047862,0.7837328061957498,0.522345895166625,1.9116118283475996,-0.10977361938621372,0.5959072498375813,-0.5668848947952052,-0.2108562242120504,-0.017134301856757187,-0.027087590823042202,0.7609808020747667,0
sample_04926.html,-0.2645351405067263,-0.2183414005984331,-0.26051190332015844,-0.1917551323380082,0.9423657132070545,-0.08677841380345704,0.22932624812042704,0.885985674553844,1.8162193331003844,0.23066682987049533,-0.008135005546790024,-0.029692406466915323,-0.644806307384547,1
sample_01581.html,-0.3676884543600669,-0.42807710527946874,-0.4993703348891979,-0.3983049893441079,-0.36490130259592657,-0.31220658136317986,0.22932624812042704,-0.0532511929893303,0.3466818179343573,-0.26725227835603127,-0.00042132299538959916,-0.06210789003511414,0.5399920046654734,1
sample_01896.html,-0.30053134898679823,-0.3406872283290372,-0.4993703348891979,-0.36558421991739903,0.705799845578042,-0.3365771940723391,0.5684261156270678,0.5333221218040921,1.4171663953571705,-0.20397459587722103,0.007292359556010826,-0.07846034379942872,-0.7631983325708963,1
sample_05912.html,-0.44182989869215544,-0.4805110314497277,-0.5789898120788778,-0.4085302297899544,0.44905490294210954,-0.20863147734925316,-0.10977361938621372,-1.9925510562714843,-0.5285941342546009,-0.2694943572651209,-0.013277460581056975,-0.09843059706912263,0.363378857757951,1
sample_06711.html,0.6095817430317383,0.8565540858918747,0.45606339138695995,-0.06905224698784995,-0.21640697404173467,-0.31829923454046966,-0.10977361938621372,0.738990747407223,0.10304844107268374,-0.19951263686012197,-0.01584868809819045,-0.040401093002838145,-0.26433326413650327,0
sample_00568.html,0.273258959322409,-0.4193381175844256,-0.4993703348891979,0.3195068899543178,0.6447433002490035,1.57651590359666,-0.44887348689285445,0.7569742698785145,0.5101340307832691,-0.1367455268061539,-0.01584868809819045,-0.09032672617707294,0.31804875943181876,0
sample_03457.html,-0.42678670708854327,-0.4805110314497277,-0.5789898120788778,-0.44431857135041725,0.5350425838893469,-0.2634653559448614,-0.10977361938621372,-1.9925510562714843,0.3548761644587933,-0.2694166614613405,-0.02613359816672435,-0.10161426063385645,-0.4678907389635917,1
sample_02956.html,0.47419301859922874,0.821598135111702,0.2968244370076003,-0.0680297229432653,0.3429305516059032,-0.18426086464009395,-0.10977361938621372,0.3273697266728964,-0.3878191916216357,-0.19147667086912765,-0.02613359816672435,-0.028389998644978764,0.439982034153179,0
sample_00411.html,0.49944409021957775,0.2972588734091129,-0.18089242613047862,0.22543467785252982,0.16969509670061056,0.39454118720243764,-0.44887348689285445,-0.02733208923767467,-0.18830551060788217,-0.22303226660448242,-0.02613359816672435,-0.03041596636799119,0.02600063245860143,0
sample_00911.html,-0.42302590918764027,-0.4805110314497277,-0.4197508576995181,0.53321441527251,1.5806081313335385,0.6687105801804789,0.9075259831337085,-0.2108186591292194,-0.8621210969457699,-0.2091913141310433,-0.02613359816672435,-0.10277195647557784,0.8752610758902368,1
sample_06077.html,0.5042794018064531,1.0051168767076082,1.0930192089043984,0.22134458167419122,-0.04463205602685864,-0.20253882417196337,-0.10977361938621372,0.6707028361748107,-0.12360595666360849,-0.10655515733722495,-0.02613359816672435,-0.030126542407560842,0.22015683467682154,0
sample_05827.html,-0.4488142376509754,-0.4717720437546845,-0.5789898120788778,-0.4893096293121419,-0.764596021615148,-0.3365771940723391,-0.44887348689285445,-1.9925510562714843,-0.21479256333254462,-0.2694943572651209,0.02914779345164536,-0.10364022835686888,-0.2272545039518183,0
sample_06616.html,-0.4520377787088923,-0.4805110314497277,-0.5789898120788778,-0.48828710526755725,-0.4857802989613899,-0.3365771940723391,-0.44887348689285445,-1.9925510562714843,-2.374105694263592,-0.2694943572651209,-0.027419211925291086,-0.10364022835686888,-0.06926926283400898,0
sample_08838.html,-0.43538281657632166,-0.46303305605964135,-0.4993703348891979,-0.4637465281975256,-0.08898775272148451,-0.32439188771775945,-0.10977361938621372,0.5766664835670271,0.3220246752226094,-0.21536258083130966,-0.02613359816672435,-0.10089070073278059,-0.4521469195607353,1
sample_08432.html,-0.3999238649392358,-0.42807710527946874,-0.5789898120788778,-0.4719267205542028,-1.2349348538056097,-0.2878359686540206,-0.44887348689285445,-1.9925510562714843,-0.14551891932782823,-0.26937226385918034,-0.002992550512523074,-0.0937998137022371,-0.9880784667060398,1
sample_08481.html,-0.4520377787088923,-0.4805110314497277,-0.5789898120788778,-0.48828710526755725,-0.6797788159214526,-0.3365771940723391,-0.44887348689285445,-1.9925510562714843,-1.8350916376934057,-0.2694943572651209,-0.027419211925291086,-0.10364022835686888,-0.18739582826716764,0
sample_05845.html,-0.38917872807951287,-0.4193381175844256,-0.4993703348891979,-0.42182304236955487,-1.4293148730375722,-0.245187396412992,-0.44887348689285445,0.3052920414843328,-0.1304607377391164,-0.26869520042623746,-0.02613359816672435,-0.10074598875256541,-0.9893032503676589,1
sample_05473.html,-0.39777483756729126,-0.39312115449929613,-0.4993703348891979,-0.4310257587708167,0.08553908691998345,-0.31829923454046966,0.22932624812042704,0.17127759328947856,-0.4733515720054063,-0.2341205677439898,-0.023562370649590873,-0.10277195647557784,0.8563044777063542,1
sample_07545.html,-0.26023708576283705,-0.3669041914141667,0.05796600543856084,-0.3410436428473674,-0.26562799806708254,-0.06850045427158762,-0.44887348689285445,0.6242298567736113,-0.15867572207420674,-0.24746204719312676,-0.02613359816672435,-0.08352526310695979,0.2263781964403146,0
sample_06432.html,-0.4429044123781278,-0.46303305605964135,-0.4993703348891979,-0.459656432019187,-1.275509865710941,-0.31220658136317986,-0.10977361938621372,0.3391934432522604,0.2072709143308783,-0.2680514351949147,-0.02613359816672435,-0.1034955163766537,-0.7848534391186058,1
sample_02969.html,0.12766235487316258,0.03508924255781832,0.6153023457663196,-0.08030001147828113,0.7850420188891593,0.016796690210469666,0.5684261156270678,0.5708961446799717,0.7273833994067674,0.15787696112886446,-0.02613359816672435,-0.08222285528502322,-0.5236997375151123,0
sample_02495.html,-0.011487167460250037,-0.11347354825791527,1.0133997317147188,3.5557954910647416,1.790693538378559,0.21176159188374347,1.2466258506403491,0.7156107772478915,-3.0102946105662918,-0.13848813269094135,-0.02613359816672435,-0.08786662251341498,3.62081080887285,0
sample_09645.html,0.640742639924935,1.3109814460341187,0.45606339138695995,0.35734027960394993,0.6200504710741612,-0.2817433154767308,0.9075259831337085,0.1015212214937405,-0.6275598606047825,-0.1471234663110982,-0.02613359816672435,-0.04836025191467268,1.027788714283974,0
sample_09655.html,0.13518395067496866,0.07004519333799093,1.1726386860940783,0.609903718616359,0.9659196495451805,0.7479150714852464,0.5684261156270678,0.5754071971426015,0.2054683388147664,-0.1349696227197463,-0.02613359816672435,-0.0639891457779114,0.450525692425525,0
sample_09738.html,-0.15815828559546874,0.08752316872807724,-0.34013138050983827,-0.16210193504505327,0.5512250266823931,-0.29392862183131047,-0.44887348689285445,0.5341501249431161,-0.8079946345183212,-0.2591830141634168,-0.02613359816672435,-0.09741761320761642,0.9971826036817987,0
sample_06922.html,-0.41013174495597265,-0.4368160929745119,-0.4197508576995181,-0.4167104221466316,-0.8906071516307369,-0.30002127500860026,0.22932624812042704,0.622492803867858,1.1927882234435345,-0.03328801437237202,-0.004278164271089811,-0.07788149587856803,-0.9380853848315862,1
sample_03193.html,-0.4214141386586818,-0.4805110314497277,-0.5789898120788778,-0.4565888598854331,-0.28562008578696146,-0.2817433154767308,-0.10977361938621372,-1.9925510562714843,-0.6722464092818357,-0.26943886026242064,-0.0017069367539563366,-0.10320609241622336,-0.6158825631244942,1
sample_07884.html,-0.4477397239650031,-0.4717720437546845,-0.5789898120788778,-0.4617014801083563,0.18383964695451294,-0.32439188771775945,-0.44887348689285445,-1.9925510562714843,-0.3493714411990154,-0.2694943572651209,-0.009420619305356762,-0.10262724449536266,0.7906928161711564,0
sample_06450.html,-0.3096647153175628,-0.4105991298893824,-0.34013138050983827,-0.3533139313823832,0.11088634131910956,-0.29392862183131047,0.22932624812042704,0.7535603790254408,-2.1853876794154306,-0.19704856994023145,-0.02613359816672435,-0.01956256785185319,3.453345326052067,1
sample_04408.html,-0.4391436144772247,-0.44555508066955507,-0.4993703348891979,-0.4811294369554647,-0.4274520505210647,-0.3365771940723391,-0.44887348689285445,0.2695827999196528,-1.960712373925054,-0.2660868412993263,-0.002992550512523074,-0.10364022835686888,2.8373978651707774,0
sample_04757.html,-0.4520377787088923,-0.4805110314497277,-0.4993703348891979,-0.4903321533567266,-2.256016803315404,-0.3365771940723391,-0.44887348689285445,0.7294278148647106,1.3779409289301756,-0.25253447323992845,-0.027419211925291086,-0.10364022835686888,-1.3158082123644377,0
sample_02228.html,2.196638457212823,2.7878703664964113,-0.021653471751118984,1.8635181972771424,0.4119285456084493,-0.09287106698074685,-0.10977361938621372,0.4322838084193069,0.44119681610858624,3.2986965307471587,-0.02613359816672435,1.0770648182187301,-0.9374206728794882,0
sample_04713.html,-0.30805294478860434,-0.3581652037191235,-0.5789898120788778,-0.3962599412549386,-0.22516526574141663,-0.31829923454046966,-0.10977361938621372,-1.9925510562714843,0.4716418447434238,-0.2694943572651209,-0.02613359816672435,-0.043729468547787136,0.7167496348982186,1
sample_06882.html,-0.41228077232791727,-0.4717720437546845,-0.4993703348891979,-0.36251664778364506,-0.18828903024808868,-0.1537975987536449,-0.44887348689285445,0.5342091843398925,-0.4384046174117179,-0.26539867846584336,-0.02613359816672435,-0.09958829291084402,-0.5401941739981927,0
sample_00237.html,-0.11249145394164607,0.08752316872807724,-0.021653471751118984,-0.2101605651405319,-0.5042957588068624,-0.32439188771775945,-0.44887348689285445,0.6604007840624505,0.08666776682956054,-0.20622777418685065,-0.02613359816672435,-0.09408923766266744,-0.2880459086710388,0
sample_02826.html,0.1948194602464312,0.6206014181257095,1.0930192089043984,0.10477684059154088,0.19776223004801083,-0.2695580091221512,0.22932624812042704,0.6961461311025334,0.7064751977382654,0.3723284789631204,-0.02613359816672435,-0.043440044587356785,-0.7212530188469114,0
sample_05929.html,-0.4036846628401389,-0.4018601421943393,-0.4993703348891979,-0.4064851817007851,0.9518734680729665,-0.3365771940723391,-0.10977361938621372,0.42594168742850946,-0.35452893414143355,-0.26529878386098293,0.01629165586597799,-0.10089070073278059,0.4939973378014802,1
sample_07630.html,-0.42732396393152944,-0.44555508066955507,-0.34013138050983827,-0.43716090303832467,-1.246671424944675,-0.29392862183131047,-0.10977361938621372,0.2047866527432362,-1.3158213152023408,0.12318023504067625,-0.02613359816672435,-0.09770703716804677,2.8252586452828328,1
sample_06944.html,-0.32685693429311957,-0.24455836368356254,-0.34013138050983827,0.45448006383949185,-0.4603707154665832,-0.2208167837038328,-0.44887348689285445,0.6530185085231082,-0.42524773741287364,-0.26080352664226375,-0.02613359816672435,-0.09510222152417365,0.654667150026785,0
sample_07301.html,-0.44344166922111394,-0.4805110314497277,-0.5789898120788778,-0.4453410953950019,0.7087154325574094,-0.31220658136317986,-0.10977361938621372,-1.9925510562714843,-0.9952170236401864,-0.2694832578645808,-0.002992550512523074,-0.10103541271299576,0.37730302428064155,1
sample_05146.html,-0.4520377787088923,-0.4805110314497277,-0.5789898120788778,-0.4872645812229726,-2.2032824216423794,-0.3365771940723391,-0.44887348689285445,-1.9925510562714843,6.890686603683668,-0.2694943572651209,-0.027419211925291086,-0.10364022835686888,-1.426980569281643,0
sample_05238.html,0.15882325176635922,0.3322148241892855,0.5356828685766397,-0.19891280065010075,-0.20470338427218707,-0.2634653559448614,-0.10977361938621372,0.7152315743494971,0.3334046506990884,-0.19667119032186983,-0.01584868809819045,-0.06384443379769622,-0.4530341061078159,0
sample_01994.html,2.8982958941527337,1.6954969046160173,0.05796600543856084,1.1947874721187801,0.8361826603624498,0.9855285453995489,-0.10977361938621372,0.3818096409466985,0.61107602451427,-0.19889107042987933,-0.02613359816672435,1.0446493346505312,0.09680460645423335,0
sample_09871.html,-0.4369945871052801,-0.4805110314497277,-0.5789898120788778,-0.4790843888662954,-1.1921122154666917,-0.29392862183131047,-0.44887348689285445,-1.9925510562714843,-0.3035258094293158,-0.2694610590635007,-0.011991846822490236,-0.10045656479213506,-0.7648702818243297,1
sample_06993.html,1.703436675351538,3.0849959481278786,-0.26051190332015844,2.337969353964421,0.9753573295989942,-0.1598902519309347,-0.10977361938621372,0.5460665908823732,-0.15787813931120503,-0.251968403812386,-0.018419915615323922,0.023272178291838103,0.46355808314554214,0
sample_05933.html,0.28937666461199346,-0.008605695917397443,2.0484529351805563,-0.24594890670099476,-0.47612239589598215,-0.3365771940723391,-0.10977361938621372,0.7110633906251782,1.2135036956651477,2.9410627459462915,0.012434814590277775,0.26798013683569616,-1.2574559057291346,1
sample_00179.html,-0.24250760994429416,-0.20960241290338993,-0.4993703348891979,-0.31752558982192036,0.8298338557395974,-0.3365771940723391,-0.10977361938621372,0.01660112101228969,0.024221177991065417,-0.2653542808636832,0.0008642907631771383,-0.08395939904760531,-0.14945186302667832,1
sample_04282.html,-0.4214141386586818,-0.4805110314497277,-0.4993703348891979,-0.3492238352040446,-0.22654532348759532,-0.18426086464009395,-0.10977361938621372,0.21943159639305743,0.17443367559919715,-0.2617580750887078,-0.011991846822490236,-0.09466808558352813,-0.5600661591832671,1
sample_04843.html,-0.13881703924796737,0.12247911950824984,-0.34013138050983827,-0.2152731853634552,1.4771784232925065,-0.2817433154767308,-0.10977361938621372,0.42462602221903195,1.153795886926955,-0.2462522125342616,-0.011991846822490236,-0.08424882300803566,-1.1329292452798678,1
sample_04114.html,0.32967092783595464,0.31473684879919916,4.5962762052503106,0.6416019639984831,-0.15632058726415682,0.16911301964271483,0.5684261156270678,0.5413936597686387,0.5840357308446135,4.56094255896243,-0.01970552937389066,0.03398086482776093,-1.2229125528075242,0
sample_01156.html,-0.3821943891206929,-0.2882533021587783,-0.5789898120788778,-0.37376441227407625,0.9967473344221405,-0.31829923454046966,-0.44887348689285445,-1.9925510562714843,-0.08055213108541676,-0.2694943572651209,-0.02613359816672435,-0.10204839657450197,0.24826405649579475,1
sample_05792.html,-0.3494217216985378,-0.3232092529389509,-0.34013138050983827,-0.37785450845241486,0.6741550390955837,-0.23909474323570218,-0.10977361938621372,0.231557292792708,-0.5182717269830667,-0.2663088293101273,-0.02613359816672435,-0.10204839657450197,0.008963777254842317,1
sample_08988.html,-0.2500292057461002,-0.270775326768692,0.5356828685766397,-0.0956378721470509,-0.08973229835704111,-0.03194453520784878,0.22932624812042704,0.5796980515052341,0.6923624549782574,-0.04883827452897844,-0.02613359816672435,0.00156538125956211,-0.8113018927563169,0
sample_08113.html,-0.3666139406740946,-0.2969922898538215,-0.4993703348891979,-0.2592417192805952,0.7807143314852952,-0.31220658136317986,6.33312386323996,-0.4127553138806171,0.010077428667138783,-0.2630789037529735,-0.011991846822490236,-0.09336567776159158,0.09843746880918147,1
sample_02187.html,-0.3612413722442331,-0.31447026524390775,-0.4993703348891979,-0.4044401336116158,1.1829905724259824,-0.2878359686540206,-0.10977361938621372,0.656798030737004,1.0363247834936473,-0.21889219020304473,-0.006849391788223287,-0.08063102350265633,-0.16814967673823264,1
sample_04918.html,-0.3096647153175628,-0.3406872283290372,-0.4993703348891979,-0.37376441227407625,0.06381297614258408,-0.2695580091221512,-0.10977361938621372,0.3316516123233787,-2.6902536825969823,-0.26031515301850167,-0.02613359816672435,-0.0910502860781488,3.566025188243186,1
sample_00876.html,-0.43592007341930783,-0.4542940683645982,-0.4993703348891979,-0.43511585494915533,1.5931377633030204,-0.3304845408950493,-0.10977361938621372,0.41874947507749655,-1.1556567122830388,-0.26038174942174197,-0.005563778029656549,-0.10291666845579302,2.2162303216176538,1
sample_02854.html,0.8443629834166855,1.7828867815664489,0.6949218229559994,1.0291385768960664,1.1570039118617725,-0.14161229239906528,0.22932624812042704,0.45390309200936013,-0.7482679504281182,-0.15338352821568496,-0.02613359816672435,-0.06977762498651832,0.7951391008069595,0
sample_06394.html,-0.436457330262294,-0.4805110314497277,-0.4993703348891979,-0.44329604730583255,0.08141459285252393,-0.2878359686540206,-0.10977361938621372,0.6159103430460733,1.184617320466802,-0.2547099557457777,-0.02613359816672435,-0.10320609241622336,-0.044853901574498194,1
sample_00298.html,-0.27957833211033845,-0.20960241290338993,0.3764439141972801,-0.14778659842086816,0.91718415294491,-0.03194453520784878,3.9594247906934754,0.568937351145069,0.20408515147456716,0.05720539823063448,-0.02613359816672435,-0.08772191053319982,-0.35682406530159777,0
sample_08461.html,-0.40744546074104193,-0.4368160929745119,-0.4993703348891979,-0.34411121498112135,-1.6595226823653215,-0.30611392818589006,-0.10977361938621372,0.16974101042438422,0.9635463445574506,-0.23802755673408646,-0.02613359816672435,-0.0975623251878316,-0.29638841915441727,1
sample_09930.html,-0.3273941911361057,-0.3406872283290372,-0.4993703348891979,-0.3931923691211846,0.4911933928541008,-0.2817433154767308,-0.10977361938621372,0.343253371727165,0.013587883629138776,-0.25871683934073486,-0.004278164271089811,-0.09582578142524951,-0.2023741806974135,1
sample_08515.html,1.091501131190314,1.6518019661408017,1.5707360720424772,0.5015161698903858,1.0068558334878412,0.18129832599729442,-0.10977361938621372,0.5900598650909074,0.4276175556883968,0.24469647215311527,-0.008135005546790024,-0.01854958399034698,0.20307947146986202,0
sample_09452.html,1.2956587315250507,0.707991295076141,-0.18089242613047862,0.936088888838863,0.9594736207382962,1.89333386881573,-0.10977361938621372,0.6146294082907335,-0.3224752414000675,-0.2154624754361701,-0.01970552937389066,0.12558354830396562,0.7772532202808919,0
sample_04643.html,-0.4310847618324325,-0.46303305605964135,-0.5789898120788778,-0.4688591484204489,-0.36259086863695095,-0.29392862183131047,-0.44887348689285445,-1.9925510562714843,0.00037260849284860803,-0.26943886026242064,-0.014563074339623712,-0.10277195647557784,-0.20074867158154033,1
sample_02325.html,-0.42195139550166794,-0.44555508066955507,-0.5789898120788778,-0.4688591484204489,0.32103522205746726,-0.31220658136317986,-0.10977361938621372,-1.9925510562714843,0.5085048947738157,-0.26943886026242064,-0.02613359816672435,-0.10175897261407163,-0.5993294962936854,1
sample_09004.html,-0.440218128163197,-0.46303305605964135,-0.4993703348891979,-0.412620325968293,1.393154944597176,-0.3304845408950493,-0.10977361938621372,0.3420602018796321,-0.06014447903138013,-0.26129190026602583,-0.011991846822490236,-0.10306138043600818,0.7393904014233829,1
sample_02884.html,-0.4520377787088923,-0.4805110314497277,-0.4993703348891979,-0.49237720144589586,-2.256016803315404,-0.3365771940723391,-0.44887348689285445,0.69271025156194,0.9862674941728821,-0.267185681952791,-0.027419211925291086,-0.10364022835686888,-1.0168014571092276,1
sample_07999.html,0.34363960575359453,0.2535639349338971,0.6949218229559994,0.9984628555585268,0.5282823599976396,0.39454118720243764,-0.44887348689285445,0.6804607983931249,1.0553600094757039,3.9724190441274962,-0.02613359816672435,0.1056132950342717,-1.017450719436674,0
sample_02202.html,-0.16675439508324713,0.12247911950824984,-0.021653471751118984,-0.2152731853634552,0.27301041764883077,-0.23909474323570218,-0.10977361938621372,0.5232398550911374,-0.05788314490867947,-0.2537887055009538,-0.02613359816672435,-0.08714306261233912,0.27837338018005986,0
sample_09325.html,-0.4332337892043771,-0.4805110314497277,-0.4993703348891979,-0.4300032347262321,-0.6901165009856889,-0.2208167837038328,-0.44887348689285445,0.23918846223247617,0.16111421006487123,-0.2634895815729552,-0.013277460581056975,-0.09495750954395848,-0.48493885870380565,1
sample_05662.html,0.22007053186678022,-0.1833854498182605,1.4911165948527976,0.3522276593810267,0.21139859711051828,1.046455077172447,0.22932624812042704,0.28044529943538987,-0.4153982929009534,0.30447784346181056,-0.02613359816672435,-0.056898258747367904,1.169137251995329,0
sample_05983.html,-0.44075538500618316,-0.4805110314497277,-0.4993703348891979,-0.42898071068164745,1.2230034294239545,-0.29392862183131047,-0.10977361938621372,0.5910678168550558,0.31635528942894753,-0.2551983293695398,-0.014563074339623712,-0.10306138043600818,0.06036075413560983,1
sample_05643.html,0.036328691565517233,-0.1659074744281742,-0.18089242613047862,-0.12426854539542116,0.3070442659081753,0.07163056880607792,-0.10977361938621372,0.6298113899953163,-0.023440793108727244,-0.19711516634347173,-0.01584868809819045,0.0633573968114411,0.2131140613505238,0
sample_06834.html,-0.4391436144772247,-0.4717720437546845,-0.4993703348891979,-0.44431857135041725,-0.2405252454732331,-0.30611392818589006,-0.10977361938621372,0.35946574105664564,-0.2697645359515882,-0.25012590332273815,-0.02613359816672435,-0.10364022835686888,0.42519030275859804,1
sample_05961.html,-0.0910011802222001,0.22734697184876765,-0.26051190332015844,-0.28889491657355015,0.7140619329972556,-0.32439188771775945,0.5684261156270678,0.6633644773192445,0.11893766604158705,-0.2322780672543419,-0.011991846822490236,-0.09915415697019851,0.03456121080858092,1
sample_09742.html,-0.3096647153175628,-0.3406872283290372,-0.4993703348891979,-0.37376441227407625,0.06381297614258408,-0.2695580091221512,-0.10977361938621372,0.3316516123233787,-2.6903442224846508,-0.26031515301850167,-0.02613359816672435,-0.0910502860781488,3.5660843661725488,1
sample_00256.html,0.29045117829796574,-0.15716848673313102,-0.18089242613047862,-0.061894578675757386,0.33778852233370776,0.49202363803907456,-0.10977361938621372,0.4312267904390594,-0.1879228225024784,1.9186081669982047,-0.02613359816672435,0.03238903304539402,-0.9259514321574467,0
sample_03506.html,-0.4488142376509754,-0.4805110314497277,-0.4993703348891979,-0.47703934077712606,-1.6117537954581684,-0.31220658136317986,-0.10977361938621372,0.3391934432522604,0.2607460638104372,-0.2680514351949147,-0.02613359816672435,-0.10364022835686888,-0.7410144968433386,1
sample_08329.html,-0.4052964333690973,-0.4368160929745119,1.729975026421837,-0.4422735232612479,-1.8727210922331792,-0.3304845408950493,0.22932624812042704,0.6308999441271224,0.9869163633678325,0.3430038627363151,0.06643059245008076,-0.08960316627599707,-1.1962981297843156,1
sample_04576.html,0.023971784176835806,0.10500114411816354,0.45606339138695995,-0.2602642433251799,-0.5005389591665541,-0.3304845408950493,-0.44887348689285445,0.6194718292255418,-0.3902496494133456,-0.14232852527779774,-0.017134301856757187,-0.04155878884455953,-1.0188523719658233,0
sample_04071.html,-0.44182989869215544,-0.46303305605964135,-0.4993703348891979,-0.45863390797460235,0.04304766728500618,-0.3304845408950493,-0.44887348689285445,-0.045924347023679084,-0.349370532195024,-0.2690836794451391,0.0034355182803106135,-0.1034955163766537,0.105419199821033,0
sample_08124.html,0.1298113822451072,-0.1659074744281742,0.21720495981792048,0.421759294412783,0.3533637772660835,0.4128191467343071,0.5684261156270678,0.560147659286257,0.4020861262422608,-0.15478205268373094,-0.02613359816672435,0.02442987413355949,-0.14114454118206318,0
sample_07091.html,1.0533558953382975,1.162418655218385,1.8095945036115169,0.16612828326662,-0.10578710337117535,-0.19644617099467354,-0.10977361938621372,0.6595226533385126,0.11575185168363136,-0.032899535353470365,-0.02613359816672435,0.03890107215507682,-0.8698224112542823,1
sample_05917.html,-0.4289357344604879,-0.46303305605964135,-0.4993703348891979,-0.47397176864337215,-1.5435377130570114,-0.31829923454046966,-0.10977361938621372,0.43619300261567,-0.22157088764455046,-0.26772955257925335,-0.006849391788223287,-0.10089070073278059,0.5328237178062468,0
sample_09217.html,-0.3574805743433301,-0.4193381175844256,0.7745413001456792,-0.3492238352040446,0.042240834946274584,-0.20863147734925316,-0.10977361938621372,0.6150972301443942,0.6935705599094011,0.034329533717596776,-0.0017069367539563366,-0.09915415697019851,-0.7991521645160773,1
sample_09034.html,0.4779538165001318,1.0051168767076082,1.5707360720424772,0.3430249429797648,0.7676749417456314,-0.23300209005841238,0.9075259831337085,0.7121586023458215,0.20303579520653295,-0.12681156332281146,-0.02613359816672435,0.016470715221724958,-0.10576467908976095,0
sample_02391.html,-0.3467354374836071,-0.4805110314497277,-0.34013138050983827,-0.18255241593674632,0.941762267999039,0.17520567282000463,-0.10977361938621372,0.3190655848285699,-0.62207469361157,-0.26458842222641993,-0.02613359816672435,-0.09032672617707294,0.47501621578302394,1
sample_00727.html,-0.4498887513369477,-0.4805110314497277,-0.5789898120788778,-0.48010691291088003,-0.727670489693639,-0.32439188771775945,-0.44887348689285445,-1.9925510562714843,-0.5587872503299708,-0.2694943572651209,-0.0107062330639235,-0.10277195647557784,0.16871609037837024,0
sample_07616.html,-0.4235631660306264,-0.4717720437546845,-0.4197508576995181,-0.4259131385478935,-1.7085752446286655,-0.18426086464009395,-0.10977361938621372,0.40139478109889704,0.35391850686538556,-0.2675630615711526,-0.02613359816672435,-0.09929886895041368,-0.6062055440503255,1
sample_03869.html,1.088277590132397,1.4071103106795932,2.8446477070773546,0.9913051872464341,0.7655326849132635,-0.2573727027675716,-0.10977361938621372,0.5724974069528399,-0.4984610330433353,0.05312081883189703,-0.017134301856757187,0.04165059977916511,0.6966262054422324,0
sample_03424.html,-0.3821943891206929,-0.2882533021587783,-0.5789898120788778,-0.37376441227407625,1.0193011649314903,-0.31829923454046966,-0.44887348689285445,-1.9925510562714843,-0.05877367268605852,-0.2694943572651209,-0.02613359816672435,-0.10204839657450197,0.25294439316682604,1
sample_07498.html,-0.4396808713202109,-0.4717720437546845,-0.4197508576995181,-0.46579157628669493,-1.6348811844589388,-0.2878359686540206,-0.10977361938621372,0.40139478109889704,0.33154086033059665,-0.2675630615711526,-0.02613359816672435,-0.10262724449536266,-0.426718414940845,1
sample_01226.html,4.575074501112505,5.129919068767976,6.666382612181986,3.2408580853326687,-0.6898497249466469,0.1386497537562658,-0.44887348689285445,0.628732955767546,1.7539229822785614,0.7704195787324607,-0.02613359816672435,2.1446050962660634,-0.9390601322893506,1
sample_02133.html,-0.4520377787088923,-0.4805110314497277,-0.5789898120788778,-0.4872645812229726,-0.7067890193140784,-0.3365771940723391,-0.44887348689285445,-1.9925510562714843,0.22606251694284138,-0.2694943572651209,-0.027419211925291086,-0.10364022835686888,-0.8721332970100784,1
sample_04848.html,-0.4332337892043771,-0.4805110314497277,-0.5789898120788778,-0.42898071068164745,0.02438695254642322,-0.275650662299441,-0.44887348689285445,-1.9925510562714843,-0.9160396137660309,-0.2694943572651209,-0.022276756891024138,-0.09987771687127438,1.0359950594678917,1
sample_00312.html,0.370502447902902,0.6118624304306663,1.650355549232157,3.6846335206824077,0.5379962696192901,1.2718832447321697,0.22932624812042704,0.6120737336586983,-0.9177430846713125,-0.08581037772787635,-0.02613359816672435,0.21979104742404346,1.2718194339153976,0
sample_06001.html,-0.3864924438645821,-0.39312115449929613,-0.4993703348891979,-0.4340933309045707,0.27578598218151873,-0.30002127500860026,-0.10977361938621372,0.32173375581551045,-0.41520345446180223,-0.195072876644103,-0.02613359816672435,-0.09958829291084402,1.0751967023809674,1
sample_03920.html,0.36620439315901276,0.5856454673455369,0.3764439141972801,0.07001102307566272,0.9534247733743879,-0.1477049455763551,-0.10977361938621372,0.6775725414636419,-0.07560735022721095,-0.1801552823182793,-0.018419915615323922,0.009379828191181468,0.3595287461064877,0
sample_02838.html,-0.400461121782222,-0.4805110314497277,-0.5789898120788778,-0.4463636194395865,-0.24416906908556643,-0.245187396412992,-0.10977361938621372,-1.9925510562714843,-0.4587898018741765,-0.26939446266026046,-0.0017069367539563366,-0.1034955163766537,-0.4990956431193515,1
sample_08133.html,-0.44612795343604467,-0.4805110314497277,-0.4993703348891979,-0.4300032347262321,-1.8981579886138698,-0.32439188771775945,-0.10977361938621372,0.059428681615354494,0.5589381563857913,-0.2618246714919481,0.0021499045217438758,-0.10306138043600818,-0.5880578673529469,1
sample_06152.html,-0.3370648143098564,-0.46303305605964135,-0.4197508576995181,0.27962845221551635,-1.0479682300826811,-0.17207555828551432,-0.44887348689285445,0.2929388072260461,-1.1498818099240422,-0.2678627453857339,-0.01970552937389066,-0.0932209657813764,0.6266921039839448,0
sample_02544.html,-0.44182989869215544,-0.46303305605964135,-0.4993703348891979,-0.45863390797460235,0.05732757075387739,-0.3304845408950493,-0.44887348689285445,-0.045924347023679084,-0.3359424677220581,-0.2690836794451391,0.0034355182803106135,-0.1034955163766537,0.10747884990844453,0
sample_00081.html,0.313015965703384,0.4720386273099759,0.13758548262824066,0.11704712912655671,1.0314035833956683,0.004611383855890054,0.9075259831337085,0.39778812653903445,0.6229106822423259,-0.21689429810583621,-0.02613359816672435,0.013576475617421493,0.3915797029985473,1
sample_05670.html,0.052446396855101704,0.2011300087636382,0.05796600543856084,0.8471292969599982,1.4506801396878595,1.0525477303497368,-0.10977361938621372,0.5350425190850292,-1.4335898637973252,-0.2324334588619026,-0.02613359816672435,0.1073498387968538,2.29150247047676,0
sample_00242.html,1.7953075955021693,2.473266809474858,0.9337802545250389,0.4381196791261374,0.9947179203841585,-0.23300209005841238,-0.44887348689285445,0.5692064562072897,0.37200425371487694,-0.12501346043532377,-0.02613359816672435,0.9455216282031376,-0.19286425224732476,0
sample_06816.html,-0.44612795343604467,-0.46303305605964135,-0.5789898120788778,-0.4893096293121419,-0.3243385845172794,-0.3365771940723391,-0.44887348689285445,-1.9925510562714843,-1.309122432174025,-0.2694943572651209,0.006006745797444088,-0.10364022835686888,0.3446755030417748,1
sample_07885.html,-0.4455906965930585,-0.4805110314497277,-0.4993703348891979,-0.4555663358408484,-1.7901650906870732,-0.30002127500860026,-0.10977361938621372,0.21520007526618232,-0.43661999536821056,-0.26873959802839764,-0.013277460581056975,-0.10335080439643853,-0.8544613253377312,1
sample_09751.html,-0.4520377787088923,-0.4805110314497277,-0.4993703348891979,-0.49237720144589586,-2.256016803315404,-0.3365771940723391,-0.44887348689285445,0.749895188470258,1.253829981376531,2.2914925281410974,-0.027419211925291086,-0.10364022835686888,-1.5522566343089461,1
sample_07701.html,-0.28548815738318606,-0.4105991298893824,-0.4197508576995181,-0.30525530128690453,-0.5135679445740785,0.022889343387759473,-0.44887348689285445,-0.00184552046803856,-0.41709831834634903,-0.2371396046908827,-0.02613359816672435,-0.09148442201879432,0.8767333273370976,0
sample_04270.html,0.2791687845952566,-0.017344683612440594,0.6949218229559994,0.035245205559784554,0.17976710187488337,0.5529501698119726,-0.10977361938621372,0.4200875863438552,-0.38275872262368676,-0.1848392293461793,-0.02613359816672435,-0.10118012469321093,0.5505594305882324,0
sample_07748.html,0.25821576771879684,-0.3057312775488646,-0.34013138050983827,0.021952392980184074,0.9801457993166888,0.6930811928896381,-0.10977361938621372,0.5710209424256872,-0.11532805387423799,-0.2339873749375092,-0.02613359816672435,-0.030994814288851882,-0.0975798330037761,0
sample_00427.html,-0.4520377787088923,-0.4805110314497277,-0.5789898120788778,-0.49237720144589586,-2.256016803315404,-0.3365771940723391,-0.44887348689285445,-1.9925510562714843,-0.5468043425486486,-0.2694943572651209,-0.027419211925291086,-0.10364022835686888,-0.6565366532820293,0
sample_07053.html,-0.3907904986084713,-0.4105991298893824,-0.5789898120788778,-0.44022847517207864,-1.4229063313179655,-0.2817433154767308,-0.44887348689285445,-1.9925510562714843,-0.30901708194225663,-0.26943886026242064,-0.002992550512523074,-0.09278682984073088,-0.4784038760787144,1
sample_05410.html,-0.4520377787088923,-0.4805110314497277,-0.5789898120788778,-0.483174485044634,-1.2720318634131071,-0.3365771940723391,-0.44887348689285445,-1.9925510562714843,-0.041298730167481555,-0.2694943572651209,-0.027419211925291086,-0.10364022835686888,-0.014750783815409774,0
sample_09555.html,-0.3461981806406209,-0.34942621602408036,0.854160777335359,-0.3165030657773357,-0.09416330840970066,-0.23300209005841238,-0.44887348689285445,0.600272924389818,0.8959753216809137,-0.08023847865677255,-0.02613359816672435,-0.057332394688013426,-0.9628651486303473,0
sample_05593.html,0.2737962161653951,0.8740320612819609,-0.1012729489407988,0.017862296801845468,0.23678544611006824,-0.29392862183131047,0.22932624812042704,0.5613748079873208,-0.28448886844256094,-0.23707300828764238,-0.02613359816672435,-0.04271648468628092,-0.09352759854136479,0
sample_06783.html,-0.3096647153175628,-0.3406872283290372,-0.4197508576995181,-0.3727418882294916,0.062075277049202716,-0.2695580091221512,-0.10977361938621372,0.09543587649913768,-2.712079056417658,-0.25628607062246445,-0.02613359816672435,-0.0910502860781488,3.5887306476270187,1
sample_04375.html,-0.06736187913080954,0.11374013181320669,-0.18089242613047862,-0.18868756020425423,-0.608468867885794,-0.29392862183131047,0.22932624812042704,0.5615626595860094,0.5124176161906494,-0.2216670403380566,-0.02613359816672435,0.188533259697566,0.5229596865666754,0
sample_03795.html,-0.14418960767782887,-0.2008634252083468,0.2968244370076003,-0.11097573281582068,1.0407411444629104,0.1569277132881352,-0.10977361938621372,0.60075936098228,0.9902522895634348,0.06024663397860747,-0.02613359816672435,-0.084538246968466,-0.4986184387636578,0
sample_05245.html,-0.4310847618324325,-0.46303305605964135,-0.5789898120788778,-0.4688591484204489,-0.36259086863695095,-0.29392862183131047,-0.44887348689285445,-1.9925510562714843,0.00037260849284860803,-0.26943886026242064,-0.014563074339623712,-0.10277195647557784,-0.20074867158154033,1
sample_05870.html,0.8937906129714112,1.6692799415308879,4.118559342112231,0.4534575397949072,-0.03018785737369735,-0.03803718838513859,-0.10977361938621372,0.6723217372709636,0.7506763151080342,0.16974222030617514,-0.02613359816672435,0.11950564513492835,-0.4406920202624209,0
sample_02909.html,-0.16353085402533024,-0.12221253595295842,0.21720495981792048,-0.19482270447176214,0.4300961143830543,-0.09287106698074685,0.22932624812042704,0.43350046044497087,-0.39740481381924053,-0.22857086747396607,-0.02613359816672435,-0.07325071251168248,0.3294661624259154,0
sample_05205.html,-0.28495090054019995,-0.38438216680425297,-0.18089242613047862,-0.3911473210320153,0.9467137187333441,-0.2817433154767308,0.22932624812042704,0.22367667837584237,0.4871378031695344,-0.25502073896089905,-0.006849391788223287,-0.0813545834037322,0.05758308111280886,1
sample_02604.html,-0.4520377787088923,-0.4805110314497277,-0.4993703348891979,-0.4893096293121419,-1.2220532489725586,-0.3365771940723391,-0.44887348689285445,0.35782016784955345,-0.36968220578793554,-0.2678294471841138,-0.027419211925291086,-0.10364022835686888,0.11082971052464799,1
sample_08893.html,-0.3821943891206929,-0.2882533021587783,-0.5789898120788778,-0.37376441227407625,1.0481535649443108,-0.31829923454046966,-0.44887348689285445,-1.9925510562714843,-0.21813367831863686,-0.2694943572651209,-0.02613359816672435,-0.10204839657450197,0.2289025477694614,1
sample_09948.html,-0.4520377787088923,-0.4805110314497277,-0.4993703348891979,-0.49237720144589586,-2.256016803315404,-0.3365771940723391,-0.44887348689285445,0.3849328585191046,-0.1664740235422336,-0.26700809154415023,-0.027419211925291086,-0.10364022835686888,-0.686457504583203,1
sample_04395.html,-0.34458641011166247,-0.3581652037191235,-0.4993703348891979,-0.3747869363186609,0.5825954870354867,-0.3304845408950493,-0.10977361938621372,0.5159467578377455,0.7528136538760436,-0.21678330410043573,-0.00042132299538959916,-0.08309112716631427,-0.5978877399287316,1
sample_07785.html,0.11637996117045345,0.35843178727441494,-0.021653471751118984,0.013772200623506859,-0.11873082533737815,-0.2208167837038328,-0.10977361938621372,0.6754538342179804,-0.19196434180217636,-0.21064533560178952,-0.02613359816672435,-0.05574056290564652,-0.7880996594922325,1
sample_09877.html,0.012689390474126674,0.07878418103303408,-0.4197508576995181,0.09455160014569436,-0.6324528883074747,0.2726881236566415,0.5684261156270678,0.2166836387290405,0.007411549141918887,-0.2391374967880912,-0.02613359816672435,-0.05024150765746993,-0.33159369396932786,1
sample_00956.html,0.2275921276685863,0.19239102106859504,0.05796600543856084,0.12318227339406462,0.5743335752423689,0.25441016412477213,0.22932624812042704,0.7417947070849281,0.08731583002380411,-0.20709352742897436,-0.006849391788223287,-0.07932861568071976,0.19871133455571402,1
sample_06767.html,-0.4520377787088923,-0.4805110314497277,-0.5789898120788778,-0.4903321533567266,-1.076262466139761,-0.3365771940723391,-0.44887348689285445,-1.9925510562714843,-0.5552946381120462,-0.2694943572651209,-0.027419211925291086,-0.10364022835686888,-0.5535413720066801,0
sample_02447.html,-0.40959448811298654,-0.4805110314497277,-0.4197508576995181,-0.34002111880278274,-2.0803572480309236,-0.11724167968990606,-0.10977361938621372,0.2230739354737191,1.0217614502875658,-0.2649436030437014,-0.02613359816672435,-0.10074598875256541,-0.8145791818687997,1
sample_05508.html,0.6633074273303532,0.821598135111702,1.0930192089043984,0.1364750859736651,0.34640742141822467,-0.2573727027675716,0.9075259831337085,0.6502773827532369,0.09865016474462242,-0.10672164834532566,-0.02613359816672435,0.011984643835054588,-0.5447702094057535,0
sample_01736.html,0.7906372991180706,1.0051168767076082,0.7745413001456792,0.29087621670594754,0.017915730478944965,-0.03803718838513859,0.5684261156270678,0.6427012423248211,0.18959131458499048,-0.11189396899698775,-0.02613359816672435,0.03759866433314026,-0.27741045224918115,0
sample_01173.html,1.8345273450401582,-0.2358193759885194,-0.18089242613047862,0.46163773215158443,1.6764189613338185,2.6671008223315353,0.22932624812042704,0.5828490297470815,-0.7282850761968909,-0.23277754027864406,-0.02613359816672435,0.6054484746974803,1.0552667517687193,0
sample_02628.html,-0.4079827175840281,-0.44555508066955507,-0.5789898120788778,-0.4729492445987875,-1.1680996285521696,-0.2817433154767308,-0.44887348689285445,-1.9925510562714843,-0.06934864658791799,-0.26943886026242064,-0.002992550512523074,-0.0932209657813764,-0.9258764395490112,1
sample_07664.html,-0.38111987543472065,-0.34942621602408036,-0.5789898120788778,-0.368651792051153,0.6850522325636024,-0.275650662299441,-0.10977361938621372,-1.9925510562714843,-0.34172507472678265,-0.2694943572651209,-0.02613359816672435,-0.10016714083170472,-1.2377794854130675,1
sample_04272.html,-0.33975109852478713,-0.3406872283290372,-0.26051190332015844,-0.35433645542696784,0.33671927432796,-0.3365771940723391,-0.10977361938621372,0.8033442673727998,1.4323721085512369,0.23992372992089486,0.01500604210741125,-0.08280170320588393,-1.1421322802998524,1
sample_03447.html,-0.4477397239650031,-0.4805110314497277,-0.4993703348891979,-0.48419700908921864,-1.2792309526931431,-0.31829923454046966,-0.44887348689285445,0.28704593753334845,0.3543205055116786,-0.2681957274019353,-0.011991846822490236,-0.10364022835686888,-0.8513035002848958,1
sample_02611.html,0.06748958845871388,0.4021267257496307,0.21720495981792048,0.009682104445168252,1.0738221969299586,-0.22690943688112258,-0.44887348689285445,0.6350994979517034,0.24775459163708866,0.23340838180388704,-0.02613359816672435,-0.057042970727583076,-0.7655408867978138,0
sample_01082.html,0.3645926226300543,0.9701609259274356,-0.1012729489407988,0.17533099966788188,0.5134194687328413,-0.32439188771775945,0.5684261156270678,0.1473962579434623,-0.6906844917436722,-0.12802139798167664,-0.02613359816672435,-0.09611520538567987,0.9544515755024321,0
sample_07591.html,0.28078055512421507,0.10500114411816354,-0.1012729489407988,1.7551306485511693,0.39733999441694334,0.7540077246625362,0.5684261156270678,0.5538188622126765,-0.15507871860183964,0.3118589448209421,-0.02613359816672435,0.010682236013118029,-0.20360811679490226,0
sample_06359.html,-0.38380615964965137,-0.42807710527946874,-0.18089242613047862,-0.37580946036324553,-1.2716799026616825,-0.1477049455763551,-0.44887348689285445,0.4033968533310146,-0.40830590642228987,-0.25464335934253746,-0.01970552937389066,-0.10103541271299576,0.4274799110566462,0
sample_00250.html,-0.006114599030388545,0.04382823025286147,0.3764439141972801,-0.11199825686040533,0.3461790045408655,-0.007573922498689558,-0.10977361938621372,0.08578069032297217,-0.295379362007565,-0.1807213517458217,-0.02613359816672435,-0.07874976775985908,0.6675942486213287,0
sample_08223.html,0.568750222964791,1.7828867815664489,1.0930192089043984,0.4002862894765053,0.547174755836529,-0.17816821146280412,-0.10977361938621372,0.6370269806210176,0.17043280397091193,0.12022779449702364,-0.02613359816672435,-0.08699835063212395,-0.8321294730796507,0
sample_07456.html,-0.31396277006145196,-0.3406872283290372,-0.4993703348891979,-0.37376441227407625,0.05687775598690603,-0.2695580091221512,-0.10977361938621372,0.3316516123233787,-2.698648816000291,-0.26031515301850167,-0.02613359816672435,-0.09683876528675574,3.571594184716645,1
sample_09023.html,-0.4214141386586818,-0.4805110314497277,-0.5789898120788778,-0.4565888598854331,-0.28562008578696146,-0.2817433154767308,-0.10977361938621372,-1.9925510562714843,-0.6722464092818357,-0.26943886026242064,-0.0017069367539563366,-0.10320609241622336,-0.6158825631244942,1
sample_06219.html,-0.2408958394153357,-0.19212443751330363,-0.4993703348891979,-0.1917551323380082,-0.2191669139079965,0.0472599560969187,-0.44887348689285445,0.42884461950549907,-0.41219141179609964,-0.2677961489824936,-0.01584868809819045,-0.09770703716804677,0.12110492342013639,0
sample_00480.html,-0.4520377787088923,-0.4805110314497277,-0.5789898120788778,-0.4872645812229726,-0.7067890193140784,-0.3365771940723391,-0.44887348689285445,-1.9925510562714843,0.22606251694284138,-0.2694943572651209,-0.027419211925291086,-0.10364022835686888,-0.8721332970100784,1
sample_03372.html,-0.24680566468818335,-0.44555508066955507,-0.4197508576995181,0.0025244361330756873,0.7398061750450453,0.3457999617841192,-0.44887348689285445,0.1395844120689378,-0.34006893383103887,-0.2651211934523422,-0.02613359816672435,-0.031428950229497404,0.025085766963727066,1
sample_06859.html,-0.4520377787088923,-0.4805110314497277,-0.5789898120788778,-0.4933997254904805,-1.9629810475231189,-0.3365771940723391,-0.44887348689285445,-1.9925510562714843,-1.1262043031316784,-0.2694943572651209,-0.027419211925291086,-0.10364022835686888,-1.165338450936633,0
sample_05250.html,-0.24465663731623874,-0.06977860978269951,-0.1012729489407988,-0.180507367847577,0.36586507892954173,-0.2634653559448614,0.5684261156270678,0.7171408452700001,-1.7439025924216902,-0.23352120011482722,-0.02613359816672435,-0.08526180686954186,-1.3296688203047011,0
sample_04773.html,-0.436457330262294,-0.4805110314497277,-0.5789898120788778,-0.41466537405746234,0.42914483866489467,-0.23300209005841238,-0.10977361938621372,-1.9925510562714843,-1.089610874500559,-0.26943886026242064,-0.02613359816672435,-0.10320609241622336,0.25224883411605653,1
sample_04193.html,-0.3821943891206929,-0.2882533021587783,-0.5789898120788778,-0.37376441227407625,1.0455802247764663,-0.31829923454046966,-0.44887348689285445,-1.9925510562714843,0.02507780481221077,-0.2694943572651209,-0.02613359816672435,-0.10204839657450197,0.23395628296371732,1
sample_02162.html,2.054802650664479,0.6730353442959685,3.8000814333535122,3.6345298424977597,2.044980539303525,4.927475151106053,-0.10977361938621372,0.19814345598921257,-0.4762476484224957,-0.11817622970265458,-0.02613359816672435,0.3757905620960003,1.271134891685582,0
sample_02263.html,-0.38380615964965137,-0.4018601421943393,-0.26051190332015844,-0.4555663358408484,-0.889707818844335,-0.3365771940723391,-0.10977361938621372,0.257503024472063,-2.061589689318213,-0.2491824542768341,0.0921428676214155,-0.09929886895041368,2.880459098112634,1
sample_05514.html,-0.35533154697138547,-0.4368160929745119,-0.4197508576995181,-0.3614941237390604,0.42158132523672676,-0.09896372015803664,-0.44887348689285445,0.47844136464259673,0.674028761195781,-0.26262382833083153,-0.011991846822490236,-0.09727290122740126,0.058435365849600886,0
sample_08410.html,-0.3821943891206929,-0.2882533021587783,-0.5789898120788778,-0.37376441227407625,1.0349185882949992,-0.31829923454046966,-0.44887348689285445,-1.9925510562714843,-0.7702275040533052,-0.2694943572651209,-0.02613359816672435,-0.10204839657450197,0.2499703599778838,1
sample_08578.html,-0.4278612207745156,-0.4542940683645982,-0.5789898120788778,-0.45249876370709446,-0.30790964141511107,-0.32439188771775945,-0.10977361938621372,-1.9925510562714843,-0.6068170925125972,-0.2694943572651209,-0.014563074339623712,-0.1019036845942868,-0.30612715850124467,1
sample_08227.html,-0.02867938643580681,0.17491304567850874,-0.18089242613047862,-0.20913804109594727,-0.9578682762218009,-0.32439188771775945,-0.44887348689285445,0.6322159899922043,-0.550565208797234,-0.2501148039221981,-0.02613359816672435,-0.07325071251168248,0.2523633699410053,0
sample_04115.html,-0.1721269635131086,-0.1659074744281742,0.9337802545250389,0.7704399936161493,2.0523119295381114,-0.1477049455763551,-0.44887348689285445,0.6154259884067135,-0.7854217581318947,-0.05504283943086494,-0.02613359816672435,0.013287051656991147,1.5893103026309692,0
sample_07089.html,-0.42732396393152944,-0.4805110314497277,-0.5789898120788778,-0.4003500374332772,0.3153755197286486,-0.2817433154767308,-0.10977361938621372,-1.9925510562714843,-0.3454634579332983,-0.2694610590635007,-0.013277460581056975,-0.10320609241622336,-0.6862158515933995,1
sample_09045.html,5.7591885830539775,-0.4717720437546845,-0.5789898120788778,-0.42898071068164745,-0.11064707713402162,-0.18426086464009395,-0.44887348689285445,-1.9925510562714843,2.3920972843279,-0.2694943572651209,-0.02613359816672435,9.433023979803266,-1.4940580416606826,1
sample_00784.html,-0.3983120944102774,-0.39312115449929613,-0.4993703348891979,-0.4749942926879568,-1.4561582013591257,-0.31829923454046966,-0.44887348689285445,0.08213947815769025,-0.29800511917812883,-0.26810693219761494,-0.011991846822490236,-0.09553635746481917,-1.210087187057838,1
sample_00393.html,-0.4520377787088923,-0.4805110314497277,-0.4993703348891979,-0.49237720144589586,-2.256016803315404,-0.3365771940723391,-0.44887348689285445,0.32146681233332947,-0.8329860769671793,-0.2532337354739514,-0.027419211925291086,-0.10364022835686888,0.7857714262425866,0
sample_06201.html,-0.3768218206908314,-0.34942621602408036,-0.4993703348891979,-0.4555663358408484,-0.42818408431133625,-0.3304845408950493,-0.44887348689285445,0.4879318614338635,0.3556498324340618,-0.26411114800319785,0.0034355182803106135,-0.09987771687127438,-0.43214210671663106,0
sample_06861.html,-0.42947299130347405,-0.44555508066955507,-0.4993703348891979,-0.43511585494915533,-0.488579403446945,-0.275650662299441,-0.10977361938621372,0.3478286345754845,0.2187120454328456,-0.26806253459545476,-0.02613359816672435,-0.10118012469321093,-0.32450802674842777,1
sample_01096.html,-0.12753464554525823,0.2186079841537245,-0.18089242613047862,-0.368651792051153,-0.7397151513966914,-0.32439188771775945,-0.10977361938621372,0.3979910421948462,-0.0977723696554957,0.48695198834018993,-0.01970552937389066,-0.0948127975637433,-1.3833744535017582,0
sample_07109.html,-0.09744826233803389,0.15743507028842244,-0.34013138050983827,-0.044511669917818304,1.4382132183466096,-0.22690943688112258,0.22932624812042704,0.05354334977757934,-0.9174361091306756,-0.19350786116795632,-0.02613359816672435,-0.09278682984073088,1.6529710872588972,0
sample_04001.html,0.5843306714113893,-0.2358193759885194,-0.4993703348891979,0.4749305447311849,0.9894419429057578,1.0525477303497368,-0.10977361938621372,-0.30251919290623935,-1.374498385516296,-0.26859530582137703,-0.02613359816672435,-0.05979249835167137,1.3097124219133658,0
sample_05233.html,-0.016859735890111527,0.17491304567850874,-0.021653471751118984,-0.3297958783569362,-0.1096037370053939,-0.3304845408950493,-0.44887348689285445,0.6673305445703092,0.35303095073278495,-0.2272611382102405,-0.01584868809819045,-0.05646412280672238,-0.7711014218312733,0
sample_07143.html,-0.4520377787088923,-0.4805110314497277,-0.4993703348891979,-0.49237720144589586,-2.256016803315404,-0.3365771940723391,-0.44887348689285445,0.25325115720602276,-1.0718022425393345,-0.26836221841003605,-0.027419211925291086,-0.10364022835686888,-0.5191227242832066,1
sample_02474.html,-0.30590391741665973,-0.4717720437546845,-0.5789898120788778,-0.4565888598854331,-0.6591420290293364,-0.31829923454046966,-0.10977361938621372,-1.9925510562714843,2.362032389316995,-0.2694832578645808,0.00472113203887735,0.24699689970449604,-1.4020048103711629,1
sample_06994.html,-0.41819059760076494,-0.4805110314497277,-0.4993703348891979,-0.3901247969874307,0.4200695781992953,-0.2208167837038328,-0.10977361938621372,0.15665585215244648,-0.22259665358519914,-0.26211325590598933,-0.01584868809819045,-0.09235269390008537,0.12749791291267043,1
sample_09305.html,-0.42678670708854327,-0.4542940683645982,-0.4993703348891979,-0.39216984507659997,0.5840722541995552,-0.31829923454046966,-0.10977361938621372,0.5766664835670271,0.08538918190053753,-0.21536258083130966,-0.013277460581056975,-0.10089070073278059,-0.4155209181231182,1
sample_04922.html,0.6337583009661151,1.5469341138002837,0.05796600543856084,5.145820380393875,1.6485219067197143,0.20566893870645367,-0.44887348689285445,0.4119609814966082,-1.0368318675736814,-0.22572942093571394,-0.02613359816672435,0.03137604918388781,0.8884505312753829,0
sample_09369.html,-0.03673823908059905,0.22734697184876765,0.3764439141972801,0.04956054218396968,0.24609086760183688,-0.01975922885326917,-0.10977361938621372,0.5684658217835055,-0.0029797647523137545,-0.13716730402667568,-0.022276756891024138,-0.07918390370050458,-0.12499439013204136,0
sample_06355.html,0.8003079222918212,1.4682832245448953,1.0133997317147188,0.13749761001824976,0.12475281490313649,-0.30002127500860026,0.22932624812042704,0.6250992780584764,0.45617593752576285,-0.16329529289794728,-0.02613359816672435,0.04208473571981063,-0.35949336931165266,0
sample_09101.html,0.3060316267445641,0.5506895165653642,-0.18089242613047862,0.2775834041263471,0.6676331398154497,0.4250044530888867,-0.10977361938621372,0.6044474457386337,-0.023802010179339438,-0.21578435805183147,-0.017134301856757187,0.02616641789614157,0.14063456578318412,0
sample_06865.html,-0.4520377787088923,-0.4805110314497277,-0.5789898120788778,-0.4903321533567266,-1.206697351033444,-0.3365771940723391,-0.44887348689285445,-1.9925510562714843,-0.6190034755585357,-0.2694943572651209,-0.027419211925291086,-0.10364022835686888,0.06197502479034399,0
sample_03502.html,-0.41872785444375105,-0.44555508066955507,-0.4993703348891979,-0.41466537405746234,-0.8807664702485071,-0.30002127500860026,-0.10977361938621372,0.40973863008096567,0.42220264208583586,-0.25702973045864763,-0.014563074339623712,-0.10045656479213506,-0.37157295495220827,1
sample_05192.html,-0.4445161829070862,-0.4717720437546845,-0.5789898120788778,-0.43920595112749394,-0.7665883603787662,-0.31220658136317986,-0.10977361938621372,-1.9925510562714843,-0.2177991880254471,-0.2694943572651209,-0.02613359816672435,-0.10219310855471715,-0.4160892426701114,1
sample_07883.html,0.1878351212876113,-0.19212443751330363,0.13758548262824066,0.28065097626010105,0.679076045954647,0.9916211985768387,3.281225055680194,0.6068711178436841,-0.17774580179288368,-0.1745167868439352,-0.02613359816672435,-0.0677516572635059,0.22171986733587562,0
sample_03930.html,-0.17051519298415016,0.05256721794790462,-0.1012729489407988,-0.21425066131887052,0.4969878427906628,-0.29392862183131047,-0.10977361938621372,0.47579831546896134,-0.3088608053579901,-0.2297696027322912,-0.022276756891024138,-0.07744735993792251,0.3074122860726422,0
sample_01966.html,0.4081104269119324,0.8652930735869178,1.1726386860940783,0.2561103991900694,0.34424448915516764,-0.22690943688112258,0.5684261156270678,0.6570348524168301,0.5461424831572321,-0.00569490462981417,-0.02613359816672435,0.12326815662052286,-0.22567795124148654,0
sample_03188.html,-0.4369945871052801,-0.4805110314497277,-0.5789898120788778,-0.4790843888662954,-1.1921122154666917,-0.29392862183131047,-0.44887348689285445,-1.9925510562714843,-0.3035258094293158,-0.2694610590635007,-0.011991846822490236,-0.10045656479213506,-0.7648702818243297,1
sample_07301.html,0.39467900583727866,0.9701609259274356,-0.26051190332015844,-0.11302078090498999,0.8292200667601657,-0.30611392818589006,-0.44887348689285445,0.7240518754828921,-0.4311066801522416,-0.2316676002246393,-0.0209911431324574,-0.058634802509949985,-0.15465294983090236,0
sample_06503.html,1.1436150449599705,2.2547921170987792,1.5707360720424772,0.4411872512598914,0.5769943953739821,-0.2817433154767308,0.22932624812042704,0.6241341816092887,0.10197793823020336,-0.01494070527967366,-0.02613359816672435,0.03586212057055818,0.008266040915197897,0
sample_01101.html,2.5872241820637534,4.229803336178532,0.6949218229559994,1.6109547582647334,0.9776716031077815,-0.14161229239906528,1.2466258506403491,0.5551325950123253,0.12188253768994582,0.06976991964196814,-0.02613359816672435,0.20126791395650126,-0.1958724832130273,0
sample_03423.html,-0.4520377787088923,-0.4805110314497277,-0.5789898120788778,-0.483174485044634,-1.2953984430437842,-0.3365771940723391,-0.44887348689285445,-1.9925510562714843,-1.0729543703351505,-0.2694943572651209,-0.027419211925291086,-0.10364022835686888,0.12575960198035366,1
sample_01353.html,0.7213311663728573,1.4857611999349816,0.2968244370076003,1.5322204068317151,1.080248107464801,0.7783783373716955,-0.10977361938621372,0.6109534768385069,-0.21648141549657826,-0.10459056344163656,-0.02613359816672435,0.09447047255770337,0.3012594502392491,0
sample_03984.html,-0.38917872807951287,-0.4018601421943393,0.21720495981792048,-0.3308184024015209,0.9599976345025739,-0.3365771940723391,-0.10977361938621372,0.8821011273223407,1.4965173966678287,0.11587682948532507,0.05614568238154685,-0.1019036845942868,-0.2857426238698181,1
sample_09898.html,-0.4520377787088923,-0.4805110314497277,-0.4993703348891979,-0.49237720144589586,-2.256016803315404,-0.3365771940723391,-0.44887348689285445,0.7697390010992521,1.3592723457167761,2.1264777403122124,-0.027419211925291086,-0.10364022835686888,-1.5522331665246654,1
sample_00111.html,-0.3273941911361057,-0.3406872283290372,-0.4993703348891979,-0.3931923691211846,0.4911933928541008,-0.2817433154767308,-0.10977361938621372,0.343253371727165,0.015530981377047788,-0.25871683934073486,-0.004278164271089811,-0.09582578142524951,-0.2023741806974135,1
sample_05277.html,-0.4429044123781278,-0.4805110314497277,-0.5789898120788778,-0.4044401336116158,0.4577168425321649,-0.29392862183131047,-0.10977361938621372,-1.9925510562714843,-0.1487019500220005,-0.2694610590635007,-0.009420619305356762,-0.10364022835686888,0.08850818409165112,1
sample_02627.html,-0.4391436144772247,-0.4805110314497277,-0.5789898120788778,-0.3972824652995232,-0.5257104421244608,-0.29392862183131047,0.5684261156270678,-1.9925510562714843,0.643081007002077,-0.2694943572651209,-0.005563778029656549,-0.10320609241622336,-0.589250122058021,1
sample_01827.html,-0.4488142376509754,-0.4805110314497277,-0.4993703348891979,-0.4852195331338033,-1.3384300946045464,-0.31829923454046966,-0.44887348689285445,-0.07134170978834635,-3.039051443683039,0.60635933935002,-0.017134301856757187,-0.10364022835686888,4.626342628098604,1
sample_03350.html,-0.12055030658643831,-0.10473456056287211,0.05796600543856084,-0.1743722235800691,0.3372043051551121,-0.14161229239906528,-0.44887348689285445,0.6702839237110243,0.9285670495072998,1.7364670041360268,-0.02613359816672435,-0.005670217751196555,-1.2952112030216636,0
sample_05333.html,4.104974763499625,6.134902653697939,-0.26051190332015844,1.8809011060350815,0.6319860750279894,-0.30611392818589006,9.045922803293086,0.2823472378802052,-0.11411868715284948,-0.2314123140122182,-0.02613359816672435,0.033402016906900235,0.060724504791963445,0
sample_02049.html,1.3988120453783914,0.2011300087636382,-0.18089242613047862,1.23875600603592,0.21678007742372737,3.1545130765147196,-0.10977361938621372,0.5973414999495154,-0.6656903660592329,-0.2077594914613772,-0.01970552937389066,0.04034819195722855,0.8669603119875624,0
sample_04416.html,-0.4047591765261112,-0.4805110314497277,0.6949218229559994,-0.41773294619121626,-0.4719827798160942,-0.2634653559448614,-0.10977361938621372,0.5334106086951698,0.659888094245162,0.2828784100108783,-0.02613359816672435,-0.0823675672652384,-1.389032053898535,1
sample_01798.html,-0.4450534397500724,-0.4717720437546845,-0.4197508576995181,-0.44431857135041725,-1.2567046833686406,-0.3304845408950493,-0.10977361938621372,0.2937847259405157,-0.16584709404702444,-0.26673060653064906,0.009863587073144301,-0.1034955163766537,-0.4398808432610943,1
sample_00028.html,-0.22638990465470968,-0.008605695917397443,-0.4197508576995181,-0.32161568600025897,1.3877168884569318,-0.17207555828551432,-0.44887348689285445,0.6046431629250679,-0.21468236784298497,-0.26529878386098293,-0.011991846822490236,-0.08120987142351702,0.8296737706483862,1
sample_05230.html,-0.10980516972671532,-0.24455836368356254,-0.4993703348891979,-0.015880996669448047,1.240603417050457,0.1508350601108454,-0.44887348689285445,0.5433677198267194,0.5297009133719122,0.14971890173192962,-0.02613359816672435,0.03571740859034301,-0.6925842520630703,0
sample_04616.html,-0.43054750498944633,-0.4368160929745119,-0.021653471751118984,0.1129570329482181,2.5163714020863046,-0.3365771940723391,-0.10977361938621372,0.714644771886342,1.4381379440460536,6.2077828158903445,0.008577973314577563,-0.10262724449536266,-1.103329198589814,1
sample_06089.html,4.048025538143093,8.171086786642993,0.2968244370076003,4.319620952369476,1.392657553326545,0.4493750657980459,-0.44887348689285445,0.755426371734259,1.5891651512884306,1.0130080769357368,-0.02613359816672435,0.05814776552369487,-0.37600461133580976,0
sample_02792.html,-0.41550431338583416,-0.4717720437546845,1.4911165948527976,-0.2827597723060422,1.4737244757136818,-0.1537975987536449,-0.10977361938621372,-0.12345012305063298,-0.7866829612565475,-0.24453180545055425,-0.02613359816672435,-0.10204839657450197,0.8653057419321547,1
sample_08203.html,-0.4520377787088923,-0.4805110314497277,-0.5789898120788778,-0.4852195331338033,-0.6453592867003504,-0.3365771940723391,-0.44887348689285445,-1.9925510562714843,-0.9421734708009145,-0.2694943572651209,-0.027419211925291086,-0.10364022835686888,-0.2942693825351173,1
sample_03220.html,-0.42087688181569566,-0.4805110314497277,-0.5789898120788778,-0.4453410953950019,-0.23119020978812208,-0.23300209005841238,-0.44887348689285445,-1.9925510562714843,0.42373416703209643,-0.2694832578645808,-0.0107062330639235,-0.052267475380482355,-0.7155652362720177,1
sample_00086.html,-0.3096647153175628,-0.3756431791092098,-0.34013138050983827,-0.36558421991739903,-0.22124086430136505,-0.19644617099467354,-0.10977361938621372,0.4553760995621456,0.23134051085350263,-0.1934967617674163,-0.02613359816672435,-0.05979249835167137,-0.4387796435590299,0
sample_01134.html,-0.3929395259804159,-0.4018601421943393,-0.4197508576995181,-0.4300032347262321,0.10188018063797552,-0.2817433154767308,-0.10977361938621372,-1.9925510562714843,0.2065375669915925,-0.26939446266026046,-0.02613359816672435,-0.10175897261407163,-0.5002541172527193,1
sample_09218.html,-0.041036293824488236,-0.017344683612440594,-0.4197508576995181,0.3900610490306588,-0.45761372490751134,0.132557100578976,-0.10977361938621372,0.18437599633722576,-0.6110492631679053,-0.25747370648024953,-0.02613359816672435,-0.08106515944330184,0.9439381124458609,1
sample_02911.html,-0.42947299130347405,-0.4368160929745119,-0.18089242613047862,-0.45454381179626374,-0.6078452377889428,-0.32439188771775945,-0.10977361938621372,0.25643026948996334,-0.5526432073726533,-0.22006872666028976,-0.009420619305356762,-0.10233782053493232,1.243599436355297,1
sample_08682.html,-0.4144297996998619,-0.4805110314497277,-0.1012729489407988,-0.3942148931657693,0.37036230002019915,-0.20253882417196337,-0.10977361938621372,0.5349063613913825,0.2529851963113251,-0.21060093799962934,-0.006849391788223287,-0.10335080439643853,-0.05692434781684213,1
sample_03413.html,0.059430735813921644,0.34969279957937177,0.6153023457663196,-0.013835948580278744,0.5522063344628809,-0.32439188771775945,1.58572571814699,0.3890066032387557,-0.0857703444644439,-0.005262028008752322,-0.02613359816672435,-0.06746223330307555,0.4116914116000506,0
sample_09937.html,-0.4520377787088923,-0.4805110314497277,-0.5789898120788778,-0.49237720144589586,-2.256016803315404,-0.3365771940723391,-0.44887348689285445,-1.9925510562714843,-1.3950323556491044,-0.2694943572651209,-0.027419211925291086,-0.10364022835686888,-1.3133725301468988,1
sample_06052.html,-0.436457330262294,-0.4717720437546845,-0.5789898120788778,-0.41364285001287765,0.9787896206634238,-0.31829923454046966,-0.10977361938621372,-1.9925510562714843,0.45240146454320546,-0.2694943572651209,-0.009420619305356762,-0.10146954865364127,-0.401307028765822,1
sample_09470.html,1.0603402342971173,1.8178427323466215,0.2968244370076003,1.1937649480741954,0.8702762214942594,0.12646444740168616,0.22932624812042704,0.33414013862704184,0.28655234979781324,-0.12634538850012947,-0.02613359816672435,0.18216593256809838,-0.06579339715353598,0
sample_04718.html,-0.440218128163197,-0.4805110314497277,-0.5789898120788778,-0.48419700908921864,-2.256016803315404,-0.30611392818589006,-0.44887348689285445,-1.9925510562714843,-0.19975210603412946,-0.26943886026242064,-0.01584868809819045,-0.09437866162309778,-1.2002264804210399,1
sample_07311.html,-0.41657882707180643,-0.4717720437546845,-0.4993703348891979,-0.42080051832497023,0.5242065506950628,-0.245187396412992,-0.10977361938621372,0.34566993372931776,0.7806198233224455,-0.2608146260428038,-0.02613359816672435,-0.10262724449536266,0.2408325523605423,1
sample_00855.html,-0.34727269432659325,-0.17464646212321733,-0.5789898120788778,-0.3604715996944758,0.9911080047203982,-0.31829923454046966,-0.44887348689285445,-1.9925510562714843,-0.7346243618812553,-0.2694943572651209,-0.02613359816672435,-0.10204839657450197,0.12034695310083757,1
sample_06117.html,-0.3171863111193689,-0.4368160929745119,-0.4197508576995181,-0.39216984507659997,-0.649127447532215,-0.2695580091221512,0.22932624812042704,-0.051581129643603674,0.8688641514507267,-0.2666862089284889,0.01500604210741125,-0.04242706072585057,0.18471534357546582,1
sample_01960.html,-0.05446771489914196,0.00013329177764570985,0.2968244370076003,-0.031218857338217828,1.3929907947586204,-0.2817433154767308,0.22932624812042704,0.6492940468800212,0.2532963228843549,-0.08759738121482398,-0.022276756891024138,-0.01290581676195522,-0.4257981648932441,1
sample_00870.html,-0.4520377787088923,-0.4805110314497277,-0.4993703348891979,-0.49237720144589586,-2.256016803315404,-0.3365771940723391,-0.44887348689285445,0.7697084350368484,1.3591102854980488,2.1264555415111324,-0.027419211925291086,-0.10364022835686888,-1.5522331665246654,1
sample_06401.html,-0.1871701551167208,-0.2882533021587783,-0.26051190332015844,-0.042466621828649,-0.5330458778153158,-0.06850045427158762,0.22932624812042704,0.6220929368080779,-0.28399375482647204,-0.2620466595027491,-0.008135005546790024,-0.0975623251878316,0.5057058977725551,0
sample_05742.html,0.1464663443776778,0.19239102106859504,-0.18089242613047862,-0.0680297229432653,-1.5636559245377377,-0.3304845408950493,-0.44887348689285445,0.31401640672373693,0.3449054619044853,0.004805128281070676,-0.009420619305356762,0.0834723620613502,0.8348844270935335,1
sample_09558.html,-0.4079827175840281,-0.44555508066955507,-0.5789898120788778,-0.4729492445987875,-1.1680996285521696,-0.2817433154767308,-0.44887348689285445,-1.9925510562714843,-0.05402684354129743,-0.26943886026242064,-0.002992550512523074,-0.0932209657813764,-0.9258764395490112,1
sample_09186.html,-0.3096647153175628,-0.3406872283290372,-0.4993703348891979,-0.37376441227407625,0.06381297614258408,-0.2695580091221512,-0.10977361938621372,0.3316516123233787,-2.6902907612045635,-0.26031515301850167,-0.02613359816672435,-0.0910502860781488,3.5660843661725488,1
sample_05899.html,-0.4520377787088923,-0.4805110314497277,-0.4993703348891979,-0.49237720144589586,-2.256016803315404,-0.3365771940723391,-0.44887348689285445,0.7697084350368484,1.3591102854980488,2.1264555415111324,-0.027419211925291086,-0.10364022835686888,-1.5522331665246654,1
sample_08256.html,-0.4477397239650031,-0.4805110314497277,-0.4993703348891979,-0.43511585494915533,0.6528053071529535,-0.31220658136317986,-0.10977361938621372,0.3677732913223285,-0.5399553039062885,-0.2669747933425301,-0.0107062330639235,-0.10364022835686888,-0.352268173075545,1
sample_08315.html,-0.18824466880269308,-0.2358193759885194,-0.4993703348891979,-0.15596679077754538,0.2893540730853882,-0.06850045427158762,-0.10977361938621372,-0.06561019485976681,0.17227179629849565,-0.25516503116791966,-0.006849391788223287,-0.0726718645908218,0.39090956738074867,1
sample_06457.html,0.2098626518500434,0.6642963566009252,0.2968244370076003,0.12318227339406462,-0.18705122358318071,-0.17816821146280412,0.5684261156270678,0.4995671962156611,0.1901785440390134,-0.20489584612204495,-0.02613359816672435,0.017628411063446345,-0.13704806994628235,0
sample_03789.html,-0.37252376594694225,-0.44555508066955507,-0.34013138050983827,-0.2449263826564101,1.4164932908189858,-0.17207555828551432,-0.10977361938621372,0.6488087066145427,-0.7189394001520966,-0.2600709662066206,-0.02613359816672435,-0.09495750954395848,0.3375291194478769,0
sample_08845.html,0.6568603452145194,0.9264659874522199,1.729975026421837,0.30928164950847126,1.6659131415354802,-0.1537975987536449,-0.10977361938621372,0.5739092178053146,-0.15009733552624707,-0.12793260277735624,-0.02613359816672435,0.05945017334563143,0.10516688202703973,0
sample_09139.html,-0.3983120944102774,-0.4368160929745119,-0.4993703348891979,-0.39932751338869255,-0.11794111351492012,-0.20253882417196337,-0.10977361938621372,0.21601307892358712,-0.08708355652286172,-0.2665974137241685,-0.02613359816672435,-0.0997330048910592,-0.08755640335830578,1
sample_03045.html,5.305743807573668,6.047512776747507,1.5707360720424772,2.5220236819896584,1.4865211259650961,0.3336146554295396,-0.10977361938621372,0.6016883271940299,0.9568059821061962,1.3472443253981843,-0.02613359816672435,0.8382900508636941,-0.05283636409637627,0
sample_09681.html,-0.2666841678786709,-0.34942621602408036,-0.4197508576995181,-0.3850121767645074,0.26121079674148623,-0.25128004959028183,-0.10977361938621372,0.09609395866635154,0.8956061965330844,-0.2474953453947469,0.011149200831711038,-0.010156289137866927,-0.004403394445599729,1
sample_07308.html,-0.3096647153175628,-0.3406872283290372,-0.4993703348891979,-0.37376441227407625,0.06381297614258408,-0.2695580091221512,-0.10977361938621372,0.3316516123233787,-2.6904608119031383,-0.26031515301850167,-0.02613359816672435,-0.0910502860781488,3.5661435571395677,1
sample_09150.html,-0.34458641011166247,-0.42807710527946874,0.7745413001456792,-0.35433645542696784,0.3123049336359069,-0.1598902519309347,-0.10977361938621372,0.7721539972668071,1.0917213073282745,-0.14970962663692927,-0.004278164271089811,-0.09611520538567987,-0.8884895082437444,1
sample_02261.html,0.4672086796404088,0.8827710489770041,1.4114971176631177,0.2550878751454847,0.09370712353702873,-0.23300209005841238,1.2466258506403491,0.6660339019449232,0.7635296547257981,0.010143939940833478,-0.02613359816672435,0.07030357186176943,-0.7444627878772816,0
sample_02895.html,-0.155472001380538,0.2186079841537245,-0.18089242613047862,-0.368651792051153,-0.7397151513966914,-0.32439188771775945,-0.10977361938621372,0.39832752718330044,-0.09132214943300108,0.4934562370566577,-0.01970552937389066,-0.0948127975637433,-1.3838218407337575,0
sample_02651.html,-0.40153563546819426,-0.4805110314497277,-0.4993703348891979,-0.40955275383453904,-1.1230232592588287,-0.20863147734925316,-0.10977361938621372,0.5865529830839468,0.3440723018067845,-0.265787157484745,-0.017134301856757187,-0.10161426063385645,-0.6159172563322561,1
sample_08938.html,-0.16567988139727483,0.00013329177764570985,-0.4993703348891979,-0.0874576797903737,0.9782750240915075,-0.11724167968990606,-0.44887348689285445,0.49760212817517596,0.24772778760720512,-0.20249837560539471,-0.02613359816672435,-0.07440840835340387,-0.16707650800072588,0
sample_09875.html,-0.3064411742596459,-0.38438216680425297,0.13758548262824066,-0.3533139313823832,-0.057909146602653595,-0.2817433154767308,-0.10977361938621372,0.5767182580700675,0.7113931642662605,0.7180859051861371,-0.02613359816672435,-0.07571081617534044,-1.213450798503501,1
sample_06779.html,-0.4520377787088923,-0.4805110314497277,-0.4993703348891979,-0.48828710526755725,-2.256016803315404,-0.3365771940723391,-0.44887348689285445,0.6941804211912455,1.501784850767334,-0.23277754027864406,-0.027419211925291086,-0.10364022835686888,-1.3372541688035728,1
sample_05262.html,-0.4450534397500724,-0.4717720437546845,-0.4197508576995181,-0.44431857135041725,-0.3629198587063006,-0.3304845408950493,-0.10977361938621372,0.28610712914078423,-0.42349295284599997,-0.26673060653064906,0.009863587073144301,-0.1034955163766537,0.2908063254635957,1
sample_02365.html,0.125513327501218,0.34095381188432866,0.13758548262824066,-0.17334969953548446,0.6454276424702425,-0.30611392818589006,-0.10977361938621372,0.7343982623204514,0.3932498040177333,-0.18332971087273287,-0.02613359816672435,-0.037217429438104334,-0.48592745215429567,0
sample_04813.html,-0.4455906965930585,-0.4717720437546845,-0.5789898120788778,-0.4760168167325414,-0.5084934647318502,-0.3304845408950493,-0.44887348689285445,-1.9925510562714843,1.5189246334713646,-0.2694943572651209,0.012434814590277775,-0.10320609241622336,0.43428047077384946,1
sample_07885.html,-0.1619190834963718,-0.017344683612440594,1.0133997317147188,-0.1723271754908998,0.8213189696961135,-0.18426086464009395,0.22932624812042704,0.39076935379652167,-0.14007196397833382,-0.09765343810410693,-0.02613359816672435,-0.07180359270953075,0.37040339140079914,0
sample_09209.html,-0.43484555973333555,-0.4542940683645982,-0.4993703348891979,-0.4565888598854331,0.05374098913652785,-0.32439188771775945,-0.44887348689285445,-0.10664245642323193,-0.17596616253329725,-0.26903928184297893,0.0034355182803106135,-0.10262724449536266,-0.001308228376794423,0
sample_07875.html,0.7046762042402868,0.7516862335513568,-0.18089242613047862,13.878175721146802,-0.1761774610587286,1.3998289614552557,-0.10977361938621372,0.5908461242933868,-0.5386699259106066,-0.23494192338395328,-0.02613359816672435,-0.06644924944156934,0.3688144789907463,0
sample_01815.html,-0.18233484352984544,-0.07851759747774266,0.854160777335359,0.23668244234296099,0.7040219281087946,-0.3304845408950493,-0.10977361938621372,0.6932838689694891,1.0447855274145283,1.9295188777290713,0.00472113203887735,-0.019128431911207673,-0.9673011726293567,0
sample_02660.html,0.5386638397575666,-0.3406872283290372,0.45606339138695995,0.31439426973139456,0.9602582515161291,1.6191644758376889,-0.44887348689285445,0.6759452945904673,-0.3580269488816666,-0.18717010345958926,-0.02613359816672435,-0.04387418052800231,0.5526302539484932,0
sample_07822.html,-0.035126468551640595,0.10500114411816354,0.05796600543856084,-0.13040368966292906,2.5334127715516463,-0.3304845408950493,-0.44887348689285445,0.6597904178521056,0.8731421688682668,1.1093619730238884,-0.009420619305356762,-0.04575543627079956,-0.23090905073427417,0
sample_02381.html,2.471176703978745,2.4470498463897283,-0.021653471751118984,1.8727209136784042,0.331726902713407,-0.21472413052654296,-0.10977361938621372,0.44292159003527376,-0.10917875259921182,-0.24088010267287865,-0.02613359816672435,0.20199147385757713,0.9867088533312943,1
sample_00882.html,-0.3273941911361057,-0.3406872283290372,-0.4993703348891979,-0.3931923691211846,0.4911933928541008,-0.2817433154767308,-0.10977361938621372,0.343253371727165,0.015119006862585958,-0.25871683934073486,-0.004278164271089811,-0.09582578142524951,-0.20254721649351112,1
sample_07055.html,0.7009154063393837,0.6031234427356232,1.8892139808011965,0.8297463882020591,0.6130290003373835,1.0830109962361858,0.5684261156270678,0.6128807181993574,0.7291085782544,1.0290578101166454,-0.02613359816672435,0.1907039394007936,-0.3652001086411821,0
sample_00280.html,3.551062958380905,4.290976250043833,2.0484529351805563,2.1978835598563236,1.7745545055114589,-0.0502224947397182,-0.44887348689285445,0.5954162351817331,0.555165820721402,1.3160550098806512,-0.02613359816672435,0.470721621117154,-0.12150349203197078,0
sample_09621.html,-0.375210050161873,-0.46303305605964135,-0.5789898120788778,-0.30627782533148923,0.6891955791840014,-0.013666575675979363,-0.10977361938621372,-1.9925510562714843,-0.7207251449314114,-0.2694610590635007,-0.02613359816672435,-0.10262724449536266,0.02431333788177983,1
sample_03313.html,-0.45096326502292,-0.4805110314497277,-0.4993703348891979,-0.48419700908921864,-1.091387524772613,-0.3304845408950493,-0.44887348689285445,0.19867672293162741,-0.33585272868493177,-0.2687173992273175,-0.0017069367539563366,-0.10364022835686888,-0.8852200678013379,1
sample_03425.html,-0.27098222262256005,-0.1659074744281742,-0.26051190332015844,-0.26537686354810314,0.2833172894174178,-0.2573727027675716,0.22932624812042704,0.0909441267714715,0.9694385367572722,-0.25913861656125664,-0.02613359816672435,-0.0937998137022371,-0.0905920003680115,1
sample_09464.html,-0.3338412732519395,-0.270775326768692,-0.5789898120788778,-0.42284556641413956,-1.1478934950144002,-0.30611392818589006,-0.44887348689285445,-1.9925510562714843,-0.02433571397621878,-0.2694943572651209,-0.02613359816672435,-0.08743248657276947,-0.20373173986743065,0
sample_09799.html,-0.42678670708854327,-0.46303305605964135,-0.5789898120788778,-0.3942148931657693,0.7983500741624102,-0.29392862183131047,0.22932624812042704,-1.9925510562714843,0.3604327693804387,-0.2694943572651209,-0.02613359816672435,-0.08960316627599707,0.4081704616984427,1
sample_07431.html,-0.22585264781172354,-0.4193381175844256,-0.1012729489407988,-0.3676292680065683,0.37949612270453426,-0.275650662299441,-0.10977361938621372,0.6297593329137535,0.8806905740661333,-0.19903536263689994,-0.0107062330639235,-0.06587040152070865,-0.5939340180096682,1
sample_06300.html,0.14001926226184402,-0.13095152364800158,0.05796600543856084,0.43914220317072206,0.9244545888122191,0.37017057449327845,-0.10977361938621372,0.6990772574273498,1.4721262238888915,1.1552246960553643,-0.02613359816672435,-0.0487943878553182,-1.0966867856633478,0
sample_05536.html,-0.44182989869215544,-0.4805110314497277,-0.4993703348891979,-0.4238680904587242,0.3496691310953599,-0.2573727027675716,-0.44887348689285445,0.0662678038482281,0.29370913908053126,-0.2647993108366808,-0.02613359816672435,-0.10364022835686888,0.19047686714363327,1
sample_08871.html,0.7573273748529293,1.5469341138002837,-0.4197508576995181,0.38494842880773555,0.5202320837056537,-0.2817433154767308,-0.44887348689285445,0.5412745451528342,-0.05867045566906816,-0.2610699122552249,-0.02613359816672435,-0.06022663429231689,0.28186473459815803,0
sample_00834.html,0.176015470741916,0.05256721794790462,-0.1012729489407988,0.31030417355305595,1.2505911156428247,0.5590428229892624,0.22932624812042704,0.6931207682391033,0.0550229507788569,-0.11001817030571974,-0.02613359816672435,-0.07440840835340387,0.033467364345591166,0
sample_02261.html,-0.3821943891206929,-0.2882533021587783,-0.5789898120788778,-0.37376441227407625,1.0349185882949992,-0.31829923454046966,-0.44887348689285445,-1.9925510562714843,-0.7702275040533052,-0.2694943572651209,-0.02613359816672435,-0.10204839657450197,0.2499703599778838,1
sample_00132.html,-0.411206258641945,-0.39312115449929613,-0.4197508576995181,-0.412620325968293,0.17845067527992062,-0.2878359686540206,-0.44887348689285445,0.3881133409690096,-0.6250809423424826,-0.2646550186296602,-0.013277460581056975,-0.0997330048910592,0.6943909381024524,1
sample_02728.html,-0.18340935721581775,-0.4105991298893824,1.729975026421837,-0.060872054631172734,0.7078206781616349,0.16911301964271483,-0.10977361938621372,0.6597487996678595,0.989388594141845,0.12280285542231464,-0.02613359816672435,-0.055451138945216166,-0.6124400608106738,0
sample_08350.html,-0.3805826185917345,-0.46303305605964135,-0.34013138050983827,-0.4422735232612479,-0.5121216515656128,-0.20863147734925316,-0.44887348689285445,0.3964318685848987,-0.07656184561976291,-0.244942483270536,0.0034355182803106135,-0.0997330048910592,-0.0923295811914838,0
sample_09771.html,-0.3983120944102774,-0.39312115449929613,-0.4993703348891979,-0.4749942926879568,-1.4561582013591257,-0.31829923454046966,-0.44887348689285445,0.08213947815769025,-0.29800511917812883,-0.26810693219761494,-0.011991846822490236,-0.09553635746481917,-1.210087187057838,1
sample_05382.html,-0.3096647153175628,-0.3406872283290372,-0.4993703348891979,-0.37376441227407625,0.06381297614258408,-0.2695580091221512,-0.10977361938621372,0.3316516123233787,-2.6902995834359387,-0.26031515301850167,-0.02613359816672435,-0.0910502860781488,3.5660843661725488,1
sample_06964.html,0.09435243060802134,-0.13095152364800158,2.128072412370236,-0.21322813727428588,0.5064668252572766,-0.3365771940723391,-0.10977361938621372,0.6844647651533405,1.136123744618913,3.0874527396689766,0.012434814590277775,0.0878137214678054,-1.2384601554584764,1
sample_04456.html,-0.3096647153175628,-0.3406872283290372,-0.4993703348891979,-0.37376441227407625,0.06381297614258408,-0.2695580091221512,-0.10977361938621372,0.3316516123233787,-2.6903904452088727,-0.26031515301850167,-0.02613359816672435,-0.0910502860781488,3.5660843661725488,1
sample_07400.html,-0.4520377787088923,-0.4805110314497277,-0.5789898120788778,-0.48828710526755725,-0.4857802989613899,-0.3365771940723391,-0.44887348689285445,-1.9925510562714843,-2.374105694263592,-0.2694943572651209,-0.027419211925291086,-0.10364022835686888,-0.06926926283400898,0
sample_05682.html,-0.14741314873574576,0.026350254862775167,-0.4993703348891979,1.3583913192523243,1.2772861670912101,0.022889343387759473,-0.44887348689285445,0.5448268067457855,0.1296324765405002,-0.04667389142366919,-0.02613359816672435,-0.07556610419512526,0.02424083546600983,0
sample_08116.html,-0.31127648584652123,-0.4542940683645982,-0.4197508576995181,-0.31752558982192036,0.04082340517819142,-0.06850045427158762,0.22932624812042704,0.37470168069316284,-0.04039978187154042,-0.2628236175405524,-0.02613359816672435,-0.0786050557796439,0.08654181844675621,0
sample_02892.html,-0.43592007341930783,-0.4805110314497277,-0.5789898120788778,-0.4872645812229726,-1.6504095775041814,-0.32439188771775945,-0.44887348689285445,-1.9925510562714843,0.8306687410512062,-0.2694832578645808,0.05228884110584664,-0.0823675672652384,-1.1208850829559185,0
sample_07070.html,-0.04533434856837743,-0.008605695917397443,-0.4993703348891979,-0.2827597723060422,0.19866337360001796,-0.17816821146280412,-0.44887348689285445,0.4293040091577785,0.8108599217712669,-0.1804660655334006,-0.02613359816672435,0.03282316898603954,-0.7642911099459355,0
sample_05057.html,-0.4520377787088923,-0.4805110314497277,-0.5789898120788778,-0.48828710526755725,-0.4857802989613899,-0.3365771940723391,-0.44887348689285445,-1.9925510562714843,-2.374105694263592,-0.2694943572651209,-0.027419211925291086,-0.10364022835686888,-0.06926926283400898,0
sample_01546.html,-0.4203396249727095,-0.4193381175844256,-0.34013138050983827,-0.44022847517207864,-1.8097798972174162,-0.3304845408950493,-0.10977361938621372,0.5717944705432119,0.4774250131160555,-0.19459560242088098,-0.014563074339623712,-0.09611520538567987,-0.6446788121276121,1
sample_09179.html,-0.39670032388131893,-0.4105991298893824,-0.5789898120788778,-0.3574040275607218,-0.1709287964662127,-0.3365771940723391,0.22932624812042704,-1.9925510562714843,-0.06547295485210324,-0.2694943572651209,0.008577973314577563,-0.09770703716804677,0.5920697298175975,0
sample_07451.html,-0.41872785444375105,-0.44555508066955507,-0.4993703348891979,-0.41466537405746234,-1.396574208167864,-0.30002127500860026,-0.10977361938621372,0.4123839510499752,0.46263417140384605,-0.25710742626242794,-0.014563074339623712,-0.10045656479213506,-0.4970730851687619,1
sample_04363.html,0.5343657850136775,-0.13969051134304472,0.2968244370076003,0.7346516520556865,0.984888539632762,0.9611579326903897,0.22932624812042704,0.6260229495644012,-0.2716491613095879,0.14943031731788836,-0.02613359816672435,-0.055306426965000995,0.725501892895141,0
sample_01378.html,-0.4520377787088923,-0.4805110314497277,-0.5789898120788778,-0.4903321533567266,-1.4397635840745164,-0.3365771940723391,-0.44887348689285445,-1.9925510562714843,-0.6158710400780416,-0.2694943572651209,-0.027419211925291086,-0.10364022835686888,-0.20537096459945023,0
sample_03030.html,0.1464663443776778,0.19239102106859504,-0.18089242613047862,-0.0680297229432653,-1.563894261261456,-0.3304845408950493,-0.44887348689285445,0.3139869593227019,0.3452204382252991,0.004805128281070676,-0.009420619305356762,0.0834723620613502,0.8348617676440445,1
sample_07768.html,0.3753377594897773,0.7604252212463999,-0.021653471751118984,0.13033994170615718,0.8301230876945725,0.004611383855890054,-0.10977361938621372,0.5778542416959789,0.5328537280523807,0.4237298028640799,-0.02613359816672435,-0.038953973200686415,-0.6057080530988866,0
sample_01023.html,-0.26292336997776783,-0.4717720437546845,-0.1012729489407988,-0.42489061450330884,-1.506706165320876,-0.29392862183131047,-0.10977361938621372,0.3414966888391553,2.0134137921451694,-0.07193612705281709,0.03429024848591231,0.3950372554646183,-0.22143369815302583,1
sample_02791.html,-0.13344447081810587,0.008872279472688862,0.2968244370076003,-0.2663993875926878,0.09304658773583616,-0.2695580091221512,-0.10977361938621372,0.186150204434475,-0.0658260140625294,-0.19222033070531083,-0.024847984408157612,-0.08989259023642741,0.6202646820368076,1
sample_09419.html,-0.4520377787088923,-0.4805110314497277,-0.5789898120788778,-0.4903321533567266,-1.114558160185379,-0.3365771940723391,-0.44887348689285445,-1.9925510562714843,-1.60279190543054,-0.2694943572651209,-0.027419211925291086,-0.10364022835686888,0.2457020263352195,0
sample_06810.html,-0.36715119751708075,-0.2532973513786057,-0.5789898120788778,-0.4197779942803856,0.4470733803235444,-0.3304845408950493,-0.44887348689285445,-1.9925510562714843,-0.007519899779798121,-0.2694943572651209,-0.02613359816672435,-0.1019036845942868,-0.07133659210194347,1
sample_00153.html,-0.39884935125326354,-0.3669041914141667,-0.4197508576995181,-0.46272400415294096,-0.27115885745860996,-0.32439188771775945,-0.10977361938621372,0.36728300204846187,0.64066292248,-0.24479819106351539,-0.006849391788223287,-0.10045656479213506,-0.029242088458221644,0
sample_03181.html,-0.4117435154849311,-0.4105991298893824,-0.26051190332015844,-0.45249876370709446,-0.05081657757756573,-0.3304845408950493,-0.10977361938621372,0.22809680221648276,-0.34510487517170507,-0.2622464487124699,-0.011991846822490236,-0.1003118528119199,-0.01579330101911395,0
sample_03079.html,-0.17696227509998397,0.12247911950824984,-0.18089242613047862,-0.24799395479016403,0.08085451517794917,-0.30611392818589006,-0.44887348689285445,0.2929223642634171,-0.4771463237597314,-0.258050875308332,-0.02613359816672435,-0.08714306261233912,-0.1412274476488645,0
sample_06153.html,0.4016633447960986,-0.2183414005984331,-0.18089242613047862,0.6191064350176209,0.8883672415155215,1.174400793895533,0.22932624812042704,0.5567117389611346,-0.0044550833809364546,-0.20699363282411393,-0.02613359816672435,-0.014931784484967646,0.4567692312451634,0
sample_02481.html,-0.3295432185080503,-0.3406872283290372,-0.021653471751118984,-0.23879123838890218,1.4800981647374434,-0.2634653559448614,-0.10977361938621372,0.7116872089326881,0.8413545078616831,-0.08517771189709364,-0.013277460581056975,-0.09683876528675574,-0.4544011045421773,1
sample_03300.html,-0.4423671555351416,-0.46303305605964135,-0.4993703348891979,-0.4729492445987875,-1.4709703972430515,-0.3365771940723391,-0.10977361938621372,0.360355548294145,-0.37967798706710176,-0.265076795850182,0.04328954479587948,-0.1024825325151475,-0.3889038354176911,1
sample_09453.html,-0.36446491330215,-0.3581652037191235,-0.5789898120788778,-0.31343549364358175,-0.5454004711283217,-0.245187396412992,-0.10977361938621372,-1.9925510562714843,-0.5239534834712791,-0.2694610590635007,-0.023562370649590873,-0.09553635746481917,0.9845572486424755,0
sample_06360.html,-0.02545584537788991,0.3671707749694581,0.45606339138695995,-0.05780448249741878,0.06419609538577682,-0.3304845408950493,0.22932624812042704,0.6930346803522885,0.5293065755949542,-0.08266924737504293,-0.02613359816672435,-0.04358475656757196,-0.6123636731728397,0
sample_02884.html,-0.4026101491541666,-0.39312115449929613,-0.1012729489407988,-0.28480482039521154,-0.03631494919118024,-0.20863147734925316,0.22932624812042704,0.6461066587353941,0.3002057185066029,-0.22087898289971322,-0.02613359816672435,-0.10219310855471715,-0.2818605178057851,0
sample_04245.html,0.2318901824124755,0.2885198857140697,-0.1012729489407988,0.34609251511351874,1.2459029647620858,0.10818648786981676,-0.44887348689285445,0.5061731275628546,0.6562347248000656,0.8309335104767992,-0.02613359816672435,-0.040256381022622974,-0.7482606706710621,0
sample_07387.html,-0.42678670708854327,-0.4717720437546845,-0.34013138050983827,-0.4167104221466316,0.040609631883552044,-0.2878359686540206,-0.44887348689285445,0.5314318380239833,-1.2545167315118106,-0.2437215492111308,-0.02613359816672435,-0.08757719855298464,-1.41028101132629,1
sample_01847.html,-0.4321592755184048,-0.4542940683645982,-0.4993703348891979,-0.4647690522421103,-0.7264968471143057,-0.3304845408950493,-0.44887348689285445,0.5841288851689916,1.8443483560438336,-0.22507455630385115,-0.013277460581056975,-0.10175897261407163,-1.2422078823821856,1
sample_07902.html,-0.3800453617487483,-0.34942621602408036,-0.5789898120788778,-0.4637465281975256,-1.526369541550729,-0.31220658136317986,-0.44887348689285445,-1.9925510562714843,-0.15100400649349496,-0.26930566745594003,-0.02613359816672435,-0.09958829291084402,-0.977155934094137,1
sample_05709.html,0.4183183069286692,1.0313338397927376,-0.021653471751118984,0.07410111925400133,0.11172125566490221,-0.3365771940723391,-0.44887348689285445,0.7133475432261157,-0.04771224001914248,-0.2124212396881971,-0.01584868809819045,-0.04893909983553337,-0.09401110008584049,0
sample_03835.html,-0.3526452627564547,-0.3756431791092098,-0.18089242613047862,-0.3931923691211846,-0.8602585868544049,-0.32439188771775945,0.22932624812042704,0.7147358573345557,0.5159169854240825,-0.24746204719312676,-0.02613359816672435,-0.06804108122393625,0.23131729150835834,1
sample_02016.html,-0.4106690017989588,-0.4368160929745119,-0.5789898120788778,-0.42693566259247817,0.3935148096086965,-0.29392862183131047,-0.10977361938621372,-1.9925510562714843,0.03741058900244925,-0.26943886026242064,-0.02613359816672435,-0.10118012469321093,-0.34326946423069915,1
sample_05345.html,0.5499462334602758,0.22734697184876765,-0.021653471751118984,3.125312868294603,1.3358744390500104,0.918509360449361,-0.10977361938621372,0.621934251488492,-0.398683875138458,-0.23989225602481443,-0.02613359816672435,0.14946102503946923,0.2486089546987762,0
sample_09546.html,-0.292472496342006,-0.2183414005984331,-0.4993703348891979,-0.40341760956703115,0.3781284496261238,-0.3304845408950493,-0.10977361938621372,0.5270756439326301,0.04987469465603477,-0.26458842222641993,-0.004278164271089811,-0.09293154182094605,-0.5085610870805701,1
sample_02321.html,1.2360232219535883,0.27104191032398345,-0.021653471751118984,1.961680505557269,1.6391097408983246,3.483516348088369,-0.10977361938621372,0.7001415122338537,-0.15912157179408115,-0.16731327589344444,-0.02613359816672435,0.3773823938783672,1.1451143503149424,0
sample_04121.html,-0.4520377787088923,-0.4805110314497277,-0.4993703348891979,-0.4893096293121419,-1.2220532489725586,-0.3365771940723391,-0.44887348689285445,0.33377402707694304,-0.4196616890021633,-0.2678294471841138,-0.027419211925291086,-0.10364022835686888,0.11082971052464799,1
sample_04632.html,0.37802404370470805,0.533211541175278,0.3764439141972801,-0.06905224698784995,-0.08023430587960885,-0.1598902519309347,0.5684261156270678,0.6707127958539114,0.6979684525502254,0.21886816709642495,-0.017134301856757187,-0.06196317805489897,-0.6681549535472283,0
sample_00420.html,0.2130861929079603,0.9701609259274356,1.0930192089043984,0.15897061495452744,0.10637233885222515,-0.17816821146280412,-0.10977361938621372,0.6339963774311344,0.16628047373702257,0.11499997684266132,-0.02613359816672435,-0.08641950271126325,-0.9336856315969488,0
sample_09128.html,-0.01524796536115308,-0.2183414005984331,-0.021653471751118984,-0.10177301641455881,0.41042605830550055,0.30315138954309057,-0.10977361938621372,0.6119615150270143,0.7928153582102697,-0.12702245193307235,-0.02613359816672435,-0.07411898439297353,-0.8429667915592979,0
sample_09772.html,-0.4058336902120835,-0.4805110314497277,-0.34013138050983827,-0.27969220017228824,0.1613014895601676,-0.09896372015803664,-0.10977361938621372,0.43774478014548657,-0.45769927004289507,-0.25787328489969125,-0.02613359816672435,-0.09712818924718608,-0.03923658754073684,1
sample_03596.html,-0.4160415702288203,-0.4717720437546845,0.13758548262824066,-0.26230929141434917,-0.297994409783384,-0.275650662299441,0.22932624812042704,0.7096895103557816,0.60908986109283,-0.2237537276395855,-0.013277460581056975,-0.09206326993965501,-0.655090255510851,1
sample_03387.html,-0.4396808713202109,-0.4717720437546845,-0.4197508576995181,-0.46579157628669493,-1.7247823961965245,-0.2878359686540206,-0.10977361938621372,0.40139478109889704,0.29993066625912085,-0.2675630615711526,-0.02613359816672435,-0.10262724449536266,-0.43320073846554163,1
sample_03802.html,-0.3064411742596459,-0.38438216680425297,0.13758548262824066,-0.3533139313823832,-0.057909146602653595,-0.2817433154767308,-0.10977361938621372,0.5767182580700675,0.7113931642662605,0.7180859051861371,-0.02613359816672435,-0.07571081617534044,-1.213450798503501,1
sample_05365.html,-0.42624945024555716,-0.4805110314497277,-0.4993703348891979,-0.4494311915733405,-0.9375800889610063,-0.25128004959028183,-0.44887348689285445,0.3733759543287928,-0.3820324052586125,-0.2634895815729552,-0.011991846822490236,-0.10161426063385645,0.31623346112940276,0
sample_07953.html,-0.44720246712201694,-0.4717720437546845,-0.5789898120788778,-0.4913546774013112,-2.256016803315404,-0.3365771940723391,-0.44887348689285445,-1.9925510562714843,0.5679244668440244,-0.2694943572651209,0.07414427500148119,-0.10306138043600818,-0.8927951165504417,1
sample_05845.html,-0.11464048131359067,-0.052300634392613204,0.7745413001456792,0.0638758788081548,-0.020174535539605333,0.010704037033179861,-0.10977361938621372,0.6182036590567348,0.8344810239646706,3.0708147382594455,-0.02613359816672435,-0.03258664607121879,-1.0534298574759047,0
sample_02676.html,-0.3096647153175628,-0.4105991298893824,6.347904703423267,-0.15903436291129933,-0.21897431869804387,0.10209383469252695,-0.44887348689285445,0.1779169587254219,-0.2694063755034649,-0.21060093799962934,-0.02613359816672435,-0.09090557409793362,-0.18603231088747477,1
sample_08660.html,-0.166217138240261,0.061306205642947774,-0.021653471751118984,0.24793020683339217,-0.04605816414648799,-0.2817433154767308,-0.44887348689285445,0.5021519439050184,-0.6515085904975031,0.018845869964230644,-0.02613359816672435,-0.09061615013750328,0.7872735860767478,0
sample_08575.html,0.12712509803017644,0.9002490243670904,0.13758548262824066,0.34813756320268807,0.8616516054775305,0.25441016412477213,-0.10977361938621372,0.6373365992864892,-0.9139307270804694,-0.2256295263308535,-0.02613359816672435,-0.06688338538221486,1.1878736832496837,0
sample_02379.html,-0.3746727933188868,-0.4805110314497277,-0.18089242613047862,-0.28889491657355015,-1.7144168471438288,-0.16598290510822453,0.22932624812042704,0.5417651548765722,0.47978661321162686,-0.07051540378369102,-0.002992550512523074,-0.09466808558352813,-0.6912426770616801,1
sample_03883.html,-0.43054750498944633,-0.46303305605964135,-0.34013138050983827,-0.4555663358408484,-1.3510864680542463,-0.30611392818589006,-0.44887348689285445,0.44803133850657845,-0.18909189176362304,0.17471475174811638,-0.009420619305356762,-0.09568106944503435,-1.4945829768820722,0
sample_02060.html,-0.3821943891206929,-0.2882533021587783,-0.5789898120788778,-0.37376441227407625,1.0298242566479083,-0.31829923454046966,-0.44887348689285445,-1.9925510562714843,-0.2285732750027962,-0.2694943572651209,-0.02613359816672435,-0.10204839657450197,0.2305492430794769,1
sample_06345.html,-0.45096326502292,-0.4805110314497277,-0.4993703348891979,-0.4913546774013112,-2.256016803315404,-0.3304845408950493,-0.44887348689285445,0.9259116819854251,2.2020116021595317,0.04969110406502238,-0.013277460581056975,-0.10364022835686888,-1.5444623312663688,1
sample_06839.html,0.007854078887251332,0.07004519333799093,1.0930192089043984,0.017862296801845468,0.4973108918531272,-0.13551963922177548,-0.10977361938621372,0.5826982367193968,1.288685628708077,-0.06829552367568154,-0.02613359816672435,0.08752429750737505,-0.9381382525345079,0
sample_06986.html,-0.07327170440365718,-0.17464646212321733,1.2522581632837582,0.2775834041263471,0.33410827144674204,0.07163056880607792,0.5684261156270678,0.42465196020844803,0.13839256603367114,0.4642315154347129,-0.02613359816672435,0.022548618390762238,0.5707223511101001,0
sample_08503.html,0.06963861583065847,0.6206014181257095,-0.4993703348891979,0.10682188868071019,-0.16069805558198216,-0.17816821146280412,-0.10977361938621372,0.14981785392177216,-0.7470553107773447,-0.11748806686917164,-0.02613359816672435,-0.08395939904760531,0.9991422158198842,0
sample_07001.html,-0.4310847618324325,-0.4805110314497277,-0.4993703348891979,-0.4463636194395865,0.3146597040998842,-0.2878359686540206,-0.10977361938621372,0.2203667060172605,0.15554046797165738,-0.2662977299095872,-0.0107062330639235,-0.10364022835686888,-0.3697532629590689,1
sample_04944.html,0.45377725856575507,0.9177269997571766,1.3318776404734378,0.536281987406264,1.1034630793825688,-0.17207555828551432,0.5684261156270678,0.6506010337243527,-0.37444569056390814,-0.13912079852172404,-0.02613359816672435,-0.051254491518976146,0.6150073377385993,0
sample_07562.html,-0.2408958394153357,-0.4368160929745119,-0.4197508576995181,-0.2612867673697645,0.006051606345979112,-0.2878359686540206,0.5684261156270678,0.34635009780583204,-7.851757030852685e-05,-0.2530894432669308,-0.02613359816672435,-0.002341842206247569,-0.7872033074716241,1
sample_05209.html,-0.3574805743433301,-0.4193381175844256,0.7745413001456792,-0.3492238352040446,0.042240834946274584,-0.20863147734925316,-0.10977361938621372,0.6150972301443942,0.6935705599094011,0.034329533717596776,-0.0017069367539563366,-0.09915415697019851,-0.7991521645160773,1
sample_07297.html,0.39199272162234794,-0.017344683612440594,1.729975026421837,0.8277013401128899,0.12224566760507284,1.2231420193138514,0.5684261156270678,0.43174033709061754,-0.25300799757070375,0.752227661247323,-0.02613359816672435,-0.008709169335715194,0.8083346969289925,0
sample_04599.html,-0.0877776391642832,0.026350254862775167,-0.4197508576995181,-0.18459746402591562,-0.3109130959468715,-0.2634653559448614,-0.44887348689285445,0.4207106875233961,0.7516172938944916,-0.2568521400500069,-0.02613359816672435,-0.0813545834037322,-0.5223445251235233,0
sample_02056.html,-0.38165713227770676,-0.4105991298893824,-0.4993703348891979,-0.4197779942803856,0.04850626562234983,-0.30002127500860026,-0.10977361938621372,0.5766664835670271,0.10544840474181767,-0.21536258083130966,-0.014563074339623712,-0.0959704934054647,-0.054968855578663905,1
sample_03002.html,-0.4488142376509754,-0.4717720437546845,-0.5789898120788778,-0.45249876370709446,0.965932966848076,-0.3365771940723391,-0.10977361938621372,-1.9925510562714843,-0.07483679552623826,-0.2694943572651209,0.012434814590277775,-0.10364022835686888,0.34364302483467946,1
sample_06313.html,-0.07165993387469874,0.30599786110415605,0.13758548262824066,-0.14778659842086816,0.3841679403583933,-0.2573727027675716,0.22932624812042704,0.7578360785368202,0.4581478478676201,-0.21550687303833027,-0.02613359816672435,-0.08598536677061773,-0.12378559063904898,0
sample_06769.html,-0.4488142376509754,-0.4805110314497277,-0.4993703348891979,-0.4852195331338033,-1.3384300946045464,-0.31829923454046966,-0.44887348689285445,-0.07134170978834635,-3.039051443683039,0.60635933935002,-0.017134301856757187,-0.10364022835686888,4.626342628098604,1
sample_07672.html,-0.4343083028903494,-0.4717720437546845,-0.4197508576995181,-0.44022847517207864,0.06416672343532498,-0.2817433154767308,-0.10977361938621372,0.3600250372681366,0.7596839008948192,-0.25508733536413936,-0.02613359816672435,-0.10320609241622336,0.4836908606022667,1
sample_00646.html,-0.4520377787088923,-0.4805110314497277,-0.5789898120788778,-0.486242057178388,-1.0200836873138628,-0.3365771940723391,-0.44887348689285445,-1.9925510562714843,0.19333343166059386,-0.2694943572651209,-0.027419211925291086,-0.10364022835686888,0.25538278721721513,1
sample_03254.html,1.0270303100319762,1.214852581388644,2.8446477070773546,0.18657876415831304,0.27475682537411944,-0.30002127500860026,0.22932624812042704,0.6691540733014334,0.357859809118775,0.04781530537375437,-0.02613359816672435,0.04772850294820239,-0.4258578773665811,0
sample_05974.html,-0.13075818660317515,-0.12221253595295842,0.2968244370076003,0.3522276593810267,-0.10955677822110434,-0.09287106698074685,0.5684261156270678,0.6261638688518145,-0.4540720891830526,-0.2368843184784616,-0.02613359816672435,0.02573228195549605,1.1728975211459705,0
sample_01332.html,-0.20275060356331912,-0.2969922898538215,0.05796600543856084,0.1814661439353898,0.95321829764682,0.20566893870645367,0.22932624812042704,0.6271613054904196,0.6340981033775016,-0.21395295696272365,-0.02613359816672435,-0.07469783231383421,-0.11708964508910678,0
sample_08393.html,-0.19522900776151303,-0.3669041914141667,-0.26051190332015844,-0.4197779942803856,-1.5025396966165956,-0.30611392818589006,-0.44887348689285445,0.14399317304846687,2.530805733852398,-0.23214487444786133,0.027862179693078627,0.362187635955774,-0.8993832667445872,1
sample_01824.html,-0.22209184991082048,-0.4018601421943393,0.2968244370076003,0.1446552783303423,-0.3796763202522599,0.24222485777019248,-0.10977361938621372,0.5595867651951816,0.23029484467815858,-0.1304965643021072,-0.02613359816672435,-0.09293154182094605,-0.10872704357485222,0
sample_06011.html,-0.4520377787088923,-0.4805110314497277,-0.5789898120788778,-0.4903321533567266,-1.0624843143135465,-0.3365771940723391,-0.44887348689285445,-1.9925510562714843,-0.3937480246650769,-0.2694943572651209,-0.027419211925291086,-0.10364022835686888,0.06447824207597995,0
sample_00734.html,-0.18770741195970694,-0.15716848673313102,-0.5789898120788778,-0.34308869093653666,1.100821226869268,-0.30611392818589006,-0.10977361938621372,-1.9925510562714843,0.3163179842141385,-0.2694943572651209,0.0008642907631771383,-0.058345378549519634,-0.20849749927324426,1
sample_08577.html,0.1663448475681653,0.1836520333735519,0.21720495981792048,0.1538579947316042,-0.5589687376582867,0.2665954704793517,-0.44887348689285445,0.47202690986187645,0.46667741858365397,-0.20969078715534545,-0.02613359816672435,-0.02650874290218151,-0.27535960258087483,0
sample_07355.html,-0.4520377787088923,-0.4805110314497277,-0.4993703348891979,-0.4872645812229726,-1.6622842270907316,-0.3365771940723391,-0.44887348689285445,0.3788047407496596,0.14331288618673058,-0.26324539476107417,-0.027419211925291086,-0.10364022835686888,-0.022039369144391807,1
sample_04984.html,2.6420243800483405,0.9701609259274356,-0.1012729489407988,2.3338792577860823,0.9868743802308474,8.461213993934141,0.22932624812042704,0.6423690625318327,0.8605823783129181,1.0443860822624509,-0.02613359816672435,0.5294746850845143,-0.30777363217107545,0
sample_05802.html,-0.4520377787088923,-0.4805110314497277,-0.4993703348891979,-0.48828710526755725,-2.256016803315404,-0.3365771940723391,-0.44887348689285445,0.3190543554882376,-0.4431187893649137,-0.2614139936719663,-0.027419211925291086,-0.10364022835686888,-0.21441958159886654,1
sample_03284.html,-0.12592287501629978,-0.06977860978269951,-0.021653471751118984,0.21214186527292933,-0.29798659139409867,-0.025851882030558975,-0.10977361938621372,0.60414764206429,0.5042931625453667,-0.10967408888897827,-0.006849391788223287,-0.05443815508370996,-0.7751794969317095,1
sample_07013.html,3.6595888406641066,8.459473380579418,-0.021653471751118984,3.5343224861284637,1.2956695318885887,0.2726881236566415,-0.44887348689285445,0.27316345968307626,-0.4325115290833143,-0.2244307910725284,-0.022276756891024138,1.9165390154469504,0.7491240039329844,0
sample_03886.html,0.37211421843186043,0.9439439628423061,0.3764439141972801,0.014794724668091511,0.18440237113266428,-0.3365771940723391,-0.10977361938621372,0.5667910822973106,-0.2521627963889647,-0.20245397800323453,0.0021499045217438758,-0.05935836241102585,-0.009560805095745294,0
sample_07271.html,-0.3096647153175628,-0.3406872283290372,-0.4993703348891979,-0.37376441227407625,0.06381297614258408,-0.2695580091221512,-0.10977361938621372,0.3316516123233787,-2.6904039437893954,-0.26031515301850167,-0.02613359816672435,-0.0910502860781488,3.5660843661725488,1
sample_08583.html,0.02773258207773885,-0.12221253595295842,0.13758548262824066,0.2980338850180401,0.154013230672203,0.44328241262075607,-0.10977361938621372,0.603120378340106,0.4307017985068417,0.03136599377340412,-0.02613359816672435,0.02139092254904085,-0.24900940073335318,0
sample_05852.html,-0.14257783714887043,-0.2532973513786057,-0.4197508576995181,-0.27969220017228824,-0.2624549795681672,-0.03803718838513859,-0.10977361938621372,-0.2420948481575498,-0.2023375528690377,-0.2472622579834059,-0.02613359816672435,-0.02824528666476359,0.2778789921912093,0
sample_09726.html,-0.2811901026392969,-0.13969051134304472,-0.4993703348891979,-0.4085302297899544,-0.8407828761916862,-0.2878359686540206,-0.44887348689285445,0.5447223012453932,0.09547701979074384,-0.2584504537277737,-0.02613359816672435,-0.09814117310869229,-0.5193455117819799,0
sample_00116.html,-0.2102721993651252,-0.2183414005984331,0.7745413001456792,-0.40750770574536976,-1.1995057531147912,-0.3365771940723391,-0.44887348689285445,0.6156264516499508,0.600346177447904,1.9096287519613062,0.02529095217594515,-0.04966265973660924,-0.9583690731788949,0
sample_09073.html,-0.24358212363026646,-0.4542940683645982,0.13758548262824066,-0.15494426673296072,1.9089996487815966,-0.05631514791700801,-0.10977361938621372,0.48834417748560627,0.6948735694924223,-0.2467405861580237,-0.00042132299538959916,-0.10219310855471715,0.40805536525420266,1
sample_09032.html,1.177999482911084,2.53443972334016,0.21720495981792048,1.1958099961633646,1.5558699845699886,0.6687105801804789,-0.10977361938621372,0.6482863820641664,-0.222749639214502,-0.1355245927467487,-0.0209911431324574,0.4044435341786046,0.8142707816992356,0
sample_03536.html,-0.4520377787088923,-0.4805110314497277,-0.5789898120788778,-0.49237720144589586,-2.256016803315404,-0.3365771940723391,-0.44887348689285445,-1.9925510562714843,-1.4078000403100033,-0.2694943572651209,-0.027419211925291086,-0.10364022835686888,-1.3155472897162082,1
sample_09946.html,-0.3273941911361057,-0.3406872283290372,-0.4993703348891979,-0.3931923691211846,0.4911933928541008,-0.2817433154767308,-0.10977361938621372,0.343253371727165,0.015317777452149232,-0.25871683934073486,-0.004278164271089811,-0.09582578142524951,-0.20254721649351112,1
sample_00953.html,-0.3574805743433301,-0.34942621602408036,-0.26051190332015844,-0.37376441227407625,-1.3124361425293378,-0.2634653559448614,-0.10977361938621372,0.5421254017084993,1.0097933595288138,-0.20082236612384757,-0.0107062330639235,-0.08670892667169361,-1.232783011612457,1
sample_08110.html,-0.4369945871052801,-0.46303305605964135,-0.34013138050983827,-0.4279581866370628,-1.0483542986330636,-0.3304845408950493,-0.44887348689285445,0.6853566985271817,0.9373330539641219,-0.2541438863182353,0.012434814590277775,-0.0997330048910592,-0.4302487780314813,0
sample_04009.html,1.4573730412638817,0.2885198857140697,-0.1012729489407988,1.1845622316729334,1.224078424642275,2.307634284871437,-0.10977361938621372,0.6255497893072057,-0.5462431445998728,-0.07861796617792563,-0.02613359816672435,-0.07079060884802454,0.1577082914835802,0
sample_03342.html,-0.4520377787088923,-0.4805110314497277,-0.4993703348891979,-0.49237720144589586,-2.256016803315404,-0.3365771940723391,-0.44887348689285445,0.7895895324938771,1.4230674587149275,-0.267185681952791,-0.027419211925291086,-0.10364022835686888,-1.0168014571092276,1
sample_07218.html,-0.4429044123781278,-0.4717720437546845,-0.4993703348891979,-0.48828710526755725,-1.2792309526931431,-0.32439188771775945,-0.44887348689285445,0.3743464134580205,-0.26333656958885554,-0.266009145495546,-0.0107062330639235,-0.10320609241622336,-1.082384996416262,1
sample_00249.html,-0.4343083028903494,-0.4717720437546845,-0.4197508576995181,-0.44022847517207864,0.06416672343532498,-0.2817433154767308,-0.10977361938621372,0.3600250372681366,0.7616856796142936,-0.25508733536413936,-0.02613359816672435,-0.10320609241622336,0.48564787824642325,1
sample_02490.html,-0.4520377787088923,-0.4805110314497277,-0.4993703348891979,-0.483174485044634,-1.1314650545662295,-0.3365771940723391,-0.44887348689285445,-0.002595429002411088,-1.6473530347324807,-0.24900486386819334,-0.027419211925291086,-0.10364022835686888,2.671214909798602,1
sample_06921.html,1.2473056156562974,1.4158492983746365,-0.34013138050983827,2.137554641225829,2.1826044967337292,2.4051167357080736,-0.10977361938621372,0.5568357841351832,-1.2024184217950031,-0.21086732361259047,-0.0209911431324574,0.24960171534836914,1.8716865604049016,0
sample_05513.html,1.0667873164129513,0.8128591474166589,-0.021653471751118984,0.6160388628838669,0.811962156375162,0.5773207825211318,0.5684261156270678,0.5313196562925875,0.17090990746258933,-0.15863354467112736,-0.02613359816672435,-0.0888796063749212,-0.16956576195471484,1
sample_03815.html,-0.4520377787088923,-0.4805110314497277,-0.5789898120788778,-0.21834075749720913,0.9527094664556929,-0.3365771940723391,-0.44887348689285445,-1.9925510562714843,-3.355235861703314,-0.2694943572651209,-0.027419211925291086,-0.10364022835686888,2.95778264422168,0
sample_05765.html,0.6015228903869461,1.4508052491548091,6.825621566561345,0.3522276593810267,-0.10050193277508725,-0.25128004959028183,0.9075259831337085,0.6628086021528925,0.8162576054992974,1.9070203928343952,-0.01584868809819045,0.0051831807649414426,-0.6966864468306841,0
sample_05065.html,-0.3666139406740946,-0.2969922898538215,-0.4993703348891979,-0.2592417192805952,0.7807143314852952,-0.31220658136317986,6.33312386323996,-0.4093980683686245,0.0032274192188156757,-0.262745921736772,-0.011991846822490236,-0.09336567776159158,0.09496014291101992,1
sample_09706.html,-0.2398213257293634,-0.4105991298893824,-0.1012729489407988,-0.27969220017228824,0.13010160453829603,-0.29392862183131047,0.5684261156270678,-0.08212579182191082,-0.26547247918628153,-0.1467238878916565,0.01629165586597799,-0.01333995270260074,0.6468837855792144,1
sample_08331.html,-0.12484836133032749,-0.017344683612440594,0.7745413001456792,-0.16721455526797654,-1.2741405817173097,-0.17816821146280412,0.22932624812042704,0.7170412829516345,0.897516544386473,-0.18813575130657337,-0.0209911431324574,0.030652489282811942,-0.9972887115508617,1
sample_05908.html,0.2404862919002539,0.59438445504058,2.207691889559916,0.07819121543233994,0.749494624938923,-0.31829923454046966,-0.10977361938621372,0.7182794726073483,0.572412075346234,0.09365582960415016,0.0008642907631771383,-0.02911355854605463,-0.29962038936792235,0
sample_07630.html,-0.06736187913080954,0.04382823025286147,0.21720495981792048,0.028087537247691988,-0.03767837090686608,-0.06850045427158762,0.22932624812042704,0.4448533779000534,0.31382271933048067,-0.10906362185927566,-0.02613359816672435,-0.09929886895041368,-0.1254361711711289,0
sample_01769.html,-0.34082561221075947,-0.4105991298893824,-0.4993703348891979,-0.2684444356818571,-0.4673484431934409,-0.01975922885326917,-0.44887348689285445,0.0734365859728315,-0.11213619322344322,-0.2683844172111161,-0.017134301856757187,-0.07079060884802454,0.4496087930560129,0
sample_09388.html,-0.36285314277319153,-0.4717720437546845,-0.4993703348891979,-0.40341760956703115,-0.08612856594305654,-0.17207555828551432,-0.44887348689285445,0.5942770960956512,0.37697126525710584,-0.2535556180896128,-0.014563074339623712,-0.09351038974180675,-0.049490223112344724,0
sample_01267.html,-0.28817444159811684,-0.34942621602408036,1.2522581632837582,-0.34411121498112135,-0.06379506139852963,-0.17207555828551432,-0.10977361938621372,0.6223135179913302,0.9824765561151905,-0.13492522511758612,-0.02613359816672435,0.011984643835054588,-0.4938974115622151,1
sample_00444.html,0.02665806839176655,-0.27951431446373515,1.5707360720424772,0.013772200623506859,0.4311145943350623,0.49811629121636436,-0.10977361938621372,0.6350486352742057,0.6561567564633544,0.1857031582827633,-0.02613359816672435,-0.0531357472617734,-0.7974580121311827,0
sample_05937.html,0.6939310673805638,1.5731510768854131,-0.4197508576995181,0.27962845221551635,1.8015718187329155,-0.2634653559448614,-0.10977361938621372,0.46386173887264087,-0.15489806371505707,-0.25631936882408457,-0.0017069367539563366,-0.06861992914479693,0.6907378385000269,1
sample_08347.html,-0.45150052186590617,-0.4805110314497277,-0.5789898120788778,-0.3962599412549386,1.1179695405146162,-0.3304845408950493,-0.10977361938621372,-1.9925510562714843,-1.4716515270061288,-0.2694943572651209,-0.017134301856757187,-0.10364022835686888,1.472581947785265,1
sample_03096.html,-0.3821943891206929,-0.2882533021587783,-0.5789898120788778,-0.37376441227407625,1.0272830076069597,-0.31829923454046966,-0.44887348689285445,-1.9925510562714843,-0.8838736165428407,-0.2694943572651209,-0.02613359816672435,-0.10204839657450197,0.6915772289931224,1
sample_07758.html,2.118736214979831,0.131218107203293,2.8446477070773546,2.1038113477545357,1.5708375853241296,2.8316024581183603,17.862519358465747,0.41980960239255394,0.18785155819742513,0.6406675864193064,-0.02613359816672435,0.1896909555392874,0.5105383578363583,0
sample_08121.html,-0.20489963093526373,-0.2969922898538215,0.2968244370076003,0.13749761001824976,1.7291976795118442,-0.07459310744887743,0.9075259831337085,0.4961328650305817,-0.5924783373691809,0.10907289695427601,-0.013277460581056975,-0.08178871934437772,1.1946434480188473,1
sample_05784.html,-0.40637094705506965,-0.42807710527946874,-0.4993703348891979,-0.4576113839300177,-1.08925059122776,-0.32439188771775945,-0.10977361938621372,0.5788950284047242,0.4392964029220513,-0.2152293880248291,-0.01584868809819045,-0.09886473300976815,-0.5764669592070668,1
sample_06113.html,2.3970352596466564,3.7054640744759424,1.0930192089043984,2.8533214724350855,0.37819441842123114,-0.245187396412992,-0.44887348689285445,0.6687192150578484,-0.5523865437866573,-0.05002591038676351,-0.02613359816672435,0.16060384751603757,-0.2668152821903388,0
sample_03619.html,1.1613445207785134,1.0837677659629965,-0.021653471751118984,0.29905640906262476,0.34779363818988984,0.2300395514156129,-0.10977361938621372,0.6384215648652687,0.745042977889099,4.190278077927546,-0.02613359816672435,0.3189187538714372,-1.2336881119015388,0
sample_09710.html,2.5533770009556256,2.473266809474858,-0.5789898120788778,0.9227960762592625,2.5977567648649176,-0.20253882417196337,0.22932624812042704,-1.9925510562714843,-0.1947645144355217,-0.2694943572651209,-0.005563778029656549,0.2737686160443031,0.6017435416279145,1
sample_08595.html,-0.34404915326867636,-0.42807710527946874,-0.4993703348891979,-0.2786696761277036,-0.06521456839939774,-0.08068576062616724,-0.10977361938621372,0.029845256407408483,-0.12398566797407144,-0.25394409710851445,-0.02613359816672435,-0.095391645484604,0.2397683404940361,1
sample_02055.html,-0.4106690017989588,-0.4193381175844256,-0.4197508576995181,-0.4576113839300177,-0.8708513415700084,-0.32439188771775945,-0.10977361938621372,0.29937557357180783,0.07176855278593894,-0.2654208772669235,-0.01584868809819045,-0.10103541271299576,-0.051271245412052455,0
sample_06821.html,-0.06413833807289265,-0.17464646212321733,-0.34013138050983827,-0.06905224698784995,0.8352396632950668,0.5834134356984216,-0.44887348689285445,0.29289085724366487,-0.5833351348820539,-0.25035899073407913,-0.02613359816672435,-0.0780262078587832,0.7764898132582351,0
sample_05489.html,-0.31396277006145196,-0.3406872283290372,-0.4993703348891979,-0.37376441227407625,0.05687775598690603,-0.2695580091221512,-0.10977361938621372,0.3316516123233787,-2.6987779434936674,-0.26031515301850167,-0.02613359816672435,-0.09683876528675574,3.5716534930225863,1
sample_07893.html,-0.4520377787088923,-0.4805110314497277,-0.5789898120788778,-0.486242057178388,-1.0200836873138628,-0.3365771940723391,-0.44887348689285445,-1.9925510562714843,0.19333343166059386,-0.2694943572651209,-0.027419211925291086,-0.10364022835686888,0.25538278721721513,1
sample_08234.html,-0.41228077232791727,-0.4193381175844256,-0.1012729489407988,-0.4729492445987875,-1.5292881323419367,-0.3304845408950493,-0.44887348689285445,0.5764933032316044,0.4701744110162817,-0.2533003318771917,-0.0107062330639235,-0.09872002102955299,-0.9162471122275644,0
sample_07416.html,-0.18770741195970694,-0.2882533021587783,-0.34013138050983827,-0.1897100842488389,0.22970910130255956,0.17520567282000463,-0.10977361938621372,0.5079203921378342,0.5889168582476647,-0.26135849666926614,-0.02613359816672435,-0.08801133449363016,-0.356994832545215,0
sample_03080.html,0.60098563354396,-0.27951431446373515,1.3318776404734378,3.2306328448868222,1.322970566039266,0.9977138517541285,34.817512733797784,0.4928702789539259,0.05918723196890704,0.3297733772925786,-0.02613359816672435,0.2759392957475307,-0.82865712756682,0
sample_06178.html,-0.35586880381437164,-0.4542940683645982,-0.4993703348891979,-0.20198037278385472,0.8015353017029976,0.016796690210469666,-0.10977361938621372,0.4296557844603859,1.0642428145077494,-0.24781722801040829,-0.02613359816672435,-0.09148442201879432,0.2714570721357202,1
sample_01313.html,-0.19522900776151303,-0.31447026524390775,-0.26051190332015844,-0.18459746402591562,1.0001456812015639,0.07163056880607792,-0.10977361938621372,0.6026038175176388,0.2991050382766494,-0.13655683699697307,-0.02613359816672435,-0.08366997508717497,-0.2939313291025511,0
sample_03976.html,-0.1323699571321336,-0.1484294990380879,-0.26051190332015844,0.21214186527292933,1.397877748323376,-0.025851882030558975,0.22932624812042704,0.6548899590758672,0.46102598626259667,-0.05908302122744219,-0.02613359816672435,-0.02911355854605463,0.41593016279686346,0
sample_03203.html,0.6133425409326414,1.3546763845093344,-0.021653471751118984,0.3829033807185662,0.3826670518585208,-0.30002127500860026,-0.10977361938621372,0.592062255345245,-0.5085436100407529,-0.24389913961977155,-0.02613359816672435,-0.04401889250821748,0.1463455162762261,0
sample_00719.html,-0.43269653236139094,-0.4805110314497277,-0.34013138050983827,-0.07109729507701926,1.3103778479650712,-0.2695580091221512,-0.10977361938621372,0.34628919096699534,-1.7441593924870389,-0.26057043923092277,-0.02613359816672435,-0.10320609241622336,2.0773820546812414,1
sample_00340.html,-0.43860635763423855,-0.4805110314497277,-0.5789898120788778,-0.47397176864337215,-1.5350558204951898,-0.29392862183131047,-0.44887348689285445,-1.9925510562714843,-0.34825002383267395,-0.2694832578645808,-0.004278164271089811,-0.09857530904933781,-0.8809909905467119,0
sample_08843.html,-0.4520377787088923,-0.4805110314497277,-0.5789898120788778,-0.4903321533567266,-2.256016803315404,-0.3365771940723391,-0.44887348689285445,-1.9925510562714843,-0.06745796978691458,-0.2694943572651209,-0.027419211925291086,-0.10364022835686888,-1.2639389854379912,1
sample_02506.html,0.3307454415219269,0.7866421843315294,1.0930192089043984,0.1364750859736651,0.12246669001820489,-0.19644617099467354,-0.10977361938621372,0.17473935789670675,-0.5843558124604126,-0.08736429380348298,-0.02613359816672435,0.000986533338701417,1.0720652133971584,0
sample_09993.html,-0.4192651112867372,-0.4193381175844256,-0.26051190332015844,-0.4003500374332772,0.6549479212935846,-0.31220658136317986,1.58572571814699,0.4036075500923331,-0.0827538134305913,-0.2580841735099521,-0.0107062330639235,-0.10089070073278059,-0.1981390800448224,1
sample_05794.html,0.2689609045785198,0.4545606519198896,-0.26051190332015844,-0.15494426673296072,0.1716168277177714,-0.29392862183131047,-0.10977361938621372,0.6267744836535745,0.40486832222726277,-0.13822174707798018,-0.02613359816672435,-0.056898258747367904,-0.5878871913729351,0
sample_01112.html,-0.440218128163197,-0.4717720437546845,-0.4993703348891979,-0.45454381179626374,-0.2621714766575483,-0.275650662299441,-0.10977361938621372,-0.1442325653971112,-0.6781143236073413,-0.2565080586332654,-0.01970552937389066,-0.1034955163766537,1.269264978634082,1
sample_02976.html,-0.44397892606410005,-0.4717720437546845,-0.5789898120788778,-0.47397176864337215,-0.28362629962207325,-0.31829923454046966,-0.44887348689285445,-1.9925510562714843,-0.5428712445069227,-0.2694943572651209,-0.0017069367539563366,-0.10364022835686888,-0.3152783427556265,1
sample_03932.html,-0.4520377787088923,-0.4805110314497277,-0.4993703348891979,-0.48828710526755725,-0.6136921211991152,-0.3365771940723391,-0.10977361938621372,0.2709646234616122,1.4467047762005012,-0.26795154059005427,-0.027419211925291086,-0.10364022835686888,-0.8582824673132655,0
sample_02821.html,-0.39455129650937437,-0.4368160929745119,-0.18089242613047862,-0.45863390797460235,-0.9102229695251469,-0.3365771940723391,-0.44887348689285445,0.7243731828001776,1.2040852246236404,0.24037880534303682,0.05871690989868033,-0.09408923766266744,-1.2799525279081827,1
sample_04723.html,-0.3263196774501334,-0.39312115449929613,-0.18089242613047862,0.24384011065505357,0.4268813210977026,0.2665954704793517,-0.10977361938621372,0.5696891998577519,-0.4747945501775667,-0.2544102719311964,-0.02613359816672435,-0.058490090529734806,0.6825515191586958,0
sample_06957.html,-0.436457330262294,-0.4805110314497277,-0.4993703348891979,-0.44329604730583255,0.08141459285252393,-0.2878359686540206,-0.10977361938621372,0.5709708362040975,1.1217599056004737,-0.25766239628943033,-0.02613359816672435,-0.10320609241622336,-0.05422111982084336,1
sample_08739.html,0.2791687845952566,0.7167302827711842,-0.021653471751118984,-0.11302078090498999,0.6135454379552661,-0.3365771940723391,-0.10977361938621372,0.6076308777839429,0.2756011744224285,-0.17890105005725393,-0.01584868809819045,-0.06066077023296241,-0.17877179563602413,0
sample_08963.html,-0.4396808713202109,-0.46303305605964135,-0.5789898120788778,-0.4749942926879568,-0.031884072372110626,-0.31829923454046966,-0.44887348689285445,-1.9925510562714843,0.5895597558271571,-0.2694832578645808,-0.02613359816672435,-0.1019036845942868,-0.7804336339660662,0
sample_08825.html,-0.24250760994429416,-0.20960241290338993,-0.4993703348891979,-0.31752558982192036,0.8298338557395974,-0.3365771940723391,-0.10977361938621372,0.01660112101228969,0.024221177991065417,-0.2653542808636832,0.0008642907631771383,-0.08395939904760531,-0.14945186302667832,1
sample_08696.html,-0.44935149449396156,-0.4717720437546845,-0.34013138050983827,-0.45045371561792513,-0.42984424145552486,-0.3365771940723391,-0.44887348689285445,0.6351513957793905,0.7433219037223816,-0.18192008700414683,0.006006745797444088,-0.10364022835686888,-0.7746180301927895,0
sample_07917.html,0.572511020865694,0.15743507028842244,-0.021653471751118984,0.6027460503042664,0.5387526124836061,0.9246020136266508,0.5684261156270678,0.6015177007469735,0.2290131258741856,-0.12905364223190105,-0.02613359816672435,0.5830181177641285,0.6100444880577999,0
sample_03042.html,-0.40207289231118043,-0.46303305605964135,-0.34013138050983827,-0.38194460463075347,-0.2543548860257861,-0.1598902519309347,-0.44887348689285445,0.4853204387203868,0.21097078975923164,-0.24026963564317605,-0.02613359816672435,-0.10132483667342611,0.2996177874651959,1
sample_03257.html,-0.43592007341930783,-0.46303305605964135,-0.5789898120788778,-0.3788770324969995,-0.007679350509127598,-0.30002127500860026,-0.44887348689285445,-1.9925510562714843,-0.4390482179886326,-0.2694610590635007,-0.014563074339623712,-0.10320609241622336,-0.03552127223465135,1
sample_06321.html,-0.3096647153175628,-0.3406872283290372,-0.4993703348891979,-0.37376441227407625,0.06381297614258408,-0.2695580091221512,-0.10977361938621372,0.3316516123233787,-2.6902799844858523,-0.26031515301850167,-0.02613359816672435,-0.0910502860781488,3.566025188243186,1
sample_02166.html,0.1539879401794839,0.4370826765298033,0.5356828685766397,-0.22243085367554774,0.8357227501230245,-0.31829923454046966,-0.10977361938621372,0.7277851436710728,0.17698237086195648,-0.2135200803416618,-0.02613359816672435,-0.06456799369877209,-0.48346051867068945,0
sample_04792.html,0.4575380564666581,1.2672865075589028,1.4911165948527976,0.213164389317514,1.0228849304752394,-0.2695580091221512,0.5684261156270678,0.7765577854469725,0.5168399746867848,-0.1228379779294745,-0.02613359816672435,-0.03837512527982572,-0.17770654075688322,0
sample_06560.html,-0.39455129650937437,-0.34942621602408036,-0.4993703348891979,-0.38807974889826136,-0.04931073521058602,-0.3304845408950493,-0.10977361938621372,0.617798391445566,0.5736679429007147,-0.19224252950639092,-0.0209911431324574,-0.08381468706739013,-1.1004318398671806,1
sample_02866.html,0.9475162972700261,3.4520334313196908,0.05796600543856084,2.3349017818306668,0.6586497560220783,-0.23300209005841238,0.9075259831337085,0.39638749987259225,-1.629653120163677,-0.2547099557457777,-0.02613359816672435,-0.04242706072585057,1.7396052160282234,0
sample_07744.html,0.8841199897976605,1.8265817200416645,-0.021653471751118984,0.4115340539669365,1.197615563004265,-0.2695580091221512,1.2466258506403491,0.49026498654358974,-0.10077730251944102,-0.2512913403794431,-0.02613359816672435,-0.02375921527809322,0.16973068091878005,1
sample_04673.html,-0.267221424721657,-0.08725658517278581,0.05796600543856084,0.1109119848590488,1.1284107844144657,-0.1294269860444857,-0.10977361938621372,0.5345320239901985,-1.2881482775020263,-0.23244455826244262,-0.02613359816672435,-0.07744735993792251,1.8353904377883257,0
sample_01677.html,0.03471692103655879,-0.270775326768692,0.6949218229559994,-0.3901247969874307,-0.9183891953765868,-0.07459310744887743,-0.44887348689285445,0.9831499514628987,1.741241526817847,-0.10474595504919722,-0.02613359816672435,-0.050820355578330624,-1.0964073756161683,0
sample_08269.html,-0.4520377787088923,-0.4805110314497277,-0.5789898120788778,-0.486242057178388,-1.1471584998047943,-0.3365771940723391,-0.44887348689285445,-1.9925510562714843,-0.4922861663529293,-0.2694943572651209,-0.027419211925291086,-0.10364022835686888,-0.025457360661296467,0
sample_09696.html,-0.3467354374836071,-0.3581652037191235,-0.5789898120788778,-0.2940075367964734,0.2513359591117207,-0.17207555828551432,0.22932624812042704,-1.9925510562714843,-0.33252878434647837,-0.26943886026242064,-0.02613359816672435,-0.10146954865364127,0.18732363134639052,1
sample_07804.html,-0.41013174495597265,-0.4193381175844256,0.05796600543856084,-0.15596679077754538,0.9217521331838309,-0.3365771940723391,-0.10977361938621372,0.7200088094686294,1.4639576977129665,6.319464984124301,0.008577973314577563,-0.09712818924718608,-1.253172787382373,1
sample_04204.html,-0.4224886523446541,-0.46303305605964135,-0.4993703348891979,-0.3870572248536767,0.6350041186378196,-0.22690943688112258,-0.44887348689285445,0.5570380433542893,0.4338123380639899,-0.21645032208423431,-0.02613359816672435,-0.1024825325151475,-0.4507100523175067,1
sample_01242.html,0.9378456740962754,2.0537954001127865,-0.021653471751118984,0.9647195620872332,0.8247840604478933,-0.31829923454046966,-0.10977361938621372,0.6457185177132462,0.6210289564268037,0.8123309151716798,-0.00042132299538959916,0.04295300760110168,-0.6992762472026586,0
sample_08263.html,-0.3918650122944436,-0.4018601421943393,0.45606339138695995,-0.3931923691211846,-0.43790109464198296,-0.30611392818589006,-0.44887348689285445,0.45948330216152156,0.09333403386762644,-0.09399063592589128,-0.01584868809819045,-0.09987771687127438,1.1617192939866698,1
sample_04953.html,-0.43806910079125244,-0.4542940683645982,-0.5789898120788778,-0.48215196100004937,-0.9606002794267361,-0.3304845408950493,-0.44887348689285445,-1.9925510562714843,-0.4512635732836063,-0.2694610590635007,-0.002992550512523074,-0.1019036845942868,-0.5789548833199463,1
sample_08897.html,-0.18770741195970694,-0.15716848673313102,-0.5789898120788778,-0.34308869093653666,1.100821226869268,-0.30611392818589006,-0.10977361938621372,-1.9925510562714843,0.3163179842141385,-0.2694943572651209,0.0008642907631771383,-0.058345378549519634,-0.20849749927324426,1
sample_07293.html,2.262183792057133,0.8128591474166589,4.118559342112231,5.348280141221636,1.4272756853812798,6.2373955842233615,0.5684261156270678,0.2077339341113281,-0.6845589996780147,-0.106566256737765,-0.02613359816672435,0.9976179410806,1.6178282497878314,0
sample_04839.html,-0.15493474453755185,-0.3581652037191235,0.6153023457663196,0.047515494094800374,1.4321179087963374,0.38235588084785804,0.9075259831337085,0.5736826981033141,-0.2082042543308629,-0.08826334524722683,-0.02613359816672435,-0.07310600053146732,0.38523194114138537,0
sample_03359.html,0.4473301764499213,0.9788999136224787,-0.34013138050983827,0.17839857180163582,0.7901734621470476,-0.2817433154767308,-0.44887348689285445,0.4830677839141292,-0.11677722254383721,-0.23390967913372887,-0.02613359816672435,-0.08844547043427568,0.3101803633792037,0
sample_02807.html,-0.400461121782222,-0.4805110314497277,-0.5789898120788778,-0.36558421991739903,0.03349143356066756,-0.245187396412992,-0.10977361938621372,-1.9925510562714843,-1.3355601875264023,-0.26939446266026046,-0.0017069367539563366,-0.1034955163766537,1.0061440378626116,1
sample_06550.html,-0.43538281657632166,-0.46303305605964135,-0.4197508576995181,-0.4749942926879568,-0.9381150702721435,-0.3365771940723391,-0.44887348689285445,0.5803923037233554,0.4542271539965107,-0.21183297145957458,0.0780011162771814,-0.10089070073278059,-0.75193097998196,1
sample_07780.html,-0.23068795939859887,-0.3057312775488646,-0.26051190332015844,-0.3165030657773357,0.26390923719396686,-0.10505637333532646,-0.44887348689285445,0.663630012764113,0.21865615585031065,-0.22170033853967674,-0.02613359816672435,-0.09264211786051571,-0.3855137575264227,0
sample_03835.html,0.6665309683882701,1.3808933475944638,0.13758548262824066,0.19782652864874423,0.5567231772276547,0.053352609274208505,-0.10977361938621372,0.40691143875866437,0.15559991116752978,-0.16792374292314705,-0.02613359816672435,-0.05168862745962166,-0.3747458124246412,0
sample_09760.html,0.06157976318586624,0.8128591474166589,0.45606339138695995,0.14363275428575767,0.4640093499073062,-0.31829923454046966,-0.44887348689285445,0.5040890488100082,-0.28569316482723583,-0.2464852999456026,-0.018419915615323922,-0.08844547043427568,0.05874175081104566,0
sample_09793.html,-0.43538281657632166,-0.4717720437546845,-0.4197508576995181,-0.4494311915733405,-1.8285293515827974,-0.22690943688112258,-0.10977361938621372,0.4066228702510142,0.20549469220527664,-0.2642110426080583,-0.02613359816672435,-0.10233782053493232,-0.4970429029906451,1
sample_00590.html,-0.43162201867541866,-0.46303305605964135,-0.5789898120788778,-0.41773294619121626,0.5405469843011789,-0.31220658136317986,-0.10977361938621372,-1.9925510562714843,-0.28632555092147566,-0.2694943572651209,0.00472113203887735,-0.10364022835686888,-0.0927672162553484,1
sample_08619.html,-0.4520377787088923,-0.4805110314497277,-0.5789898120788778,-0.48828710526755725,-0.4857802989613899,-0.3365771940723391,-0.44887348689285445,-1.9925510562714843,-2.374105694263592,-0.2694943572651209,-0.027419211925291086,-0.10364022835686888,-0.06926926283400898,0
sample_00942.html,0.08468180743427066,0.7254692704662273,0.13758548262824066,0.4268719146357063,0.5060884781990235,0.2665954704793517,-0.10977361938621372,0.6347772195742019,-0.9733967330316362,-0.2253187431157322,-0.02613359816672435,-0.06413385775812656,1.3277030469832736,0
sample_00377.html,-0.24465663731623874,-0.22708038829347624,-0.4197508576995181,-0.13858388201960628,-0.217774568391206,0.18739097917458425,-0.44887348689285445,0.4456010646486528,0.044194575920057176,0.06794961795340036,-0.02613359816672435,-0.08584065479040257,0.09126026419192791,0
sample_06620.html,-0.24358212363026646,-0.11347354825791527,-0.34013138050983827,-0.3277508302677669,-0.05165390829618893,-0.19035351781738374,-0.44887348689285445,0.6341015417958831,0.6201752368733828,-0.21208825767199568,-0.0209911431324574,-0.10089070073278059,-0.26599381847690234,0
sample_05366.html,-0.4520377787088923,-0.4805110314497277,-0.4993703348891979,-0.49237720144589586,-2.256016803315404,-0.3365771940723391,-0.44887348689285445,0.06649804708062462,-1.1854255629769443,-0.2687506974289377,-0.027419211925291086,-0.10364022835686888,-0.5164903429204203,1
sample_04438.html,0.12605058434420413,0.2623029226289403,-0.021653471751118984,0.043425397916461765,-0.2394727364512067,-0.275650662299441,0.5684261156270678,0.5892393070705558,0.37933794083955324,-0.16702469147940321,-0.017134301856757187,0.03528327264969749,-0.741860797295139,0
sample_07406.html,0.12927412540212102,0.08752316872807724,1.4114971176631177,0.24793020683339217,0.7302574871867407,-0.03803718838513859,0.5684261156270678,-0.5073031578910129,-3.210886885330575,1.1932845405071868,-0.02613359816672435,-0.08569594281018739,4.067090165889044,0
sample_00123.html,-0.26829593840762933,-0.15716848673313102,-0.26051190332015844,-0.2663993875926878,0.272363265767329,-0.2695580091221512,0.22932624812042704,0.09642049757054835,0.9936682415863707,-0.2591608153623367,-0.006849391788223287,-0.09611520538567987,-0.09698090907361222,1
sample_04047.html,-0.3483472080125655,-0.3232092529389509,-0.18089242613047862,-0.42284556641413956,0.36218000740905876,-0.3304845408950493,-0.10977361938621372,0.7068989469392792,0.4714860136483682,-0.23696201428224192,-0.017134301856757187,-0.09785174914826195,-0.6213343380154698,0
sample_00270.html,-0.4321592755184048,-0.4542940683645982,-0.4993703348891979,-0.4647690522421103,-1.4313601539848708,-0.3304845408950493,-0.44887348689285445,0.5801798206967704,1.835146189326109,-0.22530764371519213,-0.013277460581056975,-0.10175897261407163,-1.3041667441810905,1
sample_06659.html,-0.2618488562917955,-0.2358193759885194,0.21720495981792048,-0.3717193641849069,0.3760629777339165,-0.3365771940723391,-0.10977361938621372,0.5205529314748452,0.4008877422461547,-0.18546079577642197,-0.009420619305356762,-0.06833050518436659,-0.03935783775952144,1
sample_08424.html,-0.3821943891206929,-0.38438216680425297,-0.4993703348891979,-0.4259131385478935,0.031832717761676614,-0.3304845408950493,-0.10977361938621372,0.2166780502775002,1.702880610739711,-0.26532098266206305,-0.02613359816672435,-0.09741761320761642,-1.4231437690789304,1
sample_02362.html,0.19105866234552818,-0.4018601421943393,-0.34013138050983827,0.6784128296035307,0.0763990809858729,1.6008865163058195,1.58572571814699,-0.18419857274108897,-0.22381213355156077,-0.26707468794739053,-0.02613359816672435,-0.08974787825621224,0.37824107073132235,1
sample_03386.html,0.33235721205088536,0.6642963566009252,0.9337802545250389,0.377790760495643,1.4266991957508859,0.37017057449327845,-0.10977361938621372,0.5925223130869529,0.22840242969671812,-0.10423538262435504,-0.02613359816672435,-0.08149929538394736,0.6829092073041101,0
sample_01793.html,-0.03727549592358519,-0.04356164669757005,-0.5789898120788778,0.01990734489101477,0.9666767251942391,0.16911301964271483,0.22932624812042704,-1.9925510562714843,-0.8948788892435965,-0.26939446266026046,-0.02613359816672435,-0.07556610419512526,0.6301356493103999,0
sample_06384.html,-0.13183270028914743,-0.4542940683645982,-0.5789898120788778,-0.41875547023580095,0.5262371698914247,-0.30611392818589006,-0.10977361938621372,-1.9925510562714843,2.43197872460144,-0.2694943572651209,-0.02613359816672435,0.7109435082743416,-1.4529966029186632,1
sample_02070.html,-0.2983823216148537,-0.2882533021587783,0.45606339138695995,-0.3492238352040446,0.7391058871855509,-0.275650662299441,-0.10977361938621372,0.6544246071138646,0.3855414398681549,-0.19753694356399354,-0.02613359816672435,-0.05284632330134305,-0.74193505979473,1
sample_03100.html,-0.07327170440365718,-0.06977860978269951,-0.34013138050983827,-0.3860347008090921,-1.9565407053680848,-0.3365771940723391,-0.44887348689285445,0.7467474419168079,0.12558728002352149,-0.2595714931823185,0.017577269624544724,-0.09915415697019851,-1.1154241686667314,0
sample_02587.html,-0.4246376797165987,-0.4717720437546845,-0.26051190332015844,-0.4044401336116158,0.9402435564785113,-0.22690943688112258,-0.10977361938621372,0.4254681955542505,0.5358897730586094,-0.25098055716432177,-0.013277460581056975,-0.1003118528119199,-0.343926718642459,1
sample_05502.html,0.27057267510747823,0.2972588734091129,-0.021653471751118984,-0.05166933822991087,0.8735710276062849,0.05944526245149831,0.9075259831337085,0.285270083489034,0.24793165943446785,-0.21912527761438574,-0.0209911431324574,-0.06514684161963279,0.3849033400108213,1
sample_07828.html,-0.27850381842436617,-0.04356164669757005,-0.021653471751118984,-0.2725345318601957,0.8632320162622243,-0.2634653559448614,-0.10977361938621372,0.512825015791337,-0.15475059906183664,-0.2595048967790782,-0.013277460581056975,-0.09857530904933781,0.1220729304087489,0
sample_01938.html,-0.4520377787088923,-0.4805110314497277,-0.5789898120788778,-0.4913546774013112,-1.193547989077645,-0.3365771940723391,-0.44887348689285445,-1.9925510562714843,-0.78314774430479,-0.2694943572651209,-0.027419211925291086,-0.10364022835686888,-0.3673539818824813,0
sample_04868.html,-0.2897862121270753,-0.1833854498182605,-0.5789898120788778,-0.2899174406181348,0.9584711893777722,-0.20253882417196337,-0.10977361938621372,-1.9925510562714843,0.27256085477986597,-0.2694943572651209,-0.02613359816672435,-0.09264211786051571,0.19380024437691223,1
sample_07555.html,0.5209343639390237,0.2972588734091129,2.128072412370236,-0.04655671800698761,1.3056692396722442,-0.3365771940723391,-0.44887348689285445,0.7316216540103058,1.3198962936370227,5.286088595044807,0.007292359556010826,0.3417832467454346,-1.2451071967535092,0
sample_04875.html,0.09703871482295208,-0.20960241290338993,0.2968244370076003,0.5567324682979571,0.3776107765695002,0.601691395230291,-0.10977361938621372,0.41803782825773483,1.2889845081905018,-0.0697162469448076,-0.02613359816672435,-0.05921365043081068,0.40578274502444245,0
sample_07003.html,-0.4482769808079893,-0.4717720437546845,-0.5789898120788778,-0.48419700908921864,-2.256016803315404,-0.3365771940723391,-0.44887348689285445,-1.9925510562714843,0.18555643127194,-0.2694943572651209,0.013720428348844514,-0.1034955163766537,-0.6047046619066417,1
sample_09268.html,-0.43054750498944633,-0.4717720437546845,-0.4993703348891979,-0.44840866752875586,-0.4802532427832406,-0.30002127500860026,-0.10977361938621372,0.15641832936714456,1.0097295232428287,-0.25876123694289505,-0.011991846822490236,-0.10364022835686888,0.526540205527383,1
sample_08925.html,-0.4520377787088923,-0.4805110314497277,-0.4993703348891979,-0.49237720144589586,-2.256016803315404,-0.3365771940723391,-0.44887348689285445,0.32146681233332947,-0.8329860769671793,-0.2532337354739514,-0.027419211925291086,-0.10364022835686888,0.7857714262425866,0
sample_07509.html,-0.33115498903700874,-0.34942621602408036,-0.4993703348891979,-0.4003500374332772,0.4618700726624893,-0.2817433154767308,-0.10977361938621372,0.3316516123233787,0.10189476822759043,-0.26031515301850167,-0.004278164271089811,-0.09582578142524951,-0.3917082617145721,1
sample_05207.html,-0.44344166922111394,-0.4805110314497277,-0.34013138050983827,-0.4811294369554647,-1.206297613927975,-0.32439188771775945,-0.44887348689285445,0.5438461228380184,0.46300534631705065,-0.2272611382102405,0.10757023272421636,-0.09654934132632538,-0.4609380949665904,1
sample_02118.html,-0.3821943891206929,-0.2882533021587783,-0.5789898120788778,-0.37376441227407625,1.0593858893389494,-0.31829923454046966,-0.44887348689285445,-1.9925510562714843,-0.21975109512932214,-0.2694943572651209,-0.02613359816672435,-0.10204839657450197,0.22725216280225038,1
sample_04280.html,-0.4455906965930585,-0.4717720437546845,-0.4993703348891979,-0.4913546774013112,-0.6410641991334519,-0.3365771940723391,-0.44887348689285445,-0.005455460610140438,-1.4395547351151659,-0.26449962702209956,0.057431296140113594,-0.1024825325151475,2.008436325033259,0
sample_01072.html,-0.31073922900353507,-0.22708038829347624,-0.34013138050983827,-0.4064851817007851,0.5594247607816372,-0.2634653559448614,-0.10977361938621372,0.13569238815930498,-0.49277958298989644,-0.2457860377115796,-0.017134301856757187,-0.09264211786051571,0.6172365034544661,1
sample_00740.html,-0.27635479105242156,-0.27951431446373515,-0.4993703348891979,-0.19073260829342353,0.9069912988487268,0.05944526245149831,0.22932624812042704,0.5158721469116178,-0.3909541146314668,-0.1782572848259312,-0.02613359816672435,-0.007985609434639327,-0.16052207318999745,1
sample_06589.html,-0.3827316459636791,-0.4717720437546845,-0.4993703348891979,-0.298097632974812,0.8515881575333585,-0.025851882030558975,-0.10977361938621372,-0.5752665378862237,-1.4282888872786585,-0.22860416567558622,-0.02613359816672435,-0.07498725627426457,2.291354923301923,1
sample_01150.html,-0.3676884543600669,-0.3319482406339941,0.6153023457663196,-0.4003500374332772,0.3636852078323788,-0.32439188771775945,0.22932624812042704,0.6240494944768348,0.6480228239407538,0.7466335633751391,-0.02613359816672435,-0.08656421469147843,-0.8955610556811021,0
sample_07890.html,0.2797060414382428,0.2011300087636382,1.5707360720424772,0.1620381870882814,1.4549333192347311,-0.2573727027675716,-0.44887348689285445,0.7369303877712003,1.4798029351289357,3.6664418694400096,-0.024847984408157612,0.003012501061713843,-1.2136451508703203,0
sample_00579.html,2.7553855739184177,1.5818900645804563,0.05796600543856084,1.3522561749848163,0.8860473600838238,1.9542604005886282,0.5684261156270678,0.34275780231337655,0.18972700081255112,0.5360779351304398,-0.02613359816672435,0.29243646149206043,-0.4860365382382279,0
sample_05549.html,-0.42947299130347405,-0.46303305605964135,-0.4993703348891979,-0.40955275383453904,-1.6314843516975803,-0.30002127500860026,-0.10977361938621372,0.5756734079598501,0.39549708076708867,-0.21544027663509,-0.02613359816672435,-0.10016714083170472,-0.8776987342029211,1
sample_09398.html,-0.24358212363026646,-0.17464646212321733,0.7745413001456792,-0.29196248870730407,0.3058111284749784,-0.2817433154767308,0.22932624812042704,0.5134108860366852,0.14175024394801972,-0.1877694710887518,-0.02613359816672435,-0.09654934132632538,0.08644278439709091,1
sample_06348.html,-0.4321592755184048,-0.4717720437546845,-0.26051190332015844,-0.40341760956703115,0.5828969583124956,-0.2817433154767308,-0.10977361938621372,0.024582810659336783,-0.17808586713888505,-0.26544307606800355,-0.02613359816672435,-0.09148442201879432,-0.15380238606495758,1
sample_00768.html,-0.4520377787088923,-0.4805110314497277,-0.4993703348891979,-0.49237720144589586,-2.256016803315404,-0.3365771940723391,-0.44887348689285445,0.7697390010992521,1.3592723457167761,2.1264777403122124,-0.027419211925291086,-0.10364022835686888,-1.5522331665246654,1
sample_04013.html,-0.06413833807289265,-0.34942621602408036,0.2968244370076003,0.2172544854958526,1.1845389647566475,0.49202363803907456,-0.10977361938621372,0.48908255904969083,-0.13796277343308097,3.211943616126148,-0.02613359816672435,-0.02564047102089047,-0.6002329929508415,0
sample_07078.html,-0.4450534397500724,-0.4717720437546845,-0.4197508576995181,-0.44431857135041725,-0.39815993726979915,-0.3304845408950493,-0.10977361938621372,0.28610712914078423,-0.3490608862942176,-0.26673060653064906,0.009863587073144301,-0.1034955163766537,0.281818294460598,1
sample_07190.html,0.07178764320260307,0.30599786110415605,-0.18089242613047862,-0.23367861816597893,-0.4981841220857818,-0.31220658136317986,-0.10977361938621372,0.7216656731928469,-0.06333454484992862,-0.2405138224550571,-0.02613359816672435,-0.05964778637145619,-0.09233433993662948,0
sample_07092.html,2.808574001374047,-0.4805110314497277,-0.4993703348891979,3.3001644799185783,1.6425691631664705,6.676066612988228,0.22932624812042704,0.6352980278140516,-1.1085684231301818,-0.24232302474308481,-0.02613359816672435,0.07146126770349082,0.4583138156182414,1
sample_04986.html,0.5773463324525694,0.13995709489833613,0.21720495981792048,0.5260567469604175,0.6884828037035106,2.2832636721622777,-0.10977361938621372,0.49701310441177743,-0.21704416106971372,-0.13631265018509203,-0.014563074339623712,-0.0764343760764163,0.6278962620707128,0
sample_08260.html,0.06963861583065847,0.5594285042604075,-0.021653471751118984,-0.09870544428080485,0.0035218093376702822,-0.3304845408950493,-0.44887348689285445,0.72168154857078,-0.2055881331176284,-0.203264234242658,-0.01584868809819045,-0.06948820102608798,0.2752341207521224,0
sample_06578.html,-0.45150052186590617,-0.4805110314497277,-0.5789898120788778,-0.4790843888662954,-0.5478938590302147,-0.3304845408950493,-0.10977361938621372,-1.9925510562714843,0.25355764994408636,-0.2694943572651209,-0.013277460581056975,-0.10364022835686888,-0.3504966943414447,1
sample_01191.html,-0.3574805743433301,-0.4368160929745119,-0.4197508576995181,-0.3962599412549386,-0.016430974473253358,-0.1537975987536449,-0.10977361938621372,0.41972320230987953,-0.23496610952004077,-0.23362109471968764,-0.02613359816672435,-0.08859018241449086,0.33526935434883914,1
sample_06169.html,0.4177810500856831,0.03508924255781832,1.0133997317147188,0.3706330921835504,1.3804384767424591,0.7722856841944056,0.5684261156270678,0.7273446576480085,0.6021891431272149,0.2797816772602051,-0.02613359816672435,-0.03186308617014292,-0.11307918328271535,0
sample_04779.html,-0.4477397239650031,-0.4805110314497277,-0.5789898120788778,-0.4688591484204489,-0.6502400691274753,-0.30002127500860026,-0.10977361938621372,-1.9925510562714843,-0.14469037377730304,-0.2694943572651209,-0.02613359816672435,-0.1034955163766537,-0.6095858697734594,1
sample_07988.html,-0.32470790692117496,-0.34942621602408036,-0.26051190332015844,-0.25208405096850267,0.9657775922582222,-0.25128004959028183,0.22932624812042704,0.43991302457145126,0.1415018772766449,-0.15673554717877927,-0.02613359816672435,-0.09162913399900949,0.08580931067340214,1
sample_09778.html,0.057281708441977046,-0.3406872283290372,-0.4197508576995181,-0.061894578675757386,1.511255681477797,0.5895060888757114,-0.44887348689285445,0.5713161510430914,1.9212697261641476,-0.2630456055513533,-0.02613359816672435,0.15047400890097543,-0.16621477096193193,0
sample_08386.html,-0.4224886523446541,-0.4542940683645982,-0.5789898120788778,-0.3461562630702906,0.8293684950351394,-0.2573727027675716,-0.10977361938621372,-1.9925510562714843,-0.3157626692351515,-0.2694832578645808,-0.02613359816672435,-0.10161426063385645,-0.2512323344487279,1
sample_04237.html,-0.1565465150665103,-0.3232092529389509,0.13758548262824066,0.18862381224748234,0.4865064047392356,0.3579852681386988,-0.44887348689285445,0.5041952492960062,0.44099095631791985,-0.2055618101544478,-0.02613359816672435,-0.05805595458908929,-0.062384675411422265,0
sample_04381.html,-0.4455906965930585,-0.4805110314497277,-0.4993703348891979,-0.46579157628669493,-0.011458551560718802,-0.31220658136317986,-0.10977361938621372,0.4784841981087027,0.3745813572836865,-0.2605260416287626,-0.011991846822490236,-0.10364022835686888,-0.7124243340991806,1
sample_05853.html,0.02128549996190506,0.5594285042604075,0.13758548262824066,0.2428175866104689,1.0708399689314625,0.1386497537562658,-0.10977361938621372,0.6417167950731887,-0.5577579771274646,-0.2256517251319336,-0.02613359816672435,-0.06659396142178452,1.082119320651747,0
sample_05260.html,-0.436457330262294,-0.4717720437546845,-0.5789898120788778,-0.4340933309045707,0.8975055093568943,-0.2878359686540206,-0.10977361938621372,-1.9925510562714843,-0.17669786954526817,-0.2694943572651209,-0.02613359816672435,-0.10262724449536266,0.009065392760778418,1
sample_08331.html,-0.155472001380538,0.2186079841537245,-0.18089242613047862,-0.368651792051153,-0.7397151513966914,-0.32439188771775945,-0.10977361938621372,0.3978614639196898,-0.0981784961584428,0.4891940672492795,-0.01970552937389066,-0.0948127975637433,-1.3833623284798797,0
sample_06758.html,-0.4036846628401389,-0.4018601421943393,-0.4993703348891979,-0.4064851817007851,0.9518734680729665,-0.3365771940723391,-0.10977361938621372,0.42594168742850946,-0.35452893414143355,-0.26529878386098293,0.01629165586597799,-0.10089070073278059,0.4939973378014802,1
sample_09166.html,-0.4520377787088923,-0.4805110314497277,-0.4993703348891979,-0.4852195331338033,-0.40012369137235887,-0.3365771940723391,-0.44887348689285445,0.1826758141023251,-1.371332613022553,-0.26544307606800355,-0.027419211925291086,-0.10364022835686888,1.9588802524150895,0
sample_08742.html,-0.4079827175840281,-0.4105991298893824,0.13758548262824066,-0.4044401336116158,0.09138111336020502,-0.3365771940723391,-0.10977361938621372,0.9475962766579223,2.00879505531077,0.3590535959172237,0.018862883383111463,-0.1003118528119199,-0.8312432904322309,0
sample_09666.html,-0.4375318439482663,-0.46303305605964135,-0.4993703348891979,-0.44431857135041725,-0.10060197303271895,-0.3304845408950493,-0.10977361938621372,0.131928301918595,-0.33424727055565656,-0.25268986484748907,-0.02613359816672435,-0.10335080439643853,1.595780266455944,1
sample_04251.html,-0.3182608248053412,-0.38438216680425297,-0.4993703348891979,-0.4463636194395865,0.15356101770061767,-0.31829923454046966,-0.10977361938621372,0.7191852717500068,2.246241308091101,-0.20165482116435113,0.02529095217594515,0.1073498387968538,-0.2891878249788306,1
sample_08314.html,0.6633074273303532,0.6380793935157958,0.2968244370076003,1.2203505732333964,1.3626264054654775,0.4067264935570173,0.9075259831337085,0.7462837694034481,0.5506229535317787,0.40802415109991286,-0.02613359816672435,0.06697519631682045,-0.772496320853613,0
sample_09287.html,2.9692137974269053,3.3646435543692594,0.7745413001456792,2.45862719122541,0.05587596051396928,0.37017057449327845,0.9075259831337085,0.5208322147047149,0.2094305661855366,-0.19932394705094117,-0.018419915615323922,0.31587980228691853,-0.2979702390785542,0
sample_06771.html,0.10509756746774432,-0.1484294990380879,0.6949218229559994,1.2091028087429652,0.7442817093409466,0.7844709905489853,0.9075259831337085,0.5843341255429593,-0.5847792151893655,0.04580631387600579,-0.02613359816672435,-0.07903919172028942,0.7467915669286234,0
sample_01045.html,-0.09046392337921395,0.19239102106859504,-0.4993703348891979,0.47186297259743093,0.3474989981623883,0.10818648786981676,-0.44887348689285445,-0.08352276341770193,0.5187516049310746,-0.2686397034235372,-0.02613359816672435,0.01560244334043392,-0.555410633175284,0
sample_06569.html,0.2549922266608799,0.6293404058207527,-0.26051190332015844,0.07103354712024737,0.7620896685448648,0.028981996565049278,-0.10977361938621372,0.5008371463378436,-0.5657572225543709,-0.21519608982320895,-0.02613359816672435,-0.08193343132459288,0.5314965494168732,0
sample_08721.html,-0.19898980566241609,-0.4105991298893824,-0.4993703348891979,-0.10381806450372812,0.05126447950801817,0.08990852833794734,-0.10977361938621372,0.2938333275043016,-0.2597052917733448,-0.26742986876467206,-0.02613359816672435,-0.06355500983726588,0.011242733786358495,0
sample_00885.html,-0.44129264184916933,-0.4805110314497277,-0.5789898120788778,-0.32059316195567433,-1.6769146378536854,-0.17816821146280412,0.22932624812042704,-1.9925510562714843,0.04496721901263572,-0.2694943572651209,-0.02613359816672435,-0.10146954865364127,-0.7120212879418145,1
sample_05026.html,0.705750717926259,1.5993680399705426,2.605789275508315,0.307236601419302,1.511600029746393,-0.2634653559448614,-0.10977361938621372,0.6566807543381874,0.6168421406930416,0.4500131833429122,-0.02613359816672435,0.01386589957785184,-0.5323064952494936,0
sample_00843.html,1.739970140674596,3.1024739235179646,5.392470977147108,1.8379550961625262,1.6424779163257577,0.21176159188374347,-0.10977361938621372,0.4313405011047647,-0.47315989061694386,0.1232357320433765,-0.022276756891024138,0.04367656750217754,0.6154307226423422,0
sample_04677.html,-0.4520377787088923,-0.4805110314497277,-0.4197508576995181,-0.48419700908921864,-1.3060446849895713,-0.3365771940723391,-0.44887348689285445,0.7425931555207629,1.3562485632516466,-0.2043408760950426,-0.027419211925291086,-0.10364022835686888,-1.217074393886022,1
sample_03346.html,1.054967665867256,0.1486960825933793,-0.5789898120788778,3.142695777052542,2.2107445512471893,2.929084908954997,-0.10977361938621372,-1.9925510562714843,-0.3040444386954115,-0.2694610590635007,-0.018419915615323922,0.08405120998221088,1.514398671089049,1
sample_00417.html,-0.4520377787088923,-0.4805110314497277,-0.5789898120788778,-0.49237720144589586,-2.256016803315404,-0.3365771940723391,-0.44887348689285445,-1.9925510562714843,-1.3950323556491044,-0.2694943572651209,-0.027419211925291086,-0.10364022835686888,-1.3133725301468988,1
sample_06576.html,-0.4488142376509754,-0.4805110314497277,-0.4993703348891979,-0.46681410033127957,-1.7152960677142615,-0.31220658136317986,-0.10977361938621372,0.3391934432522604,0.2464135300654432,-0.2680514351949147,-0.02613359816672435,-0.10364022835686888,-0.7553287631290673,1
sample_02492.html,-0.3295432185080503,-0.3406872283290372,-0.021653471751118984,-0.23879123838890218,1.4800981647374434,-0.2634653559448614,-0.10977361938621372,0.7116872089326881,0.8413545078616831,-0.08517771189709364,-0.013277460581056975,-0.09683876528675574,-0.4544011045421773,1
sample_01564.html,-0.4488142376509754,-0.4805110314497277,-0.4993703348891979,-0.4852195331338033,-1.3384300946045464,-0.31829923454046966,-0.44887348689285445,-0.07134170978834635,-3.039051443683039,0.60635933935002,-0.017134301856757187,-0.10364022835686888,4.626342628098604,1
sample_03840.html,-0.15977005612442718,-0.2532973513786057,-0.26051190332015844,-0.07416486721077321,-0.40816538015388293,0.23613220459290268,-0.10977361938621372,0.4944803395178767,-0.8482493046206059,-0.25839495672507345,-0.02613359816672435,-0.09741761320761642,0.6626273703042281,0
sample_04290.html,-0.4477397239650031,-0.4805110314497277,-0.5789898120788778,-0.46681410033127957,-0.7621856442956967,-0.31220658136317986,-0.10977361938621372,-1.9925510562714843,-0.26850411307682354,-0.2694943572651209,-0.011991846822490236,-0.1034955163766537,-0.6277019301503487,1
sample_09046.html,0.46291062489651963,-0.3581652037191235,0.2968244370076003,0.27349330794800847,0.49364535116567626,1.5338673313556315,-0.10977361938621372,0.7039213155696818,0.737155434374799,0.3828174124734652,-0.02613359816672435,-0.09408923766266744,-1.0616098665907958,0
sample_02520.html,4.040503942341287,3.00634505887249,-0.18089242613047862,4.103868378962115,0.8916849516928281,7.175664173525992,-0.10977361938621372,0.5579945697115454,-0.2829716558027747,-0.17084288526517952,-0.01970552937389066,1.0829980094075522,0.980434910693354,0
sample_00836.html,-0.3854179301786098,-0.3756431791092098,-0.34013138050983827,-0.19993532469468542,-0.43331544278421275,-0.2817433154767308,0.22932624812042704,0.3675598416052989,0.005229823683246657,-0.19735935315535277,-0.018419915615323922,-0.10291666845579302,-0.08366112925975965,1
sample_05425.html,-0.4321592755184048,-0.4805110314497277,-0.5789898120788778,-0.42284556641413956,0.5170569637496647,-0.2695580091221512,-0.44887348689285445,-1.9925510562714843,-1.2982371814762355,-0.2694943572651209,-0.017134301856757187,-0.10364022835686888,1.3190869282104958,1
sample_08632.html,1.0528186384953113,2.0450564124177433,0.5356828685766397,0.5567324682979571,0.5894175797613833,-0.30002127500860026,-0.10977361938621372,0.5621731374682788,0.4156749917187938,2.8252516007114368,-0.005563778029656549,0.037888088293570606,-0.8371435737937879,0
sample_09486.html,0.2571412540328245,-0.4805110314497277,-0.4993703348891979,-0.4688591484204489,-0.5489360303368964,-0.31829923454046966,-0.10977361938621372,-0.20462415774132237,1.568433752183847,-0.26396685579617724,-0.009420619305356762,1.5897793641210891,-1.5135755590018523,1
sample_01021.html,5.130598076760183,9.088680494622524,0.7745413001456792,4.230661360490612,0.2835007823507664,-0.06240780109429781,-0.10977361938621372,0.47108064324132753,0.22880743088877536,-0.11625603340922638,-0.02613359816672435,0.19967608217413435,0.08693748528973166,0
sample_03563.html,0.8803591918967575,0.6380793935157958,1.1726386860940783,2.437154186289132,1.1199408647074987,1.2962538574413291,1.9248255856536307,0.26999540777499026,-0.22698328796695336,0.226604449272838,-0.02613359816672435,0.07435550730779428,0.4472297333868809,0
sample_01918.html,-0.4520377787088923,-0.4805110314497277,-0.5789898120788778,-0.483174485044634,-1.4219469707433412,-0.3365771940723391,-0.44887348689285445,-1.9925510562714843,-0.757416030120799,-0.2694943572651209,-0.027419211925291086,-0.10364022835686888,-0.058246118615830955,1
sample_03680.html,-0.29086072581304756,-0.13095152364800158,0.45606339138695995,-0.2970751089302273,0.4197113433570113,-0.20863147734925316,-0.10977361938621372,0.5451863495590565,0.3391441559791337,-0.18355169888353381,-0.02613359816672435,-0.09018201419685776,-0.04047112337049061,1
sample_01203.html,-0.4520377787088923,-0.4805110314497277,-0.5789898120788778,-0.483174485044634,-0.7179667058248038,-0.3365771940723391,-0.44887348689285445,-1.9925510562714843,0.5549298504953988,-0.2694943572651209,-0.027419211925291086,-0.10364022835686888,-0.4315231178309071,0
sample_01014.html,-0.155472001380538,0.2186079841537245,-0.18089242613047862,-0.368651792051153,-0.7397151513966914,-0.32439188771775945,-0.10977361938621372,0.39787327298297037,-0.09332528264567322,0.4891940672492795,-0.01970552937389066,-0.0948127975637433,-1.3831518876431699,0
sample_09344.html,-0.4520377787088923,-0.4805110314497277,-0.4993703348891979,-0.49237720144589586,-2.256016803315404,-0.3365771940723391,-0.44887348689285445,0.20717337892026746,-1.1714825284295871,-0.26839551661165617,-0.027419211925291086,-0.10364022835686888,-0.41888622446431234,1
sample_06260.html,1.3853806243037377,2.1674022401483475,-0.021653471751118984,0.07103354712024737,0.15921222941613056,-0.25128004959028183,-0.10977361938621372,0.466154490211787,0.3090884952127427,-0.011666382120359675,-0.02613359816672435,0.148448041177963,-0.6183744376477278,1
sample_08606.html,-0.3821943891206929,-0.2882533021587783,-0.5789898120788778,-0.37376441227407625,1.058935826273015,-0.31829923454046966,-0.44887348689285445,-1.9925510562714843,-0.7784829495514248,-0.2694943572651209,-0.02613359816672435,-0.10204839657450197,0.24957767875857506,1
sample_09826.html,-0.44720246712201694,-0.4805110314497277,-0.5789898120788778,-0.43307080685998606,0.4751530376283746,-0.2817433154767308,-0.10977361938621372,-1.9925510562714843,-0.6815892321356279,-0.2694610590635007,-0.02613359816672435,-0.10364022835686888,-0.3423017440705612,1
sample_06320.html,-0.41657882707180643,-0.42807710527946874,-0.5789898120788778,-0.4637465281975256,-0.8429332784412412,-0.3365771940723391,-0.10977361938621372,-1.9925510562714843,0.47330023626095186,-0.26943886026242064,0.03429024848591231,-0.10146954865364127,-0.8821174181168785,1
sample_00495.html,-0.3886414712365267,-0.4805110314497277,-0.4993703348891979,-0.43920595112749394,0.13229338187351822,-0.2208167837038328,-0.10977361938621372,-0.1268481045386658,-0.4471929066292876,-0.2651655910545024,-0.02613359816672435,-0.10320609241622336,-0.02373773269279918,1
sample_08356.html,-0.3821943891206929,-0.38438216680425297,-0.1012729489407988,-0.13858388201960628,-0.262614660025397,-0.11724167968990606,-0.10977361938621372,0.7333237128190733,-1.1461672462272245,-0.25086956315892134,-0.023562370649590873,-0.10002242885148954,1.5602336005680366,0
sample_08130.html,-0.3805826185917345,-0.39312115449929613,-0.4197508576995181,-0.37989955654158414,-0.6031032847622627,-0.2695580091221512,-0.44887348689285445,0.6309787548886824,-0.46324316693423057,-0.2498151201076168,-0.02613359816672435,-0.0959704934054647,0.4100363721889575,0
sample_00760.html,-0.4224886523446541,-0.4368160929745119,-0.5789898120788778,-0.44431857135041725,0.4572772201348041,-0.3365771940723391,-0.10977361938621372,-1.9925510562714843,-0.25029871503619344,-0.2694943572651209,0.012434814590277775,-0.09900944498998333,0.12857606203550778,1
sample_05632.html,-0.19146820986061,-0.2008634252083468,1.4114971176631177,-0.2214083296309631,0.4394034798740179,-0.025851882030558975,-0.44887348689285445,0.5933186334443252,0.29617164634442167,0.10364529009019283,-0.02613359816672435,-0.08569594281018739,-0.08357070006433066,0
sample_01577.html,0.50051860390555,-0.3232092529389509,-0.34013138050983827,1.0659494425011138,-0.11216182798329287,0.30924404272038036,-0.10977361938621372,0.25750996124071246,-1.485745100854767,-0.2641999432075183,-0.017134301856757187,-0.0883007584540605,0.06647269083606439,0
sample_07825.html,-0.12001304974345216,-0.017344683612440594,0.13758548262824066,-0.17948484380299237,-0.20457636421264538,-0.19035351781738374,0.22932624812042704,0.49375645928152045,0.09574264466255028,-0.14979842184124964,-0.02613359816672435,-0.06977762498651832,-0.09768573789917252,1
sample_04788.html,0.30925516780248097,0.8041201597216157,-0.021653471751118984,0.1109119848590488,0.3169189400239898,-0.2573727027675716,0.22932624812042704,0.4216784927450552,-0.018232169335549563,-0.05664115310863176,-0.02613359816672435,-0.03331020597229466,-0.4102239393447909,0
sample_01483.html,-0.4520377787088923,-0.4805110314497277,-0.5789898120788778,-0.49237720144589586,-2.256016803315404,-0.3365771940723391,-0.44887348689285445,-1.9925510562714843,-0.6068528835791147,-0.2694943572651209,-0.027419211925291086,-0.10364022835686888,-1.2365311818165359,1
sample_08231.html,-0.28172735948228306,-0.22708038829347624,-0.26051190332015844,-0.2704894837710264,0.2103940097882705,-0.1537975987536449,-0.44887348689285445,0.4705713988720539,0.48618131723849645,-0.16357277791144847,-0.02613359816672435,-0.09162913399900949,0.10394276328597504,0
sample_04905.html,0.035254177879544935,0.27978089801902656,0.6949218229559994,0.7632823253040567,0.3386213231102819,-0.20253882417196337,1.58572571814699,0.7645109770081691,1.429196146457509,1.2768297283721237,-0.0209911431324574,-0.044453028448863,-0.6645513318566619,0
sample_02822.html,-0.10765614235477072,0.27104191032398345,0.45606339138695995,0.05569568645147759,0.24860867358707492,-0.29392862183131047,-0.10977361938621372,0.4851519102489263,-0.29252343627103744,-0.1243141982013008,-0.02613359816672435,-0.07976275162136529,0.20334056360764483,0
sample_04494.html,0.04331303052433717,-0.09599557286782896,0.6949218229559994,0.17737604775705118,0.1086101060001758,0.32142934907495996,0.22932624812042704,0.6045147538064111,-0.04513080258710746,-0.23584097482769714,-0.02613359816672435,-0.012761104781740047,-0.07319001251615762,0
sample_07314.html,-0.41872785444375105,-0.44555508066955507,-0.4993703348891979,-0.41466537405746234,-0.8807664702485071,-0.30002127500860026,-0.10977361938621372,0.40973863008096567,0.42220264208583586,-0.25702973045864763,-0.014563074339623712,-0.10045656479213506,-0.37157295495220827,1
sample_01638.html,-0.4520377787088923,-0.4805110314497277,-0.4993703348891979,-0.4893096293121419,-1.2220532489725586,-0.3365771940723391,-0.44887348689285445,0.30060282617631423,-0.5487448961154138,-0.2678294471841138,-0.027419211925291086,-0.10364022835686888,0.11082971052464799,1
sample_01631.html,-0.2430448667872803,-0.4018601421943393,-0.26051190332015844,-0.0169035207140327,0.31387733223700315,0.19957628552916384,0.22932624812042704,0.5603593557540677,0.17354010664982328,-0.26105881285468485,-0.02613359816672435,-0.07180359270953075,0.6779251453538524,0
sample_05538.html,0.08468180743427066,0.3322148241892855,1.0133997317147188,-0.009745852401940137,-0.0912666163757786,-0.20863147734925316,-0.10977361938621372,0.6593944923257402,0.4859354741476068,-0.10796478120581096,-0.01584868809819045,-0.021877959535295963,-0.3577120210704966,0
sample_02053.html,0.2802432982812289,0.5594285042604075,1.4911165948527976,0.27247078390342383,0.7682966338993601,0.24222485777019248,0.22932624812042704,0.6144577428092469,0.07857530857973379,-0.08804135723642588,-0.02613359816672435,-0.05950307439124102,0.38058413342689923,0
sample_05432.html,-0.4224886523446541,-0.4542940683645982,-0.5789898120788778,-0.3461562630702906,0.8293684950351394,-0.2573727027675716,-0.10977361938621372,-1.9925510562714843,-0.31533419359440495,-0.2694832578645808,-0.02613359816672435,-0.10161426063385645,-0.2512323344487279,1
sample_06271.html,-0.3461981806406209,-0.3319482406339941,-0.4993703348891979,-0.28071472421687294,-1.4084209634855933,-0.2817433154767308,0.22932624812042704,0.40468498024384036,9.743006634320484e-05,-0.26736327236143176,-0.013277460581056975,-0.09958829291084402,-0.7233704518342856,1
sample_00897.html,-0.4498887513369477,-0.4805110314497277,-0.5789898120788778,-0.4811294369554647,-1.1872981709558512,-0.32439188771775945,-0.10977361938621372,-1.9925510562714843,-0.29566648366498643,-0.2694943572651209,-0.0107062330639235,-0.10364022835686888,-0.7071849817689209,1
sample_07228.html,-0.440218128163197,-0.4717720437546845,-0.5789898120788778,-0.48419700908921864,-1.1872981709558512,-0.3304845408950493,-0.44887348689285445,-1.9925510562714843,-0.3423600719543027,-0.2694943572651209,0.031719020968778835,-0.10204839657450197,-0.6962347050209351,1
sample_07752.html,-0.28548815738318606,-0.2882533021587783,0.6153023457663196,-0.2643543395035185,0.6511908006814466,-0.10505637333532646,0.22932624812042704,0.38901923042026787,-0.264918331812376,-0.1106175379348823,-0.02613359816672435,-0.09162913399900949,0.909004007878316,0
sample_02516.html,-0.436457330262294,-0.4805110314497277,-0.4993703348891979,-0.44329604730583255,0.08141459285252393,-0.2878359686540206,-0.10977361938621372,0.5868729697593393,1.1220777273870426,-0.2577178932921306,-0.02613359816672435,-0.10320609241622336,-0.05163101958273635,1
sample_08651.html,-0.1860956414307485,-0.3319482406339941,-0.4993703348891979,-0.3492238352040446,0.2949767607005652,-0.01975922885326917,-0.10977361938621372,0.46495955400572214,1.6947911061090861,-0.1895231763740793,-0.0107062330639235,0.14700092137581128,-1.1326320388296085,0
sample_01026.html,-0.24680566468818335,-0.2358193759885194,-0.26051190332015844,-0.2674219116372724,0.22998489483319373,-0.13551963922177548,-0.44887348689285445,0.246281477383765,-0.9435686837746579,-0.26514339225342226,-0.02613359816672435,-0.09582578142524951,1.2583403860722255,0
sample_03992.html,0.08092100953336762,0.05256721794790462,0.7745413001456792,0.27553835603717775,0.7236343000980898,0.5590428229892624,0.5684261156270678,0.5833217768181552,0.43677271428184916,-0.141451672635134,-0.02613359816672435,-0.0634102978570507,0.06414562534677239,0
sample_09050.html,-0.45150052186590617,-0.4805110314497277,-0.4993703348891979,-0.4913546774013112,-2.256016803315404,-0.3304845408950493,-0.44887348689285445,0.9287741669767887,2.2286051268049976,-0.10339182818331144,-0.01970552937389066,-0.10364022835686888,-1.5370096539746319,1
sample_09562.html,-0.4450534397500724,-0.4717720437546845,-0.4197508576995181,-0.44431857135041725,-0.3629198587063006,-0.3304845408950493,-0.10977361938621372,0.28610712914078423,-0.4457262814779324,-0.26673060653064906,0.009863587073144301,-0.1034955163766537,0.2830969366871418,1
sample_04331.html,-0.4079827175840281,-0.42807710527946874,-0.4993703348891979,-0.459656432019187,-2.256016803315404,-0.31829923454046966,-0.10977361938621372,0.5777114856481682,0.4737126768652788,-0.21540697843346987,-0.01584868809819045,-0.0932209657813764,-0.6226158876397327,1
sample_01302.html,-0.3864924438645821,-0.4018601421943393,-0.4993703348891979,-0.38092208058616883,1.2437639660965925,-0.23909474323570218,-0.10977361938621372,0.19085149876051402,-0.22942335854025156,-0.23264434747216348,-0.0107062330639235,-0.0969834772669709,0.8742437213663447,1
sample_07054.html,0.8658532571361315,1.6605409538358447,0.3764439141972801,0.34404746702434946,-0.4049631411063223,-0.32439188771775945,0.5684261156270678,0.6273475237658256,-0.3364571905885629,-0.1294421212508027,-0.01584868809819045,0.018786106905167733,0.4445330502951647,0
sample_04169.html,0.2383372645283093,0.7866421843315294,1.0133997317147188,0.18862381224748234,-0.13037839038246601,-0.1598902519309347,-0.10977361938621372,0.635285201079665,0.21251599096668058,0.11523306425400232,-0.02613359816672435,-0.07050118488759419,-0.8871067733562571,0
sample_07471.html,-0.41013174495597265,-0.42807710527946874,-0.5789898120788778,-0.22447590176471705,0.4955438571457275,-0.11114902651261627,0.22932624812042704,-1.9925510562714843,0.04172654768007979,-0.2694832578645808,-0.02613359816672435,-0.08265699122566875,-0.7096057880187573,1
sample_08163.html,-0.45096326502292,-0.4805110314497277,-0.5789898120788778,-0.47806186482171076,-1.5106540643212891,-0.3304845408950493,-0.44887348689285445,-1.9925510562714843,-0.6223662289597627,-0.2694943572651209,-0.004278164271089811,-0.10364022835686888,-0.8307365818566329,1
sample_08370.html,-0.4224886523446541,-0.4368160929745119,-0.5789898120788778,-0.44431857135041725,0.4572772201348041,-0.3365771940723391,-0.10977361938621372,-1.9925510562714843,-0.25029871503619344,-0.2694943572651209,0.012434814590277775,-0.09900944498998333,0.12857606203550778,1
sample_09731.html,0.3114041951744256,1.4508052491548091,0.05796600543856084,0.7121561230748241,0.2390306016661736,-0.01975922885326917,-0.10977361938621372,0.48372295144410654,0.15865581778222318,-0.14525876702037024,-0.02613359816672435,-0.05299103528155823,0.08937996012705408,0
sample_01111.html,-0.45150052186590617,-0.4805110314497277,-0.4993703348891979,-0.4913546774013112,-2.256016803315404,-0.3304845408950493,-0.44887348689285445,0.9388748333387069,2.316246133791034,-0.21549577363779024,-0.01970552937389066,-0.10364022835686888,-1.505252891833849,1
sample_00865.html,-0.4520377787088923,-0.4805110314497277,-0.5789898120788778,-0.4913546774013112,-0.9582870354502327,-0.3365771940723391,-0.44887348689285445,-1.9925510562714843,-0.06247231207498814,-0.2694943572651209,-0.027419211925291086,-0.10364022835686888,-1.0118632616395813,1
sample_02705.html,-0.4455906965930585,-0.4717720437546845,-0.4993703348891979,-0.47703934077712606,-1.4081666871796918,-0.31829923454046966,-0.10977361938621372,0.2173557760218134,-2.4591378082919295,-0.2684621130148965,-0.017134301856757187,-0.1034955163766537,0.4738053824153941,1
sample_01750.html,-0.17158970667012247,-0.44555508066955507,-0.34013138050983827,-0.27969220017228824,-0.2669220050825458,-0.007573922498689558,-0.10977361938621372,0.6099264937507246,0.44609778451944354,-0.2593717039725976,-0.02613359816672435,-0.07093532082823971,0.09466353619302526,1
sample_03207.html,0.579495359824514,1.4333272737647227,0.2968244370076003,0.8614446335841833,0.7696241491626276,0.32752200225224976,-0.10977361938621372,0.6085123596366845,-0.04535237295384576,-0.10558950949024082,-0.02613359816672435,0.034704424728836794,0.13786843108765484,0
sample_08285.html,-0.40153563546819426,-0.4193381175844256,-0.4197508576995181,0.09250655205652507,-1.7211948395515415,-0.3365771940723391,-0.44887348689285445,0.6635971817037574,0.7238764877577778,-0.03496402385391918,-0.004278164271089811,-0.09032672617707294,-1.0276961412837837,1
sample_06668.html,-0.42410042287361255,-0.46303305605964135,-0.4993703348891979,-0.3901247969874307,-1.728782274465129,-0.23300209005841238,-0.44887348689285445,0.600801577825149,0.6668558493238483,-0.21778225014904,-0.02613359816672435,-0.10262724449536266,-1.0146062153793045,1
sample_03890.html,0.09112888955010444,0.27978089801902656,0.6153023457663196,0.13545256192908045,2.273625621577574,0.05944526245149831,0.22932624812042704,0.6849964550939652,0.9148388849629818,1.5517285815474777,0.0008642907631771383,-0.07122474478867005,-0.7011144396324063,1
sample_06097.html,-0.4520377787088923,-0.4805110314497277,-0.4993703348891979,-0.4903321533567266,-1.1508941274164883,-0.3365771940723391,-0.44887348689285445,0.8424621594641009,1.9046051233654422,-0.24940444228763506,-0.027419211925291086,-0.10364022835686888,-1.3479830270068687,0
sample_09339.html,-0.3778963343768037,-0.4018601421943393,-0.5789898120788778,-0.23572366625514823,-1.2932565980243298,-0.2695580091221512,-0.10977361938621372,-1.9925510562714843,0.5863279608027012,-0.26943886026242064,0.013720428348844514,-0.08164400736416254,-0.7022944259013647,1
sample_02030.html,-0.23176247308457118,0.04382823025286147,-0.021653471751118984,-0.31752558982192036,0.9090377788983321,-0.31220658136317986,-0.10977361938621372,0.6612510676925886,-0.10901392931735984,-0.2498373189086969,-0.02613359816672435,-0.0699223369667335,0.8165191649228972,1
sample_06679.html,0.019136472589960464,-0.22708038829347624,-0.4197508576995181,0.031155109381445945,1.367919576133019,0.37017057449327845,-0.10977361938621372,0.5797448255336946,-0.5926669724354838,-0.24725115858286587,-0.02613359816672435,-0.07484254429404939,0.6373689940827163,0
sample_03309.html,-0.19845254881942992,-0.34942621602408036,-0.1012729489407988,-0.4310257587708167,-0.18859903453090923,-0.3365771940723391,0.22932624812042704,0.7288866099905645,2.1026914260545757,-0.25331143127773176,0.0008642907631771383,0.17275965385411213,-1.0152871461778719,1
sample_02323.html,-0.3273941911361057,-0.3406872283290372,-0.4993703348891979,-0.3931923691211846,0.4911933928541008,-0.2817433154767308,-0.10977361938621372,0.343253371727165,0.016396757465000942,-0.25871683934073486,-0.004278164271089811,-0.09582578142524951,-0.20254721649351112,1
sample_04276.html,0.0003324830854452439,0.05256721794790462,1.0133997317147188,0.12011470126031067,-0.554196056120969,-0.18426086464009395,-0.44887348689285445,0.41445290068466434,-0.44495965377720714,-0.18321871686733238,-0.02613359816672435,-0.08613007875083291,0.6757288736489526,0
sample_05793.html,0.8277080212841149,1.6954969046160173,0.6153023457663196,0.5413946076291872,0.27165981663811584,-0.2817433154767308,0.22932624812042704,0.7254187985913748,-0.29832636067376245,-0.19451790661710064,-0.02613359816672435,-0.058779514490165156,0.804126805868509,0
sample_03569.html,0.43658503959019834,-0.19212443751330363,1.0930192089043984,0.1559030428207735,0.5954625512390463,0.9916211985768387,-0.10977361938621372,0.18308268784708998,-1.1436961871155817,-0.23732829450006349,-0.02613359816672435,-0.08251227924545358,1.1465299009874492,0
sample_06147.html,-0.37628456384784525,-0.3232092529389509,-0.26051190332015844,-0.40546265765620043,-0.4876041880751487,-0.3304845408950493,-0.44887348689285445,0.6062725505004879,0.698141755577531,-0.2473066555855661,-0.014563074339623712,-0.07932861568071976,-1.0136906067379279,1
sample_08149.html,-0.44344166922111394,-0.4805110314497277,-0.5789898120788778,-0.3850121767645074,0.0595402354823181,-0.2634653559448614,1.58572571814699,-1.9925510562714843,0.039198919164220844,-0.2694943572651209,-0.02613359816672435,-0.10060127677235024,-0.38186106209139314,1
sample_06418.html,-0.18770741195970694,-0.39312115449929613,0.05796600543856084,0.011727152534337554,0.6390844942188789,0.32142934907495996,-0.10977361938621372,0.47664712163098166,0.015621037149277093,-0.24039172904911657,-0.01970552937389066,-0.021443823594650444,0.17806694636400838,0
sample_04628.html,-0.43054750498944633,-0.4717720437546845,-0.4993703348891979,-0.44840866752875586,-0.4802532427832406,-0.30002127500860026,-0.10977361938621372,0.15641832936714456,1.0097295232428287,-0.25876123694289505,-0.011991846822490236,-0.10364022835686888,0.526540205527383,1
sample_00106.html,-0.3821943891206929,-0.2882533021587783,-0.5789898120788778,-0.37376441227407625,1.0382979916803985,-0.31829923454046966,-0.44887348689285445,-1.9925510562714843,-0.7124115952801254,-0.2694943572651209,-0.02613359816672435,-0.10204839657450197,0.24590274107911073,1
sample_03339.html,-0.36392765645916386,-0.3756431791092098,-0.5789898120788778,-0.33695354666902877,-1.0691575063908327,-0.32439188771775945,-0.44887348689285445,-1.9925510562714843,-0.09402457967396317,-0.2694943572651209,-0.01584868809819045,-0.07932861568071976,-0.4259827259789553,1
sample_09786.html,-0.389715984922499,-0.3581652037191235,-0.4993703348891979,-0.40546265765620043,-0.19781431138711608,-0.3304845408950493,-0.10977361938621372,0.6302615171897301,0.5515874968948005,-0.19206493909775016,-0.0209911431324574,-0.09336567776159158,-1.0549935550555134,1
sample_03343.html,0.43443601221825373,0.5769064796504938,-0.5789898120788778,0.26122301941299264,0.9372312176887483,0.163020366465425,0.22932624812042704,-1.9925510562714843,0.7805190191574087,-0.2694943572651209,0.012434814590277775,-0.08338055112674461,0.3253831199778064,1
sample_00151.html,-0.4289357344604879,-0.4542940683645982,-0.4197508576995181,-0.42284556641413956,0.4287910489796478,-0.32439188771775945,0.22932624812042704,0.3349202772369832,0.26634557217543753,-0.26047054462606234,-0.008135005546790024,-0.10219310855471715,-0.0802796171097538,1
sample_07119.html,0.1846115802296944,-0.1484294990380879,-0.021653471751118984,0.24588515874422287,0.6173414385513012,0.8210269096127242,-0.10977361938621372,0.6223165010883119,-0.5199147426851977,-0.2010887517368087,-0.02613359816672435,-0.05183333943983684,0.7414363098193322,0
sample_08413.html,-0.4171160839147926,-0.4805110314497277,-0.4993703348891979,-0.4535212877516791,-0.1267128557510875,-0.2817433154767308,-0.44887348689285445,0.07151992285643832,0.10167144680500566,-0.2685287094181367,0.0008642907631771383,-0.10364022835686888,-1.2455949746497872,1
sample_02442.html,-0.2892489552840891,-0.19212443751330363,-0.26051190332015844,-0.07518739125535787,0.620491946629633,-0.2695580091221512,-0.44887348689285445,0.5968975559810235,0.07824947313758095,-0.1887018207341158,-0.004278164271089811,-0.07180359270953075,-0.3571521188505287,1
sample_03775.html,-0.4343083028903494,-0.4805110314497277,-0.5789898120788778,-0.3931923691211846,-0.7630267661155536,-0.30002127500860026,0.22932624812042704,-1.9925510562714843,0.18932311978122132,-0.2694943572651209,0.00472113203887735,-0.1034955163766537,0.47376810775136136,1
sample_04854.html,-0.3273941911361057,-0.3406872283290372,-0.4993703348891979,-0.3931923691211846,0.4911933928541008,-0.2817433154767308,-0.10977361938621372,0.343253371727165,0.015338298281638785,-0.25871683934073486,-0.004278164271089811,-0.09582578142524951,-0.20254721649351112,1
sample_02714.html,0.022897270490863507,0.39338773805458754,-0.18089242613047862,-0.15187669459920677,1.2431505707618578,-0.22690943688112258,-0.10977361938621372,0.6073870649560952,1.1380726826530942,-0.19815850999423618,-0.011991846822490236,-0.0693434890458728,-1.1467559422718454,1
sample_04786.html,-0.3999238649392358,-0.46303305605964135,0.3764439141972801,-0.342066166891952,-0.009064198608462463,-0.25128004959028183,-0.44887348689285445,0.4808771235341494,0.10478566872959927,-0.09969572780347565,-0.0017069367539563366,-0.10320609241622336,0.9231476894476387,1
sample_05403.html,-0.0012792874435132034,-0.12221253595295842,1.0133997317147188,0.0853488837444325,0.41638368305298495,0.31533669589767016,-0.10977361938621372,0.07877592658065825,0.9084174284078709,-0.11571216278276406,-0.022276756891024138,-0.028100574684548418,0.5385036256357482,0
sample_05060.html,-0.3273941911361057,-0.3406872283290372,-0.4993703348891979,-0.3931923691211846,0.4911933928541008,-0.2817433154767308,-0.10977361938621372,0.343253371727165,0.016215829619510687,-0.25871683934073486,-0.004278164271089811,-0.09582578142524951,-0.20254721649351112,1
sample_09258.html,-0.19415449407554072,-0.017344683612440594,0.05796600543856084,1.0966251638386535,0.2916040371628663,-0.013666575675979363,-0.10977361938621372,0.21306891368772674,-0.8386847028184217,-0.19887997102933927,-0.02613359816672435,-0.09191855795943984,1.133155688951723,0
sample_03458.html,1.8098135302627953,0.13995709489833613,0.05796600543856084,1.3686165596981708,0.9204484122284661,7.419370300617584,-0.44887348689285445,0.5000525894039214,-0.6802652794096496,-0.14209543786645673,-0.013277460581056975,-0.07614495211598594,0.7998786545203261,0
sample_04508.html,0.6122680272466691,1.1362016921332556,1.0133997317147188,0.32052941399890245,-0.39730271235380754,-0.2208167837038328,0.9075259831337085,0.5546283219858249,-0.4666073083047234,0.005670881523194373,-0.02613359816672435,-0.007117337553348288,0.6693602254637809,0
sample_01310.html,0.597224835643057,0.8303371228067451,0.854160777335359,0.23054729807545307,0.23537340019022224,-0.2634653559448614,0.5684261156270678,0.5546894176958737,0.1319540624348647,0.10084824115410088,-0.02613359816672435,-0.005814929731411728,0.21485461476000506,0
sample_00833.html,0.31516499307532864,0.6118624304306663,0.3764439141972801,8.545712828637843,0.8788325492402056,0.351892614961409,-0.44887348689285445,0.35112231157258983,-0.9492363262377204,1.0957874061634103,-0.011991846822490236,-0.04358475656757196,1.4099063277037904,0
sample_07582.html,0.057281708441977046,0.4021267257496307,0.13758548262824066,0.06080830667440085,-0.3628562396672292,-0.30002127500860026,-0.10977361938621372,0.4762738557947449,-0.3188787761198665,-0.02729433808074642,-0.02613359816672435,-0.05487229102435548,-0.16419738896154204,0
sample_06095.html,-0.3273941911361057,-0.3406872283290372,-0.4993703348891979,-0.3931923691211846,0.4911933928541008,-0.2817433154767308,-0.10977361938621372,0.343253371727165,0.014950166452611465,-0.25871683934073486,-0.004278164271089811,-0.09582578142524951,-0.20254721649351112,1
sample_01802.html,-0.2704449657795739,-0.2358193759885194,-0.5789898120788778,0.27553835603717775,1.1518344243579588,0.23613220459290268,0.5684261156270678,-1.9925510562714843,0.4700475598955083,-0.2691724746494595,-0.02613359816672435,-0.03519146171509191,0.2607996342225859,1
sample_09054.html,0.1367957212039271,-0.017344683612440594,-0.26051190332015844,0.30621407737471734,1.692384039581376,0.4128191467343071,0.5684261156270678,0.49525257709637466,-1.1849819535785227,-0.2026093696107952,-0.02613359816672435,-0.08902431835513637,1.6216234207487619,0
sample_04725.html,-0.4488142376509754,-0.4805110314497277,-0.5789898120788778,-0.46988167246503354,-0.4298780888433753,-0.31829923454046966,-0.10977361938621372,-1.9925510562714843,-1.0897108829652162,-0.2694943572651209,-0.014563074339623712,-0.10364022835686888,-0.0949130191863865,1
sample_04075.html,1.3133882073435936,0.7342082581612704,2.7650282298876747,1.3256705498256154,1.3052197398210308,1.0342697708178674,-0.10977361938621372,0.7996641593905865,1.7127559786034268,5.729098968799719,-0.02613359816672435,0.3973526471480611,-1.0024350141164478,0
sample_05656.html,-0.13989155293393968,-0.12221253595295842,0.05796600543856084,0.189646336292067,0.1564067357743433,0.21176159188374347,0.9075259831337085,0.6364834034467646,-0.9977955898556452,-0.19902426323635988,-0.02613359816672435,-0.06529155359984795,1.4371621513467114,0
sample_00161.html,0.8239472233832118,1.6605409538358447,-0.1012729489407988,0.4708404485528463,0.3957327612882186,-0.2817433154767308,0.9075259831337085,0.28539762108114775,0.26201806167937497,1.3384203019688468,-0.02613359816672435,-0.07455312033361905,-0.9844262667020119,1
sample_03418.html,-0.4520377787088923,-0.4805110314497277,-0.5789898120788778,-0.4903321533567266,-1.114558160185379,-0.3365771940723391,-0.44887348689285445,-1.9925510562714843,-1.60279190543054,-0.2694943572651209,-0.027419211925291086,-0.10364022835686888,0.2457020263352195,0
sample_00750.html,-0.34404915326867636,-0.2358193759885194,-0.34013138050983827,0.5996784781705125,-0.08767696432979395,-0.245187396412992,-0.44887348689285445,0.578264913742777,0.33119369290808504,-0.25890552914991566,-0.02613359816672435,-0.07136945676888523,-0.4721021371540591,0
sample_01200.html,3.63541228272973,7.236015103273376,0.21720495981792048,3.8328995071471823,1.2560123480143357,0.4067264935570173,-0.44887348689285445,0.6361988541573464,1.3955057006137495,-0.09543355799609744,-0.02613359816672435,0.023272178291838103,-0.24675168254661103,0
sample_09287.html,-0.2199428225388759,-0.2008634252083468,-0.021653471751118984,-0.3195706379110897,0.2594364099623654,-0.31220658136317986,0.22932624812042704,0.5627157513507978,0.2268004917047145,-0.19067751403024424,-0.006849391788223287,-0.06587040152070865,0.12665901785057626,1
sample_08519.html,-0.3999238649392358,-0.4542940683645982,-0.5789898120788778,-0.44431857135041725,0.11424368848934535,-0.2878359686540206,-0.10977361938621372,-1.9925510562714843,-0.32933274948755187,-0.26939446266026046,0.0008642907631771383,-0.10103541271299576,-0.33134664338913994,1
sample_07721.html,-0.42947299130347405,-0.4717720437546845,-0.34013138050983827,-0.3870572248536767,-0.43919512588173526,-0.2634653559448614,0.22932624812042704,0.5966424123370512,0.6729819722846294,-0.15285075698976267,-0.02613359816672435,-0.09148442201879432,0.019750431395758553,1
sample_07464.html,-0.1216248202724106,-0.008605695917397443,0.854160777335359,-0.18868756020425423,-0.010848359888208146,-0.08068576062616724,-0.10977361938621372,0.7304675479731221,0.26581142546443187,-0.1880691549033331,-0.02613359816672435,-0.08540651884975704,-0.274801251842201,0
sample_05913.html,-0.4498887513369477,-0.4805110314497277,-0.5789898120788778,-0.48010691291088003,-0.41798708786172795,-0.3304845408950493,-0.44887348689285445,-1.9925510562714843,-1.2386259151421526,-0.2694943572651209,-0.00042132299538959916,-0.10364022835686888,1.7705290804295617,1
sample_05515.html,-0.44666521027903083,-0.4717720437546845,-0.5789898120788778,-0.4872645812229726,-1.3776551777231834,-0.3304845408950493,-0.44887348689285445,-1.9925510562714843,0.622334283583741,-0.2694943572651209,-0.018419915615323922,-0.10364022835686888,-0.628804342354601,1
sample_01372.html,0.6724407936611178,0.7866421843315294,-0.4993703348891979,0.11704712912655671,0.7385372401687309,-0.06850045427158762,-0.10977361938621372,0.35843508541912855,0.0020878011719830426,-0.2564525616305652,-0.018419915615323922,-0.07122474478867005,0.11822550451481968,0
sample_08258.html,-0.4498887513369477,-0.4805110314497277,-0.4993703348891979,-0.4749942926879568,-1.705464779300104,-0.3304845408950493,-0.44887348689285445,-0.024619521377681242,-0.7901439849419921,-0.2676074591733128,-0.009420619305356762,-0.10364022835686888,-0.2904241078547475,1
sample_02610.html,-0.07810701599053252,0.15743507028842244,-0.021653471751118984,0.02501996511393803,-0.20045300868677046,-0.3304845408950493,-0.44887348689285445,0.619093687210433,0.5218914128717067,-0.24547525449645827,-0.0209911431324574,-0.07874976775985908,-0.2539257842012762,0
sample_07401.html,0.1770899844278883,0.2972588734091129,0.05796600543856084,-0.19277765638259284,0.25453268107745425,-0.31220658136317986,-0.10977361938621372,0.5905990278254203,-0.199153741924982,-0.225274345513572,0.013720428348844514,-0.09915415697019851,0.0030920333265024463,0
sample_06691.html,-0.32685693429311957,-0.3756431791092098,-0.4197508576995181,-0.3645616958728144,0.18824433731713847,-0.17207555828551432,-0.10977361938621372,0.5526009793681894,0.20784492588832862,-0.2249968605000708,-0.02613359816672435,-0.08960316627599707,-0.08295000324541718,0
sample_05908.html,-0.15815828559546874,-0.4105991298893824,-0.34013138050983827,-0.35433645542696784,0.08592306612543707,-0.29392862183131047,0.22932624812042704,0.7496560134259991,1.937460820285826,-0.19907976023906013,-0.02613359816672435,0.27290034416301207,0.10291384435949592,1
sample_02855.html,2.254662196255327,3.4782503944048204,0.2968244370076003,1.5271077866087919,0.6508600180147085,-0.12333433286719588,0.22932624812042704,0.5500655027886368,0.14894513414592653,-0.1146688191319996,-0.01584868809819045,-0.03345491795250983,-0.18660960534312643,1
sample_08358.html,-0.4429044123781278,-0.4805110314497277,-0.5789898120788778,-0.36251664778364506,0.7697813102937976,-0.18426086464009395,-0.10977361938621372,-1.9925510562714843,0.10990361098559333,-0.2694610590635007,-0.02613359816672435,-0.10335080439643853,-0.08442610080136867,1
sample_09109.html,0.3925299784653341,-0.2008634252083468,-0.18089242613047862,0.37370066431730437,0.7544908966640103,1.0038065049314184,0.22932624812042704,0.6221612659456718,0.12746645393265282,-0.1294199224497226,-0.02613359816672435,-0.008709169335715194,-0.004912814854047984,0
sample_00119.html,-0.4391436144772247,-0.4717720437546845,-0.5789898120788778,-0.4381834270829093,0.11018550841311188,-0.23300209005841238,-0.10977361938621372,-1.9925510562714843,-0.6628820999427533,-0.2694832578645808,-0.02613359816672435,-0.10146954865364127,-0.006867863811856326,1
sample_03394.html,0.3108669383314394,0.09626215642312039,1.3318776404734378,0.08432635969984785,0.37845495064977513,-0.007573922498689558,-0.10977361938621372,0.6071810108336668,1.0012470945553356,0.2336969662179283,-0.02613359816672435,0.022838042351192585,-1.0386983861362935,0
sample_08233.html,-0.43269653236139094,-0.4717720437546845,-0.4993703348891979,-0.41773294619121626,0.07015664521616187,-0.25128004959028183,-0.10977361938621372,-1.9925510562714843,0.07082925810319396,-0.2694832578645808,-0.02613359816672435,-0.10262724449536266,-0.5660985140196937,1
sample_09436.html,-0.4520377787088923,-0.4805110314497277,-0.5789898120788778,-0.48828710526755725,-0.4857802989613899,-0.3365771940723391,-0.44887348689285445,-1.9925510562714843,-2.374105694263592,-0.2694943572651209,-0.027419211925291086,-0.10364022835686888,-0.06926926283400898,0
sample_07617.html,0.878747421367799,-0.22708038829347624,0.05796600543856084,0.6293316754634674,0.6835385233587596,2.076113464134424,0.22932624812042704,0.5762058888290201,-0.4995879662355967,-0.23554129101311586,-0.02613359816672435,-0.043729468547787136,0.21044908584290262,0
sample_02114.html,0.9598732046587075,0.13995709489833613,0.21720495981792048,0.5690027568329729,0.5811456451686781,3.0326600129689236,-0.44887348689285445,0.4793931551391815,-0.24259663151192895,-0.12922013324000176,-0.013277460581056975,-0.07918390370050458,0.5072008217065633,0
sample_07918.html,-0.3273941911361057,-0.3406872283290372,-0.4993703348891979,-0.3931923691211846,0.4911933928541008,-0.2817433154767308,-0.10977361938621372,0.343253371727165,0.01303226845841934,-0.25871683934073486,-0.004278164271089811,-0.09582578142524951,-0.2023741806974135,1
sample_03199.html,2.215979703560324,3.4345554559296048,0.2968244370076003,1.5690312724367625,0.6284476452411643,-0.04412984156242839,0.22932624812042704,0.5502026048383432,0.15195413048946965,-0.11458002392767923,-0.005563778029656549,-0.03041596636799119,-0.18733350826224401,1
sample_05072.html,-0.3875669575505544,-0.38438216680425297,-0.4197508576995181,-0.41466537405746234,-1.293837096774559,-0.31829923454046966,-0.10977361938621372,0.661408461987618,0.9377853697152229,-0.09351336170266925,-0.011991846822490236,-0.1003118528119199,-1.1567560605849299,1
sample_04114.html,-0.3424373827397179,-0.4018601421943393,-0.4993703348891979,-0.38194460463075347,0.2601711992655144,-0.31829923454046966,0.22932624812042704,0.0472756464719266,-2.589904024707866,-0.2359519688330976,-0.02613359816672435,-0.03779627735896503,3.781489525818523,1
sample_02044.html,-0.3633903996161777,-0.39312115449929613,-0.5789898120788778,-0.3297958783569362,0.20065663894269192,-0.2208167837038328,0.22932624812042704,-1.9925510562714843,-0.362590718012934,-0.2693500650581003,-0.01584868809819045,-0.09944358093062886,-0.210673340968162,1
sample_08798.html,0.8148138570524472,2.211097178623563,1.3318776404734378,0.47390802068660026,0.6635060840294248,-0.21472413052654296,1.58572571814699,0.6714322160106976,0.5073853881184122,-0.02400891552089239,-0.02613359816672435,0.11038879038137243,-0.39504471571875865,0
sample_08282.html,-0.4477397239650031,-0.4717720437546845,-0.4993703348891979,-0.4872645812229726,-2.256016803315404,-0.3365771940723391,-0.10977361938621372,0.27292103644239674,0.324024375850805,-0.26825122440463556,0.02914779345164536,-0.1034955163766537,-1.0059432914145443,1
sample_00406.html,-0.4520377787088923,-0.4805110314497277,-0.4993703348891979,-0.49237720144589586,-2.256016803315404,-0.3365771940723391,-0.44887348689285445,0.7697084350368484,1.3591102854980488,2.1264555415111324,-0.027419211925291086,-0.10364022835686888,-1.5522331665246654,1
sample_02498.html,-0.42302590918764027,-0.4542940683645982,-0.4993703348891979,-0.45249876370709446,0.5967437799420446,-0.2878359686540206,-0.10977361938621372,0.2477713372010601,-0.1678485586064782,-0.2615360870779069,-0.0107062330639235,-0.10175897261407163,0.26744239916581597,1
sample_06187.html,-0.3940140396663882,-0.4368160929745119,-0.18089242613047862,-0.389102272942846,0.7402567104846155,-0.275650662299441,-0.10977361938621372,0.4590452073742379,-0.1405338229838044,-0.2527453618501893,-0.024847984408157612,-0.09654934132632538,0.6832464263265683,1
sample_06403.html,-0.4520377787088923,-0.4805110314497277,-0.4993703348891979,-0.4913546774013112,-0.994335084894047,-0.3365771940723391,-0.44887348689285445,0.8554785501647577,1.8434627131972556,-0.2648881060410012,-0.027419211925291086,-0.10364022835686888,-1.2835257457804474,0
sample_04947.html,-0.2951587805569368,-0.24455836368356254,-0.021653471751118984,-0.1212009732616672,0.8343472586553281,-0.08068576062616724,-0.10977361938621372,0.6337911297742153,-0.10635544800309671,-0.20951319674670468,-0.02613359816672435,-0.10277195647557784,0.6429457218873297,0
sample_09048.html,-0.4058336902120835,-0.4368160929745119,-0.5789898120788778,-0.4811294369554647,-1.461777818545668,-0.3365771940723391,-0.44887348689285445,-1.9925510562714843,0.44035741916196675,-0.2694943572651209,0.08442918507001508,-0.09524693350438883,-0.8847264881472792,0
sample_06388.html,-0.37843359121978987,-0.38438216680425297,-0.5789898120788778,-0.43613837899374003,-0.44615612673701577,-0.31829923454046966,-0.10977361938621372,-1.9925510562714843,1.4396273020224475,-0.26937226385918034,0.022719724658811676,-0.08280170320588393,-0.6604201152624872,1
sample_06078.html,-0.4520377787088923,-0.4805110314497277,-0.5789898120788778,-0.4893096293121419,-0.9503498502515947,-0.3365771940723391,-0.44887348689285445,-1.9925510562714843,-0.676787049025418,-0.2694943572651209,-0.027419211925291086,-0.10364022835686888,0.40682118144121326,0
sample_00825.html,-0.3096647153175628,-0.3406872283290372,-0.4993703348891979,-0.37376441227407625,0.06381297614258408,-0.2695580091221512,-0.10977361938621372,0.3316516123233787,-2.6902907612045635,-0.26031515301850167,-0.02613359816672435,-0.0910502860781488,3.5660843661725488,1
sample_07990.html,-0.4520377787088923,-0.4805110314497277,-0.5789898120788778,-0.4913546774013112,-2.256016803315404,-0.3365771940723391,-0.44887348689285445,-1.9925510562714843,-0.5263858236480259,-0.2694943572651209,-0.027419211925291086,-0.10364022835686888,-1.0869649691965186,1
sample_04886.html,-0.3918650122944436,-0.46303305605964135,-0.5789898120788778,-0.3962599412549386,-0.8195774301706057,-0.245187396412992,-0.44887348689285445,-1.9925510562714843,1.564088813531932,-0.2694832578645808,-0.02613359816672435,-0.08989259023642741,0.2867420181299378,1
sample_03129.html,0.16312130651024842,0.6293404058207527,0.13758548262824066,0.005592008266829643,-0.7741680616880802,-0.18426086464009395,0.22932624812042704,0.6150159606583686,-0.31656981070301915,-0.24079130746855829,-0.02613359816672435,-0.06471270567898726,0.3071098384838934,0
sample_03935.html,-0.055004971742128116,-0.31447026524390775,0.21720495981792048,-0.04144409778406435,-0.16072734880349487,0.16911301964271483,-0.10977361938621372,0.47864913657054614,-0.4221184924591364,-0.20015640209144472,-0.02613359816672435,-0.06948820102608798,0.8619050383496704,0
sample_09488.html,0.01483841784607127,0.2011300087636382,0.13758548262824066,0.19066886033665165,-0.18829469873172233,-0.2634653559448614,-0.10977361938621372,0.6411740428145893,0.0225598663304035,-0.20603908437766985,-0.02613359816672435,-0.06760694528329073,0.027435778730982813,0
sample_03872.html,0.604746431444863,1.162418655218385,1.3318776404734378,0.4002862894765053,0.9386113905002997,-0.18426086464009395,-0.10977361938621372,0.6485607264817799,0.34464379235882975,-0.05015910319324408,-0.02613359816672435,0.0041701969034352296,0.37193781943834664,0
sample_04818.html,-0.44935149449396156,-0.4717720437546845,-0.5789898120788778,-0.4688591484204489,-0.33220779030482006,-0.3365771940723391,-0.44887348689285445,-1.9925510562714843,0.12351613889181286,-0.2694943572651209,0.006006745797444088,-0.10364022835686888,-0.31635033810391927,0
sample_00670.html,-0.3273941911361057,-0.3406872283290372,0.5356828685766397,-0.3594490756498911,1.0868312275793925,-0.245187396412992,-0.10977361938621372,0.6763517969046996,0.48553702396448883,-0.1750939556720177,-0.02613359816672435,-0.07108003280845489,-0.7343709235653165,1
sample_04472.html,0.22060778870976638,-0.20960241290338993,0.13758548262824066,0.1722634275341279,0.9894493555382019,0.5955987420530012,-0.10977361938621372,0.6171274432160266,0.1527058252889264,-0.21728277712473787,-0.02613359816672435,-0.07759207191813769,0.31451855279307755,0
sample_05061.html,-0.3037548900447152,-0.3319482406339941,-0.4993703348891979,-0.19073260829342353,0.7666788753170506,0.035074649742339085,-0.44887348689285445,0.4740661266038272,-0.4424902118171427,-0.26759635977277274,-0.02613359816672435,-0.05718768270779825,0.47052821064183253,0
sample_07193.html,-0.11302871078463221,0.04382823025286147,-0.1012729489407988,-0.1528992186437914,-0.29026015145397094,-0.245187396412992,-0.44887348689285445,0.46811149019847204,-0.2124127883073055,-0.24596362812022035,-0.013277460581056975,-0.0547275790441403,0.21574157966690088,0
sample_06026.html,-0.40744546074104193,-0.44555508066955507,-0.4993703348891979,-0.3911473210320153,-0.6056541205655962,-0.2695580091221512,-0.44887348689285445,0.4978306089332813,-1.045115386617174,-0.2666196125252486,-0.01584868809819045,-0.10262724449536266,0.713785914496702,0
sample_03901.html,0.8046059770357105,0.5856454673455369,1.9688334579908764,1.0996927359724074,0.9116720128727325,0.4798383316844949,0.22932624812042704,0.48534075718433617,0.4236070094765494,0.11173675308388738,-0.02613359816672435,0.23614350118835803,-0.18548111782300647,0
sample_01242.html,-0.4310847618324325,-0.4805110314497277,-0.5789898120788778,-0.45454381179626374,-0.3042968309488118,-0.2817433154767308,-0.10977361938621372,-1.9925510562714843,-0.6416707621810689,-0.26943886026242064,-0.004278164271089811,-0.10320609241622336,-0.6317447774990477,1
sample_02335.html,0.2909884351409519,0.35843178727441494,1.2522581632837582,0.8818951144758764,0.3964978612330195,0.11427914104710657,1.2466258506403491,0.6242910728951268,-0.2745623079461139,-0.11412494850553728,-0.017134301856757187,-0.05646412280672238,0.21282685478389954,0
sample_05199.html,-0.4498887513369477,-0.4805110314497277,-0.1012729489407988,-0.41364285001287765,-1.6860335323199043,-0.3304845408950493,-0.10977361938621372,-0.2755354808821618,-1.6996738109446063,-0.12044050741282425,-0.002992550512523074,-0.10364022835686888,-1.3132306413156052,1
sample_00180.html,0.07339941373156152,0.17491304567850874,0.7745413001456792,-0.2449263826564101,0.47729876459014614,-0.17207555828551432,-0.44887348689285445,0.6245013287951072,0.3808760837468849,-0.08292453358746402,-0.01970552937389066,-0.03938810914133194,-0.3549740998667359,0
sample_09294.html,-0.4520377787088923,-0.4805110314497277,-0.4993703348891979,-0.49237720144589586,-2.256016803315404,-0.3365771940723391,-0.44887348689285445,0.786835045906501,1.4918939603085435,-0.267185681952791,-0.027419211925291086,-0.10364022835686888,-1.0168014571092276,1
sample_01008.html,0.20610185394914035,0.17491304567850874,0.6949218229559994,-0.21118308918511658,0.5539486482833232,-0.1477049455763551,-0.10977361938621372,0.660047340963923,0.9598666294470886,1.3962592781830336,-0.02613359816672435,-0.029692406466915323,-1.3245939380292766,1
sample_00111.html,-0.31073922900353507,-0.3232092529389509,0.7745413001456792,-0.4197779942803856,-1.2269905951145743,-0.3365771940723391,-0.44887348689285445,0.5888204091726725,0.4501855909204175,2.4687499547656544,0.02529095217594515,-0.07484254429404939,-0.942032939938447,0
sample_01132.html,-0.33115498903700874,-0.34942621602408036,-0.4993703348891979,-0.4003500374332772,0.4618700726624893,-0.2817433154767308,-0.10977361938621372,0.3316516123233787,0.10189476822759043,-0.26031515301850167,-0.004278164271089811,-0.09582578142524951,-0.3917082617145721,1
sample_09291.html,-0.4343083028903494,-0.4717720437546845,-0.4197508576995181,-0.44022847517207864,0.06416672343532498,-0.2817433154767308,-0.10977361938621372,0.3600250372681366,0.7630784436849328,-0.25508733536413936,-0.02613359816672435,-0.10320609241622336,0.48466889354983045,1
sample_06207.html,-0.33330401640895335,-0.2358193759885194,-0.18089242613047862,-0.39932751338869255,0.049691590365068726,-0.3304845408950493,-0.10977361938621372,0.7119861556463916,0.3538901140098271,-0.2359963664352578,-0.02613359816672435,-0.09872002102955299,-0.5590179836360195,0
sample_08732.html,-0.3714492522609699,-0.4105991298893824,-0.5789898120788778,-0.13653883393043698,-1.0843785053203978,-0.20253882417196337,-0.44887348689285445,-1.9925510562714843,-1.54745145400928,-0.2694943572651209,-0.022276756891024138,-0.10306138043600818,0.7072369555023056,0
sample_05355.html,0.4188555637716554,-0.3319482406339941,-0.4993703348891979,0.5761604251450655,0.8408682737489129,1.076918343058896,0.22932624812042704,0.5689865625346703,-0.21315625314427752,-0.24113538888529976,-0.02613359816672435,0.03673039245184922,0.1170714762228076,0
sample_07486.html,0.03149337997864189,0.2885198857140697,0.05796600543856084,-0.11608835303874394,-0.4540537960641697,-0.29392862183131047,-0.10977361938621372,0.6647171705113293,0.035956602354185345,-0.1856161873839826,-0.0209911431324574,-0.07657908805663147,-0.12438855624317258,0
sample_06475.html,0.2797060414382428,-0.4717720437546845,-0.4197508576995181,-0.35433645542696784,0.20990108184289363,-0.23300209005841238,-0.10977361938621372,0.31425637803737216,2.3670999912924424,-0.25951599617961824,-0.02613359816672435,1.1744559809035418,-1.2764337683331075,1
sample_03838.html,-0.4488142376509754,-0.4805110314497277,-0.4993703348891979,-0.4852195331338033,-1.3384300946045464,-0.31829923454046966,-0.44887348689285445,-0.07134170978834635,-3.039051443683039,0.60635933935002,-0.017134301856757187,-0.10364022835686888,4.626342628098604,1
sample_08361.html,0.41616927955672467,1.2323305567787302,4.038939864922551,0.03320015747061525,-0.4070183540121244,-0.23300209005841238,-0.44887348689285445,0.6930505625276429,0.7810061165428314,0.2891828695176253,-0.02613359816672435,-0.0932209657813764,-0.6704638315037028,0
sample_07353.html,5.192919870546576,3.7753759760362877,0.21720495981792048,3.2142724601734676,0.8131387179813239,5.244293116325123,0.9075259831337085,0.5481656040558043,-0.5707955896224047,-0.2451089742786367,-0.02613359816672435,3.067867530038869,1.0855632701455982,0
sample_00982.html,0.8341551033999487,1.4945001876300248,1.8892139808011965,0.7908904745078423,0.2987754683608998,-0.275650662299441,1.2466258506403491,0.5956823056807806,0.34165878805548555,0.19547063075800503,-0.018419915615323922,0.04049290393744373,0.39054078418843235,0
sample_09992.html,0.09220340323607674,0.46329963961493276,-0.021653471751118984,0.0321776334260306,0.6565809956826348,-0.03194453520784878,0.5684261156270678,0.6916232224802022,-0.5610388017156623,-0.21504069821564828,-0.022276756891024138,-0.07600024013577078,0.78173052150492,0
sample_01000.html,2.698973605404872,0.3846487503595444,0.6153023457663196,2.079270770684504,1.0963985802523972,2.8620657240048093,2.2639254531602715,0.5917601648240943,-0.4111391868865738,-0.11242674022291002,-0.02613359816672435,0.20416215356080472,-0.004545205050945818,0
sample_09066.html,1.37248646007207,1.8091037446515783,1.4114971176631177,2.518956109855904,0.23845018164488396,0.9611579326903897,1.2466258506403491,0.6554924932000441,0.05658548228903618,0.41013303720252187,-0.02613359816672435,0.4698533492358629,0.5868095433099597,0
sample_01362.html,-0.4321592755184048,-0.4805110314497277,-0.5789898120788778,-0.3308184024015209,0.4248229408661097,-0.2634653559448614,-0.10977361938621372,-1.9925510562714843,1.3870717813234108,-0.2694943572651209,-0.01584868809819045,-0.10132483667342611,-0.4806690518057945,1
sample_05626.html,0.13948200541885786,0.4545606519198896,-0.1012729489407988,0.3154167937759792,0.11573321579766155,-0.31220658136317986,0.22932624812042704,0.6705085566430256,-0.46392753621141664,-0.21469661679890684,-0.02613359816672435,-0.052556899340912705,-0.24827195168764243,0
sample_04214.html,-0.4106690017989588,-0.4368160929745119,-0.34013138050983827,-0.43920595112749394,-0.35752830108885425,-0.3365771940723391,-0.10977361938621372,0.4331659127216469,0.038566612897526775,-0.25765129688889027,0.06900181996721423,-0.09553635746481917,-0.022000673375644143,0
sample_00740.html,-0.18126032984387316,-0.008605695917397443,0.45606339138695995,-0.01179090049110944,-0.23791631376872732,-0.03194453520784878,-0.10977361938621372,0.5271156132566305,0.695747289708743,0.20875661320444175,-0.02613359816672435,-0.018404872010131804,-0.236459651072388,0
sample_07449.html,-0.4520377787088923,-0.4805110314497277,-0.5789898120788778,-0.4933997254904805,-1.9629810475231189,-0.3365771940723391,-0.44887348689285445,-1.9925510562714843,-1.465270218556495,-0.2694943572651209,-0.027419211925291086,-0.10364022835686888,-1.165338450936633,0
sample_05282.html,0.5515580039892343,1.1973746059985577,-0.26051190332015844,0.4749305447311849,0.561248716512191,0.016796690210469666,-0.10977361938621372,0.6367026746697861,-0.3877644840017976,-0.23942608120213243,-0.02613359816672435,-0.026798166862611855,0.7301446811113228,0
sample_00663.html,-0.4520377787088923,-0.4805110314497277,-0.4993703348891979,-0.49237720144589586,-2.256016803315404,-0.3365771940723391,-0.44887348689285445,0.7697396080118865,1.3592755619943566,2.1264777403122124,-0.027419211925291086,-0.10364022835686888,-1.5522331665246654,1
sample_02436.html,2.3105369079258864,0.4807776150050191,-0.26051190332015844,0.374723188361889,0.7385127615246637,-0.2208167837038328,-0.10977361938621372,0.39251629646503994,2.4338588281152216,-0.2628347169410924,-0.02613359816672435,6.694494466211327,-1.1868473010376408,0
sample_09506.html,0.14592908753469166,0.04382823025286147,-0.34013138050983827,1.3522561749848163,1.1575529674848373,1.0098991581087082,-0.10977361938621372,0.6015563290368162,0.9746006854481811,2.372917730502885,-0.02613359816672435,0.0017100932397772833,-0.9156858280158555,0
sample_09527.html,-0.3795081049057622,-0.44555508066955507,0.3764439141972801,-0.29503006084105804,-1.7185905225740967,-0.19644617099467354,0.22932624812042704,0.2286124929689969,-0.9986855614152841,-0.24782832741094832,-0.009420619305356762,-0.10262724449536266,1.723974433119653,1
sample_05791.html,0.8610179455492561,0.9876389013175219,-0.34013138050983827,1.9688381738693617,1.1871468487606522,0.4371897594434663,-0.10977361938621372,0.5409943738883977,0.45548321725723334,4.876098937896536,-0.009420619305356762,0.2400507246541677,-0.35453624316268656,0
sample_05844.html,-0.40637094705506965,-0.42807710527946874,-0.4993703348891979,-0.4576113839300177,-1.08925059122776,-0.32439188771775945,-0.10977361938621372,0.5788950284047242,0.4392964029220513,-0.2152293880248291,-0.01584868809819045,-0.09886473300976815,-0.5764669592070668,1
sample_02691.html,0.1824625528577498,0.49825559039510536,0.45606339138695995,0.07716869138775528,0.8724339152548128,0.12646444740168616,-0.44887348689285445,0.4335704151373655,0.14285112503437988,-0.22146725112833573,-0.01970552937389066,0.11747967741191592,0.07727497712884354,0
sample_01598.html,-0.436457330262294,-0.4805110314497277,-0.4993703348891979,-0.44329604730583255,0.08141459285252393,-0.2878359686540206,-0.10977361938621372,0.5833689373285811,1.1116278432497784,-0.2576401974883502,-0.02613359816672435,-0.10320609241622336,-0.054996404149878046,1
sample_05657.html,-0.30590391741665973,-0.4717720437546845,-0.5789898120788778,-0.4565888598854331,-0.6591420290293364,-0.31829923454046966,-0.10977361938621372,-1.9925510562714843,2.364386081335345,-0.2694832578645808,0.00472113203887735,0.24699689970449604,-1.4021794628368445,1
sample_09716.html,-0.4455906965930585,-0.46303305605964135,-0.4197508576995181,-0.4647690522421103,-0.409358287099069,-0.3365771940723391,-0.44887348689285445,0.5354619379567181,-1.0432550854849683,-0.25843935432723364,0.02529095217594515,-0.10320609241622336,2.0120766086179356,0
sample_04827.html,0.1169172180134396,0.07004519333799093,0.9337802545250389,0.4370971550815528,1.0552681053995512,0.729637111953377,0.5684261156270678,0.5773968305788888,0.3587345696682752,-0.1380108584677193,-0.02613359816672435,-0.06369972181748104,0.22106469894938516,0
sample_04743.html,-0.22638990465470968,-0.2532973513786057,0.5356828685766397,-0.1508541705546221,0.13375970836901388,-0.08068576062616724,-0.10977361938621372,0.630679844104207,0.40404433972226866,-0.20337522824805848,-0.018419915615323922,-0.09047143815728811,-0.9339935158890559,0
sample_01203.html,0.4467929196069351,0.10500114411816354,-0.1012729489407988,0.48004316495410815,0.3925312853057624,0.8088416032581446,0.9075259831337085,0.28417686584054314,0.18904912331741272,1.3364557080732582,-0.02613359816672435,-0.0720930166699611,-0.9675258114755565,1
sample_07348.html,-0.4520377787088923,-0.4805110314497277,-0.5789898120788778,-0.49237720144589586,-2.256016803315404,-0.3365771940723391,-0.44887348689285445,-1.9925510562714843,-1.3950323556491044,-0.2694943572651209,-0.027419211925291086,-0.10364022835686888,-1.3133725301468988,1
sample_07071.html,-0.1366680118760228,-0.3232092529389509,-0.021653471751118984,-0.12017844921708255,-1.511371860285682,0.0472599560969187,-0.44887348689285445,0.08059799192403784,0.3729745034598961,0.04416360259607878,-0.009420619305356762,-0.050965067558545796,1.0950969792837582,1
sample_05505.html,-0.4520377787088923,-0.4805110314497277,-0.5789898120788778,-0.4913546774013112,-2.256016803315404,-0.3365771940723391,-0.44887348689285445,-1.9925510562714843,-1.6241803805168198,-0.2694943572651209,-0.027419211925291086,-0.10364022835686888,-1.0836151124799762,1
sample_08598.html,-0.04479709172539128,-0.3669041914141667,-0.021653471751118984,0.08637140778901715,-0.17363335960774626,0.3640779213159886,-0.10977361938621372,0.7549545597941726,-0.5456795080483201,-0.2177378525468798,-0.02613359816672435,-0.08106515944330184,0.047303291999385745,0
sample_03768.html,-0.19361723723255458,-0.2008634252083468,0.3764439141972801,-0.3124129695989971,0.6299691546670757,-0.32439188771775945,0.22932624812042704,0.4788348566920621,0.23025962785495768,-0.1588222344803082,-0.004278164271089811,-0.06225260201532931,0.39911930235572896,1
sample_00735.html,1.3880669085186683,0.4458216642248465,2.605789275508315,2.0015589432960703,1.375427894518626,2.1614106086164817,1.9248255856536307,0.5421708720886205,0.632759439207318,0.3893771581926332,-0.02613359816672435,0.3015533162456164,-0.12800379448695806,0
sample_09997.html,-0.2747430205234631,-0.2532973513786057,-0.34013138050983827,4.951540811922792,0.80579529433116,-0.17207555828551432,0.5684261156270678,0.49980376007900057,-1.9473948680282307,-0.13348230304737996,-0.02613359816672435,-0.08685363865190877,2.3618736724549367,0
sample_08521.html,-0.3569433175003439,-0.3756431791092098,-0.4197508576995181,-0.34308869093653666,-0.6080148380925312,-0.19035351781738374,-0.10977361938621372,0.19919199515718855,2.0568004805646454,-0.2647993108366808,-0.02613359816672435,-0.09886473300976815,0.18097590860220278,1
sample_09137.html,-0.44720246712201694,-0.4717720437546845,-0.4993703348891979,-0.4688591484204489,-0.3020765113450368,-0.3304845408950493,-0.44887348689285445,0.2641027143297212,-0.19301960530861462,-0.2634562833713351,-0.0107062330639235,-0.10320609241622336,-0.014161155735352524,1
sample_05064.html,-0.4488142376509754,-0.4805110314497277,-0.4993703348891979,-0.4852195331338033,-1.3384300946045464,-0.31829923454046966,-0.44887348689285445,-0.07134170978834635,-3.039051443683039,0.60635933935002,-0.017134301856757187,-0.10364022835686888,4.626342628098604,1
sample_08321.html,0.1550624538654562,-0.4542940683645982,-0.26051190332015844,-0.3942148931657693,0.7633097309180564,-0.23300209005841238,-0.44887348689285445,0.1772651821377169,2.249199546990792,-0.24750644479528697,-0.02613359816672435,1.1115062695099414,-1.3867734100380797,1
sample_04076.html,2.4088549101923515,3.00634505887249,1.8892139808011965,1.168201846959579,1.0411262440417317,0.1569277132881352,0.9075259831337085,0.6772544206804533,-0.030139714763276038,0.07707332519731934,-0.02613359816672435,0.07319781146607289,0.26068397715905506,0
sample_02036.html,-0.4498887513369477,-0.4805110314497277,-0.5789898120788778,-0.48010691291088003,-0.41798708786172795,-0.3304845408950493,-0.44887348689285445,-1.9925510562714843,-1.2386259151421526,-0.2694943572651209,-0.00042132299538959916,-0.10364022835686888,1.7705290804295617,1
sample_08554.html,0.39414174899429255,-0.0348226590025269,-0.18089242613047862,0.5557099442533724,0.8933902265753395,1.3449950828596475,-0.10977361938621372,0.6035948461298816,-0.4516464905713225,-0.20913581712834306,-0.01970552937389066,-0.04836025191467268,0.7473256545858825,0
sample_00637.html,-0.4520377787088923,-0.4805110314497277,-0.4993703348891979,-0.49237720144589586,-2.256016803315404,-0.3365771940723391,-0.44887348689285445,0.7435543871502931,1.256148917511385,-0.267185681952791,-0.027419211925291086,-0.10364022835686888,-1.0168014571092276,1
sample_01888.html,-0.42195139550166794,-0.4805110314497277,-0.34013138050983827,-0.35842655160530645,0.4294621647390753,-0.2817433154767308,-0.10977361938621372,0.14452861905000491,0.4012005683733909,-0.2562749712219244,-0.005563778029656549,-0.10060127677235024,-0.0419349916033001,1
sample_09986.html,-0.4332337892043771,-0.46303305605964135,-0.4993703348891979,-0.2152731853634552,1.8906728476991086,-0.245187396412992,-0.10977361938621372,0.2541742014070482,-2.0932520880296956,-0.2682623238051756,-0.02613359816672435,-0.10320609241622336,2.460978868619597,1
sample_03485.html,-0.07327170440365718,-0.3406872283290372,0.21720495981792048,0.13136246575074184,1.2532188635638364,0.3397073086068294,1.58572571814699,0.604592312871353,-0.026322606145904502,-0.17092058106895985,-0.02613359816672435,-0.05964778637145619,0.5531714080163523,0
sample_05666.html,0.0830700369053122,0.3322148241892855,0.21720495981792048,-0.040421573739479695,-0.43981150686009346,-0.3304845408950493,-0.44887348689285445,0.08228099076289555,-1.051221537240959,-0.0748663687953896,-0.01584868809819045,-0.06673867340199968,1.5339856269963739,0
sample_05487.html,0.32644738677803775,0.42834368883476015,0.05796600543856084,0.05160559027313898,-0.6830905063629342,-0.19644617099467354,-0.10977361938621372,0.6269522901198641,0.0016951037223423076,-0.15797868003926457,-0.01584868809819045,-0.066159825481139,-0.18033889604435377,0
sample_07216.html,-0.4520377787088923,-0.4805110314497277,-0.4993703348891979,-0.49237720144589586,-2.256016803315404,-0.3365771940723391,-0.44887348689285445,0.7697084350368484,1.3591102854980488,2.1264555415111324,-0.027419211925291086,-0.10364022835686888,-1.5522331665246654,1
sample_05336.html,0.6799623894629239,0.5506895165653642,0.7745413001456792,0.7970256187753503,0.4099338268084335,0.1569277132881352,0.22932624812042704,0.656173420529888,0.2551547184557853,0.709150887751399,-0.02613359816672435,-0.03967753310176228,-0.2728380021975523,0
sample_07611.html,-0.4036846628401389,-0.4193381175844256,-0.4993703348891979,-0.4606789560637717,-1.1404245471545424,-0.31220658136317986,-0.10977361938621372,0.2062614460757578,0.35576223991917055,-0.2679404411895142,-0.017134301856757187,-0.10089070073278059,-0.8954857110559028,1
sample_01805.html,0.8239472233832118,1.6605409538358447,-0.1012729489407988,0.4708404485528463,0.3957327612882186,-0.2817433154767308,0.9075259831337085,0.28539762108114775,0.26201806167937497,1.3384203019688468,-0.02613359816672435,-0.07455312033361905,-0.9844262667020119,1
sample_04038.html,-0.4455906965930585,-0.4805110314497277,-0.4993703348891979,-0.3911473210320153,0.9524247765549114,-0.29392862183131047,0.22932624812042704,0.2819067950693202,-0.03030533117042544,-0.26799593819221446,-0.02613359816672435,-0.10364022835686888,0.23287847281998605,1
sample_09780.html,-0.42087688181569566,-0.4542940683645982,-0.18089242613047862,-0.38398965271992275,0.42902054383786903,-0.29392862183131047,-0.10977361938621372,0.39893478600095567,-0.07979839682091178,-0.25979348119311946,-0.02613359816672435,-0.09958829291084402,-0.2075988526248397,1
sample_06541.html,-0.44344166922111394,-0.4805110314497277,-0.5789898120788778,-0.3850121767645074,0.0595402354823181,-0.2634653559448614,1.58572571814699,-1.9925510562714843,0.039198919164220844,-0.2694943572651209,-0.02613359816672435,-0.10060127677235024,-0.38186106209139314,1
sample_03482.html,1.836676372412103,1.8353207077367077,3.879700910543192,1.8522704327867112,0.5362817895069466,0.29705873636580077,0.5684261156270678,0.8381342348777412,1.569601510728189,2.4161054980042094,-0.02613359816672435,0.8647723432430708,-0.5596341042369981,0
sample_00982.html,-0.44344166922111394,-0.4805110314497277,-0.5789898120788778,-0.44738614348417116,-0.043531740370427,-0.31220658136317986,-0.10977361938621372,-1.9925510562714843,-0.8192369203533418,-0.2694943572651209,-0.002992550512523074,-0.10089070073278059,-0.2757115932697722,1
sample_09083.html,-0.4520377787088923,-0.4805110314497277,-0.4993703348891979,-0.4811294369554647,-1.5831198864202758,-0.3365771940723391,-0.44887348689285445,-0.3809391075847839,-2.681780194594643,-0.13065195590966786,-0.027419211925291086,-0.10364022835686888,-1.138730025236074,1
sample_06685.html,-0.4310847618324325,-0.44555508066955507,-0.34013138050983827,-0.45045371561792513,-0.6839586140407734,-0.31829923454046966,-0.44887348689285445,0.5054616249455353,0.16877602445479756,-0.2500482075189578,-0.004278164271089811,-0.10089070073278059,-0.20943030458543552,1
sample_06059.html,1.2403212766974774,2.080012363197916,1.650355549232157,0.47799811686493887,0.27118270109740483,-0.025851882030558975,0.22932624812042704,0.5777369060624894,0.09937242635534131,0.06177835125313401,-0.02613359816672435,0.13991003434526778,-0.04173595871728237,0
sample_07330.html,-0.1946917509185269,-0.2882533021587783,-0.34013138050983827,-0.3645616958728144,0.022198839134916756,-0.3304845408950493,-0.10977361938621372,0.7825445658875814,1.9109518278614221,-0.23748368610762416,0.05357445486441338,0.24540506792212913,-1.406834506451484,0
sample_04405.html,-0.43860635763423855,-0.4717720437546845,-0.34013138050983827,-0.43511585494915533,0.10449698523641673,-0.2695580091221512,-0.10977361938621372,0.41210861226670076,-0.041998972250913404,-0.26511009405180214,-0.02613359816672435,-0.10118012469321093,-0.39507719252467194,1
sample_08646.html,-0.15386023085157954,-0.0348226590025269,0.6949218229559994,-0.17743979571382307,-1.2741405817173097,-0.18426086464009395,0.22932624812042704,0.7093947547379679,0.843394853586209,-0.19714846454509188,-0.0209911431324574,0.02356160225226845,-0.9884867670395534,1
sample_05206.html,-0.44129264184916933,-0.4542940683645982,-0.4993703348891979,-0.48419700908921864,-2.256016803315404,-0.32439188771775945,-0.44887348689285445,0.7446012638631802,1.8614200638766938,-0.26276812053785215,-0.011991846822490236,-0.10306138043600818,-1.2655449119916478,0
sample_05920.html,-0.3064411742596459,-0.24455836368356254,-0.26051190332015844,-0.33695354666902877,1.0153660563556859,-0.2878359686540206,-0.10977361938621372,0.5975957176875724,-0.24139689817278745,-0.20414108688532173,-0.006849391788223287,-0.09929886895041368,-0.14129525650777827,1
sample_06408.html,-0.44666521027903083,-0.4805110314497277,-0.5789898120788778,-0.4576113839300177,-0.22130469530296557,-0.30002127500860026,-0.10977361938621372,-1.9925510562714843,-0.3776497802797338,-0.2694943572651209,-0.02613359816672435,-0.10233782053493232,-0.12477311500158847,1
sample_07796.html,0.15828599492337309,0.19239102106859504,-0.18089242613047862,-0.0680297229432653,-1.5607830570920789,-0.3304845408950493,-0.44887348689285445,0.3125100898634394,0.3325722888768474,0.004782929479990581,-0.009420619305356762,0.08231466621962881,0.8340689998157205,1
sample_08204.html,-0.38917872807951287,-0.38438216680425297,-0.5789898120788778,-0.36967431609573764,0.16315395727891238,-0.2634653559448614,0.9075259831337085,-1.9925510562714843,-0.6284081312844197,-0.2694166614613405,-0.02613359816672435,-0.09929886895041368,-0.2665267718579213,1
sample_08974.html,-0.31020197216054896,-0.3232092529389509,-0.18089242613047862,-0.27560210399394963,0.27372066169111764,-0.22690943688112258,0.22932624812042704,0.21474114929515578,-0.35440199289278496,-0.2413129792939405,-0.014563074339623712,-0.0997330048910592,0.7920687193258864,1
sample_06643.html,-0.3590923448722885,-0.4542940683645982,-0.26051190332015844,-0.35433645542696784,-0.7123121087648986,-0.19644617099467354,-0.10977361938621372,0.8540471981820363,1.8343803315749398,3.221244913778708,-0.005563778029656549,-0.09408923766266744,-1.3804079821544177,1
sample_09070.html,0.013763904160098971,-0.20960241290338993,-0.18089242613047862,-0.0015656600452629206,0.35017459511031124,0.32142934907495996,-0.10977361938621372,0.7357931063233105,1.5040739751763752,-0.18087674335338239,-0.017134301856757187,0.3495976936770539,-0.1809881322964844,0
sample_07409.html,-0.4520377787088923,-0.4805110314497277,-0.5789898120788778,-0.4688591484204489,-2.0387925285728823,-0.3365771940723391,-0.44887348689285445,-1.9925510562714843,6.837313007718044,-0.2694943572651209,-0.027419211925291086,-0.10364022835686888,-1.1372089868732245,1
sample_08374.html,0.030418866292669593,0.4458216642248465,0.21720495981792048,0.23259234616462238,-0.17104157264380307,0.21785424506103326,-0.10977361938621372,0.5140338172806885,0.40371246313744147,0.8641096186910009,-0.02613359816672435,-0.0357703096359526,-0.5592103282035171,0
sample_05982.html,-0.27957833211033845,-0.3319482406339941,-0.4197508576995181,-0.41773294619121626,0.07763198223225169,-0.245187396412992,-0.10977361938621372,0.5989047092857186,0.5867968472073033,-0.20932450693752389,-0.01584868809819045,-0.04300590864671126,-0.8670969149385327,0
sample_08516.html,0.8217981960112672,-0.09599557286782896,-0.34013138050983827,1.1293459332653624,1.3715190935207118,3.020474706614344,-0.10977361938621372,0.5847826126166693,-0.8408700385422406,-0.22130076012023503,-0.017134301856757187,-0.052556899340912705,0.9780570374510937,0
sample_07029.html,-0.3461981806406209,-0.4105991298893824,-0.5789898120788778,-0.35842655160530645,-0.1392937826525955,-0.08677841380345704,-0.44887348689285445,-1.9925510562714843,-1.106429928150299,-0.26943886026242064,-0.02613359816672435,-0.10074598875256541,0.7471605065728348,0
sample_02500.html,-0.4520377787088923,-0.4805110314497277,-0.5789898120788778,-0.4903321533567266,-1.114558160185379,-0.3365771940723391,-0.44887348689285445,-1.9925510562714843,-1.60279190543054,-0.2694943572651209,-0.027419211925291086,-0.10364022835686888,0.2457020263352195,0
sample_08514.html,-0.45150052186590617,-0.4805110314497277,-0.4993703348891979,-0.4913546774013112,-2.256016803315404,-0.3304845408950493,-0.44887348689285445,0.9397765404336168,2.319674896847562,-0.21549577363779024,-0.01970552937389066,-0.10364022835686888,-1.505252891833849,1
sample_06787.html,-0.31664905427638274,-0.4105991298893824,-0.18089242613047862,-0.08132253552286578,0.20521314292468393,-0.05631514791700801,0.22932624812042704,0.6093927917733335,0.548667075651261,-0.2504921835405597,-0.02613359816672435,-0.07759207191813769,-0.06514864585573459,0
sample_05967.html,-0.39884935125326354,-0.46303305605964135,-0.4993703348891979,-0.45454381179626374,-0.9556331919138608,-0.2878359686540206,-0.44887348689285445,-0.020014731015858746,0.07877082426548614,-0.26888389023541825,0.006006745797444088,-0.10204839657450197,-0.3460049082794524,0
sample_05290.html,-0.4520377787088923,-0.4805110314497277,-0.5789898120788778,-0.4913546774013112,-2.256016803315404,-0.3365771940723391,-0.44887348689285445,-1.9925510562714843,-0.3887967056733435,-0.2694943572651209,-0.027419211925291086,-0.10364022835686888,-1.3248635959083217,1
sample_08273.html,-0.3096647153175628,-0.3406872283290372,-0.4993703348891979,-0.37376441227407625,0.06381297614258408,-0.2695580091221512,-0.10977361938621372,0.3316516123233787,-2.6902423213346274,-0.26031515301850167,-0.02613359816672435,-0.0910502860781488,3.566025188243186,1
sample_05814.html,-0.4520377787088923,-0.4805110314497277,-0.4993703348891979,-0.49237720144589586,-2.256016803315404,-0.3365771940723391,-0.44887348689285445,0.8031599533464763,1.487827254130538,-0.267185681952791,-0.027419211925291086,-0.10364022835686888,-1.0168014571092276,1
sample_04658.html,-0.1565465150665103,0.017611267167732012,-0.021653471751118984,-0.056781958452834125,0.6747500058024374,-0.3365771940723391,-0.44887348689285445,0.6566214147905384,0.3266282705740887,-0.22691705679349902,-0.01584868809819045,-0.03938810914133194,-0.15163924304886758,1
sample_04583.html,-0.4520377787088923,-0.4805110314497277,-0.4993703348891979,-0.486242057178388,-2.256016803315404,-0.3365771940723391,-0.10977361938621372,0.3214980532825822,-0.26482877303099994,-0.26394465699509717,-0.027419211925291086,-0.10364022835686888,0.25272663820401525,1
sample_01628.html,0.9442927562121092,1.0051168767076082,3.2427450930257535,0.2111193412283447,0.1317821706459945,0.132557100578976,0.22932624812042704,0.08492271152615621,-0.4727168194106882,0.17377130270221233,-0.02613359816672435,0.18303420444938942,1.1654884157070482,0
sample_08219.html,-0.436457330262294,-0.4805110314497277,-0.4993703348891979,-0.44329604730583255,0.08141459285252393,-0.2878359686540206,-0.10977361938621372,0.5939490219452539,1.123685626694177,-0.2578621854991512,-0.02613359816672435,-0.10320609241622336,-0.047729031090354396,1
sample_02461.html,1.0297165942469069,0.9788999136224787,0.21720495981792048,0.5853631415463273,0.5223874095419545,-0.03803718838513859,0.5684261156270678,0.7304389750118113,0.1436447679217248,-0.2017214175675914,-0.017134301856757187,0.23455166940599112,-0.015579001035655784,0
sample_04832.html,0.18568609391566668,0.5856454673455369,0.854160777335359,0.13545256192908045,0.2640216681754389,-0.32439188771775945,0.22932624812042704,0.6514623699618639,0.028060666647224484,-0.09954033619591499,-0.02613359816672435,-0.04387418052800231,-0.2051247875423438,0
sample_06889.html,0.05029736948315711,0.2972588734091129,-0.26051190332015844,0.10784441272529484,0.44630445294107635,0.23613220459290268,-0.10977361938621372,0.2727464203944452,-0.04719924503274767,-0.2418457505198628,-0.022276756891024138,-0.0764343760764163,0.3790556505613697,0
sample_01322.html,0.3860828963495003,0.8041201597216157,0.2968244370076003,0.5536648961642031,1.486104274399426,-0.013666575675979363,-0.10977361938621372,0.7271986257285606,0.2391294364474961,-0.18501681975482007,-0.018419915615323922,-0.04155878884455953,0.2502025345903694,0
sample_03619.html,-0.43054750498944633,-0.4717720437546845,-0.4993703348891979,-0.44840866752875586,-0.4802532427832406,-0.30002127500860026,-0.10977361938621372,0.15641832936714456,1.0097295232428287,-0.25876123694289505,-0.011991846822490236,-0.10364022835686888,0.526540205527383,1
sample_08162.html,-0.44344166922111394,-0.4805110314497277,-0.5789898120788778,-0.44738614348417116,0.6504347000600212,-0.31220658136317986,-0.10977361938621372,-1.9925510562714843,-1.0103313265688256,-0.2694832578645808,-0.002992550512523074,-0.10089070073278059,0.28481245779338993,1
sample_07923.html,0.029344352606697297,-0.11347354825791527,-0.34013138050983827,-0.008723328357355484,0.22397386764053748,0.2665954704793517,-0.44887348689285445,0.5289427101485165,-0.636905693729586,-0.25261216904370876,-0.02613359816672435,-0.08757719855298464,0.2773968074501846,0
sample_00399.html,0.5477972060883312,0.7779031966364862,1.0930192089043984,0.5352594633616794,-0.3955591630946249,-0.245187396412992,-0.10977361938621372,0.4412231542521703,0.3716652879289443,0.3182078019298492,-0.02613359816672435,0.19765011445112193,0.22549878033736245,0
sample_05929.html,-0.4520377787088923,-0.4805110314497277,-0.5789898120788778,-0.48828710526755725,-0.5363913490278531,-0.3365771940723391,-0.44887348689285445,-1.9925510562714843,-1.923854875771735,-0.2694943572651209,-0.027419211925291086,-0.10364022835686888,0.08601713094086752,0
sample_09622.html,-0.34190012589673174,-0.2008634252083468,-0.4993703348891979,-0.30627782533148923,0.32326945851529143,-0.2878359686540206,-0.44887348689285445,0.4185724838162576,-0.04109985399955139,-0.2676740555765531,-0.01970552937389066,-0.09958829291084402,-0.06791867881098637,0
sample_05330.html,-0.08186781389143558,-0.27951431446373515,1.1726386860940783,-0.15698931482213002,0.9628342926922011,-0.14161229239906528,0.22932624812042704,0.6032080330325786,0.6179101920573332,0.2028628315176766,-0.0107062330639235,-0.06297616191640518,-0.667649092419396,0
sample_01170.html,-0.45150052186590617,-0.4805110314497277,-0.5789898120788778,-0.4647690522421103,0.6114416492938819,-0.3304845408950493,-0.44887348689285445,-1.9925510562714843,-0.3796545795705465,-0.2694943572651209,-0.018419915615323922,-0.10364022835686888,0.5963970979753863,1
sample_05848.html,-0.43538281657632166,-0.4717720437546845,-0.4197508576995181,-0.4494311915733405,-1.8285293515827974,-0.22690943688112258,-0.10977361938621372,0.4066228702510142,0.20549469220527664,-0.2642110426080583,-0.02613359816672435,-0.10233782053493232,-0.4970429029906451,1
sample_05235.html,1.1430777881169845,0.6642963566009252,0.6153023457663196,1.0168682883610505,0.9851674217602482,1.5887012099512396,0.22932624812042704,0.5429667379898119,-0.47712651365290887,-0.22434199586820802,-0.02613359816672435,0.041216463838519596,0.3124873117623037,0
sample_04579.html,-0.4520377787088923,-0.4805110314497277,-0.4993703348891979,-0.4893096293121419,-1.1745753260570464,-0.3365771940723391,-0.44887348689285445,0.1304860099714858,-0.4170292881197072,-0.26679720293388937,-0.027419211925291086,-0.10364022835686888,0.705007489920306,1
sample_08689.html,0.2506941719169907,0.35843178727441494,-0.1012729489407988,0.22236710571877585,0.016845465053057725,0.132557100578976,-0.10977361938621372,0.6056828557344806,0.4398364645967103,-0.21051214279530894,-0.02613359816672435,0.06162085304885903,-0.21594020275666212,0
sample_03898.html,-0.43538281657632166,-0.4717720437546845,-0.4993703348891979,-0.45147623966250977,-1.757281441951351,-0.25128004959028183,-0.10977361938621372,0.17530077781688883,0.350340996764738,-0.2687062998267775,-0.02613359816672435,-0.10204839657450197,-0.5399865101826228,1
sample_00514.html,-0.3252451637641611,-0.3319482406339941,0.6949218229559994,-0.3349084985798595,-1.786553836631344,-0.245187396412992,-0.10977361938621372,0.6758022826682893,0.6804011753117383,-0.1690558817782319,-0.02613359816672435,-0.07079060884802454,-1.0830318076640169,1
sample_01448.html,-0.4520377787088923,-0.4805110314497277,-0.4993703348891979,-0.49237720144589586,-2.256016803315404,-0.3365771940723391,-0.44887348689285445,-0.22337093839729882,-3.8777894628358465,0.008279240650105513,-0.027419211925291086,-0.10364022835686888,-1.5499972342643304,1
sample_06933.html,-0.4283984776175017,-0.44555508066955507,-0.5789898120788778,-0.4279581866370628,0.23093850819524542,-0.31220658136317986,-0.10977361938621372,-1.9925510562714843,-0.9157461316557499,-0.2694943572651209,0.0008642907631771383,-0.10364022835686888,0.40592675899397923,1
sample_07023.html,0.2737962161653951,0.46329963961493276,1.1726386860940783,0.8522419171829215,2.044918464562879,0.37626322767056825,1.2466258506403491,0.19829093624497224,-1.002019731404875,-0.021855631816123194,-0.02613359816672435,0.006775012547308349,1.8031274103523145,0
sample_06210.html,7.669673916712724,12.121109224802497,0.6153023457663196,3.7551876797587487,1.2839148470373993,-0.245187396412992,-0.10977361938621372,0.6022781962653456,0.8343214693008544,6.624121330147522,-0.018419915615323922,2.05416010863158,-0.47291706900087066,0
sample_06021.html,0.16903113178309606,-0.38438216680425297,-0.34013138050983827,-0.21629570940803983,0.49774735903684164,0.2239468982383231,0.9075259831337085,0.5217594665096539,-0.2513841301792859,-0.22834887946316512,-0.002992550512523074,-0.0959704934054647,-0.6966325491527856,0
sample_09884.html,-0.07595798861858793,0.09626215642312039,4.038939864922551,0.0618308307189855,-0.08867700354177611,-0.2573727027675716,0.22932624812042704,0.5182368945972615,0.43768512253208247,1.2020974645359843,-0.02613359816672435,-0.0379409893391802,0.2052335011630564,0
sample_03559.html,-0.43538281657632166,-0.4717720437546845,-0.4197508576995181,-0.4494311915733405,-1.8285293515827974,-0.22690943688112258,-0.10977361938621372,0.4066228702510142,0.20549469220527664,-0.2642110426080583,-0.02613359816672435,-0.10233782053493232,-0.4970429029906451,1
sample_09313.html,-0.30160586267277056,-0.2882533021587783,0.7745413001456792,-0.23776871434431754,0.12734066542011163,-0.22690943688112258,-0.10977361938621372,0.5950650677628209,0.915920326754347,-0.07071519299341188,-0.02613359816672435,-0.024193351218738737,-0.916701318154663,0
sample_00510.html,0.9706183415184305,1.5381951261052407,1.4911165948527976,0.6139938147946976,-0.5626013938733759,-0.3304845408950493,-0.10977361938621372,0.6194621375590611,0.8801704564025671,1.452266853308113,-0.011991846822490236,0.1565519120700127,-0.2599309424832528,0
sample_00200.html,-0.4520377787088923,-0.4805110314497277,-0.4993703348891979,-0.49237720144589586,-2.256016803315404,-0.3365771940723391,-0.44887348689285445,0.7854322693127415,1.437887741341122,-0.26717458255225096,-0.027419211925291086,-0.10364022835686888,-1.0186301059733678,1
sample_02038.html,0.11100739274059196,0.07878418103303408,-0.4993703348891979,-0.2643543395035185,1.2251458739945622,-0.275650662299441,-0.44887348689285445,0.5274524371450995,1.6637019670310735,-0.02366483410415092,-0.023562370649590873,0.22731607039523247,-0.9307830969241156,0
sample_03032.html,-0.3413628690537456,-0.34942621602408036,-0.4993703348891979,-0.10177301641455881,0.16226647016984733,-0.1598902519309347,0.5684261156270678,0.8012394763910867,0.6437357576846127,-0.19590533168460655,-0.02613359816672435,-0.0932209657813764,-0.3447534756450166,0
sample_05914.html,0.8406021855157825,0.9701609259274356,0.6153023457663196,-0.015880996669448047,1.1989658490992234,-0.2878359686540206,-0.10977361938621372,0.5373715900183558,0.5047810144298516,2.2271382038099024,-0.02613359816672435,-0.09119499805836398,-1.2469292224874187,0
sample_09381.html,-0.4450534397500724,-0.4717720437546845,-0.5789898120788778,-0.46579157628669493,-1.705464779300104,-0.32439188771775945,-0.10977361938621372,-1.9925510562714843,0.23026853248896126,-0.2694832578645808,-0.0107062330639235,-0.10364022835686888,-0.57246896140166,1
sample_05772.html,2.279913267875676,1.1274627044382124,2.3669308439392753,1.7080945425002754,1.2273965829689282,1.3571803892142271,0.5684261156270678,-0.014353452387136539,-0.20867819562168455,1.0445081756683914,-0.02613359816672435,1.2287229734842318,1.225332347748902,0
sample_01937.html,-0.4520377787088923,-0.4805110314497277,-0.5789898120788778,-0.48828710526755725,-1.4745881252400244,-0.3365771940723391,-0.44887348689285445,-1.9925510562714843,-2.257469615287448,-0.2694943572651209,-0.027419211925291086,-0.10364022835686888,-1.1604855999758212,1
sample_05143.html,1.4557612707349232,1.5381951261052407,0.05796600543856084,0.3644979479160425,1.1520373270028947,-0.21472413052654296,0.5684261156270678,0.5220811831288203,-0.5827932062728522,-0.24879397525793245,-0.005563778029656549,-0.051254491518976146,0.35971335934283044,1
sample_03132.html,0.6165660819905583,1.1886356183035145,0.2968244370076003,0.07307859520941667,0.4025042010257481,-0.31220658136317986,-0.44887348689285445,0.6274620729420268,-0.5016795329187573,-0.22393131804822627,-0.02613359816672435,-0.07281657657103696,-0.144902750382751,0
sample_02482.html,-0.2408958394153357,-0.4368160929745119,-0.4197508576995181,-0.2612867673697645,0.006051606345979112,-0.2878359686540206,0.5684261156270678,0.34635009780583204,-7.851757030852685e-05,-0.2530894432669308,-0.02613359816672435,-0.002341842206247569,-0.7872033074716241,1
sample_01845.html,-0.28817444159811684,-0.34942621602408036,1.2522581632837582,-0.34411121498112135,-0.06379506139852963,-0.17207555828551432,-0.10977361938621372,0.6223135179913302,0.9824765561151905,-0.13492522511758612,-0.02613359816672435,0.011984643835054588,-0.4938974115622151,1
sample_03755.html,-0.3773590775338176,-0.4717720437546845,-0.18089242613047862,-0.3727418882294916,-2.092339174881454,-0.2208167837038328,-0.44887348689285445,0.3340044616082019,0.5848568653087701,-0.2338652815315687,0.008577973314577563,-0.060081922312101715,-0.3298768299843125,0
sample_02937.html,-0.13559349819005048,-0.13095152364800158,-0.4197508576995181,-0.1426739781979449,-0.21071570140823445,-0.04412984156242839,0.22932624812042704,0.4465223429766764,-0.16408233361198193,-0.22107877210943408,-0.02613359816672435,-0.08265699122566875,-0.10862739675526417,0
sample_09662.html,-0.43054750498944633,-0.4717720437546845,-0.4993703348891979,-0.44840866752875586,-0.4802532427832406,-0.30002127500860026,-0.10977361938621372,0.15641832936714456,1.0097295232428287,-0.25876123694289505,-0.011991846822490236,-0.10364022835686888,0.526540205527383,1
sample_06136.html,-0.3209471090202719,-0.38438216680425297,-0.4993703348891979,-0.40955275383453904,-0.06476817531325225,-0.30611392818589006,-0.44887348689285445,0.141138717754025,1.3123479116148928,-0.2079925788727182,-0.02613359816672435,0.009524540171396641,0.6308573749406425,1
sample_04742.html,-0.2704449657795739,-0.4717720437546845,-0.4993703348891979,-0.20300289682843936,-0.0820578619093935,-0.08068576062616724,-0.44887348689285445,0.2022896607366142,-0.8591226378383005,-0.2681624292003152,-0.01970552937389066,-0.09003730221664259,0.9730039411020766,0
sample_06713.html,-0.4450534397500724,-0.4717720437546845,-0.4197508576995181,-0.44431857135041725,-0.3614824317876209,-0.3304845408950493,-0.10977361938621372,0.28610712914078423,-0.42918261998651414,-0.26673060653064906,0.009863587073144301,-0.1034955163766537,0.2972804613391098,1
sample_03952.html,-0.4498887513369477,-0.4805110314497277,-0.4993703348891979,-0.486242057178388,-1.8107173711468996,-0.32439188771775945,-0.44887348689285445,0.3613593099334636,2.4907891893198584,-0.2689060890364984,-0.01970552937389066,-0.10364022835686888,-1.0763341411432272,0
sample_07108.html,-0.04479709172539128,-0.31447026524390775,0.45606339138695995,0.40539890969942854,0.8379690866132201,0.4554677189753357,-0.44887348689285445,0.43948132227356645,-0.004466666100354273,-0.2325777510689232,-0.02613359816672435,-0.06254202597575965,0.018713011916306355,0
sample_09603.html,-0.45096326502292,-0.4805110314497277,-0.4993703348891979,3.2592635181351923,0.15688352428715222,-0.32439188771775945,-0.44887348689285445,0.5650284667169145,-0.08852250469149019,-0.2641888438069782,-0.014563074339623712,-0.10364022835686888,0.6269650212774736,0
sample_09259.html,-0.4321592755184048,-0.4717720437546845,-0.34013138050983827,-0.43307080685998606,-0.36734341979008256,-0.30611392818589006,-0.44887348689285445,0.5462728062007973,-1.2528968400472003,-0.24359945580519027,0.006006745797444088,-0.08931374231556673,-1.414825652053546,1
sample_03928.html,-0.42087688181569566,-0.4368160929745119,-0.5789898120788778,-0.3645616958728144,0.6965992425849167,-0.09287106698074685,0.22932624812042704,-1.9925510562714843,-0.5903089903303039,-0.2694166614613405,-0.02613359816672435,-0.10089070073278059,0.49024978036732436,1
sample_02902.html,-0.4520377787088923,-0.4805110314497277,-0.4993703348891979,-0.49237720144589586,-2.256016803315404,-0.3365771940723391,-0.44887348689285445,0.7697390010992521,1.3592723457167761,2.1264777403122124,-0.027419211925291086,-0.10364022835686888,-1.5522331665246654,1
sample_00746.html,-0.06897364965976799,0.32347583649424233,-0.4197508576995181,-0.26946695972644175,0.887669993804301,-0.3304845408950493,0.5684261156270678,0.7210380769755683,0.10231466884484576,-0.24366605220843054,-0.017134301856757187,-0.07354013647211283,-0.26887013441963065,0
sample_09880.html,-0.3171863111193689,-0.38438216680425297,-0.4993703348891979,-0.4453410953950019,0.13787563309422815,-0.31220658136317986,-0.10977361938621372,0.718944184688184,2.244431087156146,-0.2017658151697516,-0.0107062330639235,0.1073498387968538,-0.2916553581947017,1
sample_09942.html,1.916190385174053,1.8964936216020098,3.2427450930257535,1.873743437722989,1.1383449715523608,0.9367873199812304,-0.10977361938621372,0.4079454382420338,0.7048864003903663,0.4229195466246565,-0.02613359816672435,0.1873755638558446,-0.21084246546687957,0
sample_01126.html,0.44356937854901823,1.101245741353083,-0.34013138050983827,-0.07109729507701926,0.21557155792425967,-0.30002127500860026,-0.10977361938621372,0.7302344998332934,-0.04979557931489845,-0.24071361166477795,-0.017134301856757187,-0.034612613794231216,-0.12184261455248734,0
sample_07944.html,-0.34082561221075947,-0.34942621602408036,-0.34013138050983827,-0.3860347008090921,0.6106101505728431,-0.3304845408950493,0.22932624812042704,0.06903677913954957,2.306231932949396,-0.2484054962390308,-0.02613359816672435,-0.05921365043081068,-1.490472972557356,1
sample_01698.html,-0.4117435154849311,-0.4193381175844256,-0.5789898120788778,-0.45147623966250977,-0.2991542505740407,-0.31829923454046966,-0.10977361938621372,-1.9925510562714843,-0.3421023010829933,-0.26943886026242064,-0.02613359816672435,-0.10233782053493232,-0.2357735052106468,1
sample_00814.html,0.13088589593107947,0.2011300087636382,0.6949218229559994,0.19475895651499026,-0.3322136768070549,0.07772322198336773,-0.10977361938621372,0.5452110615849509,0.4606035028379646,12.394233496095486,-0.02613359816672435,0.0006971093782710703,-1.2086349744912215,0
sample_02469.html,5.40728535089805,4.762881585576164,0.45606339138695995,3.205069743772206,1.4973864221005315,0.6504326206486095,10.063222405813008,0.6576372986600576,-0.26981434834029827,-0.03577428009334264,-0.02613359816672435,0.38809108041429,0.6166259368957673,0
sample_03905.html,0.42906344378839223,0.8303371228067451,0.3764439141972801,0.06489840285273946,0.6435897517174228,-0.2208167837038328,0.22932624812042704,0.6444187613832794,-0.1017871441521994,-0.15886663208246837,-0.02613359816672435,-0.046334284191660254,0.018158585512670532,0
sample_07532.html,-0.28495090054019995,-0.38438216680425297,-0.18089242613047862,-0.3911473210320153,0.9467137187333441,-0.2817433154767308,0.22932624812042704,0.22367667837584237,0.4871378031695344,-0.25502073896089905,-0.006849391788223287,-0.0813545834037322,0.05758308111280886,1
sample_02213.html,-0.3741355364759007,-0.38438216680425297,-0.4197508576995181,-0.44329604730583255,-0.5222219204291144,-0.3365771940723391,-0.44887348689285445,0.6199516941679953,0.2827873917437242,-0.25324483487449145,0.042003931037312744,-0.09191855795943984,-0.6337262929024617,0
sample_00629.html,-0.008263626402333142,0.026350254862775167,0.6949218229559994,0.14772285046409628,0.3512421958644046,0.06553791562878812,0.22932624812042704,0.6551076833999655,0.4305540145434382,-0.21088952241367057,-0.02613359816672435,-0.0796180396411501,0.329102972388853,0
sample_03117.html,-0.44129264184916933,-0.4717720437546845,-0.34013138050983827,-0.43307080685998606,-0.7419987387873467,-0.30611392818589006,-0.10977361938621372,0.3903727218238497,0.07585469053369225,-0.26165818048384737,-0.02613359816672435,-0.10219310855471715,-0.6016902771663944,1
sample_08420.html,4.24788508373394,8.765337949905927,0.6949218229559994,4.063989941223314,0.9145846020963319,0.4189117999115969,3.281225055680194,0.4211472290998651,0.22545346366777572,0.2567393217390667,-0.02613359816672435,0.5707175994458388,0.5607907978400893,0
sample_02658.html,-0.4117435154849311,-0.4193381175844256,-0.5789898120788778,-0.45147623966250977,-0.2991542505740407,-0.31829923454046966,-0.10977361938621372,-1.9925510562714843,-0.3411849151990038,-0.26943886026242064,-0.02613359816672435,-0.10233782053493232,-0.2357735052106468,1
sample_06234.html,0.5499462334602758,0.19239102106859504,-0.18089242613047862,-0.2592417192805952,0.6610091654374053,-0.1598902519309347,0.22932624812042704,0.13916421003718496,-1.0491667684814292,3.0611360609885243,-0.02613359816672435,0.0878137214678054,-1.4131352675517943,1
sample_02440.html,-0.4520377787088923,-0.4805110314497277,-0.5789898120788778,-0.486242057178388,-1.0200836873138628,-0.3365771940723391,-0.44887348689285445,-1.9925510562714843,0.19333343166059386,-0.2694943572651209,-0.027419211925291086,-0.10364022835686888,0.25538278721721513,1
sample_03178.html,-0.4520377787088923,-0.4805110314497277,-0.5789898120788778,-0.4913546774013112,-1.246671424944675,-0.3365771940723391,-0.44887348689285445,-1.9925510562714843,0.3041019259217425,-0.2694943572651209,-0.027419211925291086,-0.10364022835686888,-0.815347099921102,0
sample_03986.html,1.7534015617492498,0.6380793935157958,1.4114971176631177,0.9514267495076327,0.7303343932483461,1.9786310132977873,0.22932624812042704,0.7849854689706257,0.31665222987452635,-0.08392347963606829,-0.02613359816672435,0.19649241860940053,-0.03215803888106869,0
sample_03868.html,-0.1774995319429701,-0.2532973513786057,0.45606339138695995,0.3235969861326564,0.8451363451774678,0.1569277132881352,1.2466258506403491,0.595218085003929,0.5571283886652917,0.09552052889487812,-0.02613359816672435,-0.09727290122740126,-0.34057357643611724,0
sample_09656.html,0.12766235487316258,-0.4368160929745119,0.05796600543856084,-0.12835864157375976,0.13489741421556725,0.351892614961409,-0.44887348689285445,0.5620845602686014,0.5667410827013231,-0.18324091566841247,-0.02613359816672435,0.03383615284754576,-0.2898485865205746,0
sample_09325.html,0.006779565201279033,0.34095381188432866,0.6153023457663196,-0.10381806450372812,0.28354768057433344,-0.22690943688112258,-0.10977361938621372,0.6272330682969355,-0.28509779811368563,-0.24064701526153764,-0.02613359816672435,-0.0851170948893267,0.329128213294613,0
sample_00988.html,-0.4310847618324325,-0.46303305605964135,-0.4197508576995181,-0.48010691291088003,-1.4376286611456532,-0.31829923454046966,-0.44887348689285445,0.5862183329137697,0.5672566450446028,-0.21405285156758408,-0.011991846822490236,-0.10089070073278059,-0.8912935825238614,1
sample_06263.html,-0.023844074848931467,0.07878418103303408,4.118559342112231,0.06796597498649341,-0.7121180237611705,0.053352609274208505,-0.10977361938621372,0.6789361270381642,0.7201715007913979,0.6493917152437837,-0.02613359816672435,-0.08989259023642741,-0.5623064460213516,0
sample_02331.html,-0.4520377787088923,-0.4805110314497277,-0.4993703348891979,-0.49237720144589586,-2.256016803315404,-0.3365771940723391,-0.44887348689285445,0.7716946382029244,1.3745527517430864,-0.267185681952791,-0.027419211925291086,-0.10364022835686888,-1.0168014571092276,1
sample_04177.html,-0.3096647153175628,-0.3406872283290372,-0.4993703348891979,-0.37376441227407625,0.06381297614258408,-0.2695580091221512,-0.10977361938621372,0.3316516123233787,-2.6902008702375926,-0.26031515301850167,-0.02613359816672435,-0.0910502860781488,3.566025188243186,1
sample_06010.html,-0.4477397239650031,-0.4805110314497277,-0.26051190332015844,-0.41875547023580095,0.5653386364631289,-0.2878359686540206,-0.10977361938621372,0.4445337539156511,-0.1778381313626315,-0.22310996240826275,-0.006849391788223287,-0.10291666845579302,0.022652053432536273,1
sample_04545.html,1.066250059569965,1.739191843091233,2.207691889559916,0.38494842880773555,0.9188422994731089,-0.30002127500860026,-0.44887348689285445,0.6872943515956628,0.9137592380038606,0.34869785521335944,-0.02613359816672435,0.019799090766673945,-0.470402156936068,0
sample_03420.html,2.4050941122914486,3.3209486158940438,0.13758548262824066,1.2397785300805046,0.5069538485322017,-0.275650662299441,0.9075259831337085,0.5829511755711498,-0.267969544052348,-0.1940850299960388,-0.02613359816672435,0.06769875621789631,0.12457071099102643,0
sample_07262.html,-0.440218128163197,-0.4805110314497277,-0.4993703348891979,-0.44022847517207864,-0.014573964700315028,-0.23909474323570218,-0.10977361938621372,0.3703367708508456,0.07392419523772173,-0.26836221841003605,-0.02613359816672435,-0.10204839657450197,-0.1521438264862224,1
sample_00631.html,0.5311422439557606,0.7866421843315294,1.650355549232157,0.08637140778901715,0.44855802038154835,-0.30611392818589006,0.5684261156270678,0.704575477081276,0.4211676831019864,-0.11379196648933586,-0.02613359816672435,-0.02216738349572631,-0.5454395106134442,0
sample_04524.html,-0.25701354470492016,-0.052300634392613204,-0.1012729489407988,-0.28378229635062685,0.0047744291553215345,-0.31829923454046966,-0.44887348689285445,0.6355372378164783,0.6344714671105166,-0.12848757280435863,-0.02613359816672435,-0.08931374231556673,-1.0805363347471937,0
sample_04315.html,0.9313985919804416,1.8702766585168804,2.207691889559916,0.3450699910689341,0.2598520442575118,-0.20863147734925316,0.5684261156270678,0.6156790403869815,0.1679033625972326,0.021343235085741312,-0.01584868809819045,0.07160597968370598,0.18156115602919404,0
sample_05164.html,-0.33061773219402263,-0.3581652037191235,0.5356828685766397,-0.33593102262444413,1.4950129747097103,-0.2634653559448614,-0.10977361938621372,0.6341119539890436,0.4801043397201536,-0.12781050937141572,-0.02613359816672435,-0.066159825481139,-0.6361560299479828,1
sample_08157.html,-0.36070411540124697,-0.3319482406339941,-0.1012729489407988,-0.3021877291531506,1.159219435056319,-0.29392862183131047,-0.10977361938621372,0.7010481557133691,0.7990498071509853,-0.09290289467296664,-0.013277460581056975,-0.09712818924718608,-0.09323341682774598,1
sample_01268.html,-0.3096647153175628,-0.3406872283290372,-0.4993703348891979,-0.37376441227407625,0.06381297614258408,-0.2695580091221512,-0.10977361938621372,0.3316516123233787,-2.690287186990567,-0.26031515301850167,-0.02613359816672435,-0.0910502860781488,3.566025188243186,1
sample_05082.html,-0.45096326502292,-0.4805110314497277,-0.4993703348891979,-0.4913546774013112,-2.256016803315404,-0.3304845408950493,-0.44887348689285445,0.9317049980992997,2.254713910265188,-0.15853365006626696,-0.013277460581056975,-0.10364022835686888,-1.5293463663566316,1
sample_06426.html,0.2995845446287303,0.7779031966364862,-0.021653471751118984,-0.12529106944000581,-0.3828101923000985,-0.06240780109429781,-0.44887348689285445,0.8313729882754399,1.4315571620094365,0.5325150275570846,-0.02613359816672435,0.05076745453272103,-1.0760978727061508,0
sample_04155.html,-0.0657501086018511,-0.09599557286782896,0.6153023457663196,-0.25003900287933334,1.1119407993106043,-0.1477049455763551,-0.10977361938621372,0.58090200449093,0.6524829434412317,1.8846551007461996,-0.02613359816672435,-0.02781115072411807,-1.4147617284166965,0
sample_04708.html,-0.436457330262294,-0.4805110314497277,-0.4993703348891979,-0.44329604730583255,0.08141459285252393,-0.2878359686540206,-0.10977361938621372,0.5826364695212092,1.1202465272579798,-0.25782888729753106,-0.02613359816672435,-0.10320609241622336,-0.048250472219417646,1
sample_00019.html,0.6326837872801427,-0.3406872283290372,-0.34013138050983827,0.4309620108140449,0.9418873137790245,0.8027489500808548,-0.10977361938621372,0.2066906736266835,-0.6160571670143489,-0.24787272501310853,-0.02613359816672435,-0.07773678389835285,0.4517620144144155,1
sample_09512.html,-0.45096326502292,-0.4805110314497277,-0.4993703348891979,-0.4749942926879568,-0.8763790396918171,-0.3304845408950493,-0.10977361938621372,0.21520007526618232,-0.3652701244445802,-0.26873959802839764,-0.0107062330639235,-0.10364022835686888,-0.3007361912468727,1
sample_05163.html,-0.2865626710691584,-0.2882533021587783,-0.4993703348891979,-0.21834075749720913,0.5254575777657102,0.07772322198336773,0.22932624812042704,0.5305314384616531,-0.9202181119845156,-0.2650545970491019,-0.02613359816672435,-0.04459774042907817,1.7100972934291294,0
sample_02570.html,-0.049095146469280475,-0.13095152364800158,-0.26051190332015844,-0.07620991529994252,-0.24827170073217425,-0.07459310744887743,-0.10977361938621372,0.33624970771054563,-0.047849002631033026,-0.2533003318771917,-0.02613359816672435,-0.0639891457779114,0.008544394912085052,1
sample_03441.html,-0.4488142376509754,-0.4805110314497277,-0.5789898120788778,-0.4606789560637717,-0.1880896885736407,-0.32439188771775945,-0.10977361938621372,-1.9925510562714843,-0.7442785791166204,-0.2694943572651209,-0.008135005546790024,-0.10364022835686888,-0.3227660000836002,1
sample_00641.html,-0.4520377787088923,-0.4805110314497277,-0.5789898120788778,-0.49237720144589586,-2.256016803315404,-0.3365771940723391,-0.44887348689285445,-1.9925510562714843,-1.0899069548687088,-0.2694943572651209,-0.027419211925291086,-0.10364022835686888,-1.1937609885127358,1
sample_04927.html,0.9297868214514832,-0.3057312775488646,12.637843401407974,0.18044361989080512,1.2074056822392119,-0.25128004959028183,-0.44887348689285445,0.2741955636569047,1.869969467875289,-0.25291185285829004,-0.01970552937389066,0.08245937819984399,-1.3375302542479794,1
sample_07436.html,-0.33115498903700874,-0.34942621602408036,-0.4993703348891979,-0.4003500374332772,0.4618700726624893,-0.2817433154767308,-0.10977361938621372,0.3316516123233787,0.10131310095096739,-0.26031515301850167,-0.004278164271089811,-0.09582578142524951,-0.3915459689486119,1
sample_00218.html,-0.45096326502292,-0.4805110314497277,-0.4993703348891979,-0.48419700908921864,-1.091387524772613,-0.3304845408950493,-0.44887348689285445,0.19867672293162741,-0.33585272868493177,-0.2687173992273175,-0.0017069367539563366,-0.10364022835686888,-0.8852200678013379,1
sample_01729.html,-0.4520377787088923,-0.4805110314497277,-0.4993703348891979,-0.4913546774013112,-2.256016803315404,-0.3365771940723391,-0.44887348689285445,0.3926653896518173,-0.00034906599914424165,-0.2668637993371296,-0.027419211925291086,-0.10364022835686888,-1.239306234270092,1
sample_09093.html,-0.35855508802930236,-0.3319482406339941,0.6949218229559994,-0.2766246280385343,-0.23691415493145493,-0.3304845408950493,-0.44887348689285445,0.6770713729166506,0.8692399924127515,0.29091437600187264,-0.008135005546790024,-0.09293154182094605,-0.960337759526902,0
sample_01412.html,-0.3273941911361057,-0.3406872283290372,-0.4993703348891979,-0.3931923691211846,0.4911933928541008,-0.2817433154767308,-0.10977361938621372,0.343253371727165,0.015290607760602795,-0.25871683934073486,-0.004278164271089811,-0.09582578142524951,-0.20254721649351112,1
sample_02680.html,1.3789335421879039,2.0363174247227,0.7745413001456792,0.5546874202087878,0.045309228740859034,-0.23300209005841238,-0.44887348689285445,0.6984646538942687,-0.07519644694691435,-0.13254995340201597,-0.02613359816672435,0.02298275433140776,0.10289938559684733,0
sample_02066.html,-0.43806910079125244,-0.4805110314497277,-0.4993703348891979,-0.4453410953950019,-1.7788717150280011,-0.20253882417196337,-0.10977361938621372,0.3703367708508456,0.0668744315184629,-0.26836221841003605,-0.02613359816672435,-0.10175897261407163,-0.5409780110308322,1
sample_06453.html,-0.4520377787088923,-0.4805110314497277,-0.4993703348891979,-0.49237720144589586,-2.256016803315404,-0.3365771940723391,-0.44887348689285445,0.7697390010992521,1.3592723457167761,2.1264777403122124,-0.027419211925291086,-0.10364022835686888,-1.5522331665246654,1
sample_04938.html,-0.4520377787088923,-0.4805110314497277,-0.4993703348891979,-0.49237720144589586,-2.256016803315404,-0.3365771940723391,-0.44887348689285445,0.7886948398524334,1.437007313035855,-0.267185681952791,-0.027419211925291086,-0.10364022835686888,-1.0168014571092276,1
sample_04772.html,-0.4520377787088923,-0.4805110314497277,-0.5789898120788778,-0.4933997254904805,-1.2660819177652463,-0.3365771940723391,-0.44887348689285445,-1.9925510562714843,-1.2790398437738093,-0.2694943572651209,-0.027419211925291086,-0.10364022835686888,-0.0026642491031754712,0
sample_02845.html,-0.4198023681297234,-0.4805110314497277,-0.4993703348891979,-0.45045371561792513,-0.3494755357511701,-0.2695580091221512,-0.10977361938621372,0.5779049761935282,-0.036031747308006144,-0.1928973941382537,-0.008135005546790024,-0.10320609241622336,-1.2309523419113373,1
sample_09803.html,-0.44344166922111394,-0.4805110314497277,-0.4993703348891979,-0.44738614348417116,0.8165492677463465,-0.31220658136317986,-0.10977361938621372,0.11633889782022509,0.8005460972484686,-0.2617802738897879,-0.0107062330639235,-0.10364022835686888,0.2702597327440516,1
sample_05354.html,-0.3096647153175628,-0.3406872283290372,-0.4993703348891979,-0.37376441227407625,0.06381297614258408,-0.2695580091221512,-0.10977361938621372,0.3316516123233787,-2.6902536825969823,-0.26031515301850167,-0.02613359816672435,-0.0910502860781488,3.566025188243186,1
sample_03064.html,-0.4520377787088923,-0.4805110314497277,-0.5789898120788778,-0.48828710526755725,-0.4857802989613899,-0.3365771940723391,-0.44887348689285445,-1.9925510562714843,-2.374105694263592,-0.2694943572651209,-0.027419211925291086,-0.10364022835686888,-0.06926926283400898,0
sample_09478.html,-0.38702970070756826,-0.4368160929745119,0.05796600543856084,-0.4279581866370628,0.19506106436301412,-0.245187396412992,-0.10977361938621372,0.5750650576705129,0.6747959528394912,0.06233332128013638,-0.01584868809819045,-0.09293154182094605,-0.8752725042873843,0
sample_02166.html,-0.30053134898679823,-0.2969922898538215,-0.4197508576995181,-0.18561998807050029,0.2677399935886913,-0.23909474323570218,0.5684261156270678,0.4242727815865593,-0.22354212331488887,-0.26670840772956894,-0.009420619305356762,-0.09220798191987019,-0.2672610266774383,1
sample_01333.html,-0.317723567962355,-0.34942621602408036,0.05796600543856084,-0.32877335431235155,0.10407017748795411,-0.14161229239906528,-0.10977361938621372,0.4884264481347141,0.17323407358924595,-0.20475155391502434,-0.02613359816672435,-0.08309112716631427,-0.06530782262144862,0
sample_01005.html,-0.42302590918764027,-0.4193381175844256,-0.26051190332015844,-0.47703934077712606,-1.4485405042524644,-0.3365771940723391,-0.44887348689285445,0.6133926703700417,0.9914685446295197,-0.261569385279527,0.03429024848591231,-0.08960316627599707,-0.7199927075674225,0
sample_02904.html,0.08683083480621524,0.7866421843315294,0.13758548262824066,0.27656088008176244,0.6163532207923671,0.016796690210469666,-0.10977361938621372,0.6359601316271483,-0.7179364133879664,-0.22547413472329286,-0.02613359816672435,-0.06572568954049347,0.8849614323721071,0
sample_09632.html,-0.436457330262294,-0.4805110314497277,-0.4993703348891979,-0.44329604730583255,0.08141459285252393,-0.2878359686540206,-0.10977361938621372,0.592123269971766,1.1332078889959893,-0.25769569449105045,-0.02613359816672435,-0.10320609241622336,-0.055512825780636876,1
sample_05062.html,-0.44935149449396156,-0.4805110314497277,-0.5789898120788778,-0.4913546774013112,-2.256016803315404,-0.3304845408950493,-0.44887348689285445,-1.9925510562714843,0.1858757981077862,-0.2694832578645808,0.09471409513854898,-0.09799646112847712,-1.369824702439611,0
sample_02449.html,0.15989776545233153,-0.270775326768692,0.2968244370076003,0.3900610490306588,0.9204023073503652,0.7113591524215076,0.5684261156270678,0.48463725076236136,0.21338476187514865,0.308784410871349,-0.02613359816672435,0.025587569975280878,0.0005294425466357998,0
sample_03206.html,0.0841445505912845,0.42834368883476015,-0.021653471751118984,-0.07416486721077321,-0.257062628605255,-0.31829923454046966,-0.10977361938621372,0.5197376448548737,-0.0655843580551831,-0.1820976774127876,-0.02613359816672435,-0.04546601231036921,-0.37384583593512744,0
sample_01375.html,-0.3821943891206929,-0.2882533021587783,-0.5789898120788778,-0.37376441227407625,1.0298242566479083,-0.31829923454046966,-0.44887348689285445,-1.9925510562714843,-0.2285732750027962,-0.2694943572651209,-0.02613359816672435,-0.10204839657450197,0.2305492430794769,1
sample_02296.html,0.18407432338670823,0.6730353442959685,-0.021653471751118984,-0.04655671800698761,0.2748790671926495,-0.29392862183131047,0.22932624812042704,0.6293684224278713,-0.446515688355174,-0.24687377896450424,-0.0017069367539563366,-0.05964778637145619,0.23148297406538135,0
sample_01698.html,-0.058228512800045006,0.00013329177764570985,-0.34013138050983827,-0.049624290140741566,0.9042892368650356,0.1508350601108454,0.22932624812042704,0.5118376980857077,-0.6687254969113078,-0.23860472556216894,-0.02613359816672435,-0.07730264795770733,0.46870375990354746,0
sample_09288.html,-0.16675439508324713,0.026350254862775167,-0.4993703348891979,0.1916913843812363,1.3051342099125294,-0.013666575675979363,-0.44887348689285445,0.5239778127874377,0.24035513176466608,-0.17429479883313426,-0.02613359816672435,-0.07556610419512526,-0.09716191087870737,0
sample_01707.html,-0.4026101491541666,-0.42807710527946874,-0.34013138050983827,-0.4340933309045707,-0.12160492216570515,-0.30611392818589006,0.22932624812042704,-0.10704674957547404,-1.8830343468220214,-0.18915689615625775,-0.01584868809819045,-0.10074598875256541,2.8987863294350773,1
sample_07691.html,-0.3037548900447152,-0.3057312775488646,-0.5789898120788778,-0.3338859745352748,-0.8459605151687594,-0.23300209005841238,0.22932624812042704,-1.9925510562714843,2.19986299998229,-0.2694943572651209,-0.02613359816672435,0.35118952545942084,-1.3119846975351594,1
sample_02032.html,-0.4343083028903494,-0.4717720437546845,-0.4197508576995181,-0.44840866752875586,-1.7608662430834565,-0.22690943688112258,-0.10977361938621372,0.40139478109889704,0.22469931739013027,-0.2675630615711526,-0.02613359816672435,-0.10175897261407163,-0.46512826784994166,1
sample_08702.html,0.13303492330302408,0.026350254862775167,-0.021653471751118984,0.014794724668091511,1.4570150032323739,0.20566893870645367,0.22932624812042704,0.6290517839681018,0.08728829724567713,-0.051424434854809485,-0.02613359816672435,-0.0574771066682286,0.02933556105680964,0
sample_05298.html,0.03256789366461419,0.03508924255781832,0.05796600543856084,-0.34308869093653666,0.27202820145750445,-0.23300209005841238,-0.10977361938621372,0.5363254668481958,0.008323877564604175,-0.23191178703652035,-0.02613359816672435,-0.010156289137866927,-0.35893452314197744,1
sample_07340.html,0.4075731700689463,0.8390761105017883,0.45606339138695995,1.1354810775328703,1.1287427722395833,-0.17816821146280412,3.9594247906934754,0.5503031969660667,0.049384939785856674,-0.08587697413111663,-0.02613359816672435,-0.04995208369703959,-0.8584327523962687,0
sample_01172.html,-0.27850381842436617,-0.44555508066955507,0.21720495981792048,1.4892743969591598,-1.6187119196791262,1.7775734584472238,-0.44887348689285445,0.44279012401905826,0.1532657022205703,-0.2507030721508206,-0.02613359816672435,-0.07686851201706182,-0.8730820734532385,1
sample_01102.html,-0.22209184991082048,-0.46303305605964135,-0.18089242613047862,0.02092986893559942,0.6581421178771867,0.351892614961409,4.298524658200116,0.4685205988383228,-0.5176354499397278,-0.2560862814127436,-0.02613359816672435,-0.09220798191987019,0.3927057264013174,0
sample_04294.html,-0.4520377787088923,-0.4805110314497277,-0.4993703348891979,-0.49237720144589586,-2.256016803315404,-0.3365771940723391,-0.44887348689285445,0.07102526381160175,-2.3009483294169804,-0.07930612901140857,-0.027419211925291086,-0.10364022835686888,-1.548052615432869,1
sample_08848.html,-0.4235631660306264,-0.4368160929745119,-0.34013138050983827,-0.43307080685998606,-0.3864465366631932,-0.31220658136317986,0.22932624812042704,0.508822119625009,0.20658156484485368,-0.2568299412489268,-0.02613359816672435,-0.10335080439643853,-0.5152534863875544,1
sample_09748.html,1.527216430852081,1.8091037446515783,0.3764439141972801,0.6528497284889143,0.6549220679211147,-0.007573922498689558,0.5684261156270678,0.5035581114410502,0.5211944488678246,0.06295488771037903,-0.02613359816672435,0.37188333863019063,-0.7568625132084021,0
sample_03213.html,-0.15815828559546874,-0.4105991298893824,-0.34013138050983827,-0.35433645542696784,0.08592306612543707,-0.29392862183131047,0.22932624812042704,0.7496560134259991,1.937460820285826,-0.19907976023906013,-0.02613359816672435,0.27290034416301207,0.10291384435949592,1
sample_08416.html,-0.4520377787088923,-0.4805110314497277,-0.5789898120788778,-0.48828710526755725,-0.4857802989613899,-0.3365771940723391,-0.44887348689285445,-1.9925510562714843,-2.374105694263592,-0.2694943572651209,-0.027419211925291086,-0.10364022835686888,-0.06926926283400898,0
sample_05516.html,-0.18126032984387316,0.00013329177764570985,-0.4993703348891979,0.05467316240689294,1.2983334406170537,-0.013666575675979363,-0.44887348689285445,0.5339756594094979,0.2287218712099454,-0.21031235358558809,-0.02613359816672435,-0.07556610419512526,-0.08648107036958208,0
sample_07485.html,1.4219140896267959,1.1187237167431694,1.9688334579908764,0.9422240331063708,1.0409841504183397,1.2475126320230105,1.2466258506403491,0.6102926208377869,0.3188660511568589,0.08163517881927881,-0.02613359816672435,0.202715033758653,-0.12266838069304181,0
sample_00589.html,-0.0007420306005270544,-0.13969051134304472,0.05796600543856084,0.23156982212003774,0.281498021086792,0.1386497537562658,0.22932624812042704,0.633687584166846,-0.3319069380633923,-0.20173251696813146,-0.02613359816672435,-0.07339542449189766,-0.02856884987783501,0
sample_01848.html,-0.33115498903700874,-0.34942621602408036,-0.4993703348891979,-0.4003500374332772,0.4618700726624893,-0.2817433154767308,-0.10977361938621372,0.3316516123233787,0.10328636063585998,-0.26031515301850167,-0.004278164271089811,-0.09582578142524951,-0.3917082617145721,1
sample_01806.html,0.5848679282543755,-0.052300634392613204,5.312851499957429,1.9330498323088987,1.660887946009288,1.0586403835270266,0.5684261156270678,0.6439702529462447,-0.7556995318750246,0.5424822892420471,-0.02613359816672435,-0.07773678389835285,1.7329219039688188,0
sample_03100.html,-0.3424373827397179,-0.4018601421943393,-0.4993703348891979,-0.38194460463075347,0.29237840289822226,-0.31829923454046966,0.22932624812042704,0.0472756464719266,-2.590032160794621,-0.2359519688330976,-0.02613359816672435,-0.03779627735896503,3.7817067853503326,1
sample_02531.html,-0.31611179743339657,-0.4193381175844256,0.21720495981792048,0.23668244234296099,0.19194842490451233,-0.1537975987536449,-0.10977361938621372,0.2827146686156068,-0.46435800754081386,-0.2111781068277118,-0.02613359816672435,-0.09365510172202192,1.0991535813615771,1
sample_09369.html,-0.45096326502292,-0.4805110314497277,-0.4993703348891979,-0.4913546774013112,-2.256016803315404,-0.3304845408950493,-0.44887348689285445,0.930692620242689,2.2784656953015725,-0.12425870119860057,-0.013277460581056975,-0.10364022835686888,-1.5252711856162566,1
sample_07870.html,-0.4477397239650031,-0.4805110314497277,-0.4993703348891979,-0.47703934077712606,-1.4990077710513754,-0.31220658136317986,-0.10977361938621372,0.3391934432522604,0.15482711099494206,-0.2680514351949147,-0.0107062330639235,-0.10320609241622336,-0.723868203538883,1
sample_03609.html,-0.40637094705506965,-0.4368160929745119,-0.26051190332015844,-0.4044401336116158,0.4762214498961508,-0.2695580091221512,-0.44887348689285445,0.709380172812242,1.0861315688248716,-0.0954002597944773,-0.02613359816672435,-0.10233782053493232,0.6969872833787095,1
sample_06323.html,0.12282704328628724,0.8652930735869178,0.13758548262824066,0.40539890969942854,1.0650288224036855,0.18739097917458425,-0.10977361938621372,0.6373634107445695,-1.0103677408052152,-0.22585151434165446,-0.02613359816672435,-0.0634102978570507,1.3976864568638667,0
sample_03250.html,0.09112888955010444,0.3322148241892855,0.05796600543856084,0.48720083326620073,1.216729810938186,-0.11724167968990606,0.5684261156270678,0.4267418138563966,-0.5299677628899364,-0.23642924305631965,-0.02613359816672435,-0.08685363865190877,-0.4179360138787794,1
sample_04466.html,-0.45150052186590617,-0.4805110314497277,-0.5789898120788778,-0.4709041965096182,0.38227209905013554,-0.3304845408950493,-0.44887348689285445,-1.9925510562714843,-0.14609972910209987,-0.2694943572651209,-0.018419915615323922,-0.10364022835686888,0.3090284863007503,1
sample_09016.html,-0.4520377787088923,-0.4805110314497277,-0.4993703348891979,-0.49237720144589586,-2.256016803315404,-0.3365771940723391,-0.44887348689285445,0.7897181804933473,1.4841282851310937,-0.267185681952791,-0.027419211925291086,-0.10364022835686888,-1.0168014571092276,1
sample_01915.html,0.3699651910599158,-0.26203633907364887,2.8446477070773546,0.6201289590622054,0.9994638764746007,0.6504326206486095,0.9075259831337085,0.6164160794603183,1.2253775435681296,-0.033221417969131736,-0.02613359816672435,0.015891867300864268,-0.44871373917233764,0
sample_00567.html,-0.11356596762761836,-0.20960241290338993,0.2968244370076003,-0.10381806450372812,0.5208331004286932,0.25441016412477213,-0.44887348689285445,0.2682486059102033,-0.5274422073151893,-0.1153236837638624,-0.02613359816672435,-0.08265699122566875,0.9527277624457378,0
sample_06805.html,-0.43054750498944633,-0.4717720437546845,-0.4993703348891979,-0.44840866752875586,-0.4802532427832406,-0.30002127500860026,-0.10977361938621372,0.15641832936714456,1.0097295232428287,-0.25876123694289505,-0.011991846822490236,-0.10364022835686888,0.526540205527383,1
sample_02990.html,-0.29086072581304756,-0.4193381175844256,-0.1012729489407988,-0.10381806450372812,0.2200204878947308,0.11427914104710657,0.22932624812042704,0.2634953953063328,-0.6370742328549516,-0.24090230147395875,-0.02613359816672435,-0.08063102350265633,0.8795777531685199,0
sample_08856.html,0.8239472233832118,1.6605409538358447,-0.1012729489407988,0.4708404485528463,0.3957327612882186,-0.2817433154767308,0.9075259831337085,0.28539762108114775,0.26201806167937497,1.3384203019688468,-0.02613359816672435,-0.07455312033361905,-0.9844262667020119,1
sample_06040.html,0.9072220340460649,-0.4542940683645982,-0.4993703348891979,-0.44329604730583255,-1.6396226832801997,-0.30611392818589006,-0.10977361938621372,0.19625936902986896,2.2936670643320887,-0.2687173992273175,-0.02613359816672435,3.4266085289922836,-1.4823627801007002,1
sample_03699.html,-0.3273941911361057,-0.3406872283290372,-0.4993703348891979,-0.3931923691211846,0.4911933928541008,-0.2817433154767308,-0.10977361938621372,0.343253371727165,0.016215829619510687,-0.25871683934073486,-0.004278164271089811,-0.09582578142524951,-0.20254721649351112,1
sample_05949.html,0.10294854009579972,-0.3669041914141667,-0.34013138050983827,0.398241241387336,-0.3913393040573169,2.1735959149710613,-0.44887348689285445,0.2577605651781773,-1.1384988035758978,-0.24963752969897607,-0.018419915615323922,0.06118671710821351,1.8244009828782488,0
sample_08168.html,-0.39562581019534665,-0.4018601421943393,-0.4993703348891979,-0.42693566259247817,-0.12206638275962894,-0.31829923454046966,0.5684261156270678,0.16080695444204482,-0.261938624452971,-0.24874957765577227,-0.02613359816672435,-0.08699835063212395,0.8821887006216629,1
sample_08598.html,-0.44075538500618316,-0.46303305605964135,-0.4993703348891979,-0.483174485044634,-1.7247823961965245,-0.3365771940723391,-0.10977361938621372,0.4337882224871122,0.39795367306732804,-0.2563415676251647,0.06257375117438055,-0.10118012469321093,-0.06358252327175003,1
sample_09230.html,-0.4455906965930585,-0.4717720437546845,-0.5789898120788778,-0.38092208058616883,-0.9106125990460171,-0.31829923454046966,-0.44887348689285445,-1.9925510562714843,-1.3622335216923012,-0.2694943572651209,-0.011991846822490236,-0.10364022835686888,1.0866572078721932,0
sample_05552.html,-0.4520377787088923,-0.4805110314497277,-0.34013138050983827,-0.4606789560637717,-0.25880148440843787,-0.3365771940723391,-0.10977361938621372,0.7902971129989859,2.1673057885567646,-0.23881561417242983,-0.027419211925291086,-0.10364022835686888,-0.4879627478966868,0
sample_04329.html,0.558005086105068,0.2972588734091129,-0.1012729489407988,0.7847553302403345,0.3185758390013036,0.4371897594434663,-0.44887348689285445,0.5689354672882508,0.5730346452273988,0.9052994940951168,-0.02613359816672435,0.15148699276248165,-0.453488624938705,0
sample_01892.html,-0.2408958394153357,-0.3669041914141667,-0.4197508576995181,-0.3533139313823832,0.10904868069703597,-0.31829923454046966,0.22932624812042704,0.7507384882353262,0.9898582170199376,-0.19992331468010371,-0.02613359816672435,0.02529814601485053,0.38118983693918873,1
sample_04113.html,0.1486153717496224,-0.1833854498182605,1.2522581632837582,0.18044361989080512,0.554122457557131,0.7905636437262752,0.9075259831337085,0.4332798010913712,0.2668131710389759,-0.055520113654086975,-0.02613359816672435,-0.02072026369357458,0.09993310981437561,0
sample_01401.html,0.12067801591434264,0.03508924255781832,-0.18089242613047862,-0.08541263170120439,0.524813375191398,0.2848734300112211,0.22932624812042704,0.5610383351371194,-0.07515625248995729,-0.214974101812408,-0.02613359816672435,-0.073684848452328,-0.08382632942343918,0
sample_06352.html,-0.4520377787088923,-0.4805110314497277,-0.4993703348891979,-0.49237720144589586,-2.256016803315404,-0.3365771940723391,-0.44887348689285445,0.7448231608330242,1.4384208116677977,-0.2640889492021178,-0.027419211925291086,-0.10364022835686888,-1.3863595426246285,1
sample_02632.html,-0.1479504055787319,0.07004519333799093,-0.26051190332015844,0.4647053042853384,0.007271317466979958,0.5955987420530012,-0.10977361938621372,0.5070311010188394,-0.9957829030882718,-0.2629457109464929,-0.022276756891024138,-0.08395939904760531,1.324613826086486,0
sample_04896.html,-0.4488142376509754,-0.4717720437546845,-0.5789898120788778,-0.4678366243758642,-0.5636349655574512,-0.3365771940723391,-0.10977361938621372,-1.9925510562714843,-0.168321894753002,-0.2694943572651209,0.018862883383111463,-0.10364022835686888,-0.07444076719238102,1
sample_04076.html,-0.440218128163197,-0.4805110314497277,-0.5789898120788778,-0.48419700908921864,-2.256016803315404,-0.30611392818589006,-0.44887348689285445,-1.9925510562714843,-0.19975210603412946,-0.26943886026242064,-0.01584868809819045,-0.09437866162309778,-1.2002264804210399,1
sample_08459.html,-0.2500292057461002,-0.4368160929745119,-0.4197508576995181,-0.42489061450330884,0.34299572705554493,-0.23909474323570218,-0.44887348689285445,0.7626465579024301,2.194880986011576,0.29519874461033097,-0.006849391788223287,0.1865072919745536,-1.3991827571607554,1
sample_06335.html,7.155519117974979,7.489445746429627,-0.18089242613047862,6.741980413990517,0.9646795960774651,13.420633680248043,-0.10977361938621372,0.603846077857776,-0.10252557212852591,-0.19387414138577788,-0.018419915615323922,1.9511251787183768,0.9378429030605353,0
sample_09884.html,-0.4520377787088923,-0.4805110314497277,-0.4993703348891979,-0.48828710526755725,-2.256016803315404,-0.3365771940723391,-0.44887348689285445,0.6948797331186194,1.4944617240544702,-0.23345460371158694,-0.027419211925291086,-0.10364022835686888,-1.3340155493845216,1
sample_09448.html,-0.23176247308457118,0.04382823025286147,-0.021653471751118984,-0.31752558982192036,0.9090377788983321,-0.31220658136317986,-0.10977361938621372,0.6612510676925886,-0.10901392931735984,-0.2498373189086969,-0.02613359816672435,-0.0699223369667335,0.8165191649228972,1
sample_06467.html,-0.3821943891206929,-0.3756431791092098,-0.4197508576995181,-0.46988167246503354,-1.1704944175416285,-0.3304845408950493,-0.44887348689285445,0.5628067217283763,0.7313141901749043,-0.25128024097890306,-0.01584868809819045,-0.06109490617360793,-1.2021737589347197,0
sample_04533.html,-0.02062053379101457,-0.2882533021587783,0.9337802545250389,0.31439426973139456,1.1727300477783869,0.7174518055987974,-0.10977361938621372,0.4631840752761814,0.671953628686771,-0.19030013441188262,-0.02613359816672435,0.0639362447323018,0.6735935790702091,0
sample_01013.html,-0.3370648143098564,-0.270775326768692,-0.021653471751118984,-0.3717193641849069,-0.4768447036342072,-0.2695580091221512,-0.10977361938621372,0.717778885725426,0.6854866097309315,-0.24879397525793245,-0.006849391788223287,-0.0888796063749212,-0.14536367070368544,1
sample_09667.html,0.08038375269038146,0.34095381188432866,-0.5789898120788778,0.22952477403086843,0.5141947368229635,-0.07459310744887743,-0.10977361938621372,-1.9925510562714843,0.20418982341295977,-0.2694943572651209,-0.02613359816672435,-0.0851170948893267,-0.9822347667799157,1
sample_08187.html,-0.43054750498944633,-0.4717720437546845,-0.4197508576995181,-0.31854811386650506,0.7566485843684918,-0.11114902651261627,0.22932624812042704,0.20140659945443204,-0.9136773518743525,-0.25586429340194267,-0.02613359816672435,-0.1034955163766537,0.6252879873374461,1
sample_01040.html,-0.37628456384784525,-0.4105991298893824,0.05796600543856084,0.15897061495452744,0.9686952140778684,0.827119562790014,0.22932624812042704,-0.27882205797250137,-0.748338572055515,-0.11860910632371643,-0.02613359816672435,-0.09076086211771846,1.5459111335954674,1
sample_07913.html,-0.436457330262294,-0.4717720437546845,-0.4993703348891979,-0.43511585494915533,-0.9220801836796663,-0.30002127500860026,-0.10977361938621372,0.5875615281658868,0.6881593750257654,-0.25508733536413936,-0.014563074339623712,-0.10306138043600818,-0.7861849360104133,1
sample_02214.html,0.3173140204472732,0.419604701139717,0.9337802545250389,0.25099777896714615,1.602736916411452,0.4310971062661765,0.22932624812042704,0.3076681010504271,0.83245029874698,-0.1418512510545757,-0.02613359816672435,-0.004078385968829649,0.06566860632065384,0
sample_07130.html,0.32322384572012086,0.4458216642248465,-0.26051190332015844,0.4749305447311849,0.8798951779589751,0.028981996565049278,-0.10977361938621372,0.6585440358468838,1.0827279900715665,0.34006252159320255,-0.018419915615323922,0.007932708389029736,-0.7777718266093232,0
sample_06390.html,0.04492480105329562,0.31473684879919916,0.21720495981792048,0.6221740071513748,0.5479411457247211,0.022889343387759473,-0.44887348689285445,0.6312446675904447,2.037989747667543,-0.11767675667835245,-0.02613359816672435,-0.05270161132112788,-0.7905357198018513,0
sample_06717.html,-0.11195419709865992,-0.3057312775488646,-0.5789898120788778,-0.07109729507701926,0.7075930243493801,-0.23300209005841238,-0.44887348689285445,-1.9925510562714843,0.2659410859998076,-0.2694943572651209,0.020148497141678202,0.03354672888711541,-0.06415189083137811,1
sample_03981.html,-0.34727269432659325,-0.3581652037191235,-0.18089242613047862,-0.4678366243758642,-1.6295265688822669,-0.3365771940723391,-0.44887348689285445,0.7228802121914817,0.849328834218825,-0.25101385536594195,0.02529095217594515,-0.0969834772669709,-0.8490098242375723,0
sample_00604.html,0.029881609449683443,-0.17464646212321733,1.729975026421837,0.5229891748266635,1.1678544009005367,0.8636754818537528,-0.10977361938621372,0.6154319910154356,0.7618475312513695,0.1063313450208843,-0.02613359816672435,0.024864010074205013,-0.43931274035428597,0
sample_08573.html,-0.42410042287361255,-0.46303305605964135,-0.5789898120788778,-0.4300032347262321,-0.539800887428809,-0.31220658136317986,-0.10977361938621372,-1.9925510562714843,-0.01020896019434542,-0.2694943572651209,0.031719020968778835,-0.09032672617707294,0.5716799931606552,1
sample_07163.html,-0.4343083028903494,-0.46303305605964135,-0.1012729489407988,-0.4678366243758642,-1.563894261261456,-0.32439188771775945,-0.44887348689285445,0.3249357788086454,-0.6797447909342583,-0.0883965380537074,0.024005338417378414,-0.10016714083170472,1.6045085873129004,0
sample_06848.html,-0.3961630670383328,-0.3756431791092098,-0.5789898120788778,-0.4422735232612479,-0.512147813797768,-0.3365771940723391,-0.44887348689285445,-1.9925510562714843,-0.5826861446582426,-0.2694943572651209,-0.00042132299538959916,-0.09785174914826195,0.18575877341522562,0
sample_06601.html,-0.2408958394153357,-0.4368160929745119,-0.4197508576995181,-0.2612867673697645,0.006051606345979112,-0.2878359686540206,0.5684261156270678,0.34635009780583204,-7.851757030852685e-05,-0.2530894432669308,-0.02613359816672435,-0.002341842206247569,-0.7872033074716241,1
sample_00772.html,1.278466512549494,1.957666535467312,3.3223645702154334,0.6988633104952237,0.7876017086701341,-0.30002127500860026,0.5684261156270678,0.6669643553353932,0.7439298265363927,0.7379538321528221,-0.02613359816672435,0.09172094493361507,-0.8102599361719037,0
sample_08579.html,0.059430735813921644,0.7691642089414431,-0.18089242613047862,0.028087537247691988,1.4379459941582207,-0.32439188771775945,-0.44887348689285445,0.5472289281114733,0.3759863117931261,0.33858630132137624,-0.009420619305356762,-0.08063102350265633,-0.9404813934560323,0
sample_04869.html,-0.4520377787088923,-0.4805110314497277,-0.4993703348891979,-0.49237720144589586,-2.256016803315404,-0.3365771940723391,-0.44887348689285445,0.7462826740475249,1.2352018836043706,1.929008305304229,-0.027419211925291086,-0.10364022835686888,-1.5522005723798307,1
sample_03039.html,-0.342974639582704,-0.270775326768692,-0.4993703348891979,-0.3308184024015209,0.5277034539944143,-0.30002127500860026,-0.10977361938621372,0.007373777655182718,0.23303839640564553,-0.25913861656125664,-0.002992550512523074,-0.04893909983553337,-0.13242061401583086,1
sample_09383.html,-0.43538281657632166,-0.44555508066955507,-0.5789898120788778,-0.48419700908921864,-1.0695210160720536,-0.3365771940723391,-0.44887348689285445,-1.9925510562714843,-0.3921237272349422,-0.2694943572651209,-0.0017069367539563366,-0.10132483667342611,-0.5178608615224237,1
sample_06629.html,-0.39025324176548515,-0.4105991298893824,-0.4197508576995181,-0.4565888598854331,-1.0212836253589406,-0.32439188771775945,-0.10977361938621372,0.5778486925723775,0.45071559689935964,-0.16101991578723757,-0.01584868809819045,-0.09568106944503435,-0.6853111163587399,1
sample_04386.html,0.8239472233832118,1.6605409538358447,-0.1012729489407988,0.4708404485528463,0.3957327612882186,-0.2817433154767308,0.9075259831337085,0.28539762108114775,0.26201806167937497,1.3384203019688468,-0.02613359816672435,-0.07455312033361905,-0.9844262667020119,1
sample_07806.html,-0.03351469802268215,0.08752316872807724,0.3764439141972801,0.06796597498649341,0.9909560457552976,-0.31220658136317986,-0.44887348689285445,0.6178879800044579,0.5889572561361085,-0.2188810908025047,-0.01970552937389066,-0.017102464188195245,-0.37539967704533844,0
sample_07945.html,-0.44344166922111394,-0.4805110314497277,-0.5789898120788778,-0.23879123838890218,0.43093499545617575,-0.2878359686540206,-0.44887348689285445,-1.9925510562714843,-1.1035241101975133,-0.2694943572651209,-0.011991846822490236,-0.10233782053493232,0.8917664509683236,0
sample_00374.html,0.03203063682162804,0.5506895165653642,-0.18089242613047862,1.3512336509402318,1.471050429120257,-0.25128004959028183,-0.44887348689285445,0.22229724121436203,-2.775641925333644,-0.18648194062610632,-0.023562370649590873,-0.005380793790766209,3.604347871371338,0
sample_08789.html,-0.4310847618324325,-0.4717720437546845,-0.34013138050983827,-0.42182304236955487,1.182785332137155,-0.2817433154767308,-0.10977361938621372,0.6991622601543741,0.6232968518587708,-0.24177915411662249,-0.014563074339623712,-0.10291666845579302,-0.08597676072304372,1
sample_07307.html,-0.28495090054019995,-0.38438216680425297,-0.18089242613047862,-0.3911473210320153,0.9467137187333441,-0.2817433154767308,0.22932624812042704,0.22367667837584237,0.4871378031695344,-0.25502073896089905,-0.006849391788223287,-0.0813545834037322,0.05758308111280886,1
sample_06331.html,5.201515980034355,5.278481859583709,-0.26051190332015844,1.894193918614682,0.39375348547246086,-0.2878359686540206,-0.10977361938621372,0.19227768713053914,-1.105408400794836,-0.17883445365401365,-0.02613359816672435,-0.056608834786937554,0.6051104385633764,0
sample_05838.html,-0.44344166922111394,-0.4805110314497277,-0.5789898120788778,-0.44738614348417116,0.6504347000600212,-0.31220658136317986,-0.10977361938621372,-1.9925510562714843,-0.9994010325344287,-0.2694832578645808,-0.002992550512523074,-0.10089070073278059,0.28481245779338993,1
sample_09870.html,-0.39347678282340204,-0.4105991298893824,-0.5789898120788778,-0.46681410033127957,-0.8325810164110797,-0.3365771940723391,-0.44887348689285445,-1.9925510562714843,-0.36334328576523395,-0.2694943572651209,0.02529095217594515,-0.10103541271299576,-0.7717888062705183,1
sample_07970.html,2.000002452679892,0.8827710489770041,-0.18089242613047862,2.472942527849595,0.672966577307435,4.7995294343829675,-0.10977361938621372,0.6250809502679692,-0.4563585921584866,-0.17904534226427454,-0.01970552937389066,0.24757574762535672,1.0460733124649737,0
sample_08619.html,-0.24895469206012794,-0.46303305605964135,-0.5789898120788778,-0.47806186482171076,-0.4722282445368599,-0.32439188771775945,-0.44887348689285445,-1.9925510562714843,2.275925863471504,-0.2694943572651209,0.03557586224447905,0.3950372554646183,-1.5051251358237554,1
sample_07183.html,-0.41872785444375105,-0.44555508066955507,-0.4993703348891979,-0.41466537405746234,-0.8807664702485071,-0.30002127500860026,-0.10977361938621372,0.40973863008096567,0.42220264208583586,-0.25702973045864763,-0.014563074339623712,-0.10045656479213506,-0.37157295495220827,1
sample_07855.html,-0.1543974876945657,-0.1833854498182605,-0.26051190332015844,-0.12529106944000581,0.11853889717768887,-0.0502224947397182,0.22932624812042704,0.16072406765523015,-0.7805459328229497,-0.05124684444616873,-0.02613359816672435,-0.049517947756394065,1.4573786175297132,0
sample_09781.html,-0.4520377787088923,-0.4805110314497277,-0.4993703348891979,-0.49237720144589586,-2.256016803315404,-0.3365771940723391,-0.44887348689285445,0.7696887909742189,1.3590066616180827,2.126355646906272,-0.027419211925291086,-0.10364022835686888,-1.5522331665246654,1
sample_01080.html,0.055132681070032455,-0.24455836368356254,0.2968244370076003,-0.0680297229432653,0.809519445685925,0.2300395514156129,-0.10977361938621372,0.5315975431378673,1.191107637293134,-0.16115310859371815,-0.02613359816672435,0.009813964131826988,0.23576274173405376,0
sample_05350.html,0.8567198908053669,0.3322148241892855,-0.18089242613047862,0.9851700429789262,0.6757027107536502,1.8080367243336728,-0.10977361938621372,0.5861074426924608,-0.303861159799937,-0.20109985113734874,-0.018419915615323922,0.05062274255250586,0.6327764008495798,0
sample_08020.html,-0.44720246712201694,-0.4805110314497277,-0.5789898120788778,-0.48215196100004937,-1.096343390383594,-0.31220658136317986,-0.44887348689285445,-1.9925510562714843,0.9226465906309455,-0.2694832578645808,-0.0107062330639235,-0.10364022835686888,-0.9252960812437451,1
sample_02321.html,-0.3821943891206929,-0.2882533021587783,-0.5789898120788778,-0.37376441227407625,1.0099697750018788,-0.31829923454046966,-0.44887348689285445,-1.9925510562714843,-0.0914440563960865,-0.2694943572651209,-0.02613359816672435,-0.10204839657450197,0.246923537544697,1
sample_09434.html,-0.22746441834068198,-0.2532973513786057,0.13758548262824066,-0.05882700654200343,0.43740312287072985,-0.03194453520784878,-0.44887348689285445,0.6320262783276726,0.8852739447225695,-0.09283629826972635,-0.02613359816672435,-0.07600024013577078,-0.29647641030781263,0
sample_07983.html,0.010003106259195928,-0.26203633907364887,-0.4993703348891979,-0.1426739781979449,0.1898280547172851,0.17520567282000463,0.22932624812042704,0.36575273447347895,-0.10738909884522373,-0.2638336629896967,-0.02613359816672435,-0.04315062062692644,-0.16517572177523815,1
sample_03120.html,-0.43538281657632166,-0.46303305605964135,-0.5789898120788778,-0.46272400415294096,-0.4515544550432468,-0.32439188771775945,-0.10977361938621372,-1.9925510562714843,0.18405362364158787,-0.2694832578645808,-0.018419915615323922,-0.1024825325151475,-0.39383654203334717,1
sample_00493.html,-0.28548815738318606,-0.4542940683645982,-0.5789898120788778,-0.4300032347262321,-0.5809329853090196,-0.2878359686540206,-0.10977361938621372,-1.9925510562714843,2.5068779213518155,-0.26943886026242064,-0.0107062330639235,0.3355606315961821,-1.0184172662075979,1
sample_08501.html,-0.28495090054019995,-0.38438216680425297,-0.18089242613047862,-0.3911473210320153,0.9467137187333441,-0.2817433154767308,0.22932624812042704,0.22367667837584237,0.48721240329882315,-0.25502073896089905,-0.006849391788223287,-0.0813545834037322,0.05758308111280886,1
sample_01906.html,0.09166614639309059,-0.2969922898538215,-0.34013138050983827,-0.0169035207140327,0.435085197550371,0.163020366465425,-0.10977361938621372,0.13041832076257423,-0.05254037738213618,-0.24699587237044476,-0.02613359816672435,0.021101498588610504,0.10151864547102356,0
sample_06223.html,-0.41228077232791727,-0.4193381175844256,-0.18089242613047862,-0.2643543395035185,0.4348538737583281,-0.31220658136317986,-0.44887348689285445,0.4768230117099357,0.6576087911993628,-0.005284226809832417,-0.02613359816672435,-0.10045656479213506,-0.49462463908410587,1
sample_00687.html,-0.07434621808962948,-0.07851759747774266,0.05796600543856084,0.48413326113244676,1.8160727688392078,-0.16598290510822453,-0.10977361938621372,0.7288569164257648,-1.3974633722336371,-0.2250856557043912,-0.02613359816672435,-0.09814117310869229,2.0054293717580336,1
sample_07192.html,-0.3590923448722885,-0.4717720437546845,-0.4993703348891979,0.3389348468014262,0.8584809427907236,0.2787807768339313,0.9075259831337085,0.10584691167054394,-1.385984155666975,-0.268118031598155,-0.02613359816672435,-0.09828588508890747,1.69345305425639,1
sample_07523.html,1.1387797333730951,-0.0348226590025269,-0.4197508576995181,1.4994996374050062,1.0019180270843338,4.464433509632028,-0.10977361938621372,0.4924637232313816,0.527009700188705,-0.19830280220125682,-0.02613359816672435,0.15843316781280997,0.1471698482744079,0
sample_07155.html,1.318223518930469,1.057550802877867,0.13758548262824066,1.0230034326285584,0.7136353856598998,1.6252571290149787,-0.10977361938621372,0.5681765808166561,0.24032038360641264,0.1636042518075289,-0.011991846822490236,0.11878208523385249,-0.10771257037336358,0
sample_02147.html,-0.29945683530082595,-0.27951431446373515,-0.4197508576995181,0.189646336292067,0.6759665556537191,-0.17207555828551432,-0.10977361938621372,0.24638683984479726,1.2859952369760685,-0.26810693219761494,-0.02613359816672435,-0.05646412280672238,-0.594425016207456,1
sample_05988.html,-0.28871169844110295,-0.3756431791092098,0.05796600543856084,-0.15494426673296072,-1.664149358056568,0.016796690210469666,-0.10977361938621372,0.590685515303514,0.9481992155780875,-0.20356391805723928,-0.02613359816672435,-0.08670892667169361,-0.7991582270270166,1
sample_00964.html,-0.41872785444375105,-0.44555508066955507,-0.4993703348891979,-0.41466537405746234,-0.8807664702485071,-0.30002127500860026,-0.10977361938621372,0.40973863008096567,0.42220264208583586,-0.25702973045864763,-0.014563074339623712,-0.10045656479213506,-0.37157295495220827,1
sample_04397.html,-0.20651140146422217,-0.1484294990380879,-0.34013138050983827,-0.2704894837710264,0.6768146964613233,-0.245187396412992,-0.44887348689285445,0.68824894554309,0.3210803977559459,-0.21542917723454996,-0.01584868809819045,-0.07831563181921355,0.23595745915529567,0
sample_05397.html,1.0039282657835717,1.6605409538358447,0.05796600543856084,0.38085833262939695,0.38778391209441126,-0.2634653559448614,0.22932624812042704,0.5784432353565109,-0.2842458321911935,-0.17775781180162906,-0.02613359816672435,0.02833709759936917,-0.21564771593857474,0
sample_03908.html,0.22598035713962786,0.7516862335513568,1.9688334579908764,-0.0015656600452629206,0.39753312861732687,-0.23909474323570218,0.5684261156270678,0.6854871463867611,0.7338028267971618,0.06190044465907453,-0.02613359816672435,0.010971659973548374,-0.5600259510461992,0
sample_00671.html,-0.25110371943207255,-0.12221253595295842,-0.18089242613047862,-0.30934539746524314,1.073224704840973,-0.275650662299441,-0.10977361938621372,0.28370494125747187,-0.47724683694048636,-0.23533040240285494,-0.006849391788223287,-0.07252715261060662,0.8151149830881085,0
sample_03708.html,-0.4235631660306264,-0.4717720437546845,-0.4197508576995181,-0.4259131385478935,-1.7085752446286655,-0.18426086464009395,-0.10977361938621372,0.40139478109889704,0.35391850686538556,-0.2675630615711526,-0.02613359816672435,-0.09929886895041368,-0.6062055440503255,1
sample_07243.html,-0.4332337892043771,-0.4717720437546845,-0.5789898120788778,-0.48215196100004937,-1.2792309526931431,-0.30611392818589006,-0.44887348689285445,-1.9925510562714843,-0.07262410728004257,-0.2694166614613405,-0.0107062330639235,-0.09524693350438883,-0.8612046627742629,1
sample_00612.html,-0.2806528457963107,-0.22708038829347624,-0.26051190332015844,-0.3257057821785976,-2.0471867231523344,-0.3304845408950493,-0.44887348689285445,0.6338753658491993,0.5873232609466751,-0.2647993108366808,0.013720428348844514,-0.07238244063039144,-1.0061157535536929,1
sample_06970.html,-0.4289357344604879,-0.46303305605964135,-0.4197508576995181,-0.4259131385478935,0.18667405228526032,-0.2573727027675716,-0.10977361938621372,0.4370115903548442,0.12808675774154388,-0.2604594452255223,-0.02613359816672435,-0.0975623251878316,-0.3523564249820989,1
sample_01216.html,-0.43538281657632166,-0.4717720437546845,-0.4197508576995181,-0.4259131385478935,0.10216444055762677,-0.29392862183131047,-0.44887348689285445,0.5933120671351481,1.1915536131920317,-0.20630546999063099,-0.02613359816672435,-0.1024825325151475,-0.18325398598177708,1
sample_05117.html,0.5515580039892343,0.8652930735869178,1.3318776404734378,-0.02712876115987922,0.7445723402486134,-0.19035351781738374,-0.10977361938621372,0.7008743645810708,0.349457027721543,-0.07584311604291377,-0.02613359816672435,-0.05935836241102585,-0.3287664778463785,0
sample_09631.html,-0.38380615964965137,-0.3756431791092098,-0.4993703348891979,-0.36558421991739903,0.15666389477063947,-0.2634653559448614,0.9075259831337085,0.3172216944213166,-0.5283947585207351,-0.26673060653064906,-0.02613359816672435,-0.09929886895041368,-0.28056606090016767,1
sample_05404.html,-0.27635479105242156,-0.3756431791092098,-0.4993703348891979,-0.42693566259247817,0.5390934724545814,-0.29392862183131047,-0.10977361938621372,0.30239319562873,0.00081684363622697,-0.22596250834705495,-0.02613359816672435,0.17261494187389695,-1.0680345636674249,1
sample_02953.html,0.42476538904450306,0.20986899645868135,-0.34013138050983827,0.9759673265776644,1.3444592908962916,1.2292346724911412,-0.10977361938621372,0.5487529823576673,-0.8902903040458492,-0.20924681113374355,-0.0209911431324574,-0.055595850925431345,1.015483303370347,0
sample_04231.html,0.0852190642772568,0.49825559039510536,-0.34013138050983827,0.9207510281700931,1.793107882425339,-0.07459310744887743,3.9594247906934754,0.5930656416697904,-0.647157093111404,-0.2293478255117694,-0.02613359816672435,0.07073770780241495,1.0731688120282825,0
sample_05463.html,-0.4520377787088923,-0.4805110314497277,-0.5789898120788778,-0.48828710526755725,-0.4857802989613899,-0.3365771940723391,-0.44887348689285445,-1.9925510562714843,-2.374105694263592,-0.2694943572651209,-0.027419211925291086,-0.10364022835686888,-0.06926926283400898,0
sample_02684.html,-0.041036293824488236,-0.3319482406339941,0.2968244370076003,-0.06700719889868065,0.1685399433098815,0.07772322198336773,-0.44887348689285445,0.45690968961965567,-0.09548638684665368,-0.23826064414542747,-0.02613359816672435,-0.0124716808213097,-0.2536291122949921,0
sample_02967.html,-0.19576626460449917,-0.11347354825791527,2.207691889559916,-0.18459746402591562,-1.347990718981272,-0.2878359686540206,-0.44887348689285445,0.7670611151403854,1.4375864387064141,5.068828928873919,-0.02613359816672435,-0.07440840835340387,-1.393872597310257,0
sample_03923.html,-0.4520377787088923,-0.4805110314497277,-0.4993703348891979,-0.49237720144589586,-2.256016803315404,-0.3365771940723391,-0.44887348689285445,0.7697084350368484,1.3591102854980488,2.1264555415111324,-0.027419211925291086,-0.10364022835686888,-1.5522331665246654,1
sample_04221.html,-0.39455129650937437,-0.34942621602408036,-0.4993703348891979,-0.38807974889826136,-0.06910182189221813,-0.3304845408950493,-0.10977361938621372,0.6156309340639056,0.5685153039881095,-0.19208713789883025,-0.0209911431324574,-0.08482767092889634,-1.1032090696096115,1
sample_03010.html,-0.4520377787088923,-0.4805110314497277,-0.4993703348891979,-0.49237720144589586,-2.256016803315404,-0.3365771940723391,-0.44887348689285445,0.06649804708062462,-1.1854255629769443,-0.2687506974289377,-0.027419211925291086,-0.10364022835686888,-0.5164903429204203,1
sample_09595.html,-0.4343083028903494,-0.4717720437546845,-0.4197508576995181,-0.44022847517207864,1.5184325873651514,-0.2878359686540206,-0.10977361938621372,0.3600250372681366,-0.15208092386555966,-0.25508733536413936,-0.02613359816672435,-0.10320609241622336,1.1405320959445473,1
sample_03786.html,-0.24895469206012794,-0.46303305605964135,-0.5789898120788778,-0.47806186482171076,-0.4722282445368599,-0.32439188771775945,-0.44887348689285445,-1.9925510562714843,2.275925863471504,-0.2694943572651209,0.03557586224447905,0.3950372554646183,-1.5051251358237554,1
sample_07455.html,-0.40153563546819426,-0.4805110314497277,-0.4993703348891979,-0.40955275383453904,-1.1230232592588287,-0.20863147734925316,-0.10977361938621372,0.5865529830839468,0.3440723018067845,-0.265787157484745,-0.017134301856757187,-0.10161426063385645,-0.6159172563322561,1
sample_00113.html,-0.44075538500618316,-0.4805110314497277,-0.4993703348891979,-0.4790843888662954,-1.0800804442220207,-0.30611392818589006,-0.44887348689285445,0.5169676441239648,0.3587780061536338,-0.2527897594523495,-0.013277460581056975,-0.10161426063385645,-1.082106212176663,1
sample_09222.html,-0.01471070851816693,-0.11347354825791527,0.6949218229559994,0.13340751383991115,1.0047003320254446,0.37626322767056825,0.5684261156270678,0.40360875032275917,-0.0559236773636715,-0.08063805707621426,-0.02613359816672435,-0.034467901814016044,0.5284928946691053,0
sample_07826.html,-0.4477397239650031,-0.4805110314497277,-0.4993703348891979,-0.4760168167325414,-1.4629597216075612,-0.31220658136317986,-0.10977361938621372,0.3391934432522604,0.2213605457287752,-0.2680514351949147,-0.009420619305356762,-0.10364022835686888,-0.748595986195462,1
sample_06882.html,-0.44129264184916933,-0.4805110314497277,-0.18089242613047862,-0.39216984507659997,0.446068478085539,-0.2573727027675716,-0.10977361938621372,0.5381656628568593,0.987594274339039,-0.24319987738574855,-0.006849391788223287,-0.10291666845579302,-0.3852031744391231,1
sample_07927.html,-0.43054750498944633,-0.4717720437546845,-0.4993703348891979,-0.44840866752875586,-0.4802532427832406,-0.30002127500860026,-0.10977361938621372,0.15641832936714456,1.0097295232428287,-0.25876123694289505,-0.011991846822490236,-0.10364022835686888,0.526540205527383,1
sample_00905.html,-0.4036846628401389,-0.4805110314497277,0.05796600543856084,-0.19891280065010075,-0.0738613375284466,-0.08068576062616724,0.22932624812042704,0.31876043061243886,0.6938960657410438,-0.26069253263686326,-0.01970552937389066,-0.08193343132459288,0.7318510628193594,1
sample_07645.html,-0.3580178311863162,-0.4717720437546845,-0.5789898120788778,-0.2725345318601957,0.32712204099443404,0.016796690210469666,0.22932624812042704,-1.9925510562714843,-0.6394290991107534,-0.2691724746494595,-0.02613359816672435,-0.10175897261407163,0.44890852741072923,1
sample_09222.html,-0.4450534397500724,-0.4717720437546845,-0.4197508576995181,-0.44431857135041725,-0.3629198587063006,-0.3304845408950493,-0.10977361938621372,0.28610712914078423,-0.42282237828378083,-0.26673060653064906,0.009863587073144301,-0.1034955163766537,0.28865833220602477,1
sample_01631.html,-0.440218128163197,-0.46303305605964135,-0.4197508576995181,-0.47397176864337215,-1.5435377130570114,-0.32439188771775945,-0.10977361938621372,0.40171319125802957,0.4063678028515053,-0.2641666450058981,-0.005563778029656549,-0.1034955163766537,-0.5737516453021634,1
sample_05602.html,1.4186905485688788,-0.052300634392613204,2.526169798318635,1.1221882649532697,0.9681090831804392,2.076113464134424,0.22932624812042704,0.6630185026448344,0.04976196786074069,0.356078956572491,-0.02613359816672435,0.05250399829530311,-0.1206890425785027,1
sample_03412.html,-0.4079827175840281,-0.4105991298893824,0.13758548262824066,-0.4044401336116158,0.09138111336020502,-0.3365771940723391,-0.10977361938621372,0.9495810402272287,2.017444344170079,0.3586096198956218,0.018862883383111463,-0.1003118528119199,-0.8306847702040038,0
sample_02981.html,-0.3359903006238841,-0.34942621602408036,-0.4197508576995181,-0.1876650361596696,1.5435883972080546,-0.14161229239906528,-0.10977361938621372,0.6254429416095738,-0.55193551300154,-0.25312274146855096,-0.01584868809819045,-0.10103541271299576,1.4086743602926497,0
sample_09381.html,1.483698626570203,2.761653403411282,1.650355549232157,0.7745300897944879,1.8113149065107055,-0.23909474323570218,0.5684261156270678,0.6236988431764267,0.11926642420195836,0.1967803600217306,-0.02613359816672435,0.02660055383678709,0.013605170441625146,0
sample_07842.html,0.23887452137129545,-0.1833854498182605,-0.1012729489407988,0.6231965311959594,1.5335627754912067,0.6504326206486095,0.22932624812042704,0.6367916548594531,-0.4989159522024694,-0.0971317662787247,-0.02613359816672435,-0.03388905389315535,0.8351021038303967,0
sample_01617.html,0.799233408605849,0.19239102106859504,-0.18089242613047862,1.0015304276922807,0.9229381180384261,1.7592954989153544,-0.10977361938621372,0.5950871404470494,-0.2277028663420933,-0.2009999565324883,-0.0209911431324574,0.03600683255077335,0.613795787299783,0
sample_00691.html,-0.3123509995324935,-0.34942621602408036,0.45606339138695995,-0.3338859745352748,1.1855641306124283,-0.2634653559448614,0.22932624812042704,0.6493434515106054,0.5035177435142518,-0.19210933669991034,-0.02613359816672435,-0.03316549399207948,-0.6467559978649446,1
sample_07687.html,-0.44182989869215544,-0.4805110314497277,-0.4993703348891979,-0.4238680904587242,0.5161827273267002,-0.2573727027675716,-0.44887348689285445,0.0662678038482281,0.2797397640180755,-0.2647993108366808,-0.02613359816672435,-0.10364022835686888,0.20660065604931302,1
sample_08702.html,-0.44666521027903083,-0.4805110314497277,-0.4993703348891979,-0.4647690522421103,-0.3081573044901068,-0.30002127500860026,-0.10977361938621372,0.3703367708508456,0.16227970253693957,-0.26836221841003605,-0.02613359816672435,-0.10306138043600818,-0.4672886077695759,1
sample_01243.html,-0.36715119751708075,-0.2532973513786057,-0.5789898120788778,-0.4197779942803856,0.4470733803235444,-0.3304845408950493,-0.44887348689285445,-1.9925510562714843,-0.007519899779798121,-0.2694943572651209,-0.02613359816672435,-0.1019036845942868,-0.07133659210194347,1
sample_03071.html,-0.155472001380538,0.2186079841537245,-0.18089242613047862,-0.368651792051153,-0.7397151513966914,-0.32439188771775945,-0.10977361938621372,0.3978714197145493,-0.08766765467701243,0.4891940672492795,-0.01970552937389066,-0.0872877745925543,-1.3832571667309856,0
sample_04825.html,-0.22370362043977893,-0.04356164669757005,-0.021653471751118984,-0.18459746402591562,-0.10395520812989147,-0.31220658136317986,-0.44887348689285445,0.6242388774374831,0.2541351996643847,-0.1722192109321454,-0.0209911431324574,-0.016668328247549727,0.33655391567208504,0
sample_03036.html,-0.4477397239650031,-0.4717720437546845,-0.5789898120788778,-0.3788770324969995,1.1442601735136773,-0.31829923454046966,-0.10977361938621372,-1.9925510562714843,-0.04140774369434665,-0.2694943572651209,-0.018419915615323922,-0.1034955163766537,-0.2478860891634329,1
sample_02040.html,-0.23498601414248807,-0.2008634252083468,2.128072412370236,-0.26946695972644175,-1.204883242476382,-0.2817433154767308,-0.44887348689285445,0.5753128227134379,0.6745710786423844,1.7493645075635618,-0.02613359816672435,-0.07817091983899838,-1.3826945526781673,0
sample_02529.html,-0.440218128163197,-0.4805110314497277,-0.5789898120788778,-0.48419700908921864,-1.2118664146121996,-0.30611392818589006,-0.44887348689285445,-1.9925510562714843,-0.17454163997475702,-0.26943886026242064,-0.011991846822490236,-0.09452337360331296,-1.1015398973773183,1
sample_00083.html,0.817500141267378,0.6992523073810979,0.2968244370076003,2.4678299076266716,0.3924987036370138,1.7410175393834848,1.58572571814699,0.04594687049294972,-0.9238342277164476,-0.05359991736065877,-0.02613359816672435,0.26783542485548095,1.378995070717674,0
sample_01619.html,-0.44397892606410005,-0.46303305605964135,-0.4197508576995181,-0.4494311915733405,0.07471132026433187,-0.3365771940723391,-0.10977361938621372,0.7932060612795409,1.5092888538240457,-0.24189014812202297,0.0304334072102121,-0.10306138043600818,-0.012531018250912934,0
sample_00712.html,-0.34458641011166247,-0.2008634252083468,-0.4197508576995181,-0.43716090303832467,-0.9127526575241551,-0.2695580091221512,-0.44887348689285445,0.6262784981404838,0.6224236672595338,-0.1376556776504378,-0.009420619305356762,-0.09640462934611022,-1.2662035483951486,0
sample_07783.html,-0.41765334075777877,-0.44555508066955507,-0.18089242613047862,-0.4300032347262321,-0.31966738458279076,-0.29392862183131047,-0.44887348689285445,-0.11025652502783963,-2.2559190501839232,-0.13836603928500082,-0.006849391788223287,-0.10364022835686888,3.4527923337908035,0
sample_08472.html,-0.44935149449396156,-0.4717720437546845,-0.5789898120788778,-0.4688591484204489,-0.33842364597339025,-0.3365771940723391,-0.44887348689285445,-1.9925510562714843,0.1331804761999465,-0.2694943572651209,0.006006745797444088,-0.10364022835686888,-0.3169686229561148,0
sample_02591.html,-0.436457330262294,-0.4717720437546845,-0.4993703348891979,-0.4535212877516791,-0.8085311483157366,-0.2817433154767308,-0.44887348689285445,-0.5789256816494447,-0.2363877557118401,-0.2690947788456792,-0.0017069367539563366,-0.07571081617534044,-0.3174490736886342,1
sample_05071.html,-0.3096647153175628,-0.3406872283290372,-0.4993703348891979,-0.37376441227407625,0.06381297614258408,-0.2695580091221512,-0.10977361938621372,0.3316516123233787,-2.690269802611112,-0.26031515301850167,-0.02613359816672435,-0.0910502860781488,3.566025188243186,1
sample_01195.html,0.22007053186678022,0.4370826765298033,1.3318776404734378,0.327687082310995,1.4382602013551886,0.163020366465425,2.2639254531602715,0.6760815673547496,0.17230103120591145,-0.0500703079889237,-0.02613359816672435,-0.02824528666476359,0.12850908758670154,0
sample_00598.html,0.036865948408503386,-0.3581652037191235,-0.4993703348891979,0.038312777693538504,-0.20147839256115277,0.8880460945629121,-0.10977361938621372,0.533814290079476,0.01327300773652722,-0.2623130451157102,-0.02613359816672435,-0.07874976775985908,0.10154130492051255,0
sample_05423.html,-0.18770741195970694,-0.15716848673313102,-0.5789898120788778,-0.34308869093653666,1.100821226869268,-0.30611392818589006,-0.10977361938621372,-1.9925510562714843,0.3163179842141385,-0.2694943572651209,0.0008642907631771383,-0.058345378549519634,-0.20849749927324426,1
sample_06520.html,-0.26507239734971244,-0.20960241290338993,-0.5789898120788778,-0.036331477561141086,0.584757813691318,-0.06240780109429781,-0.44887348689285445,-1.9925510562714843,-0.15846667433186576,-0.2692390710526998,-0.01584868809819045,-0.08092044746308667,0.5904407135717404,0
sample_06318.html,0.1749409570559437,0.4370826765298033,0.21720495981792048,-0.19482270447176214,0.36339703569004883,-0.3304845408950493,-0.10977361938621372,0.7051166037850747,0.13795634712096141,-0.17805749561621034,-0.017134301856757187,-0.07108003280845489,-0.06526104350478207,0
sample_00468.html,0.23780000768532314,0.7254692704662273,0.45606339138695995,0.12420479743864928,0.994129118758863,0.10818648786981676,-0.10977361938621372,0.632592961394223,-0.009402730305553782,-0.12271588452353396,-0.02613359816672435,-0.04416360448843265,-0.0756199451265476,0
sample_09151.html,-0.08133055704844942,-0.08725658517278581,0.13758548262824066,-0.08132253552286578,-0.04291905965221806,0.07163056880607792,-0.44887348689285445,0.6036315250163413,0.6515148207140513,-0.05526482744166589,-0.02613359816672435,-0.06109490617360793,-0.5348186954814461,0
sample_00702.html,0.8379159013008517,0.4370826765298033,-0.18089242613047862,0.7203363154315013,0.24886774024613223,1.8750559092838606,-0.10977361938621372,0.798913476921222,1.3630588340325482,-0.2003339925000855,-0.018419915615323922,0.7518969986752357,0.47639510456142103,0
sample_01265.html,-0.44397892606410005,-0.46303305605964135,-0.4197508576995181,-0.45045371561792513,0.0938156483518938,-0.3365771940723391,-0.10977361938621372,0.7957853919094858,1.5272658755558715,-0.24197894332634334,0.0304334072102121,-0.10306138043600818,-0.0005307276459108862,0
sample_01913.html,-0.4520377787088923,-0.4805110314497277,-0.5789898120788778,-0.4852195331338033,-0.6453592867003504,-0.3365771940723391,-0.44887348689285445,-1.9925510562714843,-0.9421734708009145,-0.2694943572651209,-0.027419211925291086,-0.10364022835686888,-0.2942693825351173,1
sample_08645.html,-0.41872785444375105,-0.44555508066955507,-0.4993703348891979,-0.41466537405746234,-0.8807664702485071,-0.30002127500860026,-0.10977361938621372,0.40973863008096567,0.42220264208583586,-0.25702973045864763,-0.014563074339623712,-0.10045656479213506,-0.37157295495220827,1
sample_05250.html,-0.3096647153175628,-0.3406872283290372,-0.4993703348891979,-0.37376441227407625,0.06381297614258408,-0.2695580091221512,-0.10977361938621372,0.3316516123233787,-2.6902040839400905,-0.26031515301850167,-0.02613359816672435,-0.0910502860781488,3.566025188243186,1
sample_03827.html,-0.24788017837415563,-0.3406872283290372,0.9337802545250389,-0.1702821274017305,-0.04890291930472458,0.07772322198336773,-0.10977361938621372,0.5299607852154117,0.5192362482632262,0.5700088025813647,-0.02613359816672435,-0.009143305276360715,-0.9465078161580991,0
sample_02016.html,-0.3821943891206929,-0.46303305605964135,-0.1012729489407988,-0.4565888598854331,-0.29566971377424045,-0.2817433154767308,-0.44887348689285445,0.7945075742574375,0.8976057272058591,-0.222699284588281,-0.02613359816672435,0.021101498588610504,-1.0571760720312933,0
sample_04636.html,-0.33115498903700874,-0.34942621602408036,-0.4993703348891979,-0.4003500374332772,0.4618700726624893,-0.2817433154767308,-0.10977361938621372,0.3316516123233787,0.10518061165085961,-0.26031515301850167,-0.004278164271089811,-0.09582578142524951,-0.39203271686991326,1
sample_05445.html,-0.18770741195970694,-0.15716848673313102,-0.5789898120788778,-0.34308869093653666,1.100821226869268,-0.30611392818589006,-0.10977361938621372,-1.9925510562714843,0.3163179842141385,-0.2694943572651209,0.0008642907631771383,-0.058345378549519634,-0.20849749927324426,1
sample_07430.html,-0.31664905427638274,-0.4193381175844256,0.13758548262824066,0.23054729807545307,0.19309156304788122,-0.16598290510822453,-0.10977361938621372,0.28459494610572506,-0.46418855941145687,-0.20892492851808217,-0.02613359816672435,-0.09336567776159158,1.1057433743006224,1
sample_01345.html,-0.45150052186590617,-0.4805110314497277,-0.4993703348891979,-0.4913546774013112,-2.256016803315404,-0.3304845408950493,-0.44887348689285445,0.9354317155152667,2.28469356748253,-0.19098829724536556,-0.01970552937389066,-0.10364022835686888,-1.5198422527019813,1
sample_01717.html,0.3334317257368577,-0.44555508066955507,1.0930192089043984,0.2448626346996382,0.9099024285589122,0.8819534413856223,-0.10977361938621372,0.7315397703286939,0.5139054007918601,-0.11822062730481477,-0.01584868809819045,-0.0975623251878316,0.29631730435924863,0
sample_02359.html,0.44894194697887974,0.6905133196860547,-0.021653471751118984,0.04240287387187711,0.8756286447727732,-0.007573922498689558,-0.10977361938621372,0.6809523413057299,0.05901719672082401,-0.2351750107952943,-0.02613359816672435,-0.05009679567725476,0.14364732081619005,0
sample_09926.html,2.6285929589736865,0.49825559039510536,-0.34013138050983827,4.798162205235093,1.6469723092306705,6.225210277868782,-0.10977361938621372,0.5284427889283723,-1.121221086597609,-0.18451734673051792,-0.022276756891024138,0.07305309948585773,1.2159686757455148,0
sample_02643.html,-0.43054750498944633,-0.44555508066955507,-0.26051190332015844,-0.4790843888662954,-1.569245721624481,-0.3365771940723391,-0.44887348689285445,0.5845584166617649,0.438471241029445,0.20501611522244578,0.044575158554446215,-0.09654934132632538,-1.1254316662942065,1
sample_04242.html,-0.4520377787088923,-0.4805110314497277,-0.5789898120788778,-0.4893096293121419,-1.120503254919361,-0.3365771940723391,-0.44887348689285445,-1.9925510562714843,-1.2690065589985096,-0.2694943572651209,-0.027419211925291086,-0.10364022835686888,-0.3017502081303335,0
sample_00547.html,-0.094224721280117,-0.10473456056287211,0.13758548262824066,0.1467003264195116,0.9197341166738384,0.29705873636580077,0.22932624812042704,0.4044531619517742,0.4453157913036528,0.5184520870728445,-0.02613359816672435,0.03528327264969749,-1.1560718051835892,0
sample_08634.html,-0.32685693429311957,-0.3232092529389509,0.5356828685766397,-0.3645616958728144,1.0011004633855607,-0.2878359686540206,-0.10977361938621372,0.6294404347968624,0.5318619969722361,-0.11467991853253964,-0.02613359816672435,-0.06905406508544246,-0.807014146040989,1
sample_09928.html,0.13357218014601022,0.10500114411816354,0.2968244370076003,0.1538579947316042,1.535458307939779,0.2300395514156129,-0.10977361938621372,0.4226946164664472,-0.6444224537431654,-0.2316676002246393,-0.02613359816672435,-0.02564047102089047,0.9888045655805506,0
sample_05787.html,-0.4520377787088923,-0.4805110314497277,-0.4993703348891979,-0.49237720144589586,-2.256016803315404,-0.3365771940723391,-0.44887348689285445,0.7697390010992521,1.3592723457167761,2.1264777403122124,-0.027419211925291086,-0.10364022835686888,-1.5522331665246654,1
sample_07876.html,0.4043496290110294,0.4370826765298033,0.6949218229559994,0.35836280364853457,0.7517704787253049,0.1569277132881352,-0.10977361938621372,0.689786631532589,0.25666671655425816,-0.09937384518781428,-0.02613359816672435,0.011839931854839414,-0.1735645159442817,0
sample_06051.html,0.04492480105329562,0.2186079841537245,-0.18089242613047862,-0.15903436291129933,0.5583496626100881,-0.31220658136317986,-0.10977361938621372,0.734370625946718,-0.06946951579290633,-0.23783886692490566,-0.017134301856757187,-0.08656421469147843,0.4524506243935063,0
sample_09970.html,1.2381722493255327,2.0363174247227,0.7745413001456792,1.5628961281692548,1.6371548468294777,0.8636754818537528,-0.10977361938621372,0.5905765608907445,1.1451710072711476,0.015016576777914289,-0.02613359816672435,0.769696572241702,-0.44846496762130234,1
sample_04407.html,-0.11302871078463221,0.03508924255781832,0.45606339138695995,-0.27969220017228824,0.019265810667445985,-0.3365771940723391,-0.44887348689285445,0.6943441652490242,0.4209896985753711,-0.1926088097242125,-0.01584868809819045,-0.08338055112674461,-0.42608700116710996,0
sample_01875.html,1.9720650968446125,1.3022424583390755,6.0294267946645475,2.1723204587417073,0.9074518994803893,0.9672505858676795,-0.10977361938621372,0.5492809604206181,1.0539339444429685,1.442921158053393,-0.009420619305356762,0.6642015386648407,-0.8806743449484734,0
sample_02572.html,-0.2408958394153357,-0.4368160929745119,-0.4197508576995181,-0.2612867673697645,0.006051606345979112,-0.2878359686540206,0.5684261156270678,0.34635009780583204,-7.851757030852685e-05,-0.2530894432669308,-0.02613359816672435,-0.002341842206247569,-0.7872033074716241,1
sample_02670.html,-0.2725939931515185,-0.1833854498182605,-0.021653471751118984,0.00047938804390638344,0.6909466500849291,-0.05631514791700801,-0.10977361938621372,0.3280218640094711,-1.1403630085326124,-0.25853924893209407,-0.01584868809819045,-0.10306138043600818,1.7122018060974915,0
sample_00523.html,-0.4445161829070862,-0.4717720437546845,-0.5789898120788778,-0.4790843888662954,-0.6338545904559035,-0.32439188771775945,-0.44887348689285445,-1.9925510562714843,-0.42958203840051506,-0.2694943572651209,-0.017134301856757187,-0.10320609241622336,0.13563213377289793,1
sample_06857.html,-0.4520377787088923,-0.4805110314497277,-0.5789898120788778,-0.49237720144589586,-2.256016803315404,-0.3365771940723391,-0.44887348689285445,-1.9925510562714843,0.004625632163238633,-0.2694943572651209,-0.027419211925291086,-0.10364022835686888,-1.2900924359896337,1
sample_06178.html,-0.1973780351334576,-0.2183414005984331,-0.18089242613047862,-0.06905224698784995,-0.6032569636518846,-0.0502224947397182,-0.10977361938621372,0.6175662959158087,0.5189475532306239,-0.24293349177278742,-0.011991846822490236,-0.08005217558179563,-0.2590678756033496,0
sample_07374.html,-0.3940140396663882,-0.42807710527946874,-0.4993703348891979,-0.3983049893441079,0.4696808494648838,-0.20863147734925316,-0.10977361938621372,-0.031938160913451454,0.5894104577154621,-0.2688616914343382,-0.014563074339623712,-0.10262724449536266,0.10039638995139612,1
sample_08528.html,0.47204399122728413,0.2535639349338971,1.8892139808011965,0.6375118678201446,0.9627829129751634,0.4067264935570173,8.706822935786445,0.45975746450534466,0.5850035754629237,0.14253758958251894,-0.02613359816672435,0.23223627772254835,0.0576022855829454,0
sample_01330.html,-0.13183270028914743,-0.11347354825791527,0.6153023457663196,-0.25208405096850267,0.8744166854242634,-0.17816821146280412,-0.10977361938621372,0.8087257422833772,1.6511336503787934,0.4388249875985444,-0.02613359816672435,-0.06485741765920243,-1.2211738637831275,0
sample_05831.html,-0.40690820389805576,-0.4542940683645982,-0.5789898120788778,-0.4749942926879568,-0.32322778579976863,-0.31220658136317986,-0.44887348689285445,-1.9925510562714843,2.3561302779008093,-0.2694943572651209,-0.02613359816672435,0.03007364136195125,-0.7379222251345947,0
sample_03915.html,-0.2639978836637401,-0.46303305605964135,-0.4197508576995181,-0.41875547023580095,-0.7485814289208076,-0.32439188771775945,-0.10977361938621372,-0.027457531281843344,1.8646147854437354,-0.26078132784118363,0.9046507630355937,0.03730924037270991,0.16241343881765952,1
sample_06196.html,-0.4214141386586818,-0.4368160929745119,-0.4197508576995181,-0.43511585494915533,-1.409193142978864,-0.3304845408950493,-0.10977361938621372,0.4517293115691068,0.1837508017084239,-0.24202334092850353,0.01629165586597799,-0.10060127677235024,-0.04789432251763943,1
sample_03157.html,-0.45150052186590617,-0.4805110314497277,-0.4993703348891979,-0.4913546774013112,-2.256016803315404,-0.3304845408950493,-0.44887348689285445,0.9346348300008492,2.2800333538002726,-0.19098829724536556,-0.01970552937389066,-0.10364022835686888,-1.5198422527019813,1
sample_00121.html,-0.4450534397500724,-0.4717720437546845,-0.18089242613047862,-0.4238680904587242,-0.196221485654293,-0.3304845408950493,-0.10977361938621372,0.7850532659672215,1.6618847830740409,-0.235108414392054,0.009863587073144301,-0.1034955163766537,-0.19775621618193773,0
sample_03202.html,-0.32255887954923035,-0.34942621602408036,0.7745413001456792,-0.4494311915733405,-1.7779058381196269,-0.3365771940723391,-0.44887348689285445,0.4630615784576464,-0.24581952705254592,3.2683396702701293,0.04328954479587948,-0.05820066656930446,-0.9530516513529272,0
sample_09430.html,0.04761108526822636,0.4807776150050191,-0.4197508576995181,0.10375431654695623,-0.21564459327337776,-0.2634653559448614,-0.44887348689285445,0.45931957024199566,-0.3106047179281153,-0.2532337354739514,-0.02613359816672435,-0.04532130033015404,-0.14362212643220135,0
sample_06912.html,-0.40959448811298654,-0.42807710527946874,-0.1012729489407988,-0.4688591484204489,-1.5704237185197678,-0.3365771940723391,-0.44887348689285445,0.5409413209845839,1.6003135650795106,-0.12741093095197403,0.0715730474843477,-0.06905406508544246,-1.4384370070235937,0
sample_02218.html,0.9894223310229457,0.5419505288703211,0.05796600543856084,1.4248553821503267,1.0371580390310369,1.9420750942340486,-0.44887348689285445,0.5187625260932015,-0.6836731533999476,-0.2023540833983741,-0.02613359816672435,0.09881183196415856,0.7648016572218266,0
sample_08232.html,0.38662015319248644,0.8303371228067451,0.3764439141972801,0.6855704979156232,1.565815793310547,0.10209383469252695,-0.10977361938621372,0.7301360061666955,0.1746946601730068,-0.1649158053767942,-0.018419915615323922,-0.05458286706392513,0.3284036324172828,0
sample_06991.html,0.6353700714950735,0.5681674919554506,0.05796600543856084,0.5730928530113115,1.2191530816354752,1.1317522216545042,-0.10977361938621372,0.3310852463079885,-0.4233879564472597,-0.22296567020124214,-0.02613359816672435,0.007064436507738695,0.6231769819154331,0
sample_02390.html,-0.0910011802222001,-0.1484294990380879,-0.021653471751118984,-0.42284556641413956,-1.8684281787962216,-0.31829923454046966,-0.44887348689285445,0.6538802331847052,0.145840607405547,-0.25249007563776826,-0.017134301856757187,-0.08931374231556673,-1.1963685461748164,1
sample_01214.html,0.24478434664414309,0.7866421843315294,0.3764439141972801,0.4933359775337086,1.2629389746034794,-0.20253882417196337,0.22932624812042704,0.4804046813759832,0.11351190619309874,-0.19437361441008003,-0.02613359816672435,-0.01941785587163802,-0.034765700844412536,0
sample_00615.html,-0.3574805743433301,-0.4193381175844256,0.7745413001456792,-0.3492238352040446,0.042240834946274584,-0.20863147734925316,-0.10977361938621372,0.6150972301443942,0.6935705599094011,0.034329533717596776,-0.0017069367539563366,-0.09915415697019851,-0.7991521645160773,1
sample_09347.html,-0.4488142376509754,-0.4805110314497277,-0.4993703348891979,-0.4852195331338033,-1.3384300946045464,-0.31829923454046966,-0.44887348689285445,-0.07134170978834635,-3.039051443683039,0.60635933935002,-0.017134301856757187,-0.10364022835686888,4.626342628098604,1
sample_01085.html,-0.44344166922111394,-0.4805110314497277,-0.5789898120788778,-0.44738614348417116,0.6504347000600212,-0.31220658136317986,-0.10977361938621372,-1.9925510562714843,-1.0008390691239835,-0.2694832578645808,-0.002992550512523074,-0.10074598875256541,0.28401358834115287,1
sample_03251.html,1.5293654582240257,0.20986899645868135,0.854160777335359,2.2694602429772495,0.7071142918373762,3.611462064811455,0.22932624812042704,0.6424520080677901,0.045144021576554234,-0.08981726132283346,-0.02613359816672435,0.27072966445978447,-0.22045801198389034,0
sample_01314.html,-0.4520377787088923,-0.4805110314497277,-0.5789898120788778,-0.49237720144589586,-2.256016803315404,-0.3365771940723391,-0.44887348689285445,-1.9925510562714843,-1.4078000403100033,-0.2694943572651209,-0.027419211925291086,-0.10364022835686888,-1.3155472897162082,1
sample_04646.html,0.001406996771417542,0.5594285042604075,-0.18089242613047862,-0.10279554045914346,1.053629586601541,-0.3304845408950493,-0.10977361938621372,0.7239814299195585,-0.3882306691452466,-0.23245565766298268,-0.017134301856757187,-0.05602998686607686,0.3383823037830662,0
sample_01748.html,-0.3456609237976348,-0.34942621602408036,0.6153023457663196,0.13545256192908045,1.0380897233554423,-0.2208167837038328,-0.10977361938621372,0.5940642790243518,0.08242702372584366,-0.07792980334444269,-0.02613359816672435,-0.05458286706392513,-0.01579237534540077,0
sample_03111.html,0.15667422439441464,0.6293404058207527,1.3318776404734378,0.2673581636805005,-0.05450480431169538,-0.30002127500860026,-0.10977361938621372,0.6809557264216414,-0.1864989437144689,-0.14707906870893803,-0.02613359816672435,-0.0612396181538231,0.4470242859731597,0
sample_01764.html,-0.023306818005945317,0.1486960825933793,0.05796600543856084,1.7858063698887088,1.7234961660601553,2.5086918397220006,-0.10977361938621372,0.5349627974689871,-2.0148465976500423,-0.2324334588619026,-0.02613359816672435,0.23570936524771252,2.876266787053382,0
sample_02193.html,0.42261636167255845,-0.3756431791092098,-0.1012729489407988,0.45448006383949185,0.9933015807090813,1.2231420193138514,0.22932624812042704,0.6070413111978843,-0.0811649517056383,-0.14023073857572876,-0.02613359816672435,-0.0693434890458728,0.14923687767621005,0
sample_01134.html,0.5032048881204808,1.328459421424205,0.2968244370076003,0.5822955694125733,0.45729044054054346,0.14474240693355558,-0.10977361938621372,0.6088669816023138,0.020823766559460173,-0.10568940409510125,-0.02613359816672435,0.008656268290105601,0.06982227376179027,0
sample_07419.html,-0.31396277006145196,-0.3406872283290372,-0.4993703348891979,-0.37376441227407625,0.05687775598690603,-0.2695580091221512,-0.10977361938621372,0.3316516123233787,-2.698648816000291,-0.26031515301850167,-0.02613359816672435,-0.09683876528675574,3.571594184716645,1
sample_05521.html,-0.44935149449396156,-0.4805110314497277,-0.5789898120788778,-0.4913546774013112,-2.256016803315404,-0.3304845408950493,-0.44887348689285445,-1.9925510562714843,0.1858757981077862,-0.2694832578645808,0.09471409513854898,-0.09799646112847712,-1.369824702439611,1
sample_04561.html,-0.4520377787088923,-0.4805110314497277,-0.5789898120788778,-0.48828710526755725,-0.5363913490278531,-0.3365771940723391,-0.44887348689285445,-1.9925510562714843,-1.923854875771735,-0.2694943572651209,-0.027419211925291086,-0.10364022835686888,0.08601713094086752,0
sample_06002.html,-0.3655394269881223,-0.3581652037191235,-0.34013138050983827,-0.32468325813401294,0.3814964373153167,-0.01975922885326917,-0.10977361938621372,0.5465909716527556,0.37264584057756456,3.113791617150509,-0.02613359816672435,-0.10175897261407163,-0.37395771207785766,0
sample_03005.html,0.34632588996852526,0.6118624304306663,-0.4197508576995181,0.059785782629816195,0.0357107841928814,-0.32439188771775945,4.637624525706757,0.5623316344021833,-0.2400266918216036,-0.26150278887628675,-0.011991846822490236,-0.06702809736243004,0.18290827203520646,0
sample_08381.html,-0.4498887513369477,-0.4805110314497277,-0.5789898120788778,-0.4790843888662954,-1.292550762802647,-0.32439188771775945,-0.10977361938621372,-1.9925510562714843,-0.2709366051834147,-0.2694943572651209,-0.009420619305356762,-0.1034955163766537,-0.7725647946330814,1
sample_07283.html,-0.4396808713202109,-0.46303305605964135,-0.5789898120788778,-0.4719267205542028,-1.43018877032049,-0.3365771940723391,-0.10977361938621372,-1.9925510562714843,0.07707727515164878,-0.2694943572651209,0.012434814590277775,-0.10219310855471715,-0.20348144291041717,1
sample_05450.html,-0.4520377787088923,-0.4805110314497277,-0.5789898120788778,-0.48828710526755725,-0.4857802989613899,-0.3365771940723391,-0.44887348689285445,-1.9925510562714843,-2.374105694263592,-0.2694943572651209,-0.027419211925291086,-0.10364022835686888,-0.06926926283400898,0
sample_06604.html,-0.0018165442864993525,-0.3057312775488646,-0.021653471751118984,0.16306071113286605,-0.004552921374094117,0.18129832599729442,-0.44887348689285445,0.3103630757269659,-0.24136110195610755,-0.25831726092129315,-0.0209911431324574,-0.0655809775602783,0.4351014260186264,0
sample_01187.html,-0.3053666605736736,-0.17464646212321733,-0.26051190332015844,-0.34002111880278274,0.08311218257933992,-0.3365771940723391,-0.10977361938621372,0.6478618039495526,-0.0437649249489821,-0.2588944297493756,0.006006745797444088,-0.09162913399900949,0.21583577674547275,0
sample_07898.html,-0.4235631660306264,-0.44555508066955507,-0.5789898120788778,-0.4606789560637717,-1.134521941823523,-0.31829923454046966,-0.10977361938621372,-1.9925510562714843,-0.0635481221617371,-0.26943886026242064,-0.018419915615323922,-0.10060127677235024,-0.10271163769373973,1
sample_09289.html,0.03203063682162804,0.09626215642312039,3.6408424789741525,0.1620381870882814,0.1988410466479267,0.3579852681386988,-0.10977361938621372,0.6319018398742369,0.75387138173608,0.6597252571465678,-0.02613359816672435,-0.05979249835167137,-0.7666829856328167,0
sample_00448.html,-0.3021431195157567,-0.2882533021587783,0.45606339138695995,-0.345133739025706,0.8273259211521403,-0.2878359686540206,-0.10977361938621372,0.6535575746371294,0.37665553701230986,-0.19733715435427268,-0.02613359816672435,-0.06312087389662036,-0.733344586095108,1
sample_00152.html,2.1601049918897646,-0.4717720437546845,-0.5789898120788778,0.06898849903107807,-1.2391539740021025,-0.30611392818589006,1.2466258506403491,-1.9925510562714843,1.896881790263447,-0.2694943572651209,-0.008135005546790024,7.245557686870708,-1.2158988534584187,1
sample_02438.html,0.023971784176835806,0.09626215642312039,0.2968244370076003,0.16510575922203535,0.5011087334951289,-0.06240780109429781,0.22932624812042704,0.3221873642607968,-0.42990982060475863,-0.18709240765580892,-0.02613359816672435,-0.05168862745962166,0.8934731325424926,0
sample_00919.html,-0.4144297996998619,-0.4805110314497277,-0.1012729489407988,-0.3942148931657693,0.37036230002019915,-0.20253882417196337,-0.10977361938621372,0.5349063613913825,0.2529851963113251,-0.21060093799962934,-0.006849391788223287,-0.10335080439643853,-0.05692434781684213,1
sample_07415.html,0.35707102682824826,0.1486960825933793,0.9337802545250389,0.2550878751454847,1.0220061701662984,0.44328241262075607,-0.44887348689285445,0.3720614675008868,0.1537496580057936,0.390032022824496,-0.02613359816672435,0.10387675127168963,-0.7682412986596989,0
sample_07819.html,-0.3821943891206929,-0.2882533021587783,-0.5789898120788778,-0.37376441227407625,1.0298242566479083,-0.31829923454046966,-0.44887348689285445,-1.9925510562714843,-0.2285732750027962,-0.2694943572651209,-0.02613359816672435,-0.10204839657450197,0.2305492430794769,1
sample_05641.html,-0.2554017741759617,-0.3319482406339941,0.13758548262824066,-0.12017844921708255,-0.4111923080217159,0.12037179422439637,0.22932624812042704,0.6467308902290257,-0.6984474656599665,-0.23524160719853457,-0.02613359816672435,-0.0466237081520906,0.8388230774800254,0
sample_03821.html,-0.4450534397500724,-0.4717720437546845,-0.4197508576995181,-0.44431857135041725,-1.2567046833686406,-0.3304845408950493,-0.10977361938621372,0.2937847259405157,-0.16426387432701936,-0.26673060653064906,0.009863587073144301,-0.1034955163766537,-0.4347807722305417,1
sample_07776.html,-0.3950885533523605,-0.46303305605964135,-0.26051190332015844,-0.36251664778364506,-0.0009308330050949547,-0.2634653559448614,-0.10977361938621372,0.5720235009213989,0.17330250124666766,-0.22962531052527058,0.026576565934511888,-0.10291666845579302,-0.06610082512761545,1
sample_00590.html,-0.14311509399185657,-0.39312115449929613,0.45606339138695995,1.247958722437182,-0.42798441560898615,0.17520567282000463,-0.10977361938621372,0.5598198686854428,-2.177720810139285,-0.19522826825166367,-0.02613359816672435,-0.07108003280845489,-1.3860696372628118,0
sample_05925.html,0.08092100953336762,0.4807776150050191,0.7745413001456792,0.8317914362912284,1.042755945198534,0.3397073086068294,1.9248255856536307,0.6904134042908049,-0.23630723031857553,-0.1860823622066646,-0.017134301856757187,-0.06688338538221486,0.6598897750419158,0
sample_05179.html,-0.18770741195970694,-0.15716848673313102,-0.5789898120788778,-0.34308869093653666,1.100821226869268,-0.30611392818589006,-0.10977361938621372,-1.9925510562714843,0.3163179842141385,-0.2694943572651209,0.0008642907631771383,-0.058345378549519634,-0.20849749927324426,1
sample_02625.html,-0.4144297996998619,-0.46303305605964135,-0.4993703348891979,-0.4453410953950019,1.6879067974730986,-0.31220658136317986,-0.10977361938621372,0.46668509353603027,-1.9095308603984276,-0.26483260903830097,0.08700041258714855,-0.084538246968466,2.898329111808996,1
sample_05195.html,0.6547113178425749,0.4720386273099759,0.6153023457663196,0.8297463882020591,1.0017221979317956,0.1386497537562658,-0.10977361938621372,0.17261117455993227,0.21788279945998043,0.22424027695780788,-0.02613359816672435,0.06929058800026322,0.4590725030087262,0
sample_09910.html,-0.3864924438645821,-0.39312115449929613,-0.4993703348891979,-0.42693566259247817,0.3554103299885563,-0.32439188771775945,-0.10977361938621372,0.6548724464904108,0.9922750217261956,-0.17548243469091934,-0.02613359816672435,-0.08309112716631427,-0.9594364662339369,1
sample_05588.html,0.8723003392519653,1.0837677659629965,0.2968244370076003,1.1385486496666242,0.08030562306883514,-0.23300209005841238,-0.44887348689285445,0.6659597153721094,-0.5073110263788865,-0.09280300006810621,-0.02613359816672435,0.10431088721233515,-0.16673177928729765,0
sample_07287.html,-0.42087688181569566,-0.4193381175844256,-0.5789898120788778,-0.24594890670099476,-0.8453756984390102,-0.23909474323570218,-0.44887348689285445,-1.9925510562714843,-0.9072411735747069,-0.2694610590635007,-0.023562370649590873,-0.09640462934611022,0.8510439000689781,0
sample_06144.html,-0.018471506419069975,0.19239102106859504,1.3318776404734378,0.18044361989080512,0.11590818783734294,0.0472599560969187,0.22932624812042704,0.7296849841402927,0.4221477052836899,-0.1746277808493357,-0.02613359816672435,-0.007406761513778635,0.023454638617284487,0
sample_07499.html,-0.39562581019534665,-0.44555508066955507,-0.4197508576995181,-0.3706968401403223,0.33844371667916845,-0.19644617099467354,-0.10977361938621372,0.6371686155798099,0.4971777059059051,-0.15270646478274205,-0.02613359816672435,-0.09929886895041368,-0.6706284188974593,1
sample_05606.html,-0.44182989869215544,-0.4717720437546845,-0.4993703348891979,-0.4688591484204489,-1.6013062895796035,-0.2878359686540206,-0.10977361938621372,0.3594804356253564,0.22090016997061035,-0.2656650640788045,-0.02613359816672435,-0.10306138043600818,-0.4562793225817817,1
sample_00515.html,0.0873680916492014,0.7429472458563137,0.13758548262824066,0.2632680675021619,1.0062863810134106,0.09600118151523715,-0.10977361938621372,0.6352724010494345,-0.7271797196177902,-0.22522994791141182,-0.02613359816672435,-0.058490090529734806,1.0191134566948086,0
sample_07086.html,-0.4520377787088923,-0.4805110314497277,-0.4993703348891979,-0.48828710526755725,-2.256016803315404,-0.3365771940723391,-0.44887348689285445,0.6948797331186194,1.51729725109284,-0.23345460371158694,-0.027419211925291086,-0.10364022835686888,-1.3340155493845216,1
sample_05855.html,-0.411206258641945,-0.4018601421943393,-0.5789898120788778,-0.39523741721035394,-0.9117465501277706,-0.275650662299441,-0.44887348689285445,-1.9925510562714843,-1.0643040952193867,-0.2694943572651209,-0.02613359816672435,-0.10320609241622336,0.9944673940781589,0
sample_07598.html,-0.07595798861858793,-0.3057312775488646,0.45606339138695995,0.12011470126031067,0.8638490452403147,0.4371897594434663,0.22932624812042704,0.4118564861923481,-0.1361336513952969,0.2516002992890247,-0.02613359816672435,-0.020430839733144232,-0.2827232065936082,0
sample_08673.html,-0.3773590775338176,-0.3406872283290372,-0.4993703348891979,-0.2214083296309631,0.26544631072558156,-0.31829923454046966,-0.10977361938621372,0.34152937521153937,-0.2998420488649278,-0.2519351056107659,-0.011991846822490236,-0.09437866162309778,-0.1245550862479612,1
sample_04299.html,-0.4455906965930585,-0.4805110314497277,-0.4993703348891979,-0.4023950855224465,0.6145328139201567,-0.29392862183131047,-0.10977361938621372,0.2590028420263382,0.02212043371519576,-0.2657316604820448,-0.02613359816672435,-0.1034955163766537,-0.4865994391195208,1
sample_04468.html,-0.26775868156464316,-0.38438216680425297,1.2522581632837582,0.2192995335850219,1.3252562912234287,0.16911301964271483,-0.10977361938621372,0.5660953351319881,0.4204258817680704,-0.00548401601955327,-0.02613359816672435,-0.06051605825274724,0.05421232503059836,0
sample_05547.html,-0.4477397239650031,-0.4805110314497277,-0.4197508576995181,-0.4453410953950019,0.439460443289678,-0.31220658136317986,-0.10977361938621372,0.4747159814633654,-0.12929805210657028,-0.2588500321472154,-0.0107062330639235,-0.10364022835686888,-0.14261097783348572,1
sample_09221.html,-0.45150052186590617,-0.4805110314497277,-0.4993703348891979,-0.4852195331338033,-1.1952398134236712,-0.3304845408950493,-0.44887348689285445,0.4571191332277663,-0.36556218510952493,-0.2683400196089559,-0.013277460581056975,-0.10364022835686888,-0.18514011787974732,1
sample_01986.html,-0.4520377787088923,-0.4805110314497277,-0.5789898120788778,-0.4933997254904805,-1.3908636227199325,-0.3365771940723391,-0.44887348689285445,-1.9925510562714843,-1.707211936414615,-0.2694943572651209,-0.027419211925291086,-0.10364022835686888,-0.45468758099995726,1
sample_06575.html,-0.205974144621236,-0.2969922898538215,0.6153023457663196,-0.12324602135083651,0.4232359592430158,0.2787807768339313,1.58572571814699,0.6337202783077116,0.3601468271106318,-0.08063805707621426,-0.02613359816672435,-0.04358475656757196,0.6938920912345884,0
sample_07993.html,0.14378006016274705,-0.10473456056287211,-0.18089242613047862,0.28883116861677827,-0.1009158895382182,0.4371897594434663,-0.10977361938621372,0.7968855205935305,0.06261391950923868,-0.22414220665848716,-0.02613359816672435,-0.029692406466915323,0.21428627717535376,0
sample_00454.html,-0.43269653236139094,-0.4717720437546845,-0.34013138050983827,-0.4238680904587242,-0.04241798023358203,-0.29392862183131047,-0.44887348689285445,0.542148876603679,-1.2068349168291297,-0.2437215492111308,-0.02613359816672435,-0.08960316627599707,-1.3667430955350568,1
sample_05485.html,-0.4138925428568757,-0.42807710527946874,-0.4993703348891979,-0.34820131115945996,-1.8009362270110394,-0.2817433154767308,-0.10977361938621372,0.039120440988152635,0.39230614457077934,-0.23097943739115637,-0.02613359816672435,-0.10016714083170472,0.05582632189451605,1
sample_03002.html,-0.4520377787088923,-0.4805110314497277,-0.5789898120788778,-0.48828710526755725,-0.849445179146077,-0.3365771940723391,-0.44887348689285445,-1.9925510562714843,-0.4538204676078668,-0.2694943572651209,-0.027419211925291086,-0.10364022835686888,0.2292176418864059,0
sample_06913.html,0.06695233161572774,-0.2008634252083468,-0.4197508576995181,-0.14165145415336025,2.140115705434112,0.30315138954309057,-0.44887348689285445,-0.1343192772420268,-0.2466908910687178,-0.26706358854685047,-0.02613359816672435,0.14352783385064713,1.6294021307524498,0
sample_09984.html,-0.3085902016315905,-0.2358193759885194,-0.4993703348891979,-0.05269186227449552,0.14338751275529885,-0.19035351781738374,0.22932624812042704,0.5648423941005405,-1.2832825130389582,-0.2047626533155644,-0.004278164271089811,-0.0883007584540605,2.415918597662064,1
sample_00848.html,-0.4192651112867372,-0.4105991298893824,-0.4993703348891979,-0.44840866752875586,-0.5223176850997321,-0.3304845408950493,-0.44887348689285445,0.3142215859209112,-0.35511714985190895,-0.24715126397800544,-0.02613359816672435,-0.1024825325151475,0.8659272079728861,0
sample_03226.html,-0.4455906965930585,-0.4717720437546845,-0.5789898120788778,-0.4760168167325414,-0.5084934647318502,-0.3304845408950493,-0.44887348689285445,-1.9925510562714843,1.5201946511021458,-0.2694943572651209,0.012434814590277775,-0.10320609241622336,0.43428047077384946,1
sample_09058.html,0.07071312951663078,0.05256721794790462,0.05796600543856084,0.2550878751454847,0.14721495042242558,-0.21472413052654296,-0.10977361938621372,0.4358103631351732,0.06597149699538507,-0.1010165564677413,-0.017134301856757187,-0.06746223330307555,-0.4073154203869662,0
sample_05121.html,0.16473307703920687,0.10500114411816354,-0.021653471751118984,0.1855562401137284,0.7388308203835874,0.6077840484075808,-0.10977361938621372,0.585134250514256,0.08073672179057019,-0.24790602321472865,-0.02613359816672435,-0.05197805142005201,-0.16699626121614328,0
sample_07628.html,-0.3273941911361057,-0.3406872283290372,-0.4993703348891979,-0.3931923691211846,0.4911933928541008,-0.2817433154767308,-0.10977361938621372,0.343253371727165,0.013881530544676085,-0.25871683934073486,-0.004278164271089811,-0.09582578142524951,-0.2023741806974135,1
sample_00187.html,-0.436457330262294,-0.4717720437546845,-0.4197508576995181,-0.44840866752875586,-1.4437906419954152,-0.32439188771775945,-0.10977361938621372,0.7707775189258037,1.9979065677347438,-0.24338856719492938,0.0304334072102121,-0.10045656479213506,-0.4605710718580953,1
sample_06751.html,0.6885584989507022,0.5506895165653642,1.650355549232157,1.1579766065137325,0.8512738110467286,0.6382473142940299,3.6203249231868346,0.6153363911082799,0.7745129877268127,9.79157946106193,-0.02613359816672435,0.24048486059481322,-1.0210642758225859,0
sample_04936.html,-0.4488142376509754,-0.4805110314497277,-0.4993703348891979,-0.4852195331338033,-1.3384300946045464,-0.31829923454046966,-0.44887348689285445,-0.07134170978834635,-3.039051443683039,0.60635933935002,-0.017134301856757187,-0.10364022835686888,4.626342628098604,1
sample_02275.html,-0.1576210287524826,-0.026083671307483746,-0.26051190332015844,-0.13551630988585234,-0.45981187323074907,-0.17816821146280412,-0.44887348689285445,0.39516611926920886,-0.9666929264462888,-0.21528488502752932,-0.011991846822490236,-0.07136945676888523,1.3512085361708988,0
sample_01916.html,-0.42302590918764027,-0.4193381175844256,-0.26051190332015844,-0.47703934077712606,-1.4485405042524644,-0.3365771940723391,-0.44887348689285445,0.6141823433347091,1.0255699658558743,-0.261569385279527,0.03429024848591231,-0.08743248657276947,-0.7176717045890696,0
sample_01881.html,0.0852190642772568,-0.31447026524390775,-0.021653471751118984,0.13340751383991115,0.5321404595586093,0.21176159188374347,-0.10977361938621372,0.05558997473791389,-0.017450706586677883,-0.2186480033911637,-0.02613359816672435,-0.06037134627253206,-0.12161240862634978,0
sample_07755.html,-0.30805294478860434,-0.2183414005984331,-0.18089242613047862,-0.2899174406181348,0.7211075916866323,-0.32439188771775945,-0.10977361938621372,0.5493809631147912,-0.3318395687647241,-0.23495302278449334,-0.002992550512523074,-0.09828588508890747,0.2646822226799622,0
sample_03033.html,-0.26883319525061544,-0.08725658517278581,0.05796600543856084,0.10068674441320227,0.947410294220544,-0.12333433286719588,-0.10977361938621372,0.5347661548621677,-1.1196053152644057,-0.23244455826244262,-0.02613359816672435,-0.07686851201706182,1.7063915216886516,0
sample_03086.html,-0.4224886523446541,-0.44555508066955507,-0.4993703348891979,-0.4279581866370628,0.7860164106351285,-0.29392862183131047,-0.10977361938621372,0.31879378847296186,0.19314282665646135,-0.26226864751355,-0.0107062330639235,-0.10175897261407163,-0.6157402179751728,1
sample_04195.html,-0.4332337892043771,-0.4717720437546845,-0.34013138050983827,-0.41057527787912373,0.027259632253841898,-0.23909474323570218,-0.10977361938621372,0.09182974242755057,0.07562121041210608,-0.2553093233749403,-0.02613359816672435,-0.10233782053493232,-0.28496586628543674,1
sample_07190.html,-0.44075538500618316,-0.4717720437546845,-0.4197508576995181,-0.4678366243758642,-0.8276978721157742,-0.31220658136317986,-0.10977361938621372,0.40139478109889704,0.36206721005908077,-0.2675630615711526,-0.0107062330639235,-0.10277195647557784,-0.34956778728897575,1
sample_03143.html,0.3839338689775557,0.13995709489833613,-0.26051190332015844,-0.16925960335714585,0.6211563159245649,-0.2634653559448614,-0.10977361938621372,0.6726904876771981,0.46084243183333445,-0.14471489639390792,-0.004278164271089811,-0.02998183042734567,-0.16384126533507967,0
sample_08261.html,-0.4498887513369477,-0.4805110314497277,-0.5789898120788778,-0.47806186482171076,-1.3139611160285807,-0.32439188771775945,-0.10977361938621372,-1.9925510562714843,-0.25890669185290244,-0.2694943572651209,-0.009420619305356762,-0.1034955163766537,-0.7799936651614314,1
sample_05153.html,2.9831824753445453,1.1886356183035145,0.05796600543856084,2.6835824810340334,1.70524650117002,5.475813937062136,-0.10977361938621372,0.6359264834196209,0.6337683924367437,-0.1308739439204688,-0.02613359816672435,0.22847376623695384,0.7371299714037906,0
sample_00995.html,-0.18878192564567925,-0.2532973513786057,-0.4197508576995181,-0.3747869363186609,0.45559174860857643,-0.3365771940723391,-0.10977361938621372,-0.0890214889939999,0.49777894123162875,-0.2566745496413661,-0.00042132299538959916,-0.02158853557486562,-0.11312023886754906,1
sample_05305.html,-0.4520377787088923,-0.4805110314497277,-0.5789898120788778,-0.486242057178388,-1.0200836873138628,-0.3365771940723391,-0.44887348689285445,-1.9925510562714843,0.19333343166059386,-0.2694943572651209,-0.027419211925291086,-0.10364022835686888,0.25538278721721513,1
sample_01515.html,0.39951431742415405,0.9788999136224787,0.5356828685766397,0.1681733313557893,0.5710752327414091,-0.275650662299441,0.5684261156270678,0.7142068232436207,0.6841276230125849,0.2448185655590558,-0.02613359816672435,-0.05110977953876097,-0.385504018395946,0
sample_02275.html,0.42476538904450306,1.1711576429134283,-0.4197508576995181,0.22338962976336052,-1.6093031028656948,-0.17816821146280412,2.6030253206669123,-0.1305381765697507,-0.11364653554410713,-0.2687062998267775,-0.02613359816672435,-0.09872002102955299,-0.8848373603903483,1
sample_04405.html,-0.19576626460449917,-0.061039622087656356,0.05796600543856084,0.47799811686493887,0.24629716164723722,0.7418224183079566,-0.10977361938621372,0.5347316865942883,-1.4767599878097226,-0.2324334588619026,-0.02613359816672435,0.013142339676775973,1.9321705371500426,0
sample_05291.html,0.26143930877671373,-0.24455836368356254,-0.18089242613047862,-0.180507367847577,1.2569980585593552,0.163020366465425,-0.44887348689285445,0.3776921339418457,0.07807601560534848,-0.15338352821568496,-0.01970552937389066,-0.03924339716111676,-0.2885636340675909,0
sample_09041.html,-0.3096647153175628,-0.3406872283290372,-0.4993703348891979,-0.37376441227407625,0.06381297614258408,-0.2695580091221512,-0.10977361938621372,0.3316516123233787,-2.6902092289541852,-0.26031515301850167,-0.02613359816672435,-0.0910502860781488,3.566025188243186,1
sample_07115.html,1.0775324532726742,0.7953811720265725,-0.1012729489407988,0.8491743450491676,1.012091398796063,0.07163056880607792,1.58572571814699,0.6969540716519744,-0.5830924977684152,-0.1812097253695838,-0.02613359816672435,-0.016234192306904205,0.31533323692438836,1
sample_07998.html,-0.27689204789540767,-0.3581652037191235,-0.26051190332015844,0.9831249948897569,1.970496821815991,0.11427914104710657,-0.10977361938621372,0.5277381638450294,-0.8085344412598466,-0.25639706462786493,-0.02613359816672435,0.0041701969034352296,0.9309342350837448,1
sample_08080.html,-0.3821943891206929,-0.2882533021587783,-0.5789898120788778,-0.37376441227407625,1.0558977128397216,-0.31829923454046966,-0.44887348689285445,-1.9925510562714843,-0.7758053585526814,-0.2694943572651209,-0.02613359816672435,-0.10204839657450197,0.2507114074171844,1
sample_07493.html,-0.29945683530082595,-0.27951431446373515,-0.4197508576995181,0.189646336292067,0.6759665556537191,-0.17207555828551432,-0.10977361938621372,0.24638683984479726,1.2860379138121978,-0.26810693219761494,-0.02613359816672435,-0.05646412280672238,-0.594425016207456,1
sample_07296.html,0.08897986217815984,0.131218107203293,6.0294267946645475,0.4299394867694602,1.1722238752029812,-0.17207555828551432,-0.10977361938621372,0.580509356778322,0.6925419845541524,0.37360491002522583,-0.02613359816672435,0.022548618390762238,-0.40906237528649286,0
sample_01384.html,-0.4488142376509754,-0.4805110314497277,-0.5789898120788778,-0.4565888598854331,-0.14402521628176326,-0.32439188771775945,-0.10977361938621372,-1.9925510562714843,-0.7189365521112614,-0.2694943572651209,-0.008135005546790024,-0.10364022835686888,-0.3600862828815091,1
sample_01715.html,-0.44344166922111394,-0.4805110314497277,-0.5789898120788778,-0.4729492445987875,0.4127608013385202,-0.31220658136317986,-0.44887348689285445,-1.9925510562714843,-1.3410129728618396,-0.2694943572651209,-0.017134301856757187,-0.10364022835686888,0.5851104626903658,1
sample_04161.html,0.04277577368135102,0.39338773805458754,1.5707360720424772,0.4861783092216161,1.0738810195598014,-0.30002127500860026,0.22932624812042704,0.6457202059014312,-0.6094908595143801,-0.08302442819232445,-0.02613359816672435,-0.05197805142005201,1.3650718820193284,0
sample_01636.html,-0.2494919489031141,-0.42807710527946874,0.45606339138695995,-0.1702821274017305,0.6016994396465688,0.132557100578976,-0.44887348689285445,0.3373699926914831,-0.5922251733198001,-0.21884779260088455,-0.02613359816672435,-0.09857530904933781,0.5760855611907311,0
sample_08414.html,-0.4300102481464602,-0.4805110314497277,-0.5789898120788778,-0.486242057178388,-1.6564056885908658,-0.31829923454046966,-0.44887348689285445,-1.9925510562714843,1.1293083674501494,-0.2694610590635007,0.03557586224447905,-0.08034159954222597,-1.1648585738610628,0
sample_04276.html,-0.3295432185080503,-0.3406872283290372,-0.021653471751118984,-0.23879123838890218,1.4800981647374434,-0.2634653559448614,-0.10977361938621372,0.7116872089326881,0.8413545078616831,-0.08517771189709364,-0.013277460581056975,-0.09683876528675574,-0.4544011045421773,1
sample_03060.html,-0.42195139550166794,-0.4805110314497277,-0.34013138050983827,-0.35842655160530645,0.4294621647390753,-0.2817433154767308,-0.10977361938621372,0.3754482181919973,0.5137261879510704,-0.2590609207574763,-0.005563778029656549,-0.10060127677235024,-0.2816449270941914,1
sample_06591.html,-0.342974639582704,-0.4368160929745119,-0.4993703348891979,-0.21118308918511658,-0.15021034343969586,0.132557100578976,-0.44887348689285445,0.34931957858151064,-0.36992089015050345,-0.26377816598699644,-0.022276756891024138,-0.09582578142524951,0.5300243761959599,0
sample_03980.html,0.20072928551927885,0.6380793935157958,0.2968244370076003,0.39108357307524344,1.5063563250770566,-0.03194453520784878,-0.10977361938621372,0.726165411832906,0.38766481654085877,-0.1850945155586004,-0.018419915615323922,-0.08149929538394736,-0.021273289401858256,0
sample_02039.html,0.6976918652814668,-0.1833854498182605,-0.26051190332015844,0.6375118678201446,0.6412724017239284,2.082206117311714,-0.44887348689285445,0.3647332547679822,-0.8463960077117904,-0.2355967880158161,-0.02613359816672435,-0.08540651884975704,0.5563774984788589,0
sample_01595.html,0.7600136590678601,-0.3232092529389509,0.7745413001456792,0.3829033807185662,0.11754784517693773,1.6922763139651664,-0.44887348689285445,0.6121916660086905,-0.4236161602255608,-0.08935108650015147,-0.02613359816672435,-0.07542139221491008,0.11449329240405216,0
sample_00354.html,0.8201864254823088,-0.24455836368356254,0.21720495981792048,0.950404225463048,1.0118436630482002,2.0334648918933955,-0.44887348689285445,0.06121903067550534,-0.9395317609965614,-0.06618663757307253,-0.02613359816672435,-0.08873489439470603,0.17198302759045372,0
sample_09976.html,0.3355807531088023,-0.10473456056287211,-0.18089242613047862,0.40539890969942854,0.7948112931233935,1.3267171233277781,-0.10977361938621372,0.6006545743599553,-0.4499199649557346,-0.21245453788981725,-0.017134301856757187,-0.06456799369877209,0.7364692620126783,0
sample_02701.html,-0.4429044123781278,-0.4717720437546845,-0.4993703348891979,-0.48828710526755725,-0.9394793580061619,-0.32439188771775945,-0.44887348689285445,0.38738157281052266,-0.2568050643238625,-0.2668637993371296,-0.0107062330639235,-0.10320609241622336,-1.0062556606609807,1
sample_05280.html,-0.4520377787088923,-0.4805110314497277,-0.5789898120788778,-0.4933997254904805,-1.044802351692958,-0.3365771940723391,-0.44887348689285445,-1.9925510562714843,-1.5765060850739565,-0.2694943572651209,-0.027419211925291086,-0.10364022835686888,0.027726557615880873,0
sample_09867.html,0.1104701358976058,-0.3669041914141667,-0.34013138050983827,0.28065097626010105,-0.7570379768202291,2.155317955439192,-0.44887348689285445,0.2577605651781773,-0.8173194601231113,-0.24963752969897607,-0.018419915615323922,0.05626650978089762,1.22856259699156,0
sample_02083.html,-0.19361723723255458,-0.2008634252083468,0.3764439141972801,-0.3124129695989971,0.6299691546670757,-0.32439188771775945,0.22932624812042704,0.4788348566920621,0.23025962785495768,-0.1588222344803082,-0.004278164271089811,-0.06225260201532931,0.39911930235572896,1
sample_00391.html,0.5494089766172896,0.37590976266450127,0.2968244370076003,0.2407725385212996,0.3832972285694831,0.6138767015848706,0.9075259831337085,0.17569709225287075,0.09571644577696688,-0.08125962350645691,-0.02613359816672435,-0.02158853557486562,0.025719970796259935,0
sample_09145.html,-0.4520377787088923,-0.4805110314497277,-0.5789898120788778,-0.4872645812229726,-0.7067890193140784,-0.3365771940723391,-0.44887348689285445,-1.9925510562714843,0.22606251694284138,-0.2694943572651209,-0.027419211925291086,-0.10364022835686888,-0.8721332970100784,1
sample_07222.html,0.6020601472299323,1.7828867815664489,-0.4197508576995181,0.44834491957198397,0.7848964066877852,-0.20863147734925316,0.22932624812042704,0.48075815117866666,-0.49420641024694095,-0.24949323749195543,-0.02613359816672435,-0.08468295894868118,0.42374859854427593,0
sample_08602.html,-0.24895469206012794,-0.46303305605964135,-0.5789898120788778,-0.47806186482171076,-0.4722282445368599,-0.32439188771775945,-0.44887348689285445,-1.9925510562714843,2.275925863471504,-0.2694943572651209,0.03557586224447905,0.3950372554646183,-1.5051251358237554,1
sample_02332.html,0.12228978644330109,-0.13095152364800158,0.5356828685766397,-0.031218857338217828,-0.36889566983877614,0.4067264935570173,0.22932624812042704,0.5989542984177434,0.21700499516340313,-0.2032198366404978,-0.02613359816672435,-0.01073513705872762,-0.00358736743552176,0
sample_09577.html,-0.4520377787088923,-0.4805110314497277,-0.5789898120788778,-0.4259131385478935,0.10684417349792685,-0.3365771940723391,-0.10977361938621372,-1.9925510562714843,-0.14768620372591815,-0.2694943572651209,-0.027419211925291086,-0.10364022835686888,-0.24326731631316512,1
sample_03852.html,-0.4520377787088923,-0.4805110314497277,-0.4993703348891979,-0.4913546774013112,-2.256016803315404,-0.3365771940723391,-0.44887348689285445,0.4143815986462209,0.10100481984369038,-0.2668637993371296,-0.027419211925291086,-0.10364022835686888,-1.239306234270092,1
sample_03465.html,1.433733740172491,1.957666535467312,0.7745413001456792,0.5751379011004808,0.5880343789137028,-0.23909474323570218,0.22932624812042704,0.6085214244837963,0.35762052218698703,-0.056341469294050484,-0.02613359816672435,0.057568917602834176,-0.2034560716280779,0
sample_01206.html,-0.4520377787088923,-0.4805110314497277,-0.4993703348891979,-0.49237720144589586,-2.256016803315404,-0.3365771940723391,-0.44887348689285445,0.1816032717824125,-1.7220570042063035,-0.09904086317161286,-0.027419211925291086,-0.10364022835686888,-1.548367826888735,1
sample_06141.html,-0.3381393279958287,-0.3581652037191235,0.6153023457663196,-0.33593102262444413,1.1469190375339506,-0.2634653559448614,-0.10977361938621372,0.636336475724268,0.5053287859004056,-0.12201662228951099,-0.02613359816672435,-0.06905406508544246,-0.6959470421362832,1
sample_09784.html,-0.39455129650937437,-0.34942621602408036,-0.4993703348891979,-0.38807974889826136,-0.16211402583665138,-0.3304845408950493,-0.10977361938621372,0.627914475816056,0.5865872792983726,-0.19023353800864234,-0.0209911431324574,-0.08366997508717497,-1.092164230728632,1
sample_08223.html,-0.1565465150665103,-0.13095152364800158,-0.4197508576995181,-0.1191559251724979,-1.5972965459692905,-0.1477049455763551,-0.10977361938621372,0.45384081694668,0.8715244971244525,-0.028837154755813013,-0.02613359816672435,-0.05139920349919132,-0.5952850713883765,1
sample_01752.html,-0.23713504151443265,-0.2008634252083468,2.128072412370236,-0.26946695972644175,-1.204883242476382,-0.2817433154767308,-0.44887348689285445,0.5708581941901595,0.6619931492085162,1.7424495810271123,-0.02613359816672435,-0.07874976775985908,-1.3826244622291153,0
sample_00138.html,0.5064284291783977,-0.20960241290338993,2.3669308439392753,0.1681733313557893,0.2722039305062182,0.028981996565049278,-0.44887348689285445,0.5485884318343797,1.4738229609544056,2.847894377813134,-0.02613359816672435,1.9684906163441975,0.0739599961472739,0
sample_01575.html,-0.144726864520815,-0.10473456056287211,-0.18089242613047862,-0.19277765638259284,0.29339872389619676,-0.1598902519309347,-0.10977361938621372,0.5774078856139122,0.35638571880432673,-0.212865215709799,-0.02613359816672435,-0.056608834786937554,-0.10155170334268347,0
sample_01532.html,-0.3601668585582608,-0.3669041914141667,-0.4993703348891979,-0.38092208058616883,0.3680691258671591,-0.31829923454046966,-0.10977361938621372,0.32406544035740675,-0.1394855662758389,-0.26636432631282747,-0.02613359816672435,-0.08280170320588393,0.1677260497478496,1
sample_02671.html,0.5187853365670791,0.646818381210839,2.287311366749596,0.22032205762960655,-0.3912459012548799,0.3336146554295396,-0.10977361938621372,0.6763568061188213,0.6125838535547758,0.25125621787228325,-0.02613359816672435,0.018351970964522214,-0.3637467357230092,0
sample_08990.html,1.0066145499985024,1.9227105846871393,1.8095945036115169,0.5444621797629412,0.8015571398995606,-0.1537975987536449,1.2466258506403491,0.45395954605157895,-0.12600684478722557,-0.08827444464776688,-0.02613359816672435,0.0704482838419846,0.12816395470587738,0
sample_00278.html,0.009465849416209779,-0.39312115449929613,-0.26051190332015844,0.6681875891576842,1.5845577865949063,1.0038065049314184,-0.44887348689285445,0.4047743328350998,0.38919712946224977,-0.24982621950815687,-0.02613359816672435,0.02008851472710429,0.2937052487051812,1
sample_07483.html,-0.4520377787088923,-0.4805110314497277,-0.5789898120788778,-0.4852195331338033,-0.7964598217265318,-0.3365771940723391,-0.44887348689285445,-1.9925510562714843,-0.4877677263923843,-0.2694943572651209,-0.027419211925291086,-0.10364022835686888,0.7450554072098661,0
sample_07048.html,-0.3316922458799949,-0.4805110314497277,-0.5789898120788778,-0.251061526923918,1.004377761392689,-0.025851882030558975,0.5684261156270678,-1.9925510562714843,-0.7778542329492187,-0.2694943572651209,-0.01584868809819045,-0.10320609241622336,0.1883739189942235,1
sample_01967.html,-0.13344447081810587,0.017611267167732012,-0.1012729489407988,-0.24083628647807148,-0.1287181242289768,-0.30611392818589006,-0.10977361938621372,0.5893546034775927,0.24275635464896023,-0.24212323553336396,-0.02613359816672435,-0.07339542449189766,-0.6562994200582655,0
sample_03445.html,-0.4520377787088923,-0.4805110314497277,-0.5789898120788778,-0.4903321533567266,-1.114558160185379,-0.3365771940723391,-0.44887348689285445,-1.9925510562714843,-1.60279190543054,-0.2694943572651209,-0.027419211925291086,-0.10364022835686888,0.2457020263352195,0
sample_05125.html,0.5773463324525694,0.17491304567850874,0.13758548262824066,1.1968325202079493,1.8042167537869958,0.4250044530888867,0.22932624812042704,0.49109285519077345,-0.1486041818787961,4.402986989877015,-0.02613359816672435,0.0747896432484398,-0.3153143658044977,0
sample_04855.html,-0.40959448811298654,-0.46303305605964135,-0.4993703348891979,-0.3492238352040446,0.08571250254909449,-0.17816821146280412,-0.44887348689285445,0.6449561033798885,-0.07586065848119145,-0.23834943934974784,-0.02613359816672435,-0.10364022835686888,0.2810311458628434,1
sample_05113.html,-0.41872785444375105,-0.44555508066955507,-0.4993703348891979,-0.41466537405746234,-0.8807664702485071,-0.30002127500860026,-0.10977361938621372,0.40973863008096567,0.42220264208583586,-0.25702973045864763,-0.014563074339623712,-0.10045656479213506,-0.37157295495220827,1
sample_04748.html,-0.37628456384784525,-0.38438216680425297,-0.5789898120788778,0.7632823253040567,0.009211707242768126,-0.3304845408950493,-0.44887348689285445,-1.9925510562714843,-0.5459058706428996,-0.2694943572651209,0.009863587073144301,-0.09351038974180675,0.5850066568578967,0
sample_08571.html,-0.43484555973333555,-0.4717720437546845,-0.4993703348891979,-0.486242057178388,-1.3384300946045464,-0.3304845408950493,-0.44887348689285445,0.7806082970654374,2.435342036795487,-0.25806197470887204,0.03686147600304579,-0.05602998686607686,-1.0257144042401845,0
sample_05127.html,0.2737962161653951,0.17491304567850874,0.6153023457663196,-0.061894578675757386,-0.466224078874072,-0.03194453520784878,0.5684261156270678,0.27480274915951364,-0.1597821318618986,0.2098665532584465,-0.02613359816672435,-0.02477219913959943,0.6153907491831172,0
sample_02305.html,-0.4520377787088923,-0.4805110314497277,-0.5789898120788778,-0.486242057178388,-1.1471584998047943,-0.3365771940723391,-0.44887348689285445,-1.9925510562714843,0.5625116725340574,-0.2694943572651209,-0.027419211925291086,-0.10364022835686888,-0.2038723770835628,0
sample_03786.html,-0.3655394269881223,-0.3756431791092098,-0.4197508576995181,-0.4719267205542028,-1.0223724526462987,-0.3365771940723391,-0.44887348689285445,0.4115433547165469,-0.02313906816055195,-0.2621576535081495,0.044575158554446215,-0.0851170948893267,-0.5337643661596535,0
sample_05688.html,-0.155472001380538,0.017611267167732012,-0.4993703348891979,0.0577407345406469,0.7748101394633444,-0.03194453520784878,-0.44887348689285445,0.49732204624827886,0.23553315142304304,-0.14563614663873187,-0.02613359816672435,-0.07556610419512526,-0.07601883227103301,0
sample_01407.html,-0.4079827175840281,-0.44555508066955507,-0.5789898120788778,-0.4729492445987875,-1.1680996285521696,-0.2817433154767308,-0.44887348689285445,-1.9925510562714843,-0.05402684354129743,-0.26943886026242064,-0.002992550512523074,-0.0932209657813764,-0.9258764395490112,1
sample_05941.html,-0.2865626710691584,-0.1833854498182605,-0.26051190332015844,-0.3931923691211846,-0.6080827751111226,-0.3304845408950493,-0.44887348689285445,0.6971666095434617,0.33638384819223077,-0.24423212163597297,-0.017134301856757187,-0.09119499805836398,-0.5682554641482653,0
sample_03666.html,0.7111232863561205,1.4158492983746365,0.3764439141972801,0.44834491957198397,-0.24522885145037487,-0.32439188771775945,-0.44887348689285445,0.6507518864722405,-0.45987413033260965,-0.203264234242658,-0.02613359816672435,0.16566876682356863,0.904352406205371,0
sample_07515.html,-0.3601668585582608,-0.3669041914141667,-0.4993703348891979,-0.38092208058616883,0.3680691258671591,-0.31829923454046966,-0.10977361938621372,0.32406544035740675,-0.1394855662758389,-0.26636432631282747,-0.02613359816672435,-0.08280170320588393,0.1677260497478496,1
sample_06219.html,-0.4520377787088923,-0.4805110314497277,-0.5789898120788778,-0.49237720144589586,-2.256016803315404,-0.3365771940723391,-0.44887348689285445,-1.9925510562714843,-1.4078000403100033,-0.2694943572651209,-0.027419211925291086,-0.10364022835686888,-1.3155472897162082,1
sample_00826.html,-0.16890342245519172,0.00013329177764570985,-0.4197508576995181,-0.16210193504505327,-0.24559468060727055,-0.2634653559448614,-0.44887348689285445,0.41920240038192125,0.40179637285090275,-0.06458832389530571,-0.02613359816672435,-0.07165888072931557,-0.521293898496584,0
sample_07316.html,0.09918774219489668,0.49825559039510536,0.6949218229559994,-0.04655671800698761,0.11413491537551733,-0.30611392818589006,0.5684261156270678,0.6149608554187895,0.16339079639902573,-0.08094884029133559,-0.02613359816672435,-0.019128431911207673,-0.2965648056286041,0
sample_00166.html,0.3533102289273452,-0.4368160929745119,-0.26051190332015844,-0.06393962676492669,-0.2406245650582663,0.8027489500808548,-0.44887348689285445,0.7535514583807712,-0.13013346025097075,-0.23498632098611347,-0.02613359816672435,0.010537524032902855,-0.9525987491916222,1
sample_09648.html,0.11369367695552271,0.3671707749694581,-0.1012729489407988,0.37370066431730437,0.40689907449524315,0.0472599560969187,-0.10977361938621372,0.5858482754604852,-0.42275076524976457,-0.03581867769550283,-0.022276756891024138,-0.07050118488759419,0.7711854942784909,0
sample_03867.html,0.19320768971747276,0.3671707749694581,-0.18089242613047862,0.0086595804005836,0.9615347988752725,0.11427914104710657,0.22932624812042704,0.5386120257363476,0.12764669938137954,-0.20189900797623217,-0.02613359816672435,-0.03229722211078844,-0.251889927839594,0
sample_02850.html,-0.07112267703171259,0.19239102106859504,-0.34013138050983827,-0.2152731853634552,0.8384652606133274,-0.2878359686540206,-0.10977361938621372,0.17871209147615078,0.521297470178573,-0.26017086081148105,-0.02613359816672435,0.014589459478927707,-0.12301367002576126,1
sample_07926.html,-0.4026101491541666,-0.42807710527946874,-0.34013138050983827,-0.4340933309045707,-0.12160492216570515,-0.30611392818589006,0.22932624812042704,-0.10742527855807879,-1.8835802719586867,-0.18920129375841793,-0.01584868809819045,-0.10074598875256541,2.900190120140128,1
sample_02652.html,-0.4498887513369477,-0.4717720437546845,-0.5789898120788778,-0.486242057178388,-0.6885628095917979,-0.3365771940723391,-0.44887348689285445,-1.9925510562714843,0.21517752632834794,-0.2694943572651209,-0.002992550512523074,-0.10364022835686888,0.21064144344805832,1
sample_09302.html,-0.44075538500618316,-0.4805110314497277,-0.4993703348891979,-0.41875547023580095,0.0784468025302914,-0.2634653559448614,-0.44887348689285445,0.5065751731962282,0.49232000660006786,-0.16537088079893614,-0.02613359816672435,-0.1034955163766537,0.7267516827846773,1
sample_09556.html,-0.2838763868542276,-0.3232092529389509,-0.5789898120788778,-0.2817372482614576,-0.8588137351911367,-0.13551963922177548,-0.10977361938621372,-1.3262204278058263,-0.7412381023940465,-0.2690170830418988,-0.022276756891024138,-0.08613007875083291,0.36486903598447085,0
sample_09613.html,-0.31879808164832735,-0.24455836368356254,-0.4993703348891979,-0.20300289682843936,0.019843735586965255,-0.20863147734925316,-0.10977361938621372,0.1996824393151599,-0.3004361383377414,-0.2673188747592716,-0.02613359816672435,-0.09654934132632538,-0.2893623470679328,1
sample_03244.html,-0.27635479105242156,-0.2008634252083468,-0.26051190332015844,-0.31854811386650506,0.9754842043128018,-0.30002127500860026,-0.10977361938621372,0.3631607349064325,1.0010366665689734,-0.24756194179798718,-0.017134301856757187,-0.07136945676888523,-0.025680239423675096,1
sample_06400.html,-0.41872785444375105,-0.44555508066955507,-0.4993703348891979,-0.41466537405746234,-0.8807664702485071,-0.30002127500860026,-0.10977361938621372,0.40973863008096567,0.42220264208583586,-0.25702973045864763,-0.014563074339623712,-0.10045656479213506,-0.37157295495220827,1
sample_04599.html,-0.05446771489914196,-0.4717720437546845,0.05796600543856084,0.14874537450868092,1.2004153094334795,0.9794358922222591,0.5684261156270678,0.3106900467529586,0.35724404775476093,-0.18461724133537835,-0.02613359816672435,-0.09524693350438883,0.40783523743764805,1
sample_01090.html,-0.3488844648555517,-0.3581652037191235,0.7745413001456792,-0.4238680904587242,-1.1283343801245427,-0.3365771940723391,-0.44887348689285445,0.6146692795376519,0.5931652235944839,1.9335257613240284,0.02529095217594515,-0.08207814330480806,-1.028996908415841,0
sample_01840.html,-0.3085902016315905,-0.3756431791092098,-0.34013138050983827,-0.007700804312770832,1.545550382937515,-0.0502224947397182,0.22932624812042704,0.4800541456317412,-1.5454607661685371,-0.2541660851193154,-0.02613359816672435,-0.09712818924718608,1.9026031106801387,0
sample_07564.html,-0.35533154697138547,-0.3669041914141667,-0.4993703348891979,-0.3257057821785976,0.9597891905515219,-0.29392862183131047,-0.10977361938621372,0.3583811095225799,-0.3463099801321691,-0.260859023644964,-0.004278164271089811,-0.10103541271299576,0.5121214684886306,1
sample_01703.html,-0.4482769808079893,-0.4717720437546845,-0.4993703348891979,-0.486242057178388,-0.3926099528020803,-0.3365771940723391,-0.44887348689285445,0.4123522405931078,0.5046634619306481,-0.26669730832902894,0.017577269624544724,-0.10335080439643853,-0.4590043886548197,1
sample_08512.html,-0.4429044123781278,-0.4542940683645982,-0.4993703348891979,-0.46579157628669493,-0.060389011295194514,-0.3304845408950493,-0.44887348689285445,0.2676050833343303,-1.35215675665525,-0.2654097778663834,-0.01970552937389066,-0.1019036845942868,2.1851629777907533,0
sample_03874.html,-0.4520377787088923,-0.4805110314497277,-0.5789898120788778,-0.4872645812229726,-1.1872981709558512,-0.3365771940723391,-0.44887348689285445,-1.9925510562714843,0.1297452702879306,-0.2694943572651209,-0.027419211925291086,-0.10364022835686888,-0.693695855816166,1
sample_04192.html,3.221724513630395,2.1674022401483475,0.13758548262824066,3.316524864631933,1.7766339790427266,1.5887012099512396,0.22932624812042704,0.5360173173968301,-0.041739084662092404,3.3756597740918473,-0.02613359816672435,0.49416496191201204,0.4052291008802824,0
sample_06977.html,-0.13451898450407818,0.008872279472688862,-0.4197508576995181,0.07205607116483202,1.0671643933322803,-0.2817433154767308,1.2466258506403491,0.6131686530902172,0.08809792109271702,-0.2554536155819609,-0.01584868809819045,-0.07050118488759419,0.0863435808578722,1
sample_00214.html,0.12819961171614874,0.34095381188432866,-0.26051190332015844,-0.04860176609615691,1.2595701935688204,-0.12333433286719588,0.22932624812042704,0.3872052520663628,-0.4450876456593645,-0.254077289914995,-0.02613359816672435,0.03673039245184922,0.5611527362619904,1
sample_03889.html,-0.3886414712365267,-0.4805110314497277,-0.4993703348891979,-0.43920595112749394,0.13229338187351822,-0.2208167837038328,-0.10977361938621372,-0.1268481045386658,-0.4471929066292876,-0.2651655910545024,-0.02613359816672435,-0.10320609241622336,-0.02373773269279918,1
sample_07420.html,0.09488968745100748,-0.10473456056287211,0.9337802545250389,-0.13449378584126767,0.3050258194170522,0.004611383855890054,0.22932624812042704,0.6511320813086448,0.7796340664328413,0.011775551820220446,-0.02613359816672435,0.14323840989021677,-0.2575307618082677,0
sample_06342.html,-0.23176247308457118,0.04382823025286147,-0.021653471751118984,-0.31752558982192036,0.9090377788983321,-0.31220658136317986,-0.10977361938621372,0.6612510676925886,-0.10901392931735984,-0.2498373189086969,-0.02613359816672435,-0.0699223369667335,0.8165191649228972,1
sample_05435.html,-0.20328786040630525,-0.17464646212321733,-0.4993703348891979,-0.1508541705546221,0.3952671462287259,-0.18426086464009395,-0.10977361938621372,0.24876567178780673,-0.2478997917002412,-0.2593051075693574,-0.0107062330639235,-0.08801133449363016,-0.2505334507951852,1
sample_07473.html,-0.4520377787088923,-0.4805110314497277,-0.4993703348891979,-0.4893096293121419,-1.2617362862192816,-0.3365771940723391,-0.44887348689285445,0.353588902111515,-0.1960647377796794,-0.25720732086728837,-0.027419211925291086,-0.10364022835686888,0.6619746399597711,0
sample_04308.html,-0.4310847618324325,-0.4542940683645982,0.3764439141972801,-0.40955275383453904,0.6788489856374736,-0.31829923454046966,-0.10977361938621372,0.5463494413019444,1.2515361728930978,-0.1603206535532146,-0.009420619305356762,-0.10060127677235024,-0.687378719417491,1
sample_04251.html,0.00248151045738984,0.22734697184876765,0.6949218229559994,0.9851700429789262,0.5181394987779468,-0.20253882417196337,1.58572571814699,0.7688674051250343,1.412806338398072,1.1431041506656325,-0.0209911431324574,-0.0460448602312299,-0.50784912665612,0
sample_01665.html,-0.07703250230456023,-0.026083671307483746,-0.1012729489407988,0.036267729604369206,-0.036557646286924254,0.09600118151523715,0.5684261156270678,0.5617430811174592,-0.4618252623367637,-0.23076854878089548,-0.02613359816672435,-0.07165888072931557,0.6177306958784478,0
sample_06380.html,-0.400461121782222,-0.4805110314497277,-0.34013138050983827,-0.42080051832497023,-0.7686606938008419,-0.2634653559448614,-0.44887348689285445,0.6051753704407875,-0.03184414102402887,-0.24924905068007439,-0.017134301856757187,-0.10364022835686888,0.07336763015905054,0
sample_06706.html,2.1601049918897646,-0.4717720437546845,-0.5789898120788778,0.06898849903107807,-1.2391539740021025,-0.30611392818589006,1.2466258506403491,-1.9925510562714843,1.896881790263447,-0.2694943572651209,-0.008135005546790024,7.245557686870708,-1.2158988534584187,1
sample_02990.html,-0.4036846628401389,-0.4805110314497277,-0.5789898120788778,-0.19993532469468542,0.3178958753203071,-0.22690943688112258,-0.10977361938621372,-1.9925510562714843,-0.39726372764445617,-0.2694943572651209,0.0021499045217438758,-0.10364022835686888,-0.38383106524285165,1
sample_09623.html,-0.1764250182569978,-0.12221253595295842,0.6153023457663196,-0.13040368966292906,0.22022932549047955,-0.18426086464009395,0.22932624812042704,0.4915067598970287,-0.16787438153007164,-0.20306444503293714,-0.02613359816672435,-0.08685363865190877,0.11843370287436496,0
sample_08206.html,-0.3886414712365267,-0.4805110314497277,-0.4993703348891979,-0.43920595112749394,0.13229338187351822,-0.2208167837038328,-0.10977361938621372,-0.1268481045386658,-0.4471929066292876,-0.2651655910545024,-0.02613359816672435,-0.10320609241622336,-0.02373773269279918,1
sample_03690.html,0.34901217418345604,0.9876389013175219,1.0930192089043984,0.3297321304001643,-0.29852374683517663,-0.16598290510822453,-0.10977361938621372,0.6302498969976615,0.1353884597710914,0.1364440186860329,-0.02613359816672435,-0.07238244063039144,-0.7366889148446867,0
sample_02864.html,7.381704248872148,2.717958464936066,-0.18089242613047862,8.033428282300932,0.8250145061094587,16.905631297657813,-0.10977361938621372,0.5875718238318218,-0.6996918792491351,-0.18942328176921888,-0.0209911431324574,0.9860409826633861,1.4936571653833939,0
sample_00219.html,-0.45096326502292,-0.4805110314497277,-0.4993703348891979,-0.4913546774013112,-2.256016803315404,-0.3304845408950493,-0.44887348689285445,0.9257329962241104,2.200712164215427,0.05515200913072571,-0.013277460581056975,-0.10364022835686888,-1.544598692130699,1
sample_00460.html,1.412243466453045,2.586873649510419,1.3318776404734378,1.0915125436157302,0.81950877336173,-0.10505637333532646,-0.10977361938621372,0.6028253216936256,-0.008762116823909259,-0.07484416999430951,-0.01584868809819045,0.14179129008806504,-0.020185414186202125,0
sample_00509.html,-0.3821943891206929,-0.2882533021587783,-0.5789898120788778,-0.37376441227407625,1.0455802247764663,-0.31829923454046966,-0.44887348689285445,-1.9925510562714843,0.02507780481221077,-0.2694943572651209,-0.02613359816672435,-0.10204839657450197,0.23395628296371732,1
sample_03641.html,1.700750391136607,0.4545606519198896,0.3764439141972801,1.8113694710033252,0.6934662668357721,2.6671008223315353,0.22932624812042704,0.6927692060842131,-0.16737768166339015,0.3364663158182272,-0.02613359816672435,0.23990601267395253,0.3748372381109338,0
sample_01369.html,-0.042110807510460535,0.27978089801902656,-0.34013138050983827,-0.11813340112791325,0.6346143679955045,-0.09287106698074685,-0.10977361938621372,0.4204221578581543,-0.7335026509555498,-0.26180247269086804,-0.02613359816672435,-0.0969834772669709,0.582882835418135,0
sample_07908.html,0.007854078887251332,0.2360859595438108,-0.26051190332015844,-0.024061189026125265,1.3221765786297934,-0.06850045427158762,-0.10977361938621372,0.5915594991148018,0.07288142345469269,0.035272982763500806,-0.02613359816672435,-0.09047143815728811,-0.24067494752257773,0
sample_09495.html,-0.3359903006238841,-0.4717720437546845,-0.4197508576995181,-0.44738614348417116,-0.94226567812318,-0.17207555828551432,-0.44887348689285445,0.17928548845303127,0.10297213881410851,-0.2654208772669235,-0.02613359816672435,-0.05820066656930446,-0.76762442187456,1
sample_04201.html,0.4183183069286692,-0.4018601421943393,0.7745413001456792,0.23770496638754565,0.4557692278621727,0.5468575166346828,0.5684261156270678,0.4630001496739438,-0.3006311544575605,-0.20864744350458098,-0.02613359816672435,-0.0006052984436654894,0.32562710670837997,0
sample_03362.html,-0.29086072581304756,-0.44555508066955507,-0.4993703348891979,-0.16210193504505327,0.08228280348359131,0.5529501698119726,-0.44887348689285445,0.30926117000272696,-0.9798143449891278,-0.2662311335063469,-0.02613359816672435,-0.10335080439643853,0.15879146010472237,1
sample_04278.html,-0.33115498903700874,-0.3581652037191235,0.7745413001456792,-0.4013725614778618,-2.256016803315404,-0.32439188771775945,-0.44887348689285445,0.6386369193169111,0.755879309751678,1.2456515122551304,-0.017134301856757187,-0.08801133449363016,-0.717430690444505,0
sample_09593.html,-0.43538281657632166,-0.4805110314497277,-0.4993703348891979,-0.3165030657773357,0.8275359639062684,-0.1537975987536449,-0.10977361938621372,-0.17131392189562852,-0.9261970973275087,-0.2650323982480218,-0.02613359816672435,-0.10335080439643853,1.555125250624696,1
sample_01861.html,-0.33115498903700874,-0.34942621602408036,-0.4993703348891979,-0.4003500374332772,0.4618700726624893,-0.2817433154767308,-0.10977361938621372,0.3316516123233787,0.10220703556200413,-0.26031515301850167,-0.004278164271089811,-0.09582578142524951,-0.3915459689486119,1
sample_07294.html,-0.4278612207745156,-0.46303305605964135,-0.4993703348891979,-0.47806186482171076,-1.0172747477669608,-0.30002127500860026,-0.44887348689285445,0.5165691909278585,0.46762905821012607,-0.25272316304910925,-0.011991846822490236,-0.09886473300976815,-1.1261049439875672,1
sample_06199.html,0.4333614985322814,0.4895166027000622,1.0133997317147188,0.3225744620880718,0.8866676593409332,0.39454118720243764,0.22932624812042704,0.691044072457075,1.3375829362325313,0.4556627782177963,-0.02613359816672435,-0.04995208369703959,-0.37473898069188405,1
sample_08715.html,0.540275610286525,0.8390761105017883,1.4114971176631177,-0.03735400160572574,1.0019290733601327,-0.2878359686540206,-0.44887348689285445,0.49623703842838,0.02058485558966445,3.5082199147416335,-0.01970552937389066,-0.018839007950777326,0.8054320188419222,0
sample_03744.html,-0.42195139550166794,-0.44555508066955507,-0.5789898120788778,-0.4688591484204489,0.32103522205746726,-0.31220658136317986,-0.10977361938621372,-1.9925510562714843,0.5085048947738157,-0.26943886026242064,-0.02613359816672435,-0.10175897261407163,-0.5993294962936854,1
sample_05247.html,-0.3096647153175628,-0.3406872283290372,-0.4993703348891979,-0.37376441227407625,0.06381297614258408,-0.2695580091221512,-0.10977361938621372,0.3316516123233787,-2.6902195962348383,-0.26031515301850167,-0.02613359816672435,-0.0910502860781488,3.565966010313825,1
sample_08196.html,-0.02653035906386221,0.11374013181320669,-0.34013138050983827,-0.11404330494957464,0.5277631729229516,-0.03194453520784878,-0.10977361938621372,0.6884905652314411,-0.09688386589267081,-0.23111263019763695,-0.01584868809819045,-0.066159825481139,0.41089947818183437,0
sample_01207.html,0.640742639924935,0.7429472458563137,0.7745413001456792,0.1916913843812363,0.45029979521155944,-0.11114902651261627,0.22932624812042704,0.22851687849593766,0.4105809900013564,-0.1816315025901056,-0.018419915615323922,0.05568766186003692,-0.25510824762524215,0
sample_02452.html,-0.31020197216054896,-0.3057312775488646,0.5356828685766397,-0.33899859475819805,0.6847653503646636,-0.23300209005841238,-0.10977361938621372,0.6681396057232393,0.4742147972798427,-0.16392795872872998,-0.02613359816672435,-0.06702809736243004,-0.7761451310665781,1
sample_04028.html,-0.414967056542848,-0.4193381175844256,-0.26051190332015844,-0.4412509992166633,0.5434882974754988,-0.3304845408950493,-0.10977361938621372,0.47487502024887007,-0.035445704966847014,-0.26438863301669907,-0.02613359816672435,-0.10146954865364127,-0.2120627772118274,1
sample_00603.html,-0.31396277006145196,-0.3406872283290372,-0.4993703348891979,-0.37376441227407625,0.05687775598690603,-0.2695580091221512,-0.10977361938621372,0.3316516123233787,-2.6987604612610903,-0.26031515301850167,-0.02613359816672435,-0.09683876528675574,3.5716534930225863,1
sample_04904.html,-0.4482769808079893,-0.4805110314497277,-0.5789898120788778,-0.41773294619121626,0.5420076423130405,-0.2634653559448614,-0.10977361938621372,-1.9925510562714843,-0.22206094894950443,-0.2694943572651209,-0.02613359816672435,-0.09264211786051571,0.36251044543829497,1
sample_08167.html,-0.4520377787088923,-0.4805110314497277,-0.5789898120788778,-0.4913546774013112,-2.256016803315404,-0.3365771940723391,-0.44887348689285445,-1.9925510562714843,-0.8658661341645071,-0.2694943572651209,-0.027419211925291086,-0.10364022835686888,-1.166866086354397,1
sample_07573.html,-0.2811901026392969,-0.24455836368356254,-0.4197508576995181,-0.05064681418532622,1.3733762123029507,-0.1294269860444857,0.5684261156270678,0.4242440751044687,-0.39422857361664254,-0.20964638955318526,-0.02613359816672435,-0.09018201419685776,0.6383958269839264,0
sample_09100.html,-0.13344447081810587,-0.11347354825791527,0.6153023457663196,-0.25208405096850267,0.8744166854242634,-0.17816821146280412,-0.10977361938621372,0.8088082484145874,1.648710153034081,0.43905807500988536,-0.02613359816672435,-0.06500212963941761,-1.2219583266233478,0
sample_00867.html,-0.31611179743339657,-0.4018601421943393,-0.021653471751118984,-0.3563815035161372,0.38550050032985156,-0.2695580091221512,-0.10977361938621372,0.5654977713795245,0.48799818703550857,0.6683050937640245,-0.02613359816672435,-0.0786050557796439,-1.2712784958588628,1
sample_00913.html,0.18676060760163898,0.27104191032398345,-0.18089242613047862,-0.2254984258093017,-0.204024201824512,-0.3304845408950493,-0.44887348689285445,0.6971619974929681,0.2906391956931512,-0.17705854956760608,-0.01584868809819045,-0.05342517122220374,-0.49457323159887273,0
sample_00948.html,0.7621626864398047,1.1362016921332556,-0.021653471751118984,1.0598142982336058,0.9475641911287676,-0.08677841380345704,0.22932624812042704,0.7682485232021296,0.8568318690446561,0.6169370680646851,-0.02613359816672435,0.26262579356773474,-0.28809811145340586,1
sample_09043.html,-0.43860635763423855,-0.4717720437546845,-0.4197508576995181,-0.4617014801083563,-1.667232001789176,-0.2817433154767308,-0.10977361938621372,0.40139478109889704,0.3019324140776094,-0.2675630615711526,-0.02613359816672435,-0.1024825325151475,-0.5028203846521233,1
sample_08761.html,0.09112888955010444,0.37590976266450127,-0.021653471751118984,-0.05882700654200343,0.2512022531484062,-0.20253882417196337,-0.10977361938621372,0.621142133879732,0.16999521253942576,-0.23758358071248456,-0.02613359816672435,-0.07165888072931557,0.350580453884872,0
sample_07631.html,-0.4300102481464602,-0.46303305605964135,-0.5789898120788778,-0.4678366243758642,-0.4195689642159084,-0.2878359686540206,-0.44887348689285445,-1.9925510562714843,0.01072396741276144,-0.26943886026242064,-0.01584868809819045,-0.10277195647557784,-0.228668490105373,1
sample_03766.html,-0.4520377787088923,-0.4805110314497277,-0.4993703348891979,-0.49237720144589586,-2.256016803315404,-0.3365771940723391,-0.44887348689285445,0.06649804708062462,-1.1854255629769443,-0.2687506974289377,-0.027419211925291086,-0.10364022835686888,-0.5164903429204203,1
sample_07735.html,-0.44182989869215544,-0.46303305605964135,-0.5789898120788778,-0.42898071068164745,0.6290648316771328,-0.30611392818589006,-0.10977361938621372,-1.9925510562714843,0.5805265170721996,-0.2694943572651209,-0.014563074339623712,-0.10204839657450197,-0.6256582381562481,1
sample_03485.html,-0.4498887513369477,-0.4805110314497277,-0.4993703348891979,-0.4412509992166633,0.08611058634683706,-0.29392862183131047,-0.10977361938621372,0.3760226804219344,-0.06506638801011218,-0.26732997415981163,-0.02613359816672435,-0.1034955163766537,-0.24597381676130536,1
sample_04230.html,-0.23767229835741882,-0.39312115449929613,-0.18089242613047862,-0.24083628647807148,0.9555940160647376,0.010704037033179861,-0.10977361938621372,0.3966032713945969,-0.12514183864883105,-0.18328531327057265,-0.02613359816672435,-0.09336567776159158,0.8521319317365292,0
sample_03095.html,-0.385955187021596,-0.4193381175844256,-0.5789898120788778,-0.2827597723060422,-1.1497992682811609,-0.2634653559448614,-0.10977361938621372,-1.9925510562714843,0.2660840545596287,-0.26939446266026046,-0.02613359816672435,-0.09524693350438883,-0.6795724999555623,0
sample_08740.html,0.12927412540212102,0.2623029226289403,0.6153023457663196,-0.0005431360006782686,0.5004372846517271,0.29705873636580077,0.22932624812042704,0.43121572083813287,-0.3415598008055573,-0.21405285156758408,-0.02613359816672435,-0.07788149587856803,0.275365944511491,0
sample_07937.html,-0.37897084806277603,-0.4717720437546845,-0.18089242613047862,-0.15698931482213002,0.8529063525014203,-0.20253882417196337,0.22932624812042704,-0.2983747855912968,-0.8103824412247207,-0.1592662105019101,-0.002992550512523074,-0.10103541271299576,1.642709785544424,1
sample_07364.html,-0.4450534397500724,-0.4717720437546845,-0.5789898120788778,-0.4606789560637717,-0.9208197696970188,-0.31829923454046966,-0.10977361938621372,-1.9925510562714843,-0.7202807758837626,-0.2694943572651209,-0.02613359816672435,-0.10291666845579302,1.3403985185469651,1
sample_04258.html,-0.436457330262294,-0.4805110314497277,-0.5789898120788778,-0.41466537405746234,0.42914483866489467,-0.23300209005841238,-0.10977361938621372,-1.9925510562714843,-1.0894847444027822,-0.26943886026242064,-0.02613359816672435,-0.10320609241622336,0.25224883411605653,1
sample_07571.html,0.5144872818231899,0.4021267257496307,1.729975026421837,2.6447265673398164,-0.12404185536200822,-0.23300209005841238,-0.44887348689285445,0.7382801653549877,1.1908576071187054,3.938876655695473,-0.02613359816672435,0.2199357594042586,-0.7150844335227343,0
sample_06888.html,0.27594524353733973,0.6031234427356232,0.6153023457663196,-0.056781958452834125,0.9687921294022146,-0.2878359686540206,-0.10977361938621372,0.38025600917740054,-0.10202531864850695,-0.02053480315185755,-0.02613359816672435,-0.024627487159384256,0.44212147470714547,0
sample_09663.html,1.0270303100319762,1.3808933475944638,0.05796600543856084,0.7407867963231944,0.8096228046711544,-0.13551963922177548,-0.10977361938621372,0.3784156733360661,-0.09018751417008931,-0.23455344436505163,-0.02613359816672435,0.0704482838419846,-0.21755773282587984,1
sample_07009.html,1.498204561330829,0.31473684879919916,-0.26051190332015844,1.735702691704061,0.6427848633778863,2.2040591808575103,1.58572571814699,0.43803058113152255,-0.8934858959906493,0.13113850522789025,-0.02613359816672435,0.016326003241509787,1.1986208463247183,0
sample_05133.html,-0.4520377787088923,-0.4805110314497277,-0.5789898120788778,-0.4913546774013112,-0.7728970677471979,-0.3365771940723391,-0.44887348689285445,-1.9925510562714843,-1.243415750733553,-0.2694943572651209,-0.027419211925291086,-0.10364022835686888,-0.39736009946654216,1
sample_09888.html,-0.4520377787088923,-0.4805110314497277,-0.5789898120788778,-0.4872645812229726,-1.1484165700874778,-0.3365771940723391,-0.44887348689285445,-1.9925510562714843,-0.06369406494141669,-0.2694943572651209,-0.027419211925291086,-0.10364022835686888,-0.21171619715097265,0
sample_09423.html,-0.292472496342006,-0.39312115449929613,0.05796600543856084,-0.035308953516556434,0.8441739929031474,0.07163056880607792,-0.44887348689285445,0.599553023072695,0.2639102938299828,-0.1062887717242638,-0.02613359816672435,-0.08598536677061773,0.36817327393590327,0
sample_02107.html,-0.2521782331180448,-0.1833854498182605,-0.021653471751118984,-0.2766246280385343,-0.5964175202789689,-0.3365771940723391,-0.10977361938621372,0.20633514177763257,-0.8955552963668386,-0.2593162069698974,0.0034355182803106135,-0.09090557409793362,0.7166957111450041,0
sample_03834.html,-0.43538281657632166,-0.4805110314497277,-0.4993703348891979,-0.3165030657773357,0.8275359639062684,-0.1537975987536449,-0.10977361938621372,-0.17131392189562852,-0.9264934326287896,-0.2650323982480218,-0.02613359816672435,-0.10335080439643853,1.555125250624696,1
sample_01647.html,0.011614876788154375,-0.3406872283290372,0.3764439141972801,0.6109262426609436,0.4726748928603551,0.8636754818537528,-0.10977361938621372,0.4077020084974408,0.3759716286748242,-0.042900095240053074,-0.02613359816672435,-0.09886473300976815,-0.030263575919678775,0
sample_04594.html,-0.35640606065735775,-0.2969922898538215,-0.4993703348891979,-0.2592417192805952,0.6523581510017035,-0.31220658136317986,6.33312386323996,-0.41650874953288364,0.2790113119099178,-0.2629457109464929,-0.011991846822490236,-0.095391645484604,0.09143086194599193,1
sample_03009.html,1.7329858017157762,2.2198361663186064,2.526169798318635,0.5874081896354966,1.576113986727588,-0.22690943688112258,0.22932624812042704,0.3270466627076806,-0.6702231286265816,0.06778312694529966,-0.02613359816672435,-0.055306426965000995,0.5307358281517507,0
sample_02387.html,-0.3676884543600669,-0.4542940683645982,-0.5789898120788778,-0.2858273444397962,0.44539417683210375,-0.08068576062616724,-0.10977361938621372,-1.9925510562714843,0.01953895250676549,-0.26928346865485997,-0.02613359816672435,-0.09799646112847712,-0.43245428039819866,1
sample_09298.html,-0.3601668585582608,-0.34942621602408036,-0.26051190332015844,-0.32468325813401294,0.6191959047738914,-0.13551963922177548,0.22932624812042704,0.8861087714875923,-0.28972746874680727,-0.2606481350347031,-0.02613359816672435,-0.09958829291084402,0.04034642380121396,0
sample_06477.html,-0.4520377787088923,-0.4805110314497277,-0.5789898120788778,-0.486242057178388,-1.0200836873138628,-0.3365771940723391,-0.44887348689285445,-1.9925510562714843,0.19333343166059386,-0.2694943572651209,-0.027419211925291086,-0.10364022835686888,0.25538278721721513,1
sample_01671.html,-0.2999940921438121,-0.1659074744281742,-0.021653471751118984,-0.33286345049069016,0.3019188666104007,-0.23300209005841238,-0.44887348689285445,0.09629159175459116,-0.6561209462783862,-0.1850501179564402,-0.02613359816672435,-0.09640462934611022,1.4979522001495067,0
sample_03380.html,0.1190662453853842,0.30599786110415605,-0.1012729489407988,-0.21629570940803983,-0.38404898004871246,-0.3304845408950493,0.22932624812042704,0.6359973785838344,0.088847226215959,-0.22234410377099947,-0.01584868809819045,0.0033019250221441895,0.06855651274128516,0
sample_01704.html,-0.26560965419269855,-0.15716848673313102,0.13758548262824066,-0.30730034937607387,0.3889229018282834,-0.31829923454046966,-0.44887348689285445,0.6054633237817912,0.7743225655535128,0.01916775257989202,-0.011991846822490236,-0.08395939904760531,-0.7860492270289802,0
sample_06939.html,0.25284319928893534,-0.2882533021587783,-0.34013138050983827,1.1845622316729334,1.0355882505970841,0.8758607882083325,0.22932624812042704,0.5421394592617091,-0.7439240701349568,-0.19609402149378738,-0.02613359816672435,0.07435550730779428,0.7470396214084724,0
sample_08580.html,0.035254177879544935,0.2623029226289403,-0.34013138050983827,-0.13551630988585234,-0.21556918911769185,-0.3304845408950493,-0.44887348689285445,0.6866604527120558,-0.10642437780153403,-0.22840437646586537,-0.01584868809819045,-0.06109490617360793,-1.209514090728041,0
sample_04264.html,-0.2983823216148537,-0.2532973513786057,0.6153023457663196,-0.251061526923918,0.19569318507317146,-0.20253882417196337,-0.10977361938621372,0.1355742611117399,-0.4559387018415583,-0.11880889553343728,-0.02613359816672435,-0.08873489439470603,1.4644552887666387,0
sample_09037.html,-0.01471070851816693,0.13995709489833613,0.45606339138695995,0.2192995335850219,0.7452474832960923,-0.05631514791700801,0.22932624812042704,0.6266716833349206,1.030609089998053,0.35747748104053695,-0.014563074339623712,-0.066159825481139,-0.45522910012223855,0
sample_01188.html,0.5719737640227079,1.162418655218385,0.05796600543856084,0.7939580466415963,1.5675001262951898,-0.2208167837038328,-0.10977361938621372,0.47256433439860385,-0.28174319227231764,4.015162835607219,-0.02613359816672435,-0.049517947756394065,-0.058297930268460016,0
sample_05115.html,-0.4310847618324325,-0.42807710527946874,-0.4197508576995181,-0.4167104221466316,0.3573177989555492,-0.32439188771775945,-0.10977361938621372,0.5761380209450288,0.2875670634859609,-0.19946823925796178,-0.0017069367539563366,-0.10118012469321093,-0.058785786390685685,1
sample_01958.html,0.09166614639309059,0.4895166027000622,-0.18089242613047862,0.35836280364853457,0.4323005489092963,-0.025851882030558975,0.9075259831337085,0.40235395699395077,-0.08318764009200162,-0.2091913141310433,-0.02613359816672435,-0.046334284191660254,0.7656480619748903,0
sample_02077.html,0.023971784176835806,0.2623029226289403,0.6153023457663196,-0.12631359348459045,1.1472797674780053,-0.0014812693213997515,-0.10977361938621372,0.7865132550012279,1.3027084933765258,0.09780700540612788,-0.02613359816672435,-0.007985609434639327,-0.43711503450701317,0
sample_02498.html,-0.4251749365595848,-0.42807710527946874,-0.5789898120788778,-0.44022847517207864,0.2303774312687481,-0.3365771940723391,-0.44887348689285445,-1.9925510562714843,-0.9764093782665566,-0.2694943572651209,0.0304334072102121,-0.1019036845942868,0.9287499058735122,0
sample_06887.html,2.1015439960042746,0.8041201597216157,0.2968244370076003,0.3338222265785029,0.48596478597290366,-0.19644617099467354,-0.44887348689285445,0.535083337115658,0.7837985021278182,0.5018029862627734,-0.017134301856757187,0.1387523385035464,-0.4514909949900846,0
sample_05686.html,3.4715489456189546,4.675491708625732,0.854160777335359,3.0230604638361376,0.11449586333817285,0.30924404272038036,0.9075259831337085,0.71965342085096,-0.0864618956456883,-0.11453562632551903,-0.02613359816672435,0.8421972743295039,0.340834543826181,0
sample_01078.html,-0.3316922458799949,-0.4805110314497277,-0.5789898120788778,-0.251061526923918,1.0976454104649693,-0.025851882030558975,0.5684261156270678,-1.9925510562714843,-0.7534973087626016,-0.2694943572651209,-0.01584868809819045,-0.10320609241622336,-0.07849283216523928,1
sample_03540.html,-0.44129264184916933,-0.4542940683645982,-0.4993703348891979,-0.48419700908921864,-2.256016803315404,-0.32439188771775945,-0.44887348689285445,0.7493346832887984,1.9294422565927853,-0.26365607258105594,-0.011991846822490236,-0.10306138043600818,-1.248252701219597,0
sample_08894.html,0.2571412540328245,0.2623029226289403,0.5356828685766397,-0.22856599794305565,0.8767956620090567,-0.1294269860444857,-0.10977361938621372,0.57986083664105,0.6546614011206813,1.6596591523988986,-0.02613359816672435,-0.03620444557659812,-1.3942622146799513,1
sample_09112.html,-0.43538281657632166,-0.46303305605964135,-0.4197508576995181,-0.4749942926879568,-0.9381150702721435,-0.3365771940723391,-0.44887348689285445,0.5803923037233554,0.45487424123462883,-0.21183297145957458,0.0780011162771814,-0.10089070073278059,-0.75193097998196,1
sample_04145.html,-0.3590923448722885,-0.4717720437546845,-0.4993703348891979,0.3389348468014262,0.8584809427907236,0.2787807768339313,0.9075259831337085,0.10584691167054394,-1.385984155666975,-0.268118031598155,-0.02613359816672435,-0.09828588508890747,1.69345305425639,1
sample_04366.html,5.950452019157047,-0.12221253595295842,0.05796600543856084,0.003546960177660339,0.4601960289446129,0.40063384037972744,0.9075259831337085,0.42927085861861186,0.9706456580070434,-0.1809100415550025,-0.02613359816672435,4.711650913303022,-0.0767228657994594,0
sample_09126.html,-0.18878192564567925,-0.44555508066955507,-0.4197508576995181,-0.4453410953950019,-1.5412017164170346,-0.31829923454046966,-0.10977361938621372,0.42193593343196717,2.516918434382651,-0.25186850920752557,0.020148497141678202,0.4672485335919898,-1.180840382671843,1
sample_09953.html,-0.32578242060714724,-0.4018601421943393,-0.26051190332015844,-0.15698931482213002,1.629377372368431,0.08990852833794734,-0.44887348689285445,0.3451143416270187,-0.492278781017382,-0.22678386398701844,-0.02613359816672435,-0.08381468706739013,0.8491515622458312,0
sample_04660.html,-0.44182989869215544,-0.4805110314497277,-0.4993703348891979,-0.4238680904587242,0.3496691310953599,-0.2573727027675716,-0.44887348689285445,0.0662678038482281,0.2936205124788853,-0.2647993108366808,-0.02613359816672435,-0.10364022835686888,0.19047686714363327,1
sample_08768.html,-0.3574805743433301,-0.4368160929745119,-0.4197508576995181,-0.3962599412549386,-0.016430974473253358,-0.1537975987536449,-0.10977361938621372,0.41972320230987953,-0.23583632247449934,-0.23362109471968764,-0.02613359816672435,-0.08859018241449086,0.3354153109294082,1
sample_07007.html,-0.4520377787088923,-0.4805110314497277,-0.4993703348891979,-0.48828710526755725,-2.256016803315404,-0.3365771940723391,-0.44887348689285445,0.6948797331186194,1.5189764080726573,-0.23345460371158694,-0.027419211925291086,-0.10364022835686888,-1.3340155493845216,1
sample_08593.html,-0.4337710460473632,-0.4717720437546845,-0.4197508576995181,-0.415687898102047,0.10511352367265392,-0.2573727027675716,-0.10977361938621372,-0.19001571575947154,-1.9942365261150652,-0.18738099206985015,-0.013277460581056975,-0.0997330048910592,2.864420888393632,1
sample_01285.html,-0.4488142376509754,-0.4805110314497277,-0.5789898120788778,-0.46988167246503354,-0.4298780888433753,-0.31829923454046966,-0.10977361938621372,-1.9925510562714843,-1.0897108829652162,-0.2694943572651209,-0.014563074339623712,-0.10364022835686888,-0.0949130191863865,1
sample_03606.html,0.0884426053351737,0.19239102106859504,-0.34013138050983827,-0.14983164651003747,1.8618536167940458,-0.32439188771775945,0.22932624812042704,0.7273216260418173,-0.2060171340751293,-0.22655077657567746,-0.017134301856757187,-0.05979249835167137,0.14755616711664502,0
sample_03975.html,-0.09959728970997848,0.05256721794790462,0.05796600543856084,1.127300885176193,1.1171778604686744,1.2475126320230105,-0.10977361938621372,0.5350050390738914,-1.576779373390178,-0.2324334588619026,-0.02613359816672435,0.09852240800372822,2.4650490820122997,0
sample_08469.html,-0.25325274680401716,-0.13095152364800158,0.3764439141972801,-0.19891280065010075,0.23623552446867022,-0.19035351781738374,0.22932624812042704,0.7032832799695565,0.6926544152149999,-0.21209935707253572,-0.0209911431324574,-0.08410411102782048,-0.7353966482656021,1
sample_04135.html,-0.4520377787088923,-0.4805110314497277,-0.5789898120788778,-0.49237720144589586,-2.256016803315404,-0.3365771940723391,-0.44887348689285445,-1.9925510562714843,-1.4078000403100033,-0.2694943572651209,-0.027419211925291086,-0.10364022835686888,-1.3155472897162082,1
sample_03994.html,2.5163062787895814,3.8889828160718483,1.8095945036115169,1.7408153119269842,0.7331426605712278,-0.04412984156242839,0.22932624812042704,0.6841377475164575,0.4322022216111438,0.4354396704338299,-0.005563778029656549,0.009235116210966295,-0.2641779595551955,1
sample_08129.html,0.9168926572198156,1.791625769261492,0.6949218229559994,0.20396167291625214,-0.33620434984582687,-0.2817433154767308,-0.10977361938621372,0.5957419161542297,0.15755629118906309,-0.10957419428411784,-0.02613359816672435,0.014010611558067014,-0.4788059835247094,0
sample_06211.html,-0.4520377787088923,-0.4805110314497277,-0.4993703348891979,-0.4903321533567266,-1.1508941274164883,-0.3365771940723391,-0.44887348689285445,0.8466157340730079,1.9398760310162488,-0.24971522550275638,-0.027419211925291086,-0.10364022835686888,-1.345134129258775,0
sample_06545.html,0.1410937759478163,0.4895166027000622,2.287311366749596,0.04035782578270781,0.1327765534864872,-0.31829923454046966,-0.44887348689285445,0.6342893195939951,0.4358455894372503,0.055340698939906514,-0.01584868809819045,-0.02390392725830839,-0.3439026380882552,0
sample_04985.html,1.5384988245547901,1.7479308307862762,0.6153023457663196,0.7520345608136256,0.6947590384124943,-0.20253882417196337,1.58572571814699,0.4909309843081506,0.042492874096196176,-0.18044386673232052,-0.013277460581056975,0.05973959730606178,-0.03494289565339122,0
sample_02832.html,-0.4520377787088923,-0.4805110314497277,-0.5789898120788778,-0.49237720144589586,-2.256016803315404,-0.3365771940723391,-0.44887348689285445,-1.9925510562714843,-1.2972817976803461,-0.2694943572651209,-0.027419211925291086,-0.10364022835686888,-1.3042592724394466,1
sample_03384.html,0.1421682896337886,-0.19212443751330363,0.21720495981792048,0.00047938804390638344,0.7603216164173257,0.3457999617841192,-0.10977361938621372,0.5048115710186527,-0.08022506217892254,-0.2564525616305652,-0.01584868809819045,-0.0029206901271082624,0.385466514682931,0
sample_06781.html,-0.3359903006238841,-0.3581652037191235,0.45606339138695995,-0.3492238352040446,0.7058137018713686,-0.2634653559448614,-0.10977361938621372,0.6498035446960109,0.39343993263166904,-0.19223143010585086,-0.02613359816672435,-0.06861992914479693,-0.6947029366656062,1
sample_02324.html,-0.3886414712365267,-0.46303305605964135,-0.34013138050983827,-0.44022847517207864,-0.062478822541807276,-0.2634653559448614,-0.44887348689285445,0.46855267489936137,0.9118957180189918,-0.26577605808420496,-0.02613359816672435,0.02428516215334432,-0.9172881040252906,0
sample_06050.html,-0.41819059760076494,-0.4368160929745119,-0.4197508576995181,-0.4617014801083563,0.033935519283282735,-0.31220658136317986,-0.10977361938621372,0.2024874448247173,-1.1693277151542498,-0.2524123798339879,-0.02613359816672435,-0.09799646112847712,1.9816201703288405,1
sample_02720.html,-0.4520377787088923,-0.4805110314497277,-0.4993703348891979,-0.4913546774013112,-2.256016803315404,-0.3365771940723391,-0.44887348689285445,0.1893365375221778,-0.9102527243997233,-0.2555979077889815,-0.027419211925291086,-0.10364022835686888,-1.4767952829579043,0
sample_09312.html,2.760220885505293,2.551917698730246,-0.26051190332015844,1.84102266829628,1.5973780858084887,0.29096608318851097,-0.10977361938621372,0.46167882124128967,-0.01956109712020168,-0.26396685579617724,-0.009420619305356762,0.1354239629585974,-0.29446604256739106,0
sample_03966.html,-0.3096647153175628,-0.3406872283290372,-0.4993703348891979,-0.37376441227407625,0.06381297614258408,-0.2695580091221512,-0.10977361938621372,0.3316516123233787,-2.6904608119031383,-0.26031515301850167,-0.02613359816672435,-0.0910502860781488,3.5661435571395677,1
sample_09255.html,-0.15386023085157954,-0.39312115449929613,0.13758548262824066,-0.17539474762465376,-0.18389605838528233,0.25441016412477213,-0.10977361938621372,0.3649120031626807,-0.5729302734807387,-0.22437529406982817,-0.02613359816672435,-0.02158853557486562,0.9709308752646513,0
sample_01094.html,-0.4455906965930585,-0.46303305605964135,-0.4197508576995181,-0.4647690522421103,-0.409358287099069,-0.3365771940723391,-0.44887348689285445,0.5666831130251297,-1.0095988985338584,-0.25843935432723364,0.02529095217594515,-0.10320609241622336,2.0120766086179356,0
sample_06309.html,0.251768685602963,0.5506895165653642,0.13758548262824066,-0.02099361689237131,0.404027278974374,-0.2573727027675716,0.5684261156270678,0.6540537077513734,0.29253274113564626,-0.182896834251671,-0.02613359816672435,-0.01073513705872762,-0.16971775497090733,0
sample_04491.html,0.6901702694796606,-0.061039622087656356,-0.18089242613047862,0.6129712907501129,1.1021455384703105,1.7166469266743256,0.22932624812042704,0.5562728571295462,-1.2432693006626954,-0.2508473643578412,-0.02613359816672435,-0.08323583914652945,1.2621154529646217,0
sample_00857.html,0.9459045267410676,1.2410695444737734,0.05796600543856084,0.1150020810373874,-0.2368612369720635,0.010704037033179861,-0.10977361938621372,0.5789946378195102,0.36981298757691516,-0.1416625612453949,-0.0209911431324574,0.26204694564687403,-0.513999198506031,0
sample_05614.html,-0.35103349222749625,-0.34942621602408036,-0.4197508576995181,-0.4381834270829093,-0.8808106311274132,-0.3365771940723391,-0.44887348689285445,0.6195806690532057,-0.4301595752453994,-0.2533003318771917,0.024005338417378414,-0.09018201419685776,0.7051224299126506,1
sample_04097.html,0.11637996117045345,-0.270775326768692,-0.1012729489407988,0.10273179250237158,-0.8631991793561261,2.240615099921249,0.5684261156270678,0.6416441908429964,-1.2452574880986895,-0.2321559738484014,-0.01970552937389066,0.03137604918388781,1.3186943382547927,0
sample_08052.html,-0.19630352144748534,-0.11347354825791527,2.207691889559916,-0.1938001804271775,-1.3161405389763967,-0.2878359686540206,-0.44887348689285445,0.7924680875607468,1.5560115714424085,5.649827050142701,-0.02613359816672435,-0.07310600053146732,-1.4099716407411784,0
sample_06863.html,-0.44344166922111394,-0.4805110314497277,-0.5789898120788778,-0.3850121767645074,0.0595402354823181,-0.2634653559448614,1.58572571814699,-1.9925510562714843,0.039198919164220844,-0.2694943572651209,-0.02613359816672435,-0.10060127677235024,-0.38186106209139314,1
sample_03740.html,-0.4224886523446541,-0.4717720437546845,-0.4197508576995181,-0.41364285001287765,-1.8438234049120121,-0.11724167968990606,-0.10977361938621372,0.4066228702510142,0.2556658928591173,-0.2642110426080583,-0.02613359816672435,-0.09857530904933781,-0.6609624687948764,1
sample_00135.html,0.6428916672968795,0.2535639349338971,2.128072412370236,0.8195211477562127,0.7098290594606649,0.7479150714852464,3.281225055680194,0.5860241640828492,0.5275444726446695,0.3004043634636132,-0.02613359816672435,0.16190625533797412,-0.014435754886754722,0
sample_04220.html,-0.4520377787088923,-0.4805110314497277,-0.4993703348891979,-0.4913546774013112,-2.256016803315404,-0.3365771940723391,-0.10977361938621372,0.03973381748516544,-0.8959409741425971,-0.26907258004459905,-0.027419211925291086,-0.10364022835686888,-1.0629183259410342,1
sample_06198.html,-0.04587160541136358,-0.39312115449929613,-0.34013138050983827,-0.08132253552286578,-0.16883717445399488,0.4676530253299153,-0.44887348689285445,0.4983424790493775,-0.6275389406375642,-0.2544435701328166,-0.02613359816672435,-0.08656421469147843,0.7446660636309881,0
sample_09761.html,-0.4477397239650031,-0.4805110314497277,-0.4993703348891979,-0.48419700908921864,-1.2792309526931431,-0.31829923454046966,-0.44887348689285445,0.28704593753334845,0.3564502812634727,-0.2681957274019353,-0.011991846822490236,-0.10364022835686888,-0.8495846415382166,1
sample_07443.html,-0.3273941911361057,-0.3406872283290372,-0.4993703348891979,-0.3931923691211846,0.4911933928541008,-0.2817433154767308,-0.10977361938621372,0.343253371727165,0.015338298281638785,-0.25871683934073486,-0.004278164271089811,-0.09582578142524951,-0.20254721649351112,1
sample_02863.html,-0.37252376594694225,-0.4018601421943393,0.854160777335359,-0.4259131385478935,-2.0471867231523344,-0.31220658136317986,-0.44887348689285445,0.6137130347878584,0.670352895833203,-0.20990167576560634,-0.002992550512523074,-0.09524693350438883,-1.2855949915840983,0
sample_09327.html,0.9426809856831507,1.4071103106795932,2.128072412370236,0.4831107370878621,0.03419508859633772,-0.13551963922177548,0.9075259831337085,0.6888001591348775,0.6632672200185658,0.020766066257658845,-0.02613359816672435,-0.02824528666476359,-0.350991147518585,0
sample_04778.html,-0.44344166922111394,-0.4717720437546845,-0.5789898120788778,-0.4913546774013112,-0.7829181474098523,-0.3365771940723391,-0.44887348689285445,-1.9925510562714843,-0.8836071058427817,-0.2694943572651209,0.08700041258714855,-0.1024825325151475,-0.8249123862667778,1
sample_09487.html,-0.10658162866879843,0.13995709489833613,0.45606339138695995,1.2489812464817667,1.2509965939047945,-0.16598290510822453,-0.10977361938621372,0.6453397066376492,1.144216179693001,-0.020013131326475322,-0.02613359816672435,-0.03331020597229466,-0.47677753255273353,0
sample_06657.html,-0.33437853009492563,-0.3406872283290372,-0.34013138050983827,-0.19277765638259284,0.32888481828303634,-0.0502224947397182,-0.10977361938621372,0.3660258636092326,-1.4141880671489102,-0.26527658505990287,-0.02613359816672435,-0.10277195647557784,1.468705591328381,0
sample_07267.html,-0.4251749365595848,-0.4193381175844256,-0.4993703348891979,-0.4617014801083563,-1.5388503494656662,-0.3365771940723391,-0.10977361938621372,0.10617581073659446,-0.19305578521253153,-0.2495043368924955,0.012434814590277775,-0.10204839657450197,0.9065693817110697,1
sample_02157.html,-0.33115498903700874,-0.34942621602408036,-0.4993703348891979,-0.4003500374332772,0.4618700726624893,-0.2817433154767308,-0.10977361938621372,0.3316516123233787,0.10413319956983151,-0.26031515301850167,-0.004278164271089811,-0.09582578142524951,-0.3917082617145721,1
sample_03820.html,-0.38111987543472065,-0.34942621602408036,-0.5789898120788778,-0.368651792051153,0.6850522325636024,-0.275650662299441,-0.10977361938621372,-1.9925510562714843,-0.34172507472678265,-0.2694943572651209,-0.02613359816672435,-0.10016714083170472,-1.2377794854130675,1
sample_01078.html,0.23994903505726775,0.061306205642947774,1.729975026421837,0.5413946076291872,0.34784908153141275,0.5042089443936542,4.637624525706757,0.6229822560878191,0.8253498471110856,0.2765850499046715,-0.02613359816672435,0.10431088721233515,-0.2642914002168777,0
sample_01160.html,-0.3096647153175628,-0.3406872283290372,-0.4993703348891979,-0.37376441227407625,0.06381297614258408,-0.2695580091221512,-0.10977361938621372,0.3316516123233787,-2.6902995834359387,-0.26031515301850167,-0.02613359816672435,-0.0910502860781488,3.5660843661725488,1
sample_07080.html,-0.41335528601388954,-0.4805110314497277,-0.4993703348891979,-0.3461562630702906,-1.7266942921523385,-0.21472413052654296,0.22932624812042704,0.23452183184294986,0.28508208605541013,-0.2663421275117474,-0.02613359816672435,-0.10219310855471715,-0.8971591466023406,1
sample_03882.html,0.7197193958438989,1.2672865075589028,0.2968244370076003,0.9913051872464341,1.5122987369710286,0.053352609274208505,-0.10977361938621372,0.7354549826707428,-0.14610735649536682,-0.22783830703832295,-0.02613359816672435,0.21255544841328478,-0.29879407564573457,0
sample_07526.html,-0.10120906023893694,-0.42807710527946874,0.05796600543856084,0.2878086445721936,-2.2132892210866495,0.4189117999115969,0.5684261156270678,-0.17896148088971373,1.7554516643341516,-0.17016582183223664,-0.013277460581056975,0.011984643835054588,0.13878569551158884,1
sample_00349.html,-0.1280719023882444,-0.26203633907364887,-0.4993703348891979,0.04649297005021572,-0.4095697469741057,0.3457999617841192,-0.44887348689285445,-0.052179197376318986,1.1345359438277982,-0.2618468702930282,-0.02613359816672435,0.04295300760110168,0.4480751342402835,1
sample_08655.html,0.7444332106212618,1.2935034706440323,0.45606339138695995,0.31030417355305595,1.2300528065416976,-0.2817433154767308,-0.44887348689285445,0.7432826830454053,-0.32702585701181863,-0.17792430280972976,-0.02613359816672435,0.024574586113774666,-0.2480666998387901,0
sample_05934.html,-0.3666139406740946,-0.38438216680425297,-0.5789898120788778,-0.3717193641849069,0.4291810479209258,-0.23300209005841238,-0.44887348689285445,-1.9925510562714843,-0.05401371834768459,-0.2693500650581003,-0.02613359816672435,-0.08960316627599707,-0.14289986625798348,0
sample_00280.html,-0.4520377787088923,-0.4805110314497277,-0.5789898120788778,-0.49237720144589586,-2.256016803315404,-0.3365771940723391,-0.44887348689285445,-1.9925510562714843,-1.0100062404755705,-0.2694943572651209,-0.027419211925291086,-0.10364022835686888,-1.3278084117058344,1
sample_04692.html,-0.35640606065735775,-0.34942621602408036,-0.4993703348891979,-0.3942148931657693,-1.0855899559588384,-0.29392862183131047,-0.10977361938621372,0.198354759663166,1.2832977277170534,-0.2667417059311891,-0.01970552937389066,-0.0975623251878316,-0.6559879504102265,1
sample_07709.html,-0.2758175342094354,-0.44555508066955507,-0.18089242613047862,-0.3257057821785976,0.3714231058612192,-0.025851882030558975,-0.44887348689285445,0.5356425789477768,0.83881859015645,-0.24740655019042654,-0.005563778029656549,-0.09857530904933781,-0.04926932607397208,1
sample_07516.html,0.3522357152413729,0.5069945780901485,-0.021653471751118984,-0.03224138138280248,0.07246151970080447,-0.30002127500860026,0.22932624812042704,0.656201150125402,0.07611962785856816,-0.1964048047089087,-0.02613359816672435,-0.013629376663031087,-0.35182292401944687,0
sample_09368.html,2.6307419863456314,2.3858769325244262,3.1631256158360737,2.8952449582630564,1.495344653675143,0.9428799731585202,5.3158242607200386,0.5374199585276896,1.2356968272650408,1.3435038274161883,-0.02613359816672435,0.9565197386994907,-0.9563066199950276,0
sample_07687.html,-0.20812317199318062,0.04382823025286147,0.5356828685766397,-0.15392174268837608,0.013054200305528662,-0.31829923454046966,0.5684261156270678,0.42522443419259365,0.044968918566842195,-0.24883837286009264,-0.02613359816672435,-0.09611520538567987,-0.31050958468848805,0
sample_07133.html,-0.4337710460473632,-0.44555508066955507,0.45606339138695995,-0.4576113839300177,-0.8287895820935274,-0.3304845408950493,-0.44887348689285445,0.873102182668751,1.9014351277370098,-0.18763627828227125,-0.002992550512523074,-0.10161426063385645,-0.5040600573191028,0
sample_02995.html,-0.45096326502292,-0.4805110314497277,-0.5789898120788778,-0.48215196100004937,-0.921628000988442,-0.3304845408950493,-0.10977361938621372,-1.9925510562714843,0.1640356948173312,-0.2694943572651209,-0.01584868809819045,-0.1034955163766537,-0.8423115840598336,1
sample_05388.html,0.8271707644411287,-0.3581652037191235,-0.34013138050983827,0.3665429960052118,-0.3898177582949719,0.918509360449361,-0.44887348689285445,0.5764518205102583,-0.9875557912188214,-0.2432553743884488,-0.02613359816672435,0.05872661344455556,1.1994396894689099,0
sample_07918.html,0.1410937759478163,-0.06977860978269951,-0.34013138050983827,0.5311693671833407,0.766889959715607,0.7783783373716955,-0.10977361938621372,0.5380713330964654,-0.49306572611610777,-0.25338912708151207,-0.02613359816672435,0.06422566869273215,0.42605089248349387,0
sample_00905.html,0.33450623942283,0.6992523073810979,0.5356828685766397,-0.11404330494957464,1.013796467772118,-0.2208167837038328,0.5684261156270678,0.3554741640537196,-0.06618505261365833,0.3484869666030985,-0.02613359816672435,-0.020141415772713885,0.8129690106675174,0
sample_08815.html,-0.4321592755184048,-0.4717720437546845,-0.34013138050983827,-0.412620325968293,0.09849353419015527,-0.25128004959028183,-0.10977361938621372,-0.1439343469785695,-1.585416662366764,-0.21557346944157058,-0.013277460581056975,-0.0997330048910592,2.4439819868750634,1
sample_06077.html,-0.4423671555351416,-0.4805110314497277,-0.5789898120788778,-0.46579157628669493,0.6855040094979853,-0.30611392818589006,-0.44887348689285445,-1.9925510562714843,-1.4686558567126051,-0.2694943572651209,-0.017134301856757187,-0.10364022835686888,1.0179735351486807,1
sample_05786.html,0.9566496636007906,-0.12221253595295842,1.8095945036115169,1.3522561749848163,1.549707119533677,1.6557203949014276,-0.10977361938621372,0.6587459751016491,-0.6446029232240376,-0.041734658183348095,-0.02613359816672435,0.09128680899296955,1.0182354356212555,0
sample_06349.html,0.849735551846547,1.3634153722043776,0.45606339138695995,0.5260567469604175,-0.30808390489433846,-0.01975922885326917,0.5684261156270678,0.6300094911345797,0.20321622606116999,0.12202589738451133,-0.02613359816672435,-0.05921365043081068,-0.06370708505564988,0
sample_00676.html,-0.33115498903700874,-0.34942621602408036,-0.4993703348891979,-0.4003500374332772,0.4618700726624893,-0.2817433154767308,-0.10977361938621372,0.3316516123233787,0.10400826173508067,-0.26031515301850167,-0.004278164271089811,-0.09582578142524951,-0.3918705153675585,1
sample_03044.html,-0.4375318439482663,-0.4805110314497277,-0.5789898120788778,-0.4811294369554647,-2.256016803315404,-0.30002127500860026,-0.44887348689285445,-1.9925510562714843,2.87260213503798,-0.2694610590635007,-0.011991846822490236,-0.09351038974180675,-1.513793066249162,1
sample_06092.html,0.001406996771417542,0.2623029226289403,0.05796600543856084,2.805262842339607,2.2784147211267833,3.367755937719863,-0.10977361938621372,0.5354589553452666,-1.4490963852103307,-0.23242235946136253,-0.02613359816672435,0.412257981110224,2.2552255262550047,0
sample_00840.html,0.3302081846789408,0.34095381188432866,-0.1012729489407988,0.04956054218396968,0.9170992165314897,0.21785424506103326,0.22932624812042704,0.4151912725381468,0.06287673239135823,-0.19168755947938856,-0.0209911431324574,-0.06890935310522729,0.4793513543849415,1
sample_08248.html,0.9330103625094001,-0.3756431791092098,0.21720495981792048,1.8563605289650498,1.0641808875025378,3.800334313307439,1.9248255856536307,0.14400499667765063,-1.131536927409712,-0.0611919073300512,-0.02613359816672435,-0.06413385775812656,1.1583413802302536,0
sample_03302.html,0.0019442536144036913,0.19239102106859504,1.4114971176631177,0.056718210496062245,0.579933734268746,0.09600118151523715,0.5684261156270678,0.6060435672187209,-0.33061284341470404,0.06670648509291506,-0.02613359816672435,-0.07831563181921355,0.7123702464852738,0
sample_01857.html,-0.2897862121270753,-0.27951431446373515,-0.26051190332015844,-0.20095784873927006,-0.10179284513762672,-0.20253882417196337,-0.10977361938621372,0.49288529931333924,-0.31659132036404586,-0.1871368052579691,-0.02613359816672435,-0.059937210331886544,0.44448468058423035,0
sample_07487.html,-0.1226993339583829,-0.11347354825791527,0.6153023457663196,-0.24799395479016403,0.8683889858646802,-0.17207555828551432,-0.10977361938621372,0.8141543820741515,1.6416688381592854,0.4554518896075354,-0.02613359816672435,-0.06673867340199968,-1.213549480536402,0
sample_00286.html,-0.16138182665338563,-0.22708038829347624,0.2968244370076003,-0.32877335431235155,1.4312596664602066,-0.32439188771775945,-0.10977361938621372,0.6395090673388615,0.6667884645746884,-0.2120438600698355,-0.02613359816672435,0.03455971274862162,-0.2927370405228392,1
sample_02870.html,0.5171735660381207,1.555673101495327,-0.4993703348891979,0.0853488837444325,0.5754462392301349,-0.31829923454046966,0.22932624812042704,0.7199509415627372,1.1374558320293386,-0.24615231792940118,-0.017134301856757187,0.14888217711860852,0.4136709583171166,1
sample_00518.html,-0.3273941911361057,-0.3406872283290372,-0.4993703348891979,-0.3931923691211846,0.4911933928541008,-0.2817433154767308,-0.10977361938621372,0.343253371727165,0.014950166452611465,-0.25871683934073486,-0.004278164271089811,-0.09582578142524951,-0.20254721649351112,1
sample_07030.html,0.10402305378177203,0.7691642089414431,0.13758548262824066,0.39926376543192066,1.119001894928167,0.163020366465425,-0.10977361938621372,0.6370600539608973,-1.0076819378695612,-0.22580711673949427,-0.02613359816672435,-0.057042970727583076,1.41409878217728,0
sample_09695.html,-0.39455129650937437,-0.4368160929745119,-0.26051190332015844,-0.3870572248536767,0.029789211243549548,-0.245187396412992,-0.44887348689285445,0.6510221485527082,0.7176302861422258,-0.21427483957838503,0.0021499045217438758,-0.08366997508717497,-0.6579213438182068,0
sample_04253.html,-0.28548815738318606,-0.4542940683645982,-0.5789898120788778,-0.4300032347262321,-0.5809329853090196,-0.2878359686540206,-0.10977361938621372,-1.9925510562714843,2.5068779213518155,-0.26943886026242064,-0.0107062330639235,0.3355606315961821,-1.0184172662075979,1
sample_09394.html,-0.3096647153175628,-0.3406872283290372,-0.4993703348891979,-0.37376441227407625,0.06381297614258408,-0.2695580091221512,-0.10977361938621372,0.3316516123233787,-2.6904033257696836,-0.26031515301850167,-0.02613359816672435,-0.0910502860781488,3.5660843661725488,1
sample_00816.html,0.23941177821428158,0.46329963961493276,-0.18089242613047862,-0.0005431360006782686,0.2764209734699262,-0.17816821146280412,0.5684261156270678,0.6166858370750038,0.03332476541471426,-0.18765847708335134,-0.02613359816672435,-0.03678329349745881,-0.4321486907338878,0
sample_00671.html,-0.30268037635874284,-0.3319482406339941,-0.4993703348891979,-0.36660674396198367,0.1450017406474816,-0.2695580091221512,-0.10977361938621372,0.343253371727165,-2.6720453592630533,-0.25871683934073486,-0.02613359816672435,-0.0910502860781488,3.551320391951708,1
sample_06153.html,-0.40637094705506965,-0.42807710527946874,-0.4993703348891979,-0.4576113839300177,-1.08925059122776,-0.32439188771775945,-0.10977361938621372,0.5788950284047242,0.4392964029220513,-0.2152293880248291,-0.01584868809819045,-0.09886473300976815,-0.5764669592070668,1
sample_03258.html,-0.11571499499956296,-0.3669041914141667,-0.021653471751118984,-0.21322813727428588,0.7808217540950099,0.12037179422439637,-0.10977361938621372,0.7243005091391796,0.9243527344714766,-0.2102457571823478,-0.02613359816672435,-0.03273135805143396,-0.17389432957703355,0
sample_08799.html,-0.4429044123781278,-0.4805110314497277,-0.5789898120788778,-0.4044401336116158,0.4577168425321649,-0.29392862183131047,-0.10977361938621372,-1.9925510562714843,-0.1487019500220005,-0.2694610590635007,-0.009420619305356762,-0.10364022835686888,0.08850818409165112,1
sample_04454.html,-0.42087688181569566,-0.4805110314497277,-0.4197508576995181,-0.46988167246503354,-1.0838737862023344,-0.2573727027675716,-0.44887348689285445,0.5569892883629897,0.5716767245930527,-0.24856088784659144,-0.009420619305356762,-0.0975623251878316,-1.1114718548147249,0
sample_05076.html,0.8959396403433558,1.1798966306084713,-0.34013138050983827,0.4861783092216161,0.9145486774756969,-0.11114902651261627,8.028623200773163,0.19996697549526488,-0.617937407007483,-0.2507252709519007,-0.02613359816672435,-0.00986686517743658,0.6207119780052013,0
sample_05837.html,-0.2408958394153357,-0.4368160929745119,-0.4197508576995181,-0.2612867673697645,0.006051606345979112,-0.2878359686540206,0.5684261156270678,0.34635009780583204,-7.851757030852685e-05,-0.2530894432669308,-0.02613359816672435,-0.002341842206247569,-0.7872033074716241,1
sample_09229.html,4.87432656265579,7.4544897956494545,1.2522581632837582,5.428037016699239,2.1531798705653835,-0.3304845408950493,-0.10977361938621372,0.5227544007260836,-0.6485586176114448,-0.01990213732107485,-0.002992550512523074,2.9154858148722913,1.2690016440191345,0
sample_08444.html,11.38695401333389,7.174842189408074,-0.18089242613047862,7.691905251409659,0.9083314167983628,13.670432460516926,-0.10977361938621372,0.5957620612839301,-0.1721880200587061,-0.18951207697353925,-0.0209911431324574,2.0444644059571635,0.7943618217162611,0
sample_04385.html,0.7503430358941094,0.4545606519198896,1.729975026421837,1.7254774512582145,1.2867824759805546,1.9664457069432077,0.5684261156270678,0.663293445235541,1.139978413384225,1.1658024247700294,-0.02613359816672435,0.1274648040467629,-0.2020941057296791,0
sample_02516.html,0.5467226924023589,0.7866421843315294,0.45606339138695995,0.39108357307524344,0.24162747573081328,0.11427914104710657,0.9075259831337085,0.6753839911975108,0.4184329870819431,-0.15502623949561198,-0.01584868809819045,0.004893756804511096,-0.05179033976268776,0
sample_02434.html,-0.13720526871900893,0.09626215642312039,1.1726386860940783,-0.07314234316618856,-0.005983432258254982,-0.275650662299441,1.2466258506403491,0.6187502470031855,0.2830069689968919,0.0444965846122802,-0.002992550512523074,-0.09799646112847712,-0.13698508502080411,0
sample_00336.html,0.9797517078491951,0.35843178727441494,7.223718952509745,1.4074724733923876,-0.013781570037846564,1.1804934470728228,0.22932624812042704,0.6917069273852484,0.7928592942615614,1.0510679213875593,-0.02613359816672435,0.11125706226266346,-0.3245156277030032,0
sample_00204.html,-0.4520377787088923,-0.4805110314497277,-0.5789898120788778,-0.49237720144589586,-2.256016803315404,-0.3365771940723391,-0.44887348689285445,-1.9925510562714843,-0.9115631270435365,-0.2694943572651209,-0.027419211925291086,-0.10364022835686888,-1.2346039552207582,0
sample_00293.html,0.35492199945630365,0.8128591474166589,0.45606339138695995,0.580250521323404,0.8132135044176394,-0.18426086464009395,0.22932624812042704,0.6117851734050598,0.20954326207984483,-0.0935022623021292,-0.02613359816672435,0.026311129876356743,-0.030177397000736156,0
sample_05421.html,0.30334534252963335,0.419604701139717,-0.021653471751118984,-0.045534193962402957,0.4727891467195766,-0.31220658136317986,0.22932624812042704,0.7093650980734567,0.02480946065367718,-0.2101236637764073,-0.01584868809819045,-0.03692800547767399,-0.1992111275437467,0
sample_08298.html,-0.42947299130347405,-0.4368160929745119,-0.18089242613047862,-0.45454381179626374,-0.6078452377889428,-0.32439188771775945,-0.10977361938621372,0.25643026948996334,-0.5526432073726533,-0.22006872666028976,-0.009420619305356762,-0.10233782053493232,1.243599436355297,1
sample_07544.html,-0.4482769808079893,-0.4717720437546845,-0.4993703348891979,-0.48010691291088003,-0.9765649155810193,-0.3365771940723391,-0.10977361938621372,-0.2138811650458925,-0.12943511857814977,-0.2686064052219171,0.022719724658811676,-0.10364022835686888,0.6332719491899865,0
sample_08994.html,-0.41550431338583416,-0.4542940683645982,-0.1012729489407988,-0.36251664778364506,-0.8482456226335515,-0.245187396412992,-0.44887348689285445,0.565310034851471,-0.2667477139334538,-0.25232358462966753,-0.02613359816672435,-0.10262724449536266,0.40185696280633093,0
sample_06261.html,2.4308824407547838,-0.39312115449929613,-0.4993703348891979,-0.3492238352040446,-1.4870759279184196,-0.29392862183131047,-0.44887348689285445,0.5006398235033427,2.2620446643713183,-0.2600931650077007,0.13456812165411783,5.44837960457847,-1.4797668911424708,1
sample_04331.html,-0.4423671555351416,-0.4717720437546845,-0.5789898120788778,-0.42898071068164745,-0.42675113888612753,-0.30002127500860026,-0.44887348689285445,-1.9925510562714843,-1.734866304769491,-0.2694943572651209,-0.014563074339623712,-0.1034955163766537,1.7299525512990752,0
sample_05342.html,-0.35962960171527464,-0.4368160929745119,0.13758548262824066,0.609903718616359,-0.1540237491874007,0.053352609274208505,-0.44887348689285445,0.44816563661991254,-0.9282821902541957,-0.25739601067646917,-0.02613359816672435,-0.08670892667169361,1.2894516537687046,0
sample_07949.html,-0.43162201867541866,-0.4717720437546845,-0.34013138050983827,-0.42284556641413956,-0.2433700369679032,-0.30611392818589006,-0.44887348689285445,0.5371870910050609,-1.2546970928392314,-0.2437215492111308,0.006006745797444088,-0.09047143815728811,-1.414756513353523,1
sample_08235.html,0.0556699379130186,-0.3319482406339941,-0.26051190332015844,0.021952392980184074,-0.5055463437842346,0.4067264935570173,0.22932624812042704,0.570234774988398,-0.13516001026711186,0.06850458798040274,-0.02613359816672435,-0.05516171498478582,0.35142722369235807,0
sample_03253.html,-0.4235631660306264,-0.4717720437546845,-0.34013138050983827,-0.46272400415294096,-0.7389887618657641,-0.2634653559448614,-0.10977361938621372,0.41353973168050023,-0.1574356964249883,-0.2643331360139988,-0.02613359816672435,-0.10060127677235024,-0.39806209912033086,1
sample_07443.html,-0.292472496342006,-0.4805110314497277,-0.4197508576995181,-0.3021877291531506,0.49758052635827527,0.035074649742339085,-0.44887348689285445,0.566219931868239,-0.6622991992017934,-0.26287911454325263,-0.02613359816672435,-0.0959704934054647,0.32439643002537477,0
sample_05563.html,-0.4520377787088923,-0.4805110314497277,-0.5789898120788778,-0.48828710526755725,-0.4857802989613899,-0.3365771940723391,-0.44887348689285445,-1.9925510562714843,-2.374105694263592,-0.2694943572651209,-0.027419211925291086,-0.10364022835686888,-0.06926926283400898,0
sample_03063.html,-0.01471070851816693,-0.11347354825791527,0.21720495981792048,0.02911006129227664,-0.3068571687295182,0.2787807768339313,-0.44887348689285445,0.4843099126756071,0.6974981292497953,-0.20932450693752389,-0.02613359816672435,-0.0720930166699611,-0.4443946890403105,0
sample_03440.html,-0.13344447081810587,-0.11347354825791527,0.6153023457663196,-0.25208405096850267,0.8744166854242634,-0.17816821146280412,-0.10977361938621372,0.8083144463303908,1.6493346001501157,0.4392689636201463,-0.02613359816672435,-0.06384443379769622,-1.2219822898386299,0
sample_05995.html,-0.07864427283351867,-0.06977860978269951,-0.4993703348891979,0.48720083326620073,-0.4518179608032695,0.44328241262075607,-0.44887348689285445,0.5107593721311512,-0.6652016772730553,-0.24377704621383103,-0.017134301856757187,-0.04184821280498988,1.2306817118368074,0
sample_08058.html,-0.4391436144772247,-0.4805110314497277,-0.4197508576995181,-0.41466537405746234,-1.8325152463805578,-0.30002127500860026,-0.44887348689285445,-0.36227242774386365,-2.0609468921669225,-0.12781050937141572,-0.013277460581056975,-0.10364022835686888,-1.3600530299688427,1
sample_00307.html,-0.41819059760076494,-0.4805110314497277,-0.34013138050983827,-0.4044401336116158,0.344866895925423,-0.25128004959028183,-0.10977361938621372,0.31317135128179924,-0.31635133558500256,-0.25987117699689977,-0.02613359816672435,-0.10335080439643853,-0.14977068591379208,1
sample_06204.html,-0.3042921468877013,-0.46303305605964135,-0.34013138050983827,-0.16414698313422257,-0.029638492890947093,0.07772322198336773,-0.10977361938621372,0.018987433517669402,-0.7084761255877612,-0.2504477859383995,-0.011991846822490236,-0.10118012469321093,0.7220071617236379,1
sample_06808.html,0.5467226924023589,0.6905133196860547,1.8095945036115169,1.5823240850163631,0.6745794001908539,0.23613220459290268,-0.44887348689285445,0.48806671256599043,-1.2148972878193562,0.010055144736513099,-0.02613359816672435,0.24858873148686292,1.9381687333226825,0
sample_09806.html,-0.2199428225388759,-0.270775326768692,-0.26051190332015844,-0.0025881840898475724,-0.1700725162974936,0.004611383855890054,-0.10977361938621372,0.8059012553637765,0.1813431024925738,-0.22959201232365045,-0.02613359816672435,-0.08439353498825083,-0.49407250730826646,0
sample_03331.html,-0.3273941911361057,-0.3406872283290372,-0.4993703348891979,-0.3154805417327511,0.13961531857931012,0.18129832599729442,-0.10977361938621372,0.343253371727165,1.610735043485807,-0.25871683934073486,-0.004278164271089811,0.0022889411606379765,-0.6863681184004087,1
sample_00140.html,-0.3096647153175628,-0.3406872283290372,-0.4993703348891979,-0.37376441227407625,0.06381297614258408,-0.2695580091221512,-0.10977361938621372,0.3316516123233787,-2.6902040839400905,-0.26031515301850167,-0.02613359816672435,-0.0910502860781488,3.566025188243186,1
sample_01069.html,-0.3821943891206929,-0.2882533021587783,-0.5789898120788778,-0.37376441227407625,1.0298242566479083,-0.31829923454046966,-0.44887348689285445,-1.9925510562714843,-0.2285732750027962,-0.2694943572651209,-0.02613359816672435,-0.10204839657450197,0.2305492430794769,1
sample_06444.html,-0.20006431934838836,-0.3406872283290372,-0.18089242613047862,-0.023038664981540613,0.6803260313808659,0.04116730291962889,-0.44887348689285445,0.71429712213306,0.8088446264456955,0.26255540762205154,-0.02613359816672435,0.0038807729430048827,-1.06941068846234,0
sample_07069.html,0.21577247712289105,-0.1659074744281742,0.5356828685766397,0.5935433339030045,1.158542529691813,1.2840685510867493,0.22932624812042704,0.613931293195075,0.3130713361159599,0.056705925206332344,-0.02613359816672435,-0.0032101140875386088,0.04878991094528991,0
sample_05526.html,-0.31933533849131346,-0.3756431791092098,0.05796600543856084,0.5761604251450655,1.075870699707698,0.9246020136266508,-0.10977361938621372,0.37553410312722746,-0.4376322601532542,-0.2346200407682919,-0.02613359816672435,-0.08699835063212395,0.16590729646608116,1
sample_01022.html,-0.4337710460473632,-0.4368160929745119,-0.5789898120788778,-0.4760168167325414,-0.3235515373666149,-0.3365771940723391,-0.44887348689285445,-1.9925510562714843,-0.7538621541239323,-0.2694943572651209,0.0021499045217438758,-0.10364022835686888,0.20865129711509195,1
sample_01831.html,-0.4214141386586818,-0.4805110314497277,-0.34013138050983827,-0.12017844921708255,1.938346726944677,0.053352609274208505,-0.10977361938621372,0.5899512622019356,-1.5193936990388406,-0.2589388273515358,-0.02613359816672435,-0.10364022835686888,2.10269471971039,1
sample_07261.html,-0.39670032388131893,-0.4018601421943393,-0.4993703348891979,-0.4535212877516791,-0.027591946224546377,-0.3365771940723391,-0.10977361938621372,0.5279418403265199,0.6031486934059888,-0.23136791641005802,0.017577269624544724,-0.10045656479213506,-0.06257756756055315,1
sample_09610.html,-0.4488142376509754,-0.4805110314497277,-0.4197508576995181,-0.4903321533567266,-2.256016803315404,-0.3304845408950493,-0.44887348689285445,-0.3596074767925978,-4.339656543765288,-0.12772171416709535,0.006006745797444088,-0.10364022835686888,-1.5365467910426651,1
sample_09129.html,0.1803135254858052,0.42834368883476015,0.13758548262824066,-0.11608835303874394,0.2699107926896117,-0.32439188771775945,0.22932624812042704,0.5292244715240564,0.32011212309891873,-0.2046516593101639,-0.02613359816672435,-0.0017629942853868757,-0.6703638717803242,0
sample_08470.html,0.7901000422750845,1.1274627044382124,0.5356828685766397,0.4197142463236137,0.2004116223712731,0.10209383469252695,0.22932624812042704,0.655299354178482,-0.39904065791764254,-0.17585981430928094,-0.01584868809819045,-0.023325079337447697,0.655429227208333,0
sample_05858.html,-0.10067180339595079,-0.2882533021587783,-0.34013138050983827,-0.03326390542738713,0.3703450644385526,0.163020366465425,-0.10977361938621372,0.42251123125921936,1.3049452663658756,-0.21807083456308124,-0.02613359816672435,0.10923109453965105,-0.962431763842969,0
sample_07201.html,0.4183183069286692,0.9264659874522199,0.7745413001456792,0.013772200623506859,-0.06840208513529909,-0.31220658136317986,0.22932624812042704,0.6406378403571433,-0.008330239499669738,-0.16230744624988308,-0.017134301856757187,-0.024482775179169084,-0.011047006836595612,0
sample_05187.html,2.395960745960684,-0.4018601421943393,-0.4197508576995181,1.6078871861309794,1.539509087495713,2.7219347009271435,-0.10977361938621372,0.4756901189686898,-0.8277234073702706,-0.2644219312183192,-0.00042132299538959916,0.4772336602268368,1.5731388350102251,0
sample_09578.html,0.7734450801425138,0.4720386273099759,1.8892139808011965,1.4074724733923876,1.7033792202985316,1.3510877360369373,-0.10977361938621372,0.4203068415443831,0.4354878178265264,0.2866300073934144,-0.02613359816672435,0.007209148487953869,1.0814750387096312,0
sample_09144.html,1.0855913059174664,0.9701609259274356,2.526169798318635,0.7591922291257182,0.9276149198397534,0.3397073086068294,-0.44887348689285445,0.7615845724636501,1.824252899221912,1.4232419208958889,-0.0209911431324574,-0.05284632330134305,-1.159533720570073,0
sample_02416.html,-0.414967056542848,-0.4542940683645982,-0.4197508576995181,-0.40546265765620043,-0.26371416416814614,-0.30002127500860026,0.22932624812042704,0.4942458964500482,0.2992312533521369,-0.2670524891463104,-0.0107062330639235,-0.1024825325151475,-0.4191000681297429,1
sample_06035.html,0.21039990869302955,0.6642963566009252,0.05796600543856084,0.1109119848590488,0.06419261920030048,-0.275650662299441,0.5684261156270678,0.6587354162783959,0.01857573016087557,-0.1379664608655591,-0.02613359816672435,-0.084538246968466,-0.24497532772844352,0
sample_05011.html,3.3012385263923454,2.0013614739425276,2.526169798318635,3.5169395773705245,0.5879632745693202,2.7950465390546215,1.58572571814699,0.5549279644641725,0.5819182279342454,0.38390515372638984,-0.02613359816672435,1.258244217448127,-0.25488321764930433,0
sample_06165.html,-0.4310847618324325,-0.46303305605964135,-0.5789898120788778,-0.4688591484204489,-0.36259086863695095,-0.29392862183131047,-0.44887348689285445,-1.9925510562714843,0.00037260849284860803,-0.26943886026242064,-0.014563074339623712,-0.10277195647557784,-0.20074867158154033,1
sample_09670.html,-0.4332337892043771,-0.46303305605964135,-0.4993703348891979,-0.2152731853634552,1.8906728476991086,-0.245187396412992,-0.10977361938621372,0.2541742014070482,-2.0944916089628185,-0.2682623238051756,-0.02613359816672435,-0.10320609241622336,2.460978868619597,1
sample_08357.html,-0.3821943891206929,-0.2882533021587783,-0.5789898120788778,-0.37376441227407625,1.0193011649314903,-0.31829923454046966,-0.44887348689285445,-1.9925510562714843,-0.05877367268605852,-0.2694943572651209,-0.02613359816672435,-0.10204839657450197,0.25294439316682604,1
sample_09616.html,0.45968708383860274,0.4545606519198896,0.05796600543856084,1.156954082469148,1.4479473128570972,0.5651354761665522,0.5684261156270678,0.4085356588371474,-0.5466487689618044,-0.25150222898970404,-0.02613359816672435,0.054529966018315536,0.18118684486991415,0
sample_07912.html,-0.4520377787088923,-0.4805110314497277,-0.5789898120788778,-0.48828710526755725,-0.9379304872457884,-0.3365771940723391,-0.44887348689285445,-1.9925510562714843,-0.4393821288883433,-0.2694943572651209,-0.027419211925291086,-0.10364022835686888,0.18575877341522562,0
sample_01262.html,0.15183891280753928,0.5681674919554506,0.9337802545250389,0.06489840285273946,-0.12786889332836612,-0.19035351781738374,-0.10977361938621372,0.6415718837572295,0.19644459953778326,0.0879507377265658,-0.02613359816672435,-0.05110977953876097,-0.9322825579630846,0
sample_09780.html,-0.44182989869215544,-0.46303305605964135,-0.4993703348891979,-0.45863390797460235,0.02195533052549024,-0.3304845408950493,-0.44887348689285445,-0.045924347023679084,-0.32959920096072165,-0.2690836794451391,0.0034355182803106135,-0.1034955163766537,0.10233930084966812,0
sample_07521.html,1.3273568852612336,0.46329963961493276,-0.18089242613047862,1.3604363673414936,0.8686667052262927,3.069215932032663,-0.10977361938621372,0.7159494291572162,1.0451590018760748,-0.17716954357300654,-0.018419915615323922,1.0966009355477786,0.553595444802992,0
sample_05040.html,-0.43538281657632166,-0.4717720437546845,-0.4197508576995181,-0.4494311915733405,-1.8285293515827974,-0.22690943688112258,-0.10977361938621372,0.4066228702510142,0.20549469220527664,-0.2642110426080583,-0.02613359816672435,-0.10233782053493232,-0.4970429029906451,1
sample_00382.html,0.7874137580601537,1.6081070276655858,0.45606339138695995,1.7745586053982776,1.3427854046362946,-0.08068576062616724,1.58572571814699,0.5968797520775023,-0.14977500734595414,0.12092705673104663,-0.02613359816672435,0.07681561097145223,0.8343558543655804,0
sample_06972.html,-0.2408958394153357,-0.4368160929745119,-0.4197508576995181,-0.2612867673697645,0.006051606345979112,-0.2878359686540206,0.5684261156270678,0.34635009780583204,-7.851757030852685e-05,-0.2530894432669308,-0.02613359816672435,-0.002341842206247569,-0.7872033074716241,1
sample_05438.html,-0.15600925822352416,0.35843178727441494,-0.18089242613047862,-0.21425066131887052,0.6517047795339928,-0.2878359686540206,-0.10977361938621372,0.4556503298801837,-0.6245926526940337,-0.2552871245738602,-0.02613359816672435,-0.1024825325151475,0.409033658954925,0
sample_08085.html,0.8432884697307131,0.533211541175278,-0.18089242613047862,1.168201846959579,0.4801548143231444,1.5399599845329213,-0.10977361938621372,0.7410962346391105,1.2679601368418976,-0.20098885713194828,-0.01970552937389066,0.5343948924118302,0.592738274841128,0
sample_08941.html,-0.4520377787088923,-0.4805110314497277,-0.5789898120788778,-0.4903321533567266,-1.114558160185379,-0.3365771940723391,-0.44887348689285445,-1.9925510562714843,-1.60279190543054,-0.2694943572651209,-0.027419211925291086,-0.10364022835686888,0.2457020263352195,0
sample_06169.html,-0.3273941911361057,-0.3406872283290372,-0.4993703348891979,-0.3931923691211846,0.4911933928541008,-0.2817433154767308,-0.10977361938621372,0.343253371727165,0.013881530544676085,-0.25871683934073486,-0.004278164271089811,-0.09582578142524951,-0.2023741806974135,1
sample_00203.html,-0.3381393279958287,-0.3319482406339941,-0.1012729489407988,-0.33899859475819805,0.993582945826193,-0.30002127500860026,-0.10977361938621372,0.6652767085168141,0.7606208213518412,-0.1398422595568271,-0.02613359816672435,-0.0780262078587832,-0.7776417238208015,1
sample_09762.html,-0.23498601414248807,-0.1659074744281742,0.21720495981792048,-0.09972796832538951,0.46056418363325585,0.016796690210469666,-0.10977361938621372,-0.14900760397803586,-0.24347540146430463,-0.11607844300058562,-0.02613359816672435,-0.08873489439470603,0.40939640571161784,0
sample_07891.html,-0.3091274584745766,-0.24455836368356254,0.13758548262824066,0.1559030428207735,0.29582703930167653,-0.31220658136317986,0.22932624812042704,0.4184053128869785,0.8183870490654991,-0.005828097436294739,-0.02613359816672435,-0.02911355854605463,-0.1830727755741549,0
sample_02745.html,-0.4520377787088923,-0.4805110314497277,-0.5789898120788778,-0.4903321533567266,-1.114558160185379,-0.3365771940723391,-0.44887348689285445,-1.9925510562714843,-1.60279190543054,-0.2694943572651209,-0.027419211925291086,-0.10364022835686888,0.2457020263352195,0
sample_06938.html,-0.4520377787088923,-0.4805110314497277,-0.5789898120788778,-0.39216984507659997,-1.732048429299302,-0.3365771940723391,-0.44887348689285445,-1.9925510562714843,6.371929948275435,-0.2694943572651209,-0.027419211925291086,-0.10364022835686888,-0.595373036466456,1
sample_09809.html,-0.40959448811298654,-0.4805110314497277,-0.4197508576995181,-0.4678366243758642,-1.5251115318287682,-0.23300209005841238,-0.44887348689285445,-0.06746472711592172,-0.6945246576464301,-0.23570778202121656,-0.013277460581056975,-0.08309112716631427,1.5134584343118351,0
sample_05239.html,-0.29677055108589523,-0.3406872283290372,-0.18089242613047862,-0.08541263170120439,-0.6889489810954089,-0.06850045427158762,0.22932624812042704,0.6648231330875751,-0.733634801595347,-0.2527009642480291,-0.02613359816672435,-0.09090557409793362,0.6866101420734946,0
sample_03007.html,-0.44935149449396156,-0.4805110314497277,-0.5789898120788778,-0.4913546774013112,-2.256016803315404,-0.3304845408950493,-0.44887348689285445,-1.9925510562714843,0.1858757981077862,-0.2694832578645808,0.09471409513854898,-0.09799646112847712,-1.369824702439611,0
sample_02877.html,-0.44075538500618316,-0.46303305605964135,-0.5789898120788778,-0.03428642947197178,-0.11103334553478827,-0.25128004959028183,-0.44887348689285445,-1.9925510562714843,-1.649370271669978,-0.2694943572651209,-0.0209911431324574,-0.10277195647557784,1.583149357374341,0
sample_03727.html,0.3678161636879712,0.6817743319910116,2.8446477070773546,0.24997525492256148,0.18448350433270636,-0.31829923454046966,-0.10977361938621372,0.6769391183995401,1.1094197206241985,0.7057988687883047,-0.01584868809819045,-0.01956256785185319,-0.5818483568205155,0
sample_01270.html,-0.4520377787088923,-0.4805110314497277,-0.5789898120788778,-0.4913546774013112,-2.256016803315404,-0.3365771940723391,-0.44887348689285445,-1.9925510562714843,-0.7748169261527452,-0.2694943572651209,-0.027419211925291086,-0.10364022835686888,-1.0797271916205047,1
sample_07932.html,1.3896786790476268,1.8615376708218372,4.198178819301911,2.0312121405890253,-0.745094493916393,0.4250044530888867,1.2466258506403491,0.5603670164481077,1.2135463828016064,1.7723291672809198,-0.008135005546790024,0.3695679469467478,-0.8895323513888971,1
sample_04433.html,-0.3424373827397179,-0.3406872283290372,-0.26051190332015844,-0.35433645542696784,0.28513245778712515,-0.3365771940723391,-0.10977361938621372,0.7951436803609145,1.4157303055297066,0.2414998447975816,0.01500604210741125,-0.08164400736416254,-1.1428402903139487,1
sample_08783.html,0.30979242464546713,0.46329963961493276,1.0930192089043984,0.3685880440943811,0.044800137138625205,0.12646444740168616,-0.10977361938621372,0.6322088434745483,0.8814780470566957,0.0962419899299812,-0.02613359816672435,0.057568917602834176,-0.6618989507266051,0
sample_03601.html,-0.3096647153175628,-0.3406872283290372,-0.4993703348891979,-0.37376441227407625,0.06381297614258408,-0.2695580091221512,-0.10977361938621372,0.3316516123233787,-2.6903904452088727,-0.26031515301850167,-0.02613359816672435,-0.0910502860781488,3.5660843661725488,1
sample_06723.html,-0.2989195784578398,-0.44555508066955507,-0.26051190332015844,-0.26230929141434917,1.6449103740846618,0.4067264935570173,1.58572571814699,0.22397182872963314,-1.4267037388221369,-0.21280971870709878,-0.02613359816672435,-0.0997330048910592,1.9558689706374304,0
sample_05213.html,-0.3612413722442331,-0.3406872283290372,-0.5789898120788778,0.5874081896354966,1.436860842906723,-0.2208167837038328,0.9075259831337085,-1.9925510562714843,-0.7459932876803157,-0.2694943572651209,-0.02613359816672435,-0.09799646112847712,0.6597059962156807,1
sample_02188.html,-0.3295432185080503,-0.3406872283290372,-0.021653471751118984,-0.23879123838890218,1.4800981647374434,-0.2634653559448614,-0.10977361938621372,0.7116872089326881,0.8413545078616831,-0.08517771189709364,-0.013277460581056975,-0.09683876528675574,-0.4544011045421773,1
sample_06081.html,-0.4520377787088923,-0.4805110314497277,-0.5789898120788778,-0.483174485044634,-0.7179667058248038,-0.3365771940723391,-0.44887348689285445,-1.9925510562714843,0.5549298504953988,-0.2694943572651209,-0.027419211925291086,-0.10364022835686888,-0.4315231178309071,0
sample_07817.html,-0.4036846628401389,-0.4805110314497277,-0.34013138050983827,-0.2786696761277036,0.16028195585158658,-0.09287106698074685,-0.10977361938621372,0.43774478014548657,-0.4562674213756968,-0.25787328489969125,-0.02613359816672435,-0.09712818924718608,-0.0411273999579054,1
sample_06929.html,-0.42624945024555716,-0.4542940683645982,-0.5789898120788778,-0.4064851817007851,0.6692400338041281,-0.2695580091221512,-0.10977361938621372,-1.9925510562714843,-0.1964000804250536,-0.2694943572651209,-0.02613359816672435,-0.10118012469321093,0.14605514155872415,1
sample_03325.html,-0.3096647153175628,-0.3406872283290372,-0.4993703348891979,-0.37376441227407625,0.06381297614258408,-0.2695580091221512,-0.10977361938621372,0.3316516123233787,-2.6904608119031383,-0.26031515301850167,-0.02613359816672435,-0.0910502860781488,3.5661435571395677,1
sample_06626.html,-0.3886414712365267,-0.4805110314497277,-0.4993703348891979,-0.43920595112749394,0.13229338187351822,-0.2208167837038328,-0.10977361938621372,-0.1268481045386658,-0.4471929066292876,-0.2651655910545024,-0.02613359816672435,-0.10320609241622336,-0.02373773269279918,1
sample_03990.html,-0.3719865091039561,-0.3669041914141667,0.21720495981792048,-0.28378229635062685,0.6924737189851732,-0.3304845408950493,-0.44887348689285445,0.292105988599414,0.5952342943601607,-0.25205719901670637,-0.01584868809819045,-0.09900944498998333,0.13584104920362955,1
sample_02650.html,0.1550624538654562,0.19239102106859504,0.13758548262824066,0.4943585015782933,0.8955689591309175,0.6808958865350585,0.5684261156270678,0.45142432049109205,-0.10398447975873903,16.877947338253037,-0.02613359816672435,-0.04734726805316646,-1.4251391565503861,0
sample_05904.html,-0.3623158859302054,-0.31447026524390775,-0.4197508576995181,-0.3850121767645074,-0.2751046428898049,-0.2878359686540206,-0.10977361938621372,0.48395430314173893,-0.4305978619490608,-0.25175751520212514,-0.01970552937389066,-0.10045656479213506,0.3256704308456941,0
sample_06980.html,-0.3053666605736736,-0.3406872283290372,-0.34013138050983827,-0.1191559251724979,0.15952460767927604,0.022889343387759473,-0.10977361938621372,0.34246762961425004,0.8912971571011338,-0.25780668849645094,-0.02613359816672435,-0.07469783231383421,-0.7210749505148513,0
sample_03516.html,-0.023306818005945317,-0.270775326768692,1.9688334579908764,-0.30321025319773526,-0.13107916878381357,-0.3365771940723391,-0.10977361938621372,0.6848321788951883,1.224103016968542,2.7436932055431686,0.012434814590277775,0.04628138314605066,-1.2205389168040925,1
sample_09735.html,0.23672549399935086,0.8390761105017883,0.7745413001456792,0.9841475189343416,1.0500708992530121,0.3640779213159886,1.9248255856536307,0.6904134042908049,-0.41693288219494756,-0.1860823622066646,-0.017134301856757187,-0.0693434890458728,0.7790800438729212,0
sample_06686.html,0.5418873808154835,0.7516862335513568,0.7745413001456792,0.3113266975976406,-0.032341784257306445,0.32752200225224976,-0.10977361938621372,0.6884071409627972,0.5046263421217541,0.20863451979850123,-0.02613359816672435,0.1598802876149617,-0.5203013937487139,0
sample_00537.html,0.20610185394914035,0.10500114411816354,0.2968244370076003,0.7724850417053186,-0.5009550113306862,-0.05631514791700801,0.5684261156270678,0.5840246603050019,0.20487899779339883,0.08949355440163238,-0.018419915615323922,-0.0503862196376851,0.5374734420564493,0
sample_08596.html,-0.4477397239650031,-0.4805110314497277,-0.4197508576995181,-0.4903321533567266,-2.256016803315404,-0.3304845408950493,-0.44887348689285445,-0.3596074767925978,-4.309736463648089,-0.12772171416709535,0.03943270352017926,-0.10364022835686888,-1.5365788376058667,1
sample_01244.html,-0.4036846628401389,-0.4193381175844256,-0.4993703348891979,-0.4606789560637717,-1.1404245471545424,-0.31220658136317986,-0.10977361938621372,0.2062614460757578,0.35576223991917055,-0.2679404411895142,-0.017134301856757187,-0.10089070073278059,-0.8954857110559028,1
sample_04548.html,-0.3021431195157567,-0.31447026524390775,-0.4993703348891979,-0.34411121498112135,0.7445665930360402,-0.2878359686540206,-0.10977361938621372,-1.9925510562714843,-0.1445729242813841,-0.26937226385918034,-0.0017069367539563366,-0.08048631152244115,0.45714126081430495,1
sample_05692.html,0.17762724127087445,0.34969279957937177,-0.18089242613047862,-0.08030001147828113,0.9389046315751098,-0.08068576062616724,-0.10977361938621372,0.3963653786353529,-0.09770015147717931,-0.19947933865850184,-0.02613359816672435,-0.024193351218738737,0.3786099973378755,0
sample_00519.html,-0.4520377787088923,-0.4805110314497277,-0.4993703348891979,-0.4913546774013112,-2.256016803315404,-0.3365771940723391,-0.44887348689285445,0.5271033662451923,0.30127811145936706,-0.2526454672453289,-0.027419211925291086,-0.10364022835686888,-0.6130833518907867,1
sample_00715.html,-0.19415449407554072,-0.0348226590025269,-0.1012729489407988,-0.16210193504505327,0.689134019209498,0.010704037033179861,-0.10977361938621372,0.5482979668461287,-0.6879956244602846,-0.2515688253929443,-0.02613359816672435,-0.09843059706912263,0.3891568889493888,0
sample_00729.html,-0.3096647153175628,-0.3406872283290372,-0.4993703348891979,-0.37376441227407625,0.06381297614258408,-0.2695580091221512,-0.10977361938621372,0.3316516123233787,-2.6902202940820934,-0.26031515301850167,-0.02613359816672435,-0.0910502860781488,3.565966010313825,1
sample_04499.html,0.8239472233832118,1.6605409538358447,-0.1012729489407988,0.4708404485528463,0.3957327612882186,-0.2817433154767308,0.9075259831337085,0.28539762108114775,0.26201806167937497,1.3384203019688468,-0.02613359816672435,-0.07455312033361905,-0.9844262667020119,1
sample_07127.html,-0.006114599030388545,-0.3232092529389509,0.45606339138695995,0.15079042259785022,1.2777815901383578,0.4554677189753357,-0.44887348689285445,0.5348234192541358,0.6001735130409689,-0.02756072369370756,-0.02613359816672435,-0.07701322399727699,-0.11522523392925425,0
sample_03613.html,0.004093280986348287,-0.2183414005984331,-0.021653471751118984,-0.2704894837710264,1.2489751133214702,0.07772322198336773,-0.44887348689285445,0.09419191437597257,-0.23214114399595204,-0.20254277320755493,-0.02613359816672435,-0.023614503297878044,0.9326940581516523,0
sample_08306.html,0.3839338689775557,1.1362016921332556,0.7745413001456792,0.509696362247063,0.1818480167513488,-0.2878359686540206,0.22932624812042704,0.4005044664824349,-0.7984156843585121,-0.18649304002664635,-0.02613359816672435,-0.07628966409620112,1.1295978685534778,0
sample_01629.html,1.5465576771995824,2.3946159202194695,3.8000814333535122,1.6774188211627357,0.28705653250424984,0.11427914104710657,1.2466258506403491,0.5402926236288226,0.5417642795943671,1.246750352908595,-0.02613359816672435,0.4249926353691592,-0.24055813010749066,0
sample_04502.html,-0.45150052186590617,-0.4805110314497277,-0.4993703348891979,-0.486242057178388,-0.9653784538215918,-0.3304845408950493,-0.44887348689285445,0.3316115585171398,0.269795783091023,-0.2656095670761043,-0.014563074339623712,-0.10364022835686888,-0.8100345932921755,1
sample_05059.html,-0.4520377787088923,-0.4805110314497277,-0.5789898120788778,-0.4913546774013112,2.815122933380447,-0.3365771940723391,-0.44887348689285445,-1.9925510562714843,-10.940160776475711,-0.2694943572651209,-0.027419211925291086,-0.10364022835686888,9.269900105211478,1
sample_09678.html,1.2666468620037987,0.20986899645868135,-0.021653471751118984,2.8574115686134243,1.3997266974641391,2.6000816373813476,2.2639254531602715,0.750301684958129,-0.022955034766012915,-0.19667119032186983,-0.022276756891024138,-0.0006052984436654894,-0.0795142153254328,0
sample_07221.html,-0.3118137426895074,-0.3057312775488646,0.05796600543856084,-0.3257057821785976,-0.04987619673339827,-0.32439188771775945,-0.10977361938621372,0.4602642360697793,-0.10637105300079944,-0.23861582496270897,-0.009420619305356762,-0.09220798191987019,0.36454773594234985,1
sample_01315.html,0.2044900834201819,0.4108657134446739,-0.26051190332015844,-0.1978902766055161,0.9857266152482734,-0.31829923454046966,-0.44887348689285445,0.6808321303629424,-0.013992332660741732,-0.22646198137135706,-0.02613359816672435,-0.0010394343843110093,-0.6462671117677422,0
sample_06538.html,2.9224724520871104,4.675491708625732,-0.18089242613047862,2.1978835598563236,1.7816247639663478,0.035074649742339085,-0.10977361938621372,0.5957928220439066,0.3956521625132467,-0.23889330997621017,-0.02613359816672435,0.05033331859207551,0.4195165356659833,1
sample_04330.html,0.46559690911145035,1.3197204337291617,0.2968244370076003,0.7990706668645196,0.5445585205088801,0.2483175109474823,-0.10977361938621372,0.6094975230452261,-0.07378188995621358,-0.10212649652174603,-0.02613359816672435,0.0025783651210683233,0.22112085214210625,0
sample_02374.html,0.17440370021295756,0.05256721794790462,2.0484529351805563,0.17124090348954327,0.5240828493631189,0.022889343387759473,3.9594247906934754,0.4982449894590422,0.018774029510409063,0.07965948552315039,-0.02613359816672435,0.12326815662052286,0.2933211723401086,0
sample_08852.html,-0.4520377787088923,-0.4805110314497277,-0.5789898120788778,-0.48828710526755725,-0.4857802989613899,-0.3365771940723391,-0.44887348689285445,-1.9925510562714843,-2.374105694263592,-0.2694943572651209,-0.027419211925291086,-0.10364022835686888,-0.06926926283400898,0
sample_02809.html,-0.39455129650937437,-0.4018601421943393,-0.4197508576995181,-0.42182304236955487,-0.15737790480755595,-0.2878359686540206,-0.44887348689285445,-0.08287401459574927,0.6443341964711412,-0.2523013858285874,-0.006849391788223287,-0.10320609241622336,-0.48754349593050883,1
sample_09860.html,0.24639611717310153,0.5506895165653642,-0.26051190332015844,-0.014858472624863396,-0.30404867127589114,-0.3304845408950493,-0.44887348689285445,0.709000353290611,0.039303452048178394,-0.2361628574433585,-0.017134301856757187,-0.0807757354828715,-0.1650802861191625,0
sample_06030.html,-0.3832689028066652,-0.46303305605964135,0.21720495981792048,-0.11302078090498999,0.7762366472837426,0.08381587516065754,1.58572571814699,0.4609210442059906,-0.08647422513892367,-0.16549297420487669,-0.02613359816672435,-0.0726718645908218,0.6844554083467718,1
sample_08161.html,-0.2521782331180448,-0.2008634252083468,0.05796600543856084,-0.061894578675757386,0.9365005949633127,-0.29392862183131047,0.22932624812042704,0.4596472797592821,0.1912414400888833,-0.23263324807162344,-0.0017069367539563366,-0.07657908805663147,-0.12076901557226882,1
sample_08317.html,-0.4520377787088923,-0.4805110314497277,-0.5789898120788778,-0.49237720144589586,-2.256016803315404,-0.3365771940723391,-0.44887348689285445,-1.9925510562714843,-0.7413168664311375,-0.2694943572651209,-0.027419211925291086,-0.10364022835686888,-1.2493942655106245,1
sample_00961.html,-0.4300102481464602,-0.4542940683645982,-0.4993703348891979,-0.4678366243758642,-1.6295265688822669,-0.31220658136317986,-0.10977361938621372,-0.4578766755389207,-2.5294010846848556,-0.19921295304554068,-0.024847984408157612,-0.10277195647557784,-1.3476425746452427,1
sample_06274.html,0.15022714227858083,0.1486960825933793,0.05796600543856084,-0.061894578675757386,1.2170156091001911,0.1386497537562658,-0.10977361938621372,0.5767671528940381,0.5533437569837352,0.006148155746416412,-0.02613359816672435,-0.006393777652272422,-0.2072804208674641,0
sample_04339.html,1.1731641713242087,-0.06977860978269951,-0.34013138050983827,1.080264779125299,0.8518107605813495,1.6008865163058195,0.22932624812042704,0.5417894032212133,1.111364427798439,4.192065081414494,-0.02613359816672435,0.22746078237544762,-1.0731782456637664,0
sample_04907.html,-0.24788017837415563,-0.026083671307483746,-0.021653471751118984,-0.28071472421687294,0.6196921696150823,-0.32439188771775945,-0.10977361938621372,0.7183375963876074,0.017060162998571184,-0.242367422345245,-0.02613359816672435,-0.08656421469147843,-1.1357900464096549,0
sample_01652.html,0.6735153073470901,0.2535639349338971,2.9242671842670345,0.5291243190941715,1.9072533258413196,0.571228129343842,0.5684261156270678,0.27599665070091867,-0.3616157610177818,2.4191356343516426,-0.02613359816672435,0.25032527524944503,0.9877420746848915,0
sample_05161.html,-0.44720246712201694,-0.4805110314497277,-0.5789898120788778,-0.48010691291088003,0.6176488568912674,-0.30611392818589006,-0.44887348689285445,-1.9925510562714843,-1.0995981580086975,-0.2694943572651209,-0.023562370649590873,-0.10364022835686888,1.2923564309187023,1
sample_03893.html,-0.4520377787088923,-0.4805110314497277,-0.5789898120788778,-0.49237720144589586,-2.256016803315404,-0.3365771940723391,-0.44887348689285445,-1.9925510562714843,0.607817044347776,-0.2694943572651209,-0.027419211925291086,-0.10364022835686888,-1.3922965400309268,1
sample_03850.html,0.30656888358755024,0.9439439628423061,0.45606339138695995,0.6017235262596817,0.8089199308688054,-0.12333433286719588,3.9594247906934754,0.45388765263746406,-0.1637636671984757,-0.1582894632543859,-0.02613359816672435,-0.05574056290564652,0.5828640220777366,0
sample_01037.html,0.6933938105375775,0.6118624304306663,-0.18089242613047862,0.72442641160984,0.7702639429163357,1.2292346724911412,-0.10977361938621372,0.7501370727725178,1.239695479172532,-0.19245341811665181,-0.018419915615323922,0.4478571282431566,0.24974690755855602,0
sample_00830.html,0.5666011955928464,1.7654088061763626,1.0930192089043984,0.4043763856548439,0.41895859779961686,-0.17816821146280412,-0.10977361938621372,0.6360260491366971,0.17027337291103667,0.11725315515229094,-0.02613359816672435,-0.08699835063212395,-0.8268134202077664,0
sample_00052.html,-0.14150332346289812,-0.13969051134304472,0.7745413001456792,-0.04757924205157226,0.020500716473742,0.07163056880607792,0.22932624812042704,0.6131401345082783,0.6106988290590475,-0.0014549336235160613,-0.02613359816672435,-0.08916903033535155,-0.2713786449943877,0
sample_06508.html,-0.019546020105042274,0.12247911950824984,0.5356828685766397,-0.14574155033169886,0.5134391267433909,-0.2817433154767308,2.942125188173553,0.6052028815477527,0.23917886514896913,-0.20664955140737246,-0.011991846822490236,-0.07455312033361905,0.1576472100561602,1
sample_04184.html,-0.42302590918764027,-0.4805110314497277,-0.4993703348891979,-0.43920595112749394,0.3446026937170905,-0.2695580091221512,-0.10977361938621372,0.04218901700223289,-0.5916215071165465,-0.2688727908348782,-0.0107062330639235,-0.09958829291084402,-0.08032745227671297,1
sample_03223.html,0.21469796343691874,1.162418655218385,0.13758548262824066,0.6436470120876525,1.2652288179167772,0.20566893870645367,-0.10977361938621372,0.6379149952813592,-1.153249888595112,-0.22587371314273455,-0.02613359816672435,-0.04836025191467268,1.6685531223644523,0
sample_07708.html,0.5821816440394447,0.13995709489833613,0.854160777335359,0.8481518210045829,0.6096474652145492,1.5034040654691825,3.9594247906934754,0.4252534951116633,-0.08970849996747168,0.11332396736111416,-0.02613359816672435,-0.01869429597056215,0.5746668814803203,0
sample_06321.html,1.7808016607415433,-0.2969922898538215,-0.34013138050983827,0.4749305447311849,0.5400660231545842,0.9428799731585202,-0.44887348689285445,0.41848710091915947,2.363754920980197,-0.2472178603812457,-0.02613359816672435,1.5515754013442833,-0.954979086551232,0
sample_07494.html,-0.06682462228782339,0.20986899645868135,0.3764439141972801,-0.04757924205157226,-0.10945400061881205,-0.25128004959028183,1.58572571814699,0.7592525975747494,0.33950886486111176,-0.19545025626246462,-0.02613359816672435,-0.08424882300803566,-0.07153880617649702,0
sample_07481.html,-0.04855788962629432,-0.2882533021587783,1.9688334579908764,-0.3011652051085659,-0.2373260526300182,-0.3365771940723391,-0.10977361938621372,0.6750742326993677,1.193475466512377,2.1704979628540406,0.012434814590277775,0.03181018512453333,-1.2309276746625266,1
sample_01912.html,-0.43538281657632166,-0.46303305605964135,-0.4197508576995181,-0.4749942926879568,-0.9381150702721435,-0.3365771940723391,-0.44887348689285445,0.5803596770711748,0.45755375839480655,-0.21185517026065467,0.0780011162771814,-0.10089070073278059,-0.7516819476777661,1
sample_02946.html,0.9964066699817656,1.0051168767076082,2.685408752697995,0.6671650651130995,0.41221147924827595,0.38235588084785804,0.22932624812042704,0.5507556697564314,0.1471861959715776,0.4522441628514617,-0.02613359816672435,-0.016957752207980074,0.08134419965954273,1
sample_04807.html,0.42261636167255845,0.7516862335513568,0.05796600543856084,-0.05064681418532622,-0.3504519441692011,-0.31829923454046966,0.22932624812042704,0.6528406991436376,0.15765046194253476,-0.1404527265865297,-0.02613359816672435,-0.044887164389508516,-0.5942068049266176,0
sample_03076.html,-0.09476197812310315,-0.1659074744281742,1.1726386860940783,-0.23061104603222496,0.14629536613039262,-0.20863147734925316,0.22932624812042704,0.43941971384372425,0.5648781446850157,-0.21700529211123668,-0.02613359816672435,0.045268399284544444,0.22438606838334263,0
sample_01992.html,-0.41872785444375105,-0.44555508066955507,-0.4993703348891979,-0.41466537405746234,-0.8807664702485071,-0.30002127500860026,-0.10977361938621372,0.40973863008096567,0.42220264208583586,-0.25702973045864763,-0.014563074339623712,-0.10045656479213506,-0.37157295495220827,1
sample_09542.html,-0.4369945871052801,-0.4717720437546845,-0.4993703348891979,-0.43613837899374003,0.5421950111326344,-0.2817433154767308,-0.10977361938621372,0.3485175216859154,-0.3201282368700076,-0.2631122019545936,-0.009420619305356762,-0.10364022835686888,0.417702136961965,1
sample_05315.html,-0.4085199744270142,-0.42807710527946874,-0.021653471751118984,-0.35024635924862924,-0.836794147152109,-0.2878359686540206,0.22932624812042704,0.9130543587165493,2.4663676537475356,4.349776463688028,-0.02613359816672435,-0.09162913399900949,-1.4725357106213712,1
sample_05304.html,0.532754014484719,0.4108657134446739,0.13758548262824066,0.5148089824699863,1.7014773955908828,0.29705873636580077,-0.10977361938621372,0.5059214943015611,-0.10998810091246165,0.08777314731792503,-0.02613359816672435,-0.03779627735896503,0.29092830579122475,0
sample_03222.html,0.40864768375491856,1.0925067536580397,-0.5789898120788778,0.8481518210045829,0.902712859424466,0.9367873199812304,-0.10977361938621372,-1.9925510562714843,-0.6995702812959056,-0.2694832578645808,-0.02613359816672435,0.07189540364413634,0.883470823902875,0
sample_07187.html,-0.20060157619137453,-0.3581652037191235,-0.18089242613047862,-0.12426854539542116,0.5241547652211839,0.4493750657980459,0.5684261156270678,0.10228427041494886,-0.5152415016624493,-0.24357725700411018,-0.02613359816672435,-0.08815604647384534,0.5504718436022332,0
sample_09468.html,-0.4203396249727095,-0.42807710527946874,-0.34013138050983827,-0.3829671286753381,1.2062501291477143,-0.32439188771775945,-0.10977361938621372,-0.3468156272587519,-3.0661820120069057,-0.11904198294477827,0.0008642907631771383,-0.1024825325151475,4.370466713840959,1
sample_00327.html,0.748731265365151,-0.2969922898538215,0.2968244370076003,0.02501996511393803,0.5534107418892853,0.4676530253299153,1.58572571814699,0.6600261082467811,0.693300400317967,-0.21305390551897982,-0.02613359816672435,0.13860762652333122,-0.19962516444675119,0
sample_09285.html,0.48225187124402097,0.8390761105017883,0.3764439141972801,1.5271077866087919,1.5830208160165198,0.44328241262075607,-0.10977361938621372,0.7308177234540244,-0.26948205201708353,-0.1649380041778743,-0.018419915615323922,-0.045031876369723695,0.7637241730195439,0
sample_02508.html,-0.42195139550166794,-0.44555508066955507,-0.5789898120788778,-0.4688591484204489,0.32103522205746726,-0.31220658136317986,-0.10977361938621372,-1.9925510562714843,0.5124200831193298,-0.26943886026242064,-0.02613359816672435,-0.10175897261407163,-0.6013251314806419,1
sample_02383.html,0.4494792038218659,0.017611267167732012,-0.18089242613047862,0.49129092944453934,1.1318469998137186,1.3510877360369373,-0.10977361938621372,0.6044181668165458,-0.18635644124451517,-0.20686044001763335,-0.0209911431324574,-0.02173324755508079,0.5500934646936776,0
sample_05546.html,-0.4520377787088923,-0.4805110314497277,-0.5789898120788778,-0.49237720144589586,-2.256016803315404,-0.3365771940723391,-0.44887348689285445,-1.9925510562714843,-1.2972817976803461,-0.2694943572651209,-0.027419211925291086,-0.10364022835686888,-1.3042592724394466,1
sample_09604.html,0.05137188316912941,0.7342082581612704,0.13758548262824066,0.08432635969984785,-0.6311852252063341,-0.2634653559448614,0.22932624812042704,0.7421423281919336,1.5543102095293893,-0.21748256633445873,-0.02613359816672435,0.6652145225263469,-0.549625811312389,0
sample_00943.html,-0.44666521027903083,-0.4805110314497277,-0.4993703348891979,-0.4678366243758642,-1.7676238810323097,-0.2878359686540206,-0.10977361938621372,0.3703367708508456,0.16719554977234077,-0.26836221841003605,-0.02613359816672435,-0.10306138043600818,-0.33236844375438734,1
sample_03608.html,0.9566496636007906,1.101245741353083,-0.18089242613047862,0.4084664818331825,1.3650237985660072,-0.01975922885326917,0.22932624812042704,0.5032639976940395,-0.09771580540144426,-0.12039610981066406,-0.02613359816672435,0.05206986235465759,0.1791333876700212,0
sample_00257.html,3.1078260629173315,-0.270775326768692,-0.26051190332015844,-0.3318409264461055,-0.7164097017593876,-0.21472413052654296,0.22932624812042704,0.547212023409712,2.412338289941937,-0.18552739217966224,-0.0209911431324574,8.735801659126562,-1.3977147429527228,1
sample_03647.html,0.8352296170859209,1.4682832245448953,-0.34013138050983827,0.0321776334260306,0.9781263172372096,-0.31829923454046966,-0.10977361938621372,0.744379349899782,-0.10062454349736372,-0.2411020906836796,-0.017134301856757187,0.050043894631645165,-0.12470954338150314,0
sample_03953.html,-0.2070486583072083,-0.13969051134304472,1.8095945036115169,-0.23061104603222496,-1.2645359478634843,-0.30002127500860026,-0.44887348689285445,0.7722441305904797,1.4455400047514293,8.256587863376074,-0.02613359816672435,-0.07223772865017627,-1.43022161370507,0
sample_02911.html,-0.4520377787088923,-0.4805110314497277,-0.5789898120788778,-0.4903321533567266,-1.4158680489245992,-0.3365771940723391,-0.44887348689285445,-1.9925510562714843,-0.09696240074745166,-0.2694943572651209,-0.027419211925291086,-0.10364022835686888,-0.2665681273088873,0
sample_04959.html,0.02558355470579425,0.27104191032398345,0.05796600543856084,-0.10586311259289742,-0.7035862291639421,-0.31829923454046966,0.22932624812042704,0.41113647465989056,-0.07022389382794202,-0.22673946638485826,-0.005563778029656549,-0.05183333943983684,0.15848751318531118,0
sample_02203.html,-0.4079827175840281,-0.4105991298893824,0.13758548262824066,-0.4044401336116158,0.015010293476682085,-0.3365771940723391,-0.10977361938621372,0.9472308191168789,2.013941467674786,0.3585208246913014,0.018862883383111463,-0.1003118528119199,-0.8317878082158372,0
sample_06108.html,-0.3709119954179838,-0.38438216680425297,0.854160777335359,-0.41364285001287765,-0.13107916878381357,-0.32439188771775945,-0.44887348689285445,0.5675990869367263,-0.5910687657374832,0.08672980366716058,-0.0209911431324574,-0.06543626558006313,-1.2272357749900902,0
sample_00380.html,-0.4445161829070862,-0.4717720437546845,-0.5789898120788778,-0.483174485044634,-1.3243133780587422,-0.3304845408950493,-0.10977361938621372,-1.9925510562714843,-0.4923558892766618,-0.2694943572651209,-0.01584868809819045,-0.10089070073278059,-0.8799395164720072,1
sample_00255.html,-0.4520377787088923,-0.4805110314497277,-0.4993703348891979,-0.49237720144589586,-2.256016803315404,-0.3365771940723391,-0.44887348689285445,0.3846034797493076,-0.23466497426567157,-0.2668526999365896,-0.027419211925291086,-0.10364022835686888,-1.3353013101722975,1
sample_09933.html,-0.41281802917090343,-0.42807710527946874,-0.5789898120788778,-0.42182304236955487,0.8204248754122149,-0.30611392818589006,-0.10977361938621372,-1.9925510562714843,-0.08974445583924309,-0.2694943572651209,-0.009420619305356762,-0.09872002102955299,-0.25321795671439107,1
sample_09074.html,0.5246951618399268,0.8652930735869178,0.7745413001456792,0.23975001447671496,-0.03864071712511341,0.30315138954309057,0.22932624812042704,0.572468887885371,-0.1371361488938231,-0.19863578421745823,-0.02613359816672435,0.031665473144318154,0.461575394352914,0
sample_07295.html,-0.21295848358005595,-0.0348226590025269,-0.26051190332015844,-0.2940075367964734,-0.5077280438152196,-0.32439188771775945,0.5684261156270678,0.6346022636551752,-0.008944301309477397,-0.2336543929213078,-0.02613359816672435,-0.08873489439470603,0.07984145313077441,0
sample_06617.html,-0.3542570332854132,-0.3669041914141667,-0.4993703348891979,-0.18255241593674632,1.4039447275676251,-0.025851882030558975,-0.44887348689285445,0.2781367892455362,0.28341115131283057,-0.17577101910496057,-0.02613359816672435,-0.08960316627599707,-0.49487457098669724,0
sample_06487.html,-0.4520377787088923,-0.4805110314497277,-0.5789898120788778,-0.4913546774013112,-2.1835890739109214,-0.3365771940723391,-0.44887348689285445,-1.9925510562714843,6.732138119733656,-0.2694943572651209,-0.027419211925291086,-0.10364022835686888,-1.3920449523457779,0
sample_08043.html,0.7901000422750845,1.4333272737647227,1.1726386860940783,0.4708404485528463,0.36401293823869874,-0.2634653559448614,-0.10977361938621372,0.5586949609723489,-0.2541332672599092,0.07020279626302998,-0.02613359816672435,-0.045176588349938866,0.6744898007142378,0
sample_05219.html,-0.4488142376509754,-0.4805110314497277,-0.5789898120788778,-0.30525530128690453,2.3151531204155162,-0.31829923454046966,-0.10977361938621372,-1.9925510562714843,-1.803839691622846,-0.2694943572651209,-0.008135005546790024,-0.10320609241622336,1.959724023561251,1
sample_03206.html,-0.4036846628401389,-0.4193381175844256,0.05796600543856084,-0.4678366243758642,-0.9528113832134102,-0.3365771940723391,-0.44887348689285445,0.6782970009374167,0.9033151478013866,-0.10638866632912423,0.03429024848591231,-0.09799646112847712,-0.7932415031788052,1
sample_09717.html,-0.3746727933188868,-0.4105991298893824,-0.5789898120788778,-0.3277508302677669,0.1537875450834323,-0.23300209005841238,0.22932624812042704,-1.9925510562714843,0.014234654132153954,-0.26932786625702015,-0.01584868809819045,-0.10016714083170472,-0.282000229348204,1
sample_02152.html,-0.4337710460473632,-0.4542940683645982,-0.5789898120788778,-0.2060704689621933,0.45187017108452127,-0.19035351781738374,-0.10977361938621372,-1.9925510562714843,-1.2514702986242705,-0.2694943572651209,-0.02613359816672435,-0.10320609241622336,-0.7124516871055259,1
sample_05394.html,-0.4520377787088923,-0.4805110314497277,-0.4993703348891979,-0.49237720144589586,-2.256016803315404,-0.3365771940723391,-0.44887348689285445,0.7462826740475249,1.2352018836043706,1.929008305304229,-0.027419211925291086,-0.10364022835686888,-1.5522005723798307,1
sample_03684.html,-0.42947299130347405,-0.46303305605964135,-0.4993703348891979,-0.40955275383453904,0.15465273373444294,-0.30002127500860026,-0.10977361938621372,0.5766664835670271,0.2862945145494476,-0.21536258083130966,-0.02613359816672435,-0.10016714083170472,-0.4523166959423494,1
sample_07339.html,1.040998987949616,1.8091037446515783,0.2968244370076003,1.2939723044434912,0.47334666267558606,0.12646444740168616,0.22932624812042704,0.33142201630261586,0.2845842634529188,-0.1253908400536854,-0.02613359816672435,0.20850351296725994,-0.006668596247995907,0
sample_05576.html,0.1104701358976058,0.7167302827711842,0.21720495981792048,-0.02201614093695596,0.7439764287944872,-0.30611392818589006,-0.44887348689285445,0.6855807153214762,0.7600565152789343,-0.11454672572605908,-0.02613359816672435,-0.06601511350092382,-0.5353433699496768,0
sample_04362.html,0.24532160348712923,0.7254692704662273,0.9337802545250389,0.4749305447311849,0.5939796008252024,0.04116730291962889,0.22932624812042704,0.554273435406287,-0.4676744197640402,-0.21384196295732316,-0.02613359816672435,-0.07050118488759419,1.0510317814927075,0
sample_00937.html,-0.4520377787088923,-0.4805110314497277,-0.5789898120788778,-0.4893096293121419,-0.9503498502515947,-0.3365771940723391,-0.44887348689285445,-1.9925510562714843,-0.676787049025418,-0.2694943572651209,-0.027419211925291086,-0.10364022835686888,0.40682118144121326,0
sample_00213.html,-0.36715119751708075,-0.44555508066955507,1.3318776404734378,-0.2960525848856427,0.43498344342429035,-0.22690943688112258,-0.10977361938621372,0.6570769435074011,0.7401013309058432,0.06200033926393496,-0.017134301856757187,-0.09365510172202192,-0.04267563487520476,1
sample_05675.html,-0.24250760994429416,-0.20960241290338993,-0.4993703348891979,-0.31752558982192036,0.8298338557395974,-0.3365771940723391,-0.10977361938621372,0.01660112101228969,0.024221177991065417,-0.2653542808636832,0.0008642907631771383,-0.08395939904760531,-0.14945186302667832,1
sample_01547.html,-0.4520377787088923,-0.4805110314497277,-0.5789898120788778,-0.4872645812229726,-1.208253434575877,-0.3365771940723391,-0.44887348689285445,-1.9925510562714843,-1.1812368185066655,-0.2694943572651209,-0.027419211925291086,-0.10364022835686888,0.34872949758800736,0
sample_01623.html,-0.35103349222749625,-0.34942621602408036,0.05796600543856084,-0.38194460463075347,0.29028630245629616,-0.23909474323570218,0.22932624812042704,0.18221119723290566,-0.4742902847195876,-0.1491324578088468,0.0034355182803106135,-0.09119499805836398,1.2592388893063928,0
sample_06306.html,0.43443601221825373,0.5769064796504938,-0.5789898120788778,0.26122301941299264,0.9372312176887483,0.163020366465425,0.22932624812042704,-1.9925510562714843,0.7805190191574087,-0.2694943572651209,0.012434814590277775,-0.08338055112674461,0.3253831199778064,1
sample_00763.html,0.07125038635961693,-0.2882533021587783,0.45606339138695995,0.580250521323404,0.8149312911454358,0.7844709905489853,-0.10977361938621372,0.7559351888370378,0.17627054090894442,-0.1904555260194433,-0.02613359816672435,-0.01854958399034698,0.7844374652334297,0
sample_07408.html,2.2030855393286566,1.2672865075589028,6.507143657802626,2.284798103646019,0.8527073439109465,1.2962538574413291,-0.10977361938621372,0.5385960561655736,0.9799983537257222,1.7047338179920313,-0.009420619305356762,0.697919430054976,-0.8042765247033608,0
sample_01112.html,1.2118466640192114,2.420832883304599,4.516656728060631,0.8317914362912284,0.4664155182565381,-0.245187396412992,0.5684261156270678,0.6308350884719195,0.588113615454141,0.23729317199290365,-0.02613359816672435,0.10662627889577793,-0.6932950390983065,0
sample_05978.html,1.73943288383161,2.7878703664964113,1.650355549232157,0.6630749689347609,0.7491059583335421,-0.19644617099467354,-0.10977361938621372,0.6276409194138071,0.5042435819140493,0.14858676287684477,-0.02613359816672435,0.19924194623348884,-0.38211310609456994,0
sample_06052.html,-0.41228077232791727,-0.39312115449929613,-0.34013138050983827,-0.415687898102047,-0.7792981786661437,-0.31220658136317986,-0.10977361938621372,0.32972467053460436,-0.5146720763262712,-0.2657982568852851,-0.02613359816672435,-0.10089070073278059,0.30602565292543255,0
sample_06976.html,-0.4488142376509754,-0.4805110314497277,-0.5789898120788778,-0.4565888598854331,-0.14402521628176326,-0.32439188771775945,-0.10977361938621372,-1.9925510562714843,-0.7189365521112614,-0.2694943572651209,-0.008135005546790024,-0.10364022835686888,-0.3600862828815091,1
sample_04663.html,-0.44344166922111394,-0.4805110314497277,-0.5789898120788778,-0.4453410953950019,0.7087154325574094,-0.31220658136317986,-0.10977361938621372,-1.9925510562714843,-0.9957159226270053,-0.2694832578645808,-0.002992550512523074,-0.10089070073278059,0.37650090845157924,1
sample_07728.html,0.5295304734268022,0.9526829505373493,1.2522581632837582,0.07103354712024737,-0.07974103273811363,-0.25128004959028183,0.22932624812042704,0.6478710275650095,0.34025532966876565,-0.12254939351543326,-0.02613359816672435,0.08361707404156538,-0.19121717884522899,0
sample_09443.html,-0.31020197216054896,-0.3319482406339941,0.13758548262824066,-0.3829671286753381,0.44318282021527117,-0.3304845408950493,-0.10977361938621372,0.6534356575415431,0.6604007750715386,-0.2344757485612713,-0.00042132299538959916,-0.07252715261060662,-0.46298822756371016,1
sample_01459.html,-0.16890342245519172,0.026350254862775167,-0.4993703348891979,0.2520203030117308,0.9739671339878554,-0.06850045427158762,-0.44887348689285445,0.5126317718952714,0.2485618386833232,-0.14954313562882854,-0.02613359816672435,-0.07556610419512526,-0.10478967087883785,0
sample_01914.html,-0.16890342245519172,-0.2882533021587783,-0.1012729489407988,-0.31752558982192036,0.16445537087074727,-0.1537975987536449,-0.10977361938621372,0.6431963499994773,0.7866102343048449,-0.19394073778901819,-0.02613359816672435,0.03701981641227957,-0.5443132134198571,0
sample_00093.html,-0.16138182665338563,0.05256721794790462,-0.4197508576995181,0.05467316240689294,0.7774435982604955,-0.23909474323570218,-0.44887348689285445,0.30117681113015515,0.3028319958437564,-0.106566256737765,-0.02613359816672435,-0.08063102350265633,0.012171601725853829,0
sample_09549.html,3.2840463074167885,3.9501557299371504,-0.1012729489407988,1.5342654549208845,0.6177541780439084,-0.23300209005841238,0.5684261156270678,0.613652566382709,0.6341416892176224,5.959999798234326,-0.018419915615323922,0.6760679210424849,-0.8276044540275853,0
sample_03112.html,-0.23068795939859887,-0.09599557286782896,-0.1012729489407988,-0.2858273444397962,1.009571315727656,-0.22690943688112258,-0.10977361938621372,0.6799820899833883,0.8494796619293056,1.4157054279291967,-0.02613359816672435,-0.0823675672652384,-1.1460610351039726,0
sample_01924.html,-0.4391436144772247,-0.46303305605964135,-0.4993703348891979,-0.4453410953950019,-0.13902459024072258,-0.31220658136317986,-0.10977361938621372,0.3498149853427134,-0.288761666168623,-0.25054768054325993,-0.02613359816672435,-0.10320609241622336,0.4753483631565463,1
sample_09111.html,0.4612988543675612,0.03508924255781832,0.5356828685766397,0.38699347689690483,0.18319680094038657,0.4493750657980459,0.22932624812042704,0.061557087324918165,-0.7322500357298023,0.22051087837635197,-0.02613359816672435,0.0595948853258466,1.519997680251071,0
sample_05099.html,0.8336178465569625,1.5119781630201112,0.21720495981792048,0.2448626346996382,0.49584842913173255,0.17520567282000463,-0.10977361938621372,0.5500467137445271,-0.08863515423432086,-0.24271150376198647,-0.02613359816672435,-0.07773678389835285,0.01562891481908683,0
sample_09318.html,-0.2408958394153357,-0.4368160929745119,-0.4197508576995181,-0.2612867673697645,0.006051606345979112,-0.2878359686540206,0.5684261156270678,0.34635009780583204,-7.851757030852685e-05,-0.2530894432669308,-0.02613359816672435,-0.002341842206247569,-0.7872033074716241,1
sample_04305.html,-0.4343083028903494,-0.4717720437546845,-0.4197508576995181,-0.44840866752875586,-1.7608662430834565,-0.22690943688112258,-0.10977361938621372,0.40139478109889704,0.22469931739013027,-0.2675630615711526,-0.02613359816672435,-0.10175897261407163,-0.46512826784994166,1
sample_03148.html,-0.44344166922111394,-0.4805110314497277,-0.5789898120788778,-0.3850121767645074,0.0595402354823181,-0.2634653559448614,1.58572571814699,-1.9925510562714843,0.039198919164220844,-0.2694943572651209,-0.02613359816672435,-0.10060127677235024,-0.38186106209139314,1
sample_07691.html,-0.005040085344416247,0.061306205642947774,0.9337802545250389,0.15488051877618883,0.9822006549142276,0.32142934907495996,0.9075259831337085,0.549794649332498,0.2824485933381301,0.04991309207582333,-0.02613359816672435,-0.04908381181574854,0.19911662319024498,0
sample_06553.html,-0.4520377787088923,-0.4805110314497277,-0.4993703348891979,-0.49237720144589586,-2.256016803315404,-0.3365771940723391,-0.44887348689285445,0.7697084350368484,1.3591102854980488,2.1264555415111324,-0.027419211925291086,-0.10364022835686888,-1.5522331665246654,1
sample_02520.html,-0.3042921468877013,-0.34942621602408036,-0.4993703348891979,-0.3727418882294916,0.7587092780196871,-0.3365771940723391,0.5684261156270678,0.5061957479250446,1.3915062504307985,-0.19627161190242812,0.007292359556010826,-0.07846034379942872,-0.7693068273296564,1
sample_09650.html,-0.15869554243845488,-0.17464646212321733,-0.26051190332015844,-0.16312445908963794,0.5765697072508097,0.028981996565049278,0.22932624812042704,0.47366247143814644,0.03007562721211866,-0.20283135762159615,-0.02613359816672435,-0.08048631152244115,-0.033723027188813065,0
sample_07588.html,0.0873680916492014,0.49825559039510536,-0.34013138050983827,-0.08234505956745043,-0.9212482368092801,-0.2208167837038328,-0.10977361938621372,0.41068274240442637,1.4627559455094357,-0.25630826942354457,-0.014563074339623712,-0.0574771066682286,0.28656168124539694,0
sample_04668.html,-0.44720246712201694,-0.4805110314497277,-0.5789898120788778,-0.4647690522421103,-0.5633257970126022,-0.29392862183131047,-0.10977361938621372,-1.9925510562714843,0.6209036889815405,-0.2694943572651209,-0.02613359816672435,-0.1034955163766537,-0.16831838403189633,1
sample_04787.html,-0.43054750498944633,-0.46303305605964135,-0.4197508576995181,-0.44431857135041725,-0.1487314748185537,-0.31220658136317986,-0.44887348689285445,0.5223674303170256,-0.5097827266859799,-0.2502257979275986,-0.002992550512523074,-0.10320609241622336,0.4224162281293869,1
sample_07559.html,-0.4520377787088923,-0.4805110314497277,-0.5789898120788778,-0.49237720144589586,-2.256016803315404,-0.3365771940723391,-0.44887348689285445,-1.9925510562714843,-1.4078000403100033,-0.2694943572651209,-0.027419211925291086,-0.10364022835686888,-1.3155472897162082,1
sample_04983.html,-0.06413833807289265,-0.4805110314497277,-0.5789898120788778,-0.37989955654158414,-1.9983116038061532,0.30315138954309057,-0.44887348689285445,-1.9925510562714843,-0.16625407805232068,-0.26724117895549127,0.027862179693078627,0.1967818425698309,-1.300965386388414,0
sample_05670.html,-0.4520377787088923,-0.4805110314497277,-0.4993703348891979,-0.49237720144589586,-2.256016803315404,-0.3365771940723391,-0.44887348689285445,0.025901976540891016,-1.0249125926468552,-0.26902818244243887,-0.027419211925291086,-0.10364022835686888,-0.906100176848487,1
sample_01130.html,-0.4520377787088923,-0.4805110314497277,-0.5789898120788778,-0.4903321533567266,-1.1404245471545424,-0.3365771940723391,-0.44887348689285445,-1.9925510562714843,-1.2478047464656208,-0.2694943572651209,-0.027419211925291086,-0.10364022835686888,-0.360981722266062,1
sample_08860.html,0.9824379920641259,2.420832883304599,0.2968244370076003,1.6027745659080561,0.5677463612229311,-0.29392862183131047,0.22932624812042704,0.5685453399624324,-0.21815943944026092,-0.1282988829951778,-0.02613359816672435,-0.08294641518609909,-0.26183626581370173,0
sample_01183.html,-0.4520377787088923,-0.4805110314497277,-0.5789898120788778,-0.486242057178388,-1.0200836873138628,-0.3365771940723391,-0.44887348689285445,-1.9925510562714843,0.19333343166059386,-0.2694943572651209,-0.027419211925291086,-0.10364022835686888,0.25538278721721513,1
sample_00484.html,-0.3521080059134686,-0.3057312775488646,-0.18089242613047862,-0.15903436291129933,0.38852943881367386,-0.21472413052654296,-0.10977361938621372,0.3525185543876895,-0.18649336608657727,-0.25649695923272536,-0.02613359816672435,-0.10103541271299576,0.6057194797160971,0
sample_06379.html,-0.4450534397500724,-0.4717720437546845,-0.4197508576995181,-0.44431857135041725,-0.3629198587063006,-0.3304845408950493,-0.10977361938621372,0.28610712914078423,-0.44322030167753296,-0.26673060653064906,0.009863587073144301,-0.1034955163766537,0.2830969366871418,1
sample_09377.html,1.6389658541932,2.429571870999642,0.6153023457663196,0.5679802327883883,0.3246513149149307,-0.31220658136317986,0.5684261156270678,0.71236001528595,-0.156263341359047,-0.198347199803417,-0.02613359816672435,0.0850641938437171,-0.025925112714988263,0
sample_06438.html,-0.35318251959944086,-0.34942621602408036,-0.34013138050983827,-0.38092208058616883,0.05456767328012151,-0.20863147734925316,-0.10977361938621372,0.37083395513777284,0.07565676714614873,-0.2558198957997825,-0.02613359816672435,-0.09076086211771846,-0.03945696307279223,1
sample_02150.html,-0.27850381842436617,-0.07851759747774266,-0.1012729489407988,-0.2449263826564101,0.9384249119233279,-0.31220658136317986,-0.10977361938621372,0.5646407359677079,0.34197336266348816,-0.18110983076472337,-0.02613359816672435,-0.08063102350265633,-0.08720782853578711,0
sample_02984.html,0.13410943698899638,0.6293404058207527,1.0133997317147188,0.08125878756609389,0.010614711446732669,-0.18426086464009395,-0.10977361938621372,0.6348325957395811,0.20362246844281334,0.11519976605238218,-0.02613359816672435,-0.08063102350265633,-0.941054568011777,0
sample_02775.html,2.3717841880263073,3.923938766852021,-0.34013138050983827,1.699914350143598,0.31075331947480056,0.07772322198336773,-0.10977361938621372,0.4849672650910694,-0.1330969394427942,-0.2214117541256355,-0.023562370649590873,0.7102199483732657,0.1145611273382816,0
sample_02535.html,1.1505993839187905,1.503239175325068,2.3669308439392753,1.5598285560355007,2.1012336988088967,-0.17816821146280412,-0.10977361938621372,0.5240340823282155,-0.43780784985349,0.4399682258541693,-0.017134301856757187,0.1393311864244071,0.7113519923629841,0
sample_05610.html,0.5268441892118714,0.9701609259274356,0.5356828685766397,0.2775834041263471,0.37921810053930893,-0.22690943688112258,0.22932624812042704,0.5667695985611032,0.422336824465432,-0.007903685337283604,-0.02613359816672435,-0.05299103528155823,-0.5254401735856721,0
sample_02535.html,-0.4455906965930585,-0.4717720437546845,-0.4197508576995181,-0.3850121767645074,-0.07703298735503164,-0.31220658136317986,0.22932624812042704,-0.22523451753595136,-5.370602151387268,-0.1912768816594068,-0.02613359816672435,-0.10306138043600818,6.319867184575502,1
sample_03410.html,-0.42087688181569566,-0.4193381175844256,-0.4993703348891979,-0.4259131385478935,0.3830520848205471,-0.30611392818589006,-0.10977361938621372,0.16414402472147002,-0.5906551431704595,-0.2688616914343382,-0.02613359816672435,-0.1034955163766537,-0.194369554157048,1
sample_01114.html,1.455224013891937,1.5381951261052407,-0.021653471751118984,0.3532501834256113,1.057674727954203,-0.21472413052654296,0.22932624812042704,0.5347394735261565,-0.5906382789575944,-0.2494377404892552,-0.005563778029656549,-0.05139920349919132,0.270927312980895,1
sample_08601.html,-0.10496985813983999,-0.0348226590025269,0.13758548262824066,0.004569484222244991,-0.22440352691671905,-0.08068576062616724,0.22932624812042704,0.35384916615600387,-0.8111242914851989,-0.17046550564681792,-0.02613359816672435,-0.07990746360158046,0.9453657099142988,0
sample_03513.html,0.277019757223312,0.8565540858918747,1.0133997317147188,0.14874537450868092,-0.08270541954773687,-0.17207555828551432,-0.10977361938621372,0.6309952968994534,0.19823850732744877,0.11343496136651464,-0.02613359816672435,-0.0764343760764163,-0.8881659787621168,0
sample_05137.html,-0.3993866080962497,-0.39312115449929613,-0.1012729489407988,-0.36660674396198367,0.13358635330062538,-0.31220658136317986,-0.44887348689285445,0.629805517023133,1.087641988397999,-0.1493655452201878,-0.02613359816672435,-0.09900944498998333,0.04704269529260452,1
sample_07686.html,-0.16675439508324713,-0.061039622087656356,-0.1012729489407988,-0.3635391718282297,-0.3407253410200975,-0.31829923454046966,-0.44887348689285445,0.6471859445829732,0.6499043566251141,-0.14380474554962405,-0.02613359816672435,-0.0677516572635059,-0.7237502257722398,0
sample_03553.html,-0.44129264184916933,-0.4542940683645982,-0.4993703348891979,-0.48419700908921864,-2.256016803315404,-0.32439188771775945,-0.44887348689285445,0.7389256873438448,1.8836104401387093,-0.2630789037529735,-0.011991846822490236,-0.10306138043600818,-1.2597206903264768,0
sample_02494.html,-0.3961630670383328,-0.4193381175844256,-0.34013138050983827,-0.345133739025706,-0.05573821426814359,-0.275650662299441,-0.10977361938621372,0.5699676324388727,0.56148756237122,-0.07840707756766473,-0.011991846822490236,-0.10103541271299576,-0.7811953330555339,1
sample_03164.html,0.2678863908925475,0.4720386273099759,-0.26051190332015844,-0.04757924205157226,0.19402583937121237,-0.22690943688112258,0.22932624812042704,0.5823129263377771,1.5608149262149882,-0.22826008425884475,-0.02613359816672435,0.1197950690953587,-1.1840981152974255,0
sample_03630.html,-0.3993866080962497,-0.46303305605964135,-0.26051190332015844,-0.3349084985798595,0.32369966977636333,-0.1537975987536449,-0.10977361938621372,-0.33618781551801763,-1.6306307397937518,-0.19434031620845987,-0.02613359816672435,-0.10016714083170472,2.585145298580153,0
sample_03114.html,-0.44129264184916933,-0.4542940683645982,-0.4993703348891979,-0.48419700908921864,-2.256016803315404,-0.32439188771775945,-0.44887348689285445,0.7753683609786907,1.9634662888759056,-0.2626793253335318,-0.011991846822490236,-0.10306138043600818,-1.267166666262036,0
sample_05827.html,-0.16782890876921944,-0.09599557286782896,-0.021653471751118984,-0.3860347008090921,-1.7385675912347753,-0.31829923454046966,-0.44887348689285445,0.7382341171940385,0.4502786157623406,-0.23868242136594928,-0.0209911431324574,-0.08164400736416254,-1.0868123634104032,1
sample_04874.html,0.23672549399935086,0.5769064796504938,-0.1012729489407988,0.004569484222244991,-0.028615919034092767,-0.31220658136317986,-0.10977361938621372,0.7785314735889906,-0.04222365589194523,-0.2252521467124919,-0.01970552937389066,-0.0006052984436654894,0.3197983218629323,0
sample_09616.html,-0.3316922458799949,-0.4805110314497277,-0.5789898120788778,-0.251061526923918,0.9714599019047805,-0.025851882030558975,0.5684261156270678,-1.9925510562714843,-0.7827886104756212,-0.2694943572651209,-0.01584868809819045,-0.10320609241622336,0.1869925269855034,1
sample_07621.html,-0.3096647153175628,-0.3406872283290372,-0.4993703348891979,-0.37376441227407625,0.06381297614258408,-0.2695580091221512,-0.10977361938621372,0.3316516123233787,-2.6902536825969823,-0.26031515301850167,-0.02613359816672435,-0.0910502860781488,3.566025188243186,1
sample_08385.html,-0.4520377787088923,-0.4805110314497277,-0.5789898120788778,-0.4913546774013112,-0.6623135759026932,-0.3365771940723391,-0.44887348689285445,-1.9925510562714843,-0.8464810807000988,-0.2694943572651209,-0.027419211925291086,-0.10364022835686888,-0.9599748041676823,1
sample_09940.html,-0.44129264184916933,-0.4717720437546845,-0.34013138050983827,-0.43307080685998606,-0.7419987387873467,-0.30611392818589006,-0.10977361938621372,0.3903727218238497,0.07585469053369225,-0.26165818048384737,-0.02613359816672435,-0.10219310855471715,-0.6016902771663944,1
sample_09612.html,0.5123382544512454,0.9701609259274356,1.1726386860940783,0.72442641160984,0.38395509364280944,0.3640779213159886,-0.10977361938621372,0.6077102357379345,0.4035914162517875,0.23666050616212095,-0.02613359816672435,0.028047673638938824,-0.2981661820396416,0
sample_08607.html,0.6794251326199378,0.9963778890125651,0.854160777335359,0.13545256192908045,1.3301916509737433,-0.29392862183131047,-0.10977361938621372,0.6022324525317742,0.6980520165404047,0.29699684749781863,-0.02613359816672435,0.06248912493015007,-0.8424148814236433,1
sample_03771.html,-0.4520377787088923,-0.4805110314497277,-0.4993703348891979,-0.49237720144589586,-2.256016803315404,-0.3365771940723391,-0.44887348689285445,0.7697390010992521,1.3592723457167761,2.1264777403122124,-0.027419211925291086,-0.10364022835686888,-1.5522331665246654,1
sample_01622.html,-0.42732396393152944,-0.4717720437546845,-0.5789898120788778,-0.46579157628669493,-0.54588240730255,-0.31829923454046966,-0.44887348689285445,-1.9925510562714843,0.8295883627687616,-0.2694943572651209,0.011149200831711038,-0.1003118528119199,1.223867814595538,1
sample_06440.html,-0.28280187316825534,-0.17464646212321733,0.21720495981792048,-0.2561741471468413,-0.2953759094847104,-0.22690943688112258,0.22932624812042704,0.5665879874808893,1.4261595375082932,-0.24024743684209596,-0.011991846822490236,-0.08945845429578189,-0.8136334823129121,0
sample_04008.html,0.2931374625128965,0.8565540858918747,-0.1012729489407988,-0.042466621828649,0.04010414970038417,-0.30002127500860026,-0.10977361938621372,0.6773864144678959,-0.08337342711746945,-0.22601800534975516,-0.01970552937389066,-0.0029206901271082624,0.019859830383481214,0
sample_05754.html,-0.05769125595705886,-0.2882533021587783,0.6153023457663196,0.04649297005021572,0.8832712868410664,0.37626322767056825,-0.10977361938621372,0.5369818142163352,0.7758272452685746,-0.2108562242120504,-0.013277460581056975,-0.06529155359984795,0.12235350080748472,0
sample_05180.html,-0.3096647153175628,-0.3406872283290372,-0.4993703348891979,-0.37376441227407625,0.06381297614258408,-0.2695580091221512,-0.10977361938621372,0.3316516123233787,-2.6901914969386413,-0.26031515301850167,-0.02613359816672435,-0.0910502860781488,3.566025188243186,1
sample_08431.html,0.17332918652698526,-0.04356164669757005,-0.18089242613047862,0.213164389317514,0.4705373779325652,0.7661930310171158,-0.10977361938621372,0.5958444416628422,-0.25212574353220696,-0.21278751990601866,-0.023562370649590873,-0.04257177270606575,0.3562898137836462,0
sample_09906.html,-0.3096647153175628,-0.3406872283290372,-0.4993703348891979,-0.37376441227407625,0.06381297614258408,-0.2695580091221512,-0.10977361938621372,0.3316516123233787,-2.690243490421915,-0.26031515301850167,-0.02613359816672435,-0.0910502860781488,3.566025188243186,1
sample_06519.html,-0.4520377787088923,-0.4805110314497277,-0.4993703348891979,-0.4913546774013112,-2.256016803315404,-0.3365771940723391,-0.44887348689285445,0.5853806618992407,0.5355611307769343,-0.24921575247845426,-0.027419211925291086,-0.10364022835686888,-0.7580929812888805,1
sample_07036.html,-0.4488142376509754,-0.4805110314497277,-0.5789898120788778,-0.40341760956703115,-0.7499493200178196,-0.31829923454046966,-0.44887348689285445,-1.9925510562714843,-1.6461781020093273,-0.2694943572651209,-0.014563074339623712,-0.10364022835686888,1.1324380441084134,0
sample_05510.html,-0.4337710460473632,-0.46303305605964135,-0.5789898120788778,-0.45454381179626374,-0.25988125181169797,-0.30002127500860026,-0.44887348689285445,-1.9925510562714843,-0.03856169339778342,-0.2694610590635007,-0.014563074339623712,-0.10306138043600818,-0.37512802440462917,1
sample_01872.html,0.0862935779632291,0.2623029226289403,4.75551515962967,0.4002862894765053,0.8120509868430443,0.028981996565049278,0.22932624812042704,0.6335322324969799,0.7474866304016381,16.03540294265858,-0.02613359816672435,-0.03548088567552225,-1.126453701337297,0
sample_07791.html,0.6987663789674391,0.8041201597216157,0.13758548262824066,1.7387702638378149,0.3775045591181651,1.1987714066046922,-0.10977361938621372,0.6262835190073277,-0.2801057928243089,-0.08169250012751876,-0.02613359816672435,-0.09018201419685776,-0.21810617494452392,0
sample_09293.html,0.35814554051422054,0.27104191032398345,0.45606339138695995,0.5904757617692505,0.31896471151314154,0.2787807768339313,-0.10977361938621372,0.4644885927143846,-0.4540842229700459,-0.21383086355678313,-0.02613359816672435,-0.0016182823051717025,0.4612669755168313,0
sample_09140.html,0.10885836536864736,0.6905133196860547,-0.5789898120788778,0.19373643247040562,0.8373253019078938,-0.2208167837038328,0.22932624812042704,-1.9925510562714843,0.05191907038409271,-0.2693500650581003,-0.01584868809819045,-0.04315062062692644,-0.21462158707089324,1
sample_07806.html,-0.28871169844110295,-0.4193381175844256,-0.4993703348891979,-0.3768319844078302,0.10820027342225229,-0.1477049455763551,-0.44887348689285445,-0.47564489890900213,1.2128502994758146,-0.2691502758483794,0.006006745797444088,-0.0959704934054647,-0.5840167931257267,1
sample_03830.html,-0.155472001380538,0.2186079841537245,-0.18089242613047862,-0.368651792051153,-0.7397151513966914,-0.32439188771775945,-0.10977361938621372,0.3979806630177331,-0.09983053494835592,0.48695198834018993,-0.01970552937389066,-0.0948127975637433,-1.3834794587987573,0
sample_05902.html,0.06534056108676929,0.5244725534802348,-0.26051190332015844,-0.0935928240578816,0.2493564289409283,-0.23909474323570218,-0.44887348689285445,0.42340513685635844,-0.2725642347698237,-0.261791373290328,-0.02613359816672435,-0.02158853557486562,0.06488589052659681,0
sample_02386.html,-0.4520377787088923,-0.4805110314497277,-0.4993703348891979,-0.49237720144589586,-2.256016803315404,-0.3365771940723391,-0.44887348689285445,0.1816032717824125,-1.7220570042063035,-0.09904086317161286,-0.027419211925291086,-0.10364022835686888,-1.548367826888735,1
sample_04055.html,0.3619063384151236,0.7953811720265725,0.3764439141972801,0.5505973240304491,1.4645700260472356,-0.0502224947397182,-0.10977361938621372,0.7309236666090657,0.25617228275985043,-0.16483810957301387,-0.018419915615323922,-0.06283144993619001,0.2662341472544571,0
sample_03165.html,-0.4520377787088923,-0.4805110314497277,-0.4993703348891979,-0.4852195331338033,-1.1949101269060118,-0.3365771940723391,-0.44887348689285445,0.06406476002285062,-1.4337690328617196,-0.2494599392903353,-0.027419211925291086,-0.10364022835686888,2.416067461640352,1
sample_06202.html,-0.4300102481464602,-0.4542940683645982,-0.4993703348891979,-0.46681410033127957,0.4933656938609411,-0.31220658136317986,-0.10977361938621372,0.2609647283880275,0.40695768979028374,-0.2686397034235372,-0.0017069367539563366,-0.10016714083170472,0.0016925841615438965,1
sample_00564.html,0.45646354278068585,1.0837677659629965,1.8892139808011965,0.7796427100174111,0.6776708494525249,-0.0014812693213997515,0.9075259831337085,0.6297796911911716,0.7080765022600676,0.589288461319427,-0.02613359816672435,0.13802877860247054,-0.6422671322383294,0
sample_00844.html,3.016492399609686,4.80657652405138,2.7650282298876747,1.4902969210037444,1.815438649625205,-0.2634653559448614,0.5684261156270678,0.5570329681080731,0.008375948300340936,0.6671729549089397,-0.02613359816672435,0.04584724720540514,0.5577207944510965,0
sample_00199.html,0.7089742589841759,1.162418655218385,0.5356828685766397,0.2489527308779768,1.0124409673989456,-0.30002127500860026,0.5684261156270678,0.6699780669328275,0.7026162054100596,4.143327613643146,-0.02613359816672435,0.11545370968890349,-1.2307519531088944,0
sample_06080.html,-0.2494919489031141,-0.2358193759885194,0.21720495981792048,-0.1508541705546221,1.215155952823676,-0.245187396412992,0.22932624812042704,0.5680716621301419,0.16887315912779835,-0.04202324259738933,-0.02613359816672435,-0.09770703716804677,0.4067438681296659,0
sample_08783.html,-0.4488142376509754,-0.4805110314497277,-0.4993703348891979,-0.48828710526755725,-1.0223724526462987,-0.3304845408950493,-0.44887348689285445,0.0501345861224434,-1.1787932149206863,-0.2617802738897879,0.007292359556010826,-0.10364022835686888,1.8732570506042938,1
sample_04880.html,-0.3182608248053412,-0.38438216680425297,-0.4993703348891979,-0.4463636194395865,0.15356101770061767,-0.31829923454046966,-0.10977361938621372,0.7191852717500068,2.246241308091101,-0.20165482116435113,0.02529095217594515,0.1073498387968538,-0.2891878249788306,1
sample_08558.html,-0.26883319525061544,-0.17464646212321733,-0.4197508576995181,-0.4085302297899544,-0.7158712684870633,-0.3365771940723391,-0.44887348689285445,0.711065143874397,0.5684705258849625,-0.24385474201761137,-0.01584868809819045,-0.09394452568245226,-0.6191445460265628,0
sample_01475.html,-0.35586880381437164,-0.38438216680425297,-0.34013138050983827,-0.2428813345672408,0.7355369650749062,-0.25128004959028183,-0.44887348689285445,0.47154902928097353,-0.2282640436902126,-0.25657465503650567,-0.02613359816672435,-0.09770703716804677,0.6652709510151795,1
sample_03741.html,-0.34458641011166247,-0.3581652037191235,-0.34013138050983827,-0.3788770324969995,0.3422335521936447,-0.30611392818589006,-0.44887348689285445,0.48972254890849987,0.5072500804279261,-0.26042614702390215,-0.0107062330639235,-0.0969834772669709,-0.23145077845908246,1
sample_00694.html,0.7804294191013338,1.3197204337291617,0.7745413001456792,0.3634754238714578,0.7316563308690639,-0.1294269860444857,0.5684261156270678,0.7408269771204359,0.48655754703792065,-0.1713978552921819,-0.011991846822490236,0.17160195801239073,-0.18413371498851985,0
sample_07289.html,0.8884180445415497,1.0313338397927376,1.0930192089043984,0.38392590476315086,1.2576200837970577,0.32752200225224976,0.9075259831337085,0.6981684475124933,1.3729147960773374,2.564659874832204,-0.01584868809819045,0.41544164467495776,-0.9107051167436869,0
sample_07378.html,-0.44612795343604467,-0.4805110314497277,-0.5789898120788778,-0.41364285001287765,0.16877775315531293,-0.30002127500860026,-0.10977361938621372,-1.9925510562714843,-0.6489702444898202,-0.2694943572651209,-0.02613359816672435,-0.10291666845579302,0.07010515182598044,1
sample_01075.html,0.3205375615051901,0.5856454673455369,1.3318776404734378,0.22236710571877585,1.1662263772757495,0.163020366465425,-0.10977361938621372,0.5826029485225702,0.14132228332369823,-0.02641748543808268,-0.02613359816672435,0.13035904365106635,0.38799832355241565,0
sample_04061.html,-0.43538281657632166,-0.46303305605964135,-0.34013138050983827,-0.44329604730583255,-0.14119792077984653,-0.31829923454046966,-0.44887348689285445,0.5331206200119543,-1.2706248770879394,-0.24359945580519027,0.006006745797444088,-0.09625991736589504,-1.419762152627661,1
sample_01908.html,-0.425712193402571,-0.4542940683645982,-0.5789898120788778,-0.19993532469468542,0.9447370228043687,-0.2878359686540206,-0.10977361938621372,-1.9925510562714843,-1.5193052192168768,-0.2694166614613405,-0.017134301856757187,-0.10306138043600818,1.4324037842929462,1
sample_06507.html,0.18085078232879134,0.7429472458563137,-0.26051190332015844,-0.007700804312770832,0.48463848192408787,-0.07459310744887743,0.5684261156270678,0.32293881046902057,-0.1359438214908854,-0.23551909221203576,-0.018419915615323922,0.005038468784726269,0.19429995173019984,0
sample_06664.html,-0.4520377787088923,-0.4805110314497277,-0.5789898120788778,-0.48828710526755725,-0.4857802989613899,-0.3365771940723391,-0.44887348689285445,-1.9925510562714843,-2.374105694263592,-0.2694943572651209,-0.027419211925291086,-0.10364022835686888,-0.06926926283400898,0
sample_05163.html,-0.3821943891206929,-0.2882533021587783,-0.5789898120788778,-0.37376441227407625,1.0481535649443108,-0.31829923454046966,-0.44887348689285445,-1.9925510562714843,-0.21813367831863686,-0.2694943572651209,-0.02613359816672435,-0.10204839657450197,0.2289025477694614,1
sample_02586.html,-0.38810421439354054,-0.44555508066955507,-0.5789898120788778,-0.32161568600025897,-0.602580161240607,-0.07459310744887743,-0.44887348689285445,-1.9925510562714843,-1.3017784601713238,-0.2694943572651209,-0.011991846822490236,-0.08149929538394736,1.3249272122702414,0
sample_02158.html,0.22812938451157247,0.37590976266450127,3.879700910543192,0.4002862894765053,1.3168221447352897,-0.09287106698074685,-0.10977361938621372,0.7082165727193315,1.2759864901583808,6.656809064737962,-0.02613359816672435,-0.0017629942853868757,-1.046291296476767,0
sample_03065.html,-0.4429044123781278,-0.4805110314497277,-0.5789898120788778,-0.44329604730583255,-0.06936590903517763,-0.275650662299441,-0.10977361938621372,-1.9925510562714843,-0.37220232536430614,-0.2694943572651209,-0.02613359816672435,-0.10364022835686888,-0.09724673388122487,1
sample_05389.html,-0.43538281657632166,-0.46303305605964135,-0.4197508576995181,-0.4749942926879568,-0.9381150702721435,-0.3365771940723391,-0.44887348689285445,0.5803923037233554,0.45876557659437917,-0.21183297145957458,0.0780011162771814,-0.10089070073278059,-0.75193097998196,1
sample_06367.html,-0.13022092976018898,-0.11347354825791527,0.6153023457663196,-0.25208405096850267,0.8744166854242634,-0.17816821146280412,-0.10977361938621372,0.8084399344999197,1.640056141474145,0.43904697560934536,-0.02613359816672435,-0.06572568954049347,-1.2215985785279797,0
sample_03130.html,0.036865948408503386,0.5506895165653642,1.650355549232157,0.7868003783295038,-0.16044967789046033,-0.025851882030558975,0.5684261156270678,0.6957104984384264,0.8645087373647097,0.32789757860131064,-0.02613359816672435,0.01922024284581325,-0.37774439552347294,0
sample_01913.html,0.558005086105068,1.0138558644026514,0.3764439141972801,0.01990734489101477,0.44123999589843516,-0.2695580091221512,-0.10977361938621372,0.7679768166695911,0.4018483895099149,-0.15717952320038117,-0.02613359816672435,-0.014787072504752473,-0.29259498220199237,0
sample_08362.html,0.005705051515306735,-0.06977860978269951,-0.18089242613047862,-0.2060704689621933,0.14721105031189138,-0.09896372015803664,-0.44887348689285445,0.6221464305732293,0.5220541966885128,-0.21006816677370704,-0.02613359816672435,-0.09336567776159158,-0.6584677129492396,0
sample_03575.html,0.37157696158887427,0.7254692704662273,1.2522581632837582,0.700908358584393,1.570539899092282,0.24222485777019248,1.9248255856536307,0.4544176048658329,-0.07776785958421835,-0.04777273207713389,-0.02613359816672435,0.08969497721060266,1.2284932496890097,0
sample_03102.html,4.045876510771148,2.315965030964081,-0.18089242613047862,4.613085353165272,1.0190094984354672,8.107840109651333,-0.10977361938621372,0.55441291121269,-0.5836852765244264,-0.18960087217785965,-0.01970552937389066,0.44771241626294145,1.2244587334037302,0
sample_09705.html,-0.2177937951669313,-0.15716848673313102,-0.26051190332015844,-0.28889491657355015,0.11751529984462261,-0.14161229239906528,-0.44887348689285445,0.9534477816130909,0.6516416795600695,-0.21446352938756583,-0.02613359816672435,-0.08685363865190877,-0.24823961829596636,0
sample_08473.html,-0.11840127921449371,0.026350254862775167,-0.021653471751118984,-0.2633318154589338,0.09124089711921296,-0.18426086464009395,0.22932624812042704,0.6163538932496475,0.007806819098606979,-0.24474269406081514,-0.02613359816672435,-0.07252715261060662,-0.04304244938117284,0
sample_09480.html,-0.29354701002797834,-0.4717720437546845,-0.34013138050983827,-0.36558421991739903,1.27598020538911,-0.06240780109429781,-0.44887348689285445,0.6220971123670046,0.5364019311433138,-0.261791373290328,-0.02613359816672435,-0.015800056366258686,-0.022127621050945897,0
sample_01424.html,-0.03781275276657134,0.24482494723885398,0.45606339138695995,-0.08030001147828113,0.8002707211426366,-0.09896372015803664,-0.44887348689285445,0.5583747470688656,0.019947733919388044,-0.18435085572241722,-0.004278164271089811,-0.08309112716631427,-0.1545504738395425,0
sample_05210.html,-0.3526452627564547,-0.39312115449929613,0.2968244370076003,-0.2899174406181348,1.3702635486201598,-0.31829923454046966,-0.10977361938621372,0.7325901321766942,1.562613371299366,-0.12654517770985033,-0.02613359816672435,0.006340876606662829,-0.40565248015516503,1
sample_09473.html,-0.4198023681297234,-0.4805110314497277,-0.5789898120788778,0.0086595804005836,2.750837284267311,-0.10505637333532646,-0.10977361938621372,-1.9925510562714843,-2.6007542800395176,-0.2694943572651209,-0.02613359816672435,-0.10233782053493232,3.3173984203992735,1
sample_00776.html,-0.328468704822078,-0.31447026524390775,0.13758548262824066,-0.31445801768816645,0.36018407739459124,-0.19035351781738374,-0.44887348689285445,0.5672857117248107,0.26308079034890636,-0.1750051604676973,-0.023562370649590873,-0.053859307162849264,-0.43808189418172755,0
sample_07146.html,-0.10443260129685383,-0.27951431446373515,-0.18089242613047862,-0.18255241593674632,-0.37728335414055075,0.2239468982383231,-0.10977361938621372,0.5640308334386158,-0.8358568609275966,-0.2598267793947396,-0.01970552937389066,-0.08916903033535155,0.9245775815438724,0
sample_00314.html,-0.39455129650937437,-0.34942621602408036,-0.4993703348891979,-0.38807974889826136,-0.08330256644060335,-0.3304845408950493,-0.10977361938621372,0.6116779989456655,0.5662326044089818,-0.1919317462912696,-0.0209911431324574,-0.08540651884975704,-1.1034106969895583,1
sample_03018.html,-0.4310847618324325,-0.46303305605964135,-0.5789898120788778,-0.4688591484204489,-0.36259086863695095,-0.29392862183131047,-0.44887348689285445,-1.9925510562714843,0.00037260849284860803,-0.26943886026242064,-0.014563074339623712,-0.10277195647557784,-0.20074867158154033,1
sample_07871.html,-0.42678670708854327,-0.4717720437546845,-0.34013138050983827,-0.44022847517207864,-0.46774732639272143,-0.245187396412992,-0.10977361938621372,0.7103324721443799,0.8069371111826481,-0.2578510860986111,-0.02613359816672435,-0.10277195647557784,-0.6899641260987417,1
sample_08175.html,-0.436457330262294,-0.4805110314497277,-0.5789898120788778,-0.41466537405746234,0.42914483866489467,-0.23300209005841238,-0.10977361938621372,-1.9925510562714843,-1.089610874500559,-0.26943886026242064,-0.02613359816672435,-0.10320609241622336,0.25224883411605653,1
sample_01954.html,0.6326837872801427,0.6905133196860547,2.685408752697995,0.7346516520556865,0.8418252058385617,0.5955987420530012,2.2639254531602715,0.4066305998903296,-0.0077921915392378405,0.26784982167965415,-0.02613359816672435,0.09606230434007028,0.479567362301589,0
sample_03435.html,-0.38917872807951287,-0.4018601421943393,-0.4197508576995181,-0.4576113839300177,-0.8796367463051897,-0.3304845408950493,-0.10977361938621372,0.21629013308473186,-2.1236256632856105,-0.26557626887448416,-0.02613359816672435,-0.0997330048910592,2.8929209087708356,1
sample_02431.html,-0.14580137820678732,-0.3669041914141667,-0.021653471751118984,0.04956054218396968,1.3597114846540588,0.19348363235187405,-0.44887348689285445,0.6235507273617564,-0.538610768548849,-0.2146189209951265,-0.02613359816672435,-0.0969834772669709,0.8490194646956458,0
sample_04102.html,-0.44344166922111394,-0.4717720437546845,-0.34013138050983827,-0.4576113839300177,-1.4903065154402204,-0.31829923454046966,0.22932624812042704,0.340009227055062,0.12028035506513798,-0.24819460762876988,-0.005563778029656549,-0.10291666845579302,0.12479445023882861,1
sample_08741.html,0.3844711258205419,0.2972588734091129,0.5356828685766397,0.5505973240304491,0.4970978210628701,0.2239468982383231,0.22932624812042704,0.6184074020558501,0.29092326330316615,-0.18703691065310868,-0.02613359816672435,-0.022312095475941485,-0.4270709271360598,0
sample_08283.html,2.9799589342866284,2.1411852770632183,-0.18089242613047862,3.122245296160849,0.5070710698668299,4.6228424922415625,-0.10977361938621372,0.5865092169145039,-0.4028680514130388,-0.1993128476504011,-0.0209911431324574,0.4016940065545163,0.9267016115861613,0
sample_04464.html,-0.4520377787088923,-0.4805110314497277,-0.4993703348891979,-0.483174485044634,-1.1144952497067615,-0.3365771940723391,-0.44887348689285445,0.03953790899986893,-1.494184690475955,-0.2515133283902441,-0.027419211925291086,-0.10364022835686888,2.428832332657225,1
sample_05542.html,-0.02867938643580681,0.27978089801902656,0.2968244370076003,-0.045534193962402957,0.038157794693422044,-0.25128004959028183,1.2466258506403491,0.7613095084904169,0.3077477993027601,-0.1980697147899158,-0.02613359816672435,-0.08410411102782048,-0.028806552457284373,0
sample_06516.html,-0.144726864520815,0.19239102106859504,0.3764439141972801,-0.01792604475861735,0.7633409318023303,-0.31220658136317986,0.22932624812042704,0.2716176468906336,-0.6109949984621957,-0.13979786195466692,-0.02613359816672435,-0.07151416874910041,1.179034294584789,0
sample_00804.html,2.589373209435698,1.8091037446515783,-0.021653471751118984,1.9371399284872373,0.8855772816990763,0.601691395230291,14.132420815892697,0.37592535639736574,0.4959931578260811,-0.237683475317345,-0.02613359816672435,0.2637834894094561,-0.3211804122763204,0
sample_06611.html,-0.15815828559546874,-0.4105991298893824,-0.34013138050983827,-0.35433645542696784,0.08592306612543707,-0.29392862183131047,0.22932624812042704,0.7496560134259991,1.937460820285826,-0.19907976023906013,-0.02613359816672435,0.27290034416301207,0.10291384435949592,1
sample_07936.html,-0.4036846628401389,-0.4018601421943393,-0.4993703348891979,-0.4064851817007851,0.9518734680729665,-0.3365771940723391,-0.10977361938621372,0.42594168742850946,-0.35452893414143355,-0.26529878386098293,0.01629165586597799,-0.10089070073278059,0.4939973378014802,1
sample_06112.html,-0.40099837862520815,-0.3581652037191235,-0.5789898120788778,-0.10688563663748207,0.39163792986267915,-0.2878359686540206,0.22932624812042704,-1.9925510562714843,0.24808378498633923,-0.2694943572651209,-0.02613359816672435,-0.1003118528119199,-0.3209684199583164,1
sample_01132.html,-0.2591625720768648,-0.1659074744281742,0.21720495981792048,-0.2469714307455794,0.10885185834864737,-0.23909474323570218,-0.44887348689285445,0.6345453692371489,0.5308666788026859,-0.11614503940382591,-0.0209911431324574,-0.05516171498478582,-0.4301127170332841,0
sample_09999.html,-0.3574805743433301,-0.4193381175844256,0.7745413001456792,-0.3492238352040446,0.042240834946274584,-0.20863147734925316,-0.10977361938621372,0.6150972301443942,0.6935705599094011,0.034329533717596776,-0.0017069367539563366,-0.09915415697019851,-0.7991521645160773,1
sample_00960.html,-0.11840127921449371,-0.31447026524390775,-0.26051190332015844,-0.013835948580278744,1.6548042096131013,0.10818648786981676,-0.10977361938621372,0.24199418632659303,-0.7495633686690206,-0.25187960860806563,-0.011991846822490236,-0.06963291300630316,1.7451688800995868,0
sample_07059.html,-0.4343083028903494,-0.4717720437546845,-0.4197508576995181,-0.44022847517207864,0.06416672343532498,-0.2817433154767308,-0.10977361938621372,0.3600250372681366,0.7643539874419611,-0.25508733536413936,-0.02613359816672435,-0.10320609241622336,0.4859744194270338,1
sample_06652.html,0.0905916327071183,0.5244725534802348,0.854160777335359,-0.05575943440824947,-0.16086590568068806,-0.245187396412992,0.9075259831337085,0.6882264587016795,0.2799778458114256,-0.1289093500248804,-0.02613359816672435,-0.04590014825101473,-0.35987908842162497,0
sample_07416.html,-0.38488067333562365,-0.44555508066955507,-0.5789898120788778,-0.4259131385478935,-0.24308551058107275,-0.245187396412992,-0.44887348689285445,-1.9925510562714843,-0.4087450223023947,-0.2694943572651209,-0.002992550512523074,-0.09683876528675574,-0.45685022858504587,1
sample_05608.html,0.6214013935774336,0.09626215642312039,0.21720495981792048,0.32461951017724106,0.29661999717886456,0.7783783373716955,-0.44887348689285445,0.46877038951285716,0.2330277587413696,-0.1726631869537473,-0.02613359816672435,-0.023180367357232525,-0.4755981199407241,0
sample_00412.html,-0.09744826233803389,-0.2183414005984331,-0.4993703348891979,-0.03428642947197178,0.40186913100840105,-0.08677841380345704,-0.10977361938621372,0.15087492482480108,-1.4335655962233385,-0.26707468794739053,-0.004278164271089811,-0.07484254429404939,1.327510089645853,1
sample_05315.html,-0.19200546670359614,-0.34942621602408036,-0.18089242613047862,-0.1978902766055161,-0.44166843184802057,-0.0502224947397182,-0.10977361938621372,0.7879894184997135,1.8167614136394328,-0.24467609765757486,-0.02613359816672435,-0.05675354676715273,-0.8080847724351986,0
sample_09412.html,-0.050169660155252774,0.4545606519198896,0.45606339138695995,0.06080830667440085,1.177546569222781,-0.06850045427158762,0.22932624812042704,0.5335484885641084,-0.15749542030481317,-0.16569276341459752,-0.01970552937389066,-0.07093532082823971,0.20119120139599048,0
sample_05698.html,-0.4289357344604879,-0.46303305605964135,-0.4993703348891979,-0.47397176864337215,-1.5435377130570114,-0.31829923454046966,-0.10977361938621372,0.43619300261567,-0.22157088764455046,-0.26772955257925335,-0.006849391788223287,-0.10089070073278059,0.5328237178062468,0
sample_07060.html,-0.4171160839147926,-0.46303305605964135,-0.4993703348891979,-0.4064851817007851,-0.23422037159854084,-0.2695580091221512,-0.44887348689285445,0.650035497965447,1.181411034205919,-0.26498800064586164,-0.009420619305356762,-0.10118012469321093,-0.5651788376290418,1
sample_07512.html,0.2850786098681043,-0.42807710527946874,-0.4197508576995181,-0.004633232179016876,1.3411237758665469,0.7418224183079566,-0.44887348689285445,0.5214003864065755,0.25535128992521117,20.60665775687548,-0.02613359816672435,0.12066334097664974,-0.5308090550475044,0
sample_07935.html,0.18729786444462512,-0.3319482406339941,-0.34013138050983827,0.29905640906262476,1.0761430109967844,0.8088416032581446,0.22932624812042704,0.4377800131232856,-0.6525161660579877,-0.25480985035063813,-0.02613359816672435,-0.0872877745925543,0.11863755969381838,1
sample_06850.html,-0.3999238649392358,-0.42807710527946874,-0.26051190332015844,-0.21629570940803983,-0.33063531297478427,-0.19644617099467354,1.58572571814699,0.551840208068716,0.10811903529356591,-0.13236126359283518,-0.02613359816672435,-0.10306138043600818,-0.3067778810463797,1
sample_03365.html,0.23081566872650322,0.6118624304306663,4.277798296491591,0.4473223955273993,0.9026197654817142,-0.2634653559448614,2.2639254531602715,0.5607789576706074,0.12490581286389513,0.5037231825562015,-0.02613359816672435,-0.07021176092716384,0.15885973831932168,0
sample_06406.html,-0.42195139550166794,-0.4805110314497277,-0.34013138050983827,-0.35842655160530645,0.4257167262903229,-0.2817433154767308,-0.10977361938621372,0.14452861905000491,0.40219957406055135,-0.2562749712219244,-0.005563778029656549,-0.10060127677235024,-0.04216557562151772,1
sample_02991.html,-0.44397892606410005,-0.4805110314497277,-0.5789898120788778,-0.21834075749720913,0.9089295568870798,-0.2634653559448614,-0.10977361938621372,-1.9925510562714843,-1.3603550482055098,-0.2694943572651209,-0.02613359816672435,-0.1034955163766537,1.3218091520741044,1
sample_02725.html,-0.30268037635874284,-0.3319482406339941,-0.4993703348891979,-0.36660674396198367,0.1450017406474816,-0.2695580091221512,-0.10977361938621372,0.343253371727165,-2.671862868342712,-0.25871683934073486,-0.02613359816672435,-0.0910502860781488,3.551261852867586,1
sample_05167.html,0.0905916327071183,0.6992523073810979,0.6949218229559994,0.31030417355305595,0.1528524330221293,-0.06240780109429781,-0.44887348689285445,0.5301885609838004,-0.3051696053813324,-0.2000121098844241,-0.023562370649590873,-0.09741761320761642,0.6948920013721648,0
sample_08407.html,-0.3096647153175628,-0.3406872283290372,-0.4993703348891979,-0.37376441227407625,0.06381297614258408,-0.2695580091221512,-0.10977361938621372,0.3316516123233787,-2.6902211515844425,-0.26031515301850167,-0.02613359816672435,-0.0910502860781488,3.566025188243186,1
sample_02528.html,-0.33061773219402263,-0.4717720437546845,4.277798296491591,-0.2899174406181348,-0.6879266676496614,-0.1537975987536449,0.5684261156270678,0.5081314627573356,0.29587255055510064,0.04936922144936101,0.022719724658811676,-0.10016714083170472,0.45264000941265287,1
sample_04030.html,-0.3424373827397179,-0.4018601421943393,-0.4993703348891979,-0.38194460463075347,0.29237840289822226,-0.31829923454046966,0.22932624812042704,0.0472756464719266,-2.590032160794621,-0.2359519688330976,-0.02613359816672435,-0.03779627735896503,3.7817067853503326,1
sample_07728.html,-0.4520377787088923,-0.4805110314497277,-0.5789898120788778,-0.486242057178388,-1.0200836873138628,-0.3365771940723391,-0.44887348689285445,-1.9925510562714843,0.19333343166059386,-0.2694943572651209,-0.027419211925291086,-0.10364022835686888,0.25538278721721513,1
sample_09549.html,-0.3999238649392358,-0.4542940683645982,-0.26051190332015844,-0.415687898102047,-0.32638593664129023,-0.32439188771775945,-0.10977361938621372,0.5053284309276664,1.1488470786402971,-0.25998217100230026,-0.014563074339623712,0.008656268290105601,-0.89300746088521,1
sample_08729.html,-0.1312954434461613,-0.11347354825791527,0.6153023457663196,-0.25208405096850267,0.701891111196922,-0.17816821146280412,-0.10977361938621372,0.8086801087651403,1.6382985989943113,0.4411003647092541,-0.02613359816672435,-0.06630453746135417,-1.2245481921836119,0
sample_00626.html,-0.3273941911361057,-0.3406872283290372,-0.4993703348891979,-0.3931923691211846,0.4911933928541008,-0.2817433154767308,-0.10977361938621372,0.343253371727165,0.014755662774137335,-0.25871683934073486,-0.004278164271089811,-0.09582578142524951,-0.20254721649351112,1
sample_00980.html,0.1550624538654562,-0.4542940683645982,-0.26051190332015844,-0.3942148931657693,0.7633097309180564,-0.23300209005841238,-0.44887348689285445,0.1772651821377169,2.249199546990792,-0.24750644479528697,-0.02613359816672435,1.1115062695099414,-1.3867734100380797,1
sample_03107.html,-0.17051519298415016,-0.4805110314497277,-0.34013138050983827,-0.44329604730583255,-0.24812118916834344,-0.25128004959028183,-0.10977361938621372,0.03919824573132944,1.843642142344946,-0.21107821222285136,0.006006745797444088,0.594305652220912,0.09854883648325219,1
sample_06343.html,0.34632588996852526,0.8915100366720472,-0.021653471751118984,-0.13142621370751373,0.4513341905214618,-0.31220658136317986,-0.10977361938621372,0.7385710750888176,0.1950022522607441,-0.21465221919674662,-0.02613359816672435,-0.06963291300630316,-0.3553661683161219,0
sample_01838.html,-0.4138925428568757,-0.4805110314497277,-0.4993703348891979,-0.40546265765620043,-0.4072100650355271,-0.2573727027675716,-0.44887348689285445,0.579043789488908,0.938227758524715,-0.2652432868582827,-0.0107062330639235,-0.09727290122740126,-0.33882020700888704,1
sample_06402.html,-0.4520377787088923,-0.4805110314497277,-0.4993703348891979,-0.4913546774013112,-2.256016803315404,-0.3365771940723391,-0.44887348689285445,0.28472399515306424,-0.29753730658277433,-0.26840661601219623,-0.027419211925291086,-0.10364022835686888,-0.9421367196956002,1
sample_06623.html,-0.4520377787088923,-0.4805110314497277,-0.5789898120788778,-0.49237720144589586,-0.7419987387873467,-0.3365771940723391,-0.44887348689285445,-1.9925510562714843,1.6090044234896355,-0.2694943572651209,-0.027419211925291086,-0.10364022835686888,-1.2493942655106245,1
sample_01002.html,-0.4520377787088923,-0.4805110314497277,-0.5789898120788778,-0.48828710526755725,-0.4857802989613899,-0.3365771940723391,-0.44887348689285445,-1.9925510562714843,-2.374105694263592,-0.2694943572651209,-0.027419211925291086,-0.10364022835686888,-0.06926926283400898,0
sample_01255.html,-0.4310847618324325,-0.46303305605964135,-0.5789898120788778,-0.4688591484204489,-0.36259086863695095,-0.29392862183131047,-0.44887348689285445,-1.9925510562714843,0.00037260849284860803,-0.26943886026242064,-0.014563074339623712,-0.10277195647557784,-0.20074867158154033,1
sample_00981.html,-0.45042600817993383,-0.4805110314497277,-0.5789898120788778,-0.483174485044634,-1.3751335685245674,-0.32439188771775945,-0.10977361938621372,-1.9925510562714843,0.21004684256597803,-0.2694943572651209,-0.014563074339623712,-0.1034955163766537,-0.8478573474268543,1
sample_09077.html,1.3268196284182474,0.3671707749694581,-0.18089242613047862,1.8716983896338195,2.0991282992322917,2.6853787818634047,-0.10977361938621372,0.6137251439087454,-0.5308855607870642,-0.21364217374760233,-0.017134301856757187,0.006051452646232482,0.8751892383950213,0
sample_06452.html,-0.4520377787088923,-0.4805110314497277,-0.4993703348891979,-0.49237720144589586,-2.256016803315404,-0.3365771940723391,-0.44887348689285445,0.06649804708062462,-1.1854255629769443,-0.2687506974289377,-0.027419211925291086,-0.10364022835686888,-0.5164903429204203,1
sample_09814.html,-0.4520377787088923,-0.4805110314497277,-0.5789898120788778,-0.4903321533567266,-1.114558160185379,-0.3365771940723391,-0.44887348689285445,-1.9925510562714843,-1.60279190543054,-0.2694943572651209,-0.027419211925291086,-0.10364022835686888,0.2457020263352195,0
sample_05637.html,0.14001926226184402,0.8740320612819609,0.13758548262824066,0.4381196791261374,0.8420695925784657,0.16911301964271483,-0.10977361938621372,0.6376622826866362,-0.9332780813425046,-0.22580711673949427,-0.02613359816672435,-0.06500212963941761,1.24755353636644,0
sample_04617.html,0.09596420113697979,0.017611267167732012,1.0133997317147188,0.8041832870874428,1.2855252596040596,0.23613220459290268,-0.10977361938621372,0.6027451524188242,1.0549357054680066,-0.025307545384077937,-0.02613359816672435,0.15076343286140578,-0.49417700413660587,0
sample_08927.html,0.7938608401759875,-0.27951431446373515,0.05796600543856084,0.4974260737120472,-0.00250931795881064,1.5947938631285294,-0.44887348689285445,0.45390686069405656,-0.5192745695425994,-0.1703656110419575,-0.02613359816672435,-0.02072026369357458,0.560598622762145,0
sample_02679.html,-0.3096647153175628,-0.3406872283290372,-0.4993703348891979,-0.37376441227407625,0.06381297614258408,-0.2695580091221512,-0.10977361938621372,0.3316516123233787,-2.6903442224846508,-0.26031515301850167,-0.02613359816672435,-0.0910502860781488,3.5660843661725488,1
sample_09902.html,-0.1785740456289424,-0.1833854498182605,-0.1012729489407988,-0.06393962676492669,-0.3338514931006831,-0.07459310744887743,-0.44887348689285445,0.5429837305725231,-0.6800874596882905,-0.18433975632187716,-0.02613359816672435,-0.06601511350092382,0.6404463898237577,0
sample_01485.html,-0.44666521027903083,-0.4717720437546845,-0.5789898120788778,-0.483174485044634,-0.8176996420137497,-0.3365771940723391,-0.44887348689285445,-1.9925510562714843,0.17476204492216676,-0.2694943572651209,0.027862179693078627,-0.10277195647557784,-0.7011567337947436,1
sample_01114.html,-0.3376020711528425,-0.3319482406339941,0.13758548262824066,-0.2786696761277036,0.14224822021781366,-0.2573727027675716,-0.44887348689285445,0.6968641980869095,0.7752283300918515,-0.23050216316793432,-0.02613359816672435,-0.048070827954242334,-0.7878639386367889,0
sample_09308.html,-0.3574805743433301,-0.4193381175844256,0.7745413001456792,-0.3492238352040446,0.042240834946274584,-0.20863147734925316,-0.10977361938621372,0.6150972301443942,0.6935705599094011,0.034329533717596776,-0.0017069367539563366,-0.09915415697019851,-0.7991521645160773,1
sample_07706.html,0.08790534849218755,0.7167302827711842,0.13758548262824066,0.2663356396359159,0.6125166687364915,0.09600118151523715,-0.10977361938621372,0.6322546993655749,-0.6077215540593783,-0.22465277908332934,-0.02613359816672435,-0.06196317805489897,0.8551274379480883,0
sample_02626.html,-0.30482940373068745,-0.24455836368356254,-0.26051190332015844,-0.4023950855224465,0.645445465490898,-0.29392862183131047,-0.44887348689285445,0.5976100267453777,0.5276058548773856,-0.19639370530836864,-0.02613359816672435,-0.03273135805143396,-0.31479322454156694,0
sample_09280.html,-0.4310847618324325,-0.4805110314497277,-0.5789898120788778,-0.45454381179626374,-0.3042968309488118,-0.2817433154767308,-0.10977361938621372,-1.9925510562714843,-0.6416707621810689,-0.26943886026242064,-0.004278164271089811,-0.10320609241622336,-0.6317447774990477,1
sample_04461.html,-0.33330401640895335,-0.3232092529389509,-0.4993703348891979,-0.3267283062231823,0.7313828083655262,-0.29392862183131047,-0.10977361938621372,0.10141056287029239,1.2409588788422377,-0.2687173992273175,-0.02613359816672435,-0.10118012469321093,-0.7407741997699604,1
sample_04374.html,0.6402053830819489,0.6817743319910116,1.2522581632837582,-0.2490164788347487,-1.6831451007685423,-0.3304845408950493,-0.44887348689285445,0.7119171341428641,-0.6067350709966153,-0.13842153628770104,-0.02613359816672435,-0.000894722404095836,-1.1003973161489717,1
sample_01601.html,-0.35533154697138547,-0.3669041914141667,-0.4993703348891979,-0.3257057821785976,0.9597891905515219,-0.29392862183131047,-0.10977361938621372,0.3583811095225799,-0.34538315914725926,-0.260859023644964,-0.004278164271089811,-0.10103541271299576,0.5120188360453757,1
sample_07099.html,0.27863152775227046,0.3671707749694581,0.3764439141972801,0.13238498979532648,0.25280379356920835,0.10818648786981676,-0.10977361938621372,0.5739427120997975,0.4751165086389086,-0.19633820830566842,-0.02613359816672435,0.07551320314951566,-0.697588378968888,0
sample_04303.html,0.5988366061720154,0.9876389013175219,0.2968244370076003,0.20089410078249817,0.6705043902898155,-0.245187396412992,0.22932624812042704,0.6287014875902025,1.060427668102958,0.23000086583809248,-0.02613359816672435,0.15886730375345548,-0.5896161282291973,0
sample_05681.html,-0.4300102481464602,-0.4805110314497277,-0.4197508576995181,-0.33899859475819805,0.5078575598588463,-0.275650662299441,0.22932624812042704,0.4297348695464567,0.18913459801853227,-0.24904926147035356,-0.014563074339623712,-0.1019036845942868,0.13986977676878623,1
sample_02966.html,-0.4047591765261112,-0.4717720437546845,-0.5789898120788778,-0.33286345049069016,-0.5445750829841912,-0.25128004959028183,-0.44887348689285445,-1.9925510562714843,-1.4246265848736572,-0.2694943572651209,-0.0107062330639235,-0.09900944498998333,1.4701491468901295,0
sample_05295.html,-0.4520377787088923,-0.4805110314497277,-0.5789898120788778,-0.486242057178388,-1.0200836873138628,-0.3365771940723391,-0.44887348689285445,-1.9925510562714843,0.19333343166059386,-0.2694943572651209,-0.027419211925291086,-0.10364022835686888,0.25538278721721513,1
sample_05437.html,-0.3521080059134686,-0.3581652037191235,-0.18089242613047862,-0.43920595112749394,-0.6761718677330989,-0.29392862183131047,-0.44887348689285445,0.6532878349870581,0.7923378633061082,-0.14150716963783422,0.020148497141678202,-0.09437866162309778,-0.422588293509937,1
sample_00101.html,-0.4026101491541666,-0.46303305605964135,-0.021653471751118984,-0.4606789560637717,-1.6998469002062997,-0.30002127500860026,-0.44887348689285445,0.9618586245249565,2.2543268805713113,-0.15653575796905841,0.024005338417378414,-0.0948127975637433,-1.2202074082758092,0
sample_05313.html,-0.4477397239650031,-0.4805110314497277,-0.4197508576995181,-0.4453410953950019,0.439460443289678,-0.31220658136317986,-0.10977361938621372,0.4747159814633654,-0.12929805210657028,-0.2588500321472154,-0.0107062330639235,-0.10364022835686888,-0.14261097783348572,1
sample_03743.html,-0.05231868752719737,-0.1484294990380879,0.7745413001456792,-0.05984953058658808,0.7596654954928098,-0.07459310744887743,0.5684261156270678,0.6058488074976591,0.45117046713193387,0.3578215624572784,-0.02613359816672435,-0.04691313211252095,-0.05138761954676983,0
sample_07648.html,-0.16782890876921944,-0.15716848673313102,-0.18089242613047862,0.0577407345406469,0.43858107131743856,-0.07459310744887743,0.5684261156270678,0.5315687686815617,0.3772291288313727,-0.22924793090690898,-0.02613359816672435,-0.08685363865190877,-0.0634530202154935,0
sample_01861.html,0.6810369031488962,1.1362016921332556,3.083506138646394,0.6446695361322371,-0.3156956791623312,-0.275650662299441,0.5684261156270678,0.6104536498112031,0.7042484263679055,0.3870684828803033,-0.0209911431324574,0.12268930869966216,-0.8355989242324202,0
sample_04528.html,-0.4520377787088923,-0.4805110314497277,-0.5789898120788778,-0.49237720144589586,-2.256016803315404,-0.3365771940723391,-0.44887348689285445,-1.9925510562714843,-1.4078000403100033,-0.2694943572651209,-0.027419211925291086,-0.10364022835686888,-1.3155472897162082,1
sample_09709.html,-0.1973780351334576,-0.4018601421943393,-0.1012729489407988,-0.25003900287933334,-0.4090113771119078,0.035074649742339085,-0.10977361938621372,0.5609606250723137,-0.46213052287270234,-0.2485719872471315,-0.017134301856757187,-0.09018201419685776,0.3442097848627205,0
sample_00731.html,-0.4160415702288203,-0.4805110314497277,-0.18089242613047862,-0.34411121498112135,0.4355708642651104,-0.2208167837038328,0.22932624812042704,0.3781548810348203,0.2031693441159232,-0.23650693886009996,-0.02613359816672435,-0.10219310855471715,-0.17362227276892855,1
sample_05157.html,-0.4520377787088923,-0.4805110314497277,-0.4993703348891979,-0.4893096293121419,-1.2220532489725586,-0.3365771940723391,-0.44887348689285445,0.338338251883793,-0.45693618565517785,-0.2678294471841138,-0.027419211925291086,-0.10364022835686888,0.11082971052464799,1
sample_00665.html,-0.4520377787088923,-0.4805110314497277,-0.4993703348891979,-0.49237720144589586,-2.256016803315404,-0.3365771940723391,-0.44887348689285445,0.7697390010992521,1.3592723457167761,2.1264777403122124,-0.027419211925291086,-0.10364022835686888,-1.5522331665246654,1
sample_00405.html,-0.436457330262294,-0.4805110314497277,-0.5789898120788778,-0.41466537405746234,0.42914483866489467,-0.23300209005841238,-0.10977361938621372,-1.9925510562714843,-1.0892560410585455,-0.26943886026242064,-0.02613359816672435,-0.10320609241622336,0.2528407698615679,1
sample_04205.html,0.273258959322409,0.17491304567850874,4.277798296491591,0.23054729807545307,0.1539400006464581,0.08381587516065754,-0.44887348689285445,0.6176233180282531,0.9377196458940366,1.1760693702695733,-0.02613359816672435,0.08361707404156538,-1.1437252734968386,0
sample_00418.html,-0.07058542018872643,-0.24455836368356254,0.3764439141972801,0.010704628489752904,0.021216023392436684,0.3397073086068294,-0.44887348689285445,0.5315932602767866,-0.2556811568531018,-0.19804751598883572,-0.014563074339623712,-0.09785174914826195,0.3764591097202433,0
sample_09329.html,0.5429618945014558,1.3109814460341187,0.5356828685766397,0.23463739425379168,0.7600046718756976,-0.025851882030558975,0.22932624812042704,0.6145418667267758,0.15403866462333415,-0.08202548214372019,-0.018419915615323922,0.11530899770868833,0.10714108330435274,0
sample_06824.html,-0.37037473857499764,-0.4193381175844256,-0.4197508576995181,-0.45147623966250977,-0.5257104421244608,-0.3304845408950493,-0.10977361938621372,0.5504866350960763,0.8347744571483896,-0.24971522550275638,0.02529095217594515,-0.08439353498825083,-0.8925066974816298,1
sample_05310.html,0.06802684530170003,0.1836520333735519,-0.1012729489407988,0.06592092689732411,0.9001256145147161,-0.2573727027675716,0.5684261156270678,0.670652161882995,-0.3495626127212152,-0.2067272472111528,-0.02613359816672435,-0.0379409893391802,-0.430598343716003,1
sample_02348.html,-0.2188683088529036,-0.3669041914141667,-0.34013138050983827,-0.30730034937607387,0.11437902353609725,-0.013666575675979363,-0.44887348689285445,0.6631023886526107,1.2420018025551134,-0.2066828496089926,-0.004278164271089811,0.007643284428599389,-1.1565270280480064,1
sample_03234.html,-0.18770741195970694,-0.15716848673313102,-0.5789898120788778,-0.34308869093653666,1.100821226869268,-0.30611392818589006,-0.10977361938621372,-1.9925510562714843,0.3163179842141385,-0.2694943572651209,0.0008642907631771383,-0.058345378549519634,-0.20849749927324426,1
sample_02840.html,0.6256994483213228,-0.026083671307483746,-0.26051190332015844,0.20498419696083678,0.2962424252978603,0.7905636437262752,-0.10977361938621372,0.3440371008322532,-0.1912067629400521,-0.21075632960718998,-0.01584868809819045,0.21154246455177858,0.8466110572585046,0
sample_09196.html,-0.23068795939859887,-0.24455836368356254,0.6949218229559994,-0.18561998807050029,0.43950962465248594,-0.2208167837038328,0.5684261156270678,0.48374413657929793,-0.010849550500251147,0.062244526075816,-0.018419915615323922,-0.06919877706565764,0.38892991636241897,0
sample_04121.html,-0.3601668585582608,-0.39312115449929613,-0.5789898120788778,-0.3911473210320153,0.10668097446271542,-0.05631514791700801,-0.10977361938621372,-1.9925510562714843,-0.542458324937319,-0.26943886026242064,-0.02613359816672435,-0.1034955163766537,0.14700430913162243,0
sample_03639.html,-0.33115498903700874,-0.34942621602408036,-0.4993703348891979,-0.4003500374332772,0.4618700726624893,-0.2817433154767308,-0.10977361938621372,0.3316516123233787,0.1037463501317055,-0.26031515301850167,-0.004278164271089811,-0.09582578142524951,-0.3918705153675585,1
sample_07850.html,0.09703871482295208,0.6293404058207527,1.4911165948527976,0.5700252808775575,-0.2481841602076831,-0.20863147734925316,0.5684261156270678,0.6998516094894673,0.8503709776818151,0.31644299724398167,-0.02613359816672435,-0.04083522894348367,-0.368734669857673,0
sample_06361.html,-0.4117435154849311,-0.39312115449929613,-0.26051190332015844,-0.41057527787912373,0.023570975538581642,-0.29392862183131047,-0.10977361938621372,0.20536550659299774,0.11621427720717152,-0.2522569882264272,-0.02613359816672435,-0.10175897261407163,-0.31518268545936606,1
sample_02100.html,-0.4144297996998619,-0.4805110314497277,-0.021653471751118984,-0.39523741721035394,0.36773112436228944,-0.20253882417196337,-0.10977361938621372,0.5123878949774493,0.1542322824735557,-0.2040633910815414,-0.02613359816672435,-0.10320609241622336,0.07737019114473408,1
sample_07303.html,-0.17803678878595625,-0.4368160929745119,-0.4197508576995181,-0.2602642433251799,-0.3057742763929729,-0.1294269860444857,0.22932624812042704,0.44933187459789853,-0.38338394998960706,-0.25590869100410285,-0.01584868809819045,-0.10277195647557784,0.1473769253953711,0
sample_01930.html,-0.3886414712365267,-0.39312115449929613,-0.5789898120788778,-0.4494311915733405,0.06108910624269174,-0.31220658136317986,-0.10977361938621372,-1.9925510562714843,-0.2891821796554278,-0.26930566745594003,-0.011991846822490236,-0.09872002102955299,-0.3518076178090327,1
sample_04318.html,-0.003965571658443949,0.12247911950824984,2.287311366749596,0.07410111925400133,0.4408207764085118,0.3397073086068294,0.9075259831337085,0.5959374231061271,0.11646001471969432,-0.056696650111332,-0.02613359816672435,-0.06688338538221486,0.024926146917643343,0
sample_09952.html,-0.3096647153175628,-0.3406872283290372,-0.4993703348891979,-0.37376441227407625,0.06381297614258408,-0.2695580091221512,-0.10977361938621372,0.3316516123233787,-2.690270503033452,-0.26031515301850167,-0.02613359816672435,-0.0910502860781488,3.566025188243186,1
sample_00958.html,1.9457395115382912,0.9788999136224787,-0.18089242613047862,1.6968467780098442,0.8927069259985291,3.0082894002597644,-0.10977361938621372,0.6113572237693778,-0.331546666047922,-0.21084512481151038,-0.017134301856757187,0.3616087880349133,0.8295706688494455,0
sample_07963.html,-0.4283984776175017,-0.4805110314497277,-0.4993703348891979,-0.2827597723060422,0.5908983802695755,-0.10505637333532646,0.22932624812042704,0.31175186516938147,-0.5911675613384577,-0.24621891433264145,-0.02613359816672435,-0.10364022835686888,0.21375690915026677,1
sample_01971.html,-0.3574805743433301,-0.4805110314497277,-0.5789898120788778,-0.4893096293121419,-1.134521941823523,-0.3304845408950493,-0.44887348689285445,-1.9925510562714843,2.2550509550398505,-0.2694943572651209,19.7890312626224,0.2364329251487884,-1.5360901601111911,1
sample_04325.html,-0.42732396393152944,-0.44555508066955507,-0.34013138050983827,-0.43716090303832467,-1.246671424944675,-0.29392862183131047,-0.10977361938621372,0.2047866527432362,-1.3158213152023408,0.12318023504067625,-0.02613359816672435,-0.09770703716804677,2.8252586452828328,1
sample_07856.html,-0.4477397239650031,-0.4805110314497277,-0.4993703348891979,-0.48419700908921864,-1.2792309526931431,-0.31829923454046966,-0.44887348689285445,0.28704593753334845,0.3564502812634727,-0.2681957274019353,-0.011991846822490236,-0.10364022835686888,-0.8495846415382166,1
sample_08070.html,-0.44666521027903083,-0.4805110314497277,-0.18089242613047862,-0.43920595112749394,0.01861853766449876,-0.30002127500860026,-0.10977361938621372,0.6159075012383525,0.5827149609201451,-0.17912303806805488,-0.02613359816672435,-0.10364022835686888,-0.5868872812353586,1
sample_06705.html,0.23941177821428158,0.4021267257496307,3.481603524594793,0.24997525492256148,0.2695113765559724,0.1508350601108454,-0.10977361938621372,0.6485277808363188,0.7201356556481581,0.815449846723433,-0.02613359816672435,-0.0786050557796439,-0.8145570569632861,0
sample_06867.html,-0.19898980566241609,-0.34942621602408036,0.21720495981792048,-0.17743979571382307,-0.27610358595270845,-0.013666575675979363,0.22932624812042704,0.6087669551171656,0.5059212942727913,-0.2241311072579471,-0.02613359816672435,-0.08960316627599707,-0.364689879897942,0
sample_09483.html,-0.4477397239650031,-0.4805110314497277,-0.5789898120788778,-0.4688591484204489,-0.6502400691274753,-0.30002127500860026,-0.10977361938621372,-1.9925510562714843,-0.14469037377730304,-0.2694943572651209,-0.02613359816672435,-0.1034955163766537,-0.6095858697734594,1
sample_01598.html,0.08360729374829835,-0.3581652037191235,-0.4197508576995181,-0.07109729507701926,-0.6356237084521603,0.11427914104710657,-0.44887348689285445,0.3964103241574272,-0.723904513858797,-0.2617802738897879,-0.006849391788223287,-0.08222285528502322,0.4649405833551868,0
sample_04905.html,-0.4520377787088923,-0.4805110314497277,-0.5789898120788778,-0.486242057178388,-1.0200836873138628,-0.3365771940723391,-0.44887348689285445,-1.9925510562714843,0.19333343166059386,-0.2694943572651209,-0.027419211925291086,-0.10364022835686888,0.25538278721721513,1
sample_06840.html,5.683435368192931,8.870205802246446,0.6153023457663196,3.9873006378794646,1.1937978513891847,0.9672505858676795,0.9075259831337085,0.4860628006602946,-0.5891768142708256,-0.047461948862012555,-0.02613359816672435,0.13470040305752154,0.5552719311613866,0
sample_07122.html,0.22060778870976638,-0.34942621602408036,0.6153023457663196,0.20702924505000608,0.6048980087143413,0.5163942507482338,-0.44887348689285445,0.4357188586744763,-0.3808486889303165,-0.2324334588619026,-0.02613359816672435,0.03832222423421613,0.09489126496415524,0
sample_07801.html,-0.3821943891206929,-0.2882533021587783,-0.5789898120788778,-0.37376441227407625,1.040445547575992,-0.31829923454046966,-0.44887348689285445,-1.9925510562714843,-0.7762587841641782,-0.2694943572651209,-0.02613359816672435,-0.10204839657450197,0.24910537656226442,1
sample_04961.html,-0.44720246712201694,-0.4717720437546845,-0.5789898120788778,-0.4647690522421103,-0.5290899484630885,-0.3304845408950493,-0.10977361938621372,-1.9925510562714843,-0.01994210112189531,-0.2694943572651209,-0.0107062330639235,-0.10364022835686888,-0.3624036874662724,1
sample_03152.html,-0.4310847618324325,-0.4805110314497277,-0.4993703348891979,-0.40750770574536976,0.031665122018005414,-0.2634653559448614,-0.44887348689285445,0.3918020180720947,-1.760816087208525,-0.2620577589032891,-0.009420619305356762,-0.10219310855471715,2.1002774336281957,0
sample_03644.html,-0.3590923448722885,-0.4717720437546845,-0.4993703348891979,0.3389348468014262,0.8584809427907236,0.2787807768339313,0.9075259831337085,0.10584691167054394,-1.385984155666975,-0.268118031598155,-0.02613359816672435,-0.09828588508890747,1.69345305425639,1
sample_05732.html,-0.29623329424290906,-0.4717720437546845,-0.26051190332015844,-0.4340933309045707,-1.4561582013591257,-0.14161229239906528,-0.44887348689285445,0.3452046157544225,-0.7952341806880431,1.6840223365843028,0.012434814590277775,-0.015221208445397993,0.6193505466507775,0
sample_01328.html,1.9022217072564132,2.9626501203972744,-0.021653471751118984,1.4585986756216203,0.5666578609634747,-0.1294269860444857,0.22932624812042704,0.6555066930135752,0.8173146535376525,16.62587995198856,-0.02613359816672435,0.24410266010019255,-1.2442621609545284,0
sample_08031.html,0.6058209451308353,1.4333272737647227,0.13758548262824066,0.35018261129185735,0.5032881019382941,0.004611383855890054,2.6030253206669123,0.6119137500316043,-0.29689717721656905,-0.23698421308332202,-0.02613359816672435,-0.08960316627599707,0.0982161545657548,0
sample_07889.html,-0.35103349222749625,-0.3581652037191235,-0.4197508576995181,-0.3011652051085659,0.4657005807582511,-0.11114902651261627,-0.10977361938621372,0.42930746321896496,0.10670859843427219,-0.233931877934809,-0.02613359816672435,-0.08873489439470603,-0.06562592843737605,0
sample_02472.html,-0.317723567962355,-0.34942621602408036,-0.26051190332015844,-0.43511585494915533,-1.776327910324559,-0.23300209005841238,-0.44887348689285445,0.6726138613155929,0.9760320886261707,-0.21515169222104877,-0.009420619305356762,-0.06789636924372107,-1.1959916274839493,0
sample_01974.html,0.95396337938586,1.8178427323466215,0.9337802545250389,1.3512336509402318,0.5987346289118874,-0.07459310744887743,0.5684261156270678,0.4944102590731841,-0.35917102697074577,0.5614400653644481,-0.02613359816672435,0.12992490771042084,0.9214604861344223,0
sample_01374.html,0.34847491734046987,1.1187237167431694,0.2968244370076003,0.20600672100542144,0.3225754568588007,-0.2634653559448614,-0.10977361938621372,0.6260100004764273,0.45924297107033835,-0.06274582340565783,-0.017134301856757187,0.042229447700025805,-0.5816122839483078,0
sample_04618.html,-0.4450534397500724,-0.4717720437546845,-0.4197508576995181,-0.44431857135041725,-0.36004281257078397,-0.3304845408950493,-0.10977361938621372,0.28610712914078423,-0.3900750021931693,-0.26673060653064906,0.009863587073144301,-0.1034955163766537,0.24836648033652287,1
sample_01760.html,-0.4450534397500724,-0.4717720437546845,-0.5789898120788778,-0.4893096293121419,-0.9781299984468278,-0.3365771940723391,-0.44887348689285445,-1.9925510562714843,-0.49624520319694254,-0.2694832578645808,0.08314357131144834,-0.10364022835686888,-0.44822929891649066,1
sample_01613.html,-0.2790410752673523,-0.24455836368356254,-0.34013138050983827,-0.2469714307455794,0.5409949035175333,-0.17207555828551432,0.22932624812042704,0.4741851368306585,-0.15786382185456602,-0.26536538026422324,-0.013277460581056975,-0.03533617369530708,0.02849933871459232,1
sample_02021.html,1.037775446891699,0.5244725534802348,0.13758548262824066,0.6129712907501129,0.7626258065658033,0.7661930310171158,1.2466258506403491,0.6055603307551991,0.6335461396732418,1.540773473214451,-0.02613359816672435,0.10778397473749932,-0.7288793055916952,0
sample_01287.html,0.6498760062556995,1.2410695444737734,0.6949218229559994,0.307236601419302,-0.16387798405934423,-0.1294269860444857,0.22932624812042704,0.7216307062855469,0.5235698076272124,0.15557938521707462,-0.02613359816672435,0.079131002654895,-0.15602981777231947,0
sample_01377.html,0.09757597166593823,0.5856454673455369,1.0133997317147188,0.06694345094190876,-0.01949303967232788,-0.19035351781738374,-0.10977361938621372,0.6299436440268967,0.2047551826944555,0.11664268812258834,-0.02613359816672435,-0.08613007875083291,-0.9419084954934686,0
sample_07587.html,-0.4520377787088923,-0.4805110314497277,-0.5789898120788778,-0.4893096293121419,-0.9503498502515947,-0.3365771940723391,-0.44887348689285445,-1.9925510562714843,-0.676787049025418,-0.2694943572651209,-0.027419211925291086,-0.10364022835686888,0.40682118144121326,0
sample_04587.html,-0.2919352394990199,-0.39312115449929613,-0.4993703348891979,-0.27969220017228824,0.0021796323234661405,-0.007573922498689558,-0.10977361938621372,0.5207497042037338,-0.4979928187351674,-0.26451072642263956,-0.02613359816672435,-0.08960316627599707,0.5246850511046633,0
sample_07177.html,-0.4106690017989588,-0.4368160929745119,-0.5789898120788778,-0.42693566259247817,0.3935148096086965,-0.29392862183131047,-0.10977361938621372,-1.9925510562714843,0.03741058900244925,-0.26943886026242064,-0.02613359816672435,-0.10118012469321093,-0.34326946423069915,1
sample_00674.html,-0.11195419709865992,-0.24455836368356254,0.05796600543856084,0.23463739425379168,0.4144475143595607,0.3336146554295396,0.22932624812042704,0.30170160168794874,0.4651312439951596,-0.1690336829771518,-0.02613359816672435,-0.07759207191813769,0.254156830166382,0
sample_01432.html,-0.4520377787088923,-0.4805110314497277,-0.4993703348891979,-0.49237720144589586,-2.256016803315404,-0.3365771940723391,-0.44887348689285445,0.7533412170466935,1.3104297355118306,-0.267185681952791,-0.027419211925291086,-0.10364022835686888,-1.0168014571092276,1
sample_08055.html,0.43443601221825373,0.5769064796504938,-0.5789898120788778,0.26122301941299264,0.9372312176887483,0.163020366465425,0.22932624812042704,-1.9925510562714843,0.7805190191574087,-0.2694943572651209,0.012434814590277775,-0.08338055112674461,0.3253831199778064,1
sample_02817.html,-0.17373873404206708,0.10500114411816354,-0.26051190332015844,-0.07109729507701926,0.3093761868115225,-0.22690943688112258,-0.10977361938621372,0.4947793109936155,-0.577192345989732,-0.24533096228943765,-0.02613359816672435,-0.0764343760764163,0.9263059708185013,0
sample_05862.html,-0.057153999114072714,-0.2183414005984331,0.6153023457663196,0.09557412419027901,0.9711795723760245,0.24222485777019248,0.22932624812042704,0.606345617926403,0.09318660269047416,0.008623322066846984,-0.02613359816672435,-0.06529155359984795,0.06440381008683586,0
sample_07035.html,-0.42195139550166794,-0.44555508066955507,-0.5789898120788778,-0.4688591484204489,0.32103522205746726,-0.31220658136317986,-0.10977361938621372,-1.9925510562714843,0.5085048947738157,-0.26943886026242064,-0.02613359816672435,-0.10175897261407163,-0.5993294962936854,1
sample_02344.html,-0.007189112716360844,0.2972588734091129,-0.26051190332015844,0.02399744106935338,1.2481857285269138,-0.22690943688112258,0.22932624812042704,0.5415436808034519,-0.5928600211925557,-0.23520830899691442,-0.0209911431324574,-0.037217429438104334,1.098978511690842,0
sample_02561.html,-0.1839466140588039,-0.3406872283290372,-0.021653471751118984,0.1109119848590488,0.08108288966280273,0.38235588084785804,-0.10977361938621372,0.6130379775170169,1.140685306904796,-0.24064701526153764,-0.02613359816672435,-0.07440840835340387,-0.13336267606515498,0
sample_06613.html,-0.39455129650937437,-0.3756431791092098,-0.18089242613047862,-0.3614941237390604,0.4838598829942239,-0.32439188771775945,-0.10977361938621372,0.14748923064720493,-0.1465576945833935,-0.24797261961796896,-0.013277460581056975,-0.0872877745925543,0.5384338350528286,1
sample_01830.html,-0.3096647153175628,-0.3406872283290372,-0.4993703348891979,-0.37376441227407625,0.06381297614258408,-0.2695580091221512,-0.10977361938621372,0.3316516123233787,-2.6904039437893954,-0.26031515301850167,-0.02613359816672435,-0.0910502860781488,3.5660843661725488,1
sample_02618.html,0.3672789068449851,0.6817743319910116,0.6153023457663196,-0.1171108770833286,0.5520947089390194,-0.32439188771775945,-0.44887348689285445,0.7350244354489842,0.2572507039798796,-0.20912471772780303,-0.022276756891024138,-0.08149929538394736,-0.05750357184586806,0
sample_09817.html,0.9491280677989845,2.071273375502873,0.05796600543856084,0.95960694186431,-0.150853631547097,-0.30611392818589006,0.22932624812042704,0.7001382145133614,0.18044510955210163,-0.16588145322377834,-0.02613359816672435,0.11617726958997936,0.19050913534701952,0
sample_00796.html,-0.0066518558733746945,-0.15716848673313102,-0.18089242613047862,0.0015019120884910355,0.6422378062586663,0.3397073086068294,-0.10977361938621372,0.5993774311092268,-0.10043727322459016,-0.21194396546497507,-0.017134301856757187,-0.06746223330307555,0.18974452885983262,0
sample_09076.html,-0.44182989869215544,-0.4717720437546845,-0.4993703348891979,-0.4688591484204489,-1.6013062895796035,-0.2878359686540206,-0.10977361938621372,0.3594804356253564,0.22090016997061035,-0.2656650640788045,-0.02613359816672435,-0.10306138043600818,-0.4562793225817817,1
sample_05917.html,0.6939310673805638,1.5731510768854131,-0.4197508576995181,0.27962845221551635,1.8015718187329155,-0.2634653559448614,-0.10977361938621372,0.46386173887264087,-0.15490806018388234,-0.25631936882408457,-0.0017069367539563366,-0.06861992914479693,0.6907641093807635,1
sample_05993.html,-0.0034283148154578,-0.2882533021587783,0.05796600543856084,-0.0015656600452629206,0.8012212398517639,0.3336146554295396,0.5684261156270678,0.6516055217167127,0.023061237396067587,-0.13770007525259798,-0.02613359816672435,-0.07759207191813769,0.25224567900283673,0
sample_03915.html,1.108693350165871,1.4508052491548091,1.5707360720424772,1.5618736041246701,1.0654074056487566,0.09600118151523715,-0.44887348689285445,0.5825919964199295,0.13005247758596,0.23003416403971264,-0.01970552937389066,0.2287631901973842,-0.47629190587001446,0
sample_09367.html,-0.39777483756729126,-0.4717720437546845,-0.18089242613047862,-0.34308869093653666,0.10158653986239652,-0.2208167837038328,-0.10977361938621372,-0.1833917722163409,-0.23910097812200948,-0.2525233738393884,-0.014563074339623712,-0.09683876528675574,0.4646835850419952,1
sample_00781.html,-0.40744546074104193,-0.4368160929745119,-0.4993703348891979,-0.34411121498112135,-1.6595226823653215,-0.30611392818589006,-0.10977361938621372,0.16974101042438422,0.9635463445574506,-0.23802755673408646,-0.02613359816672435,-0.0975623251878316,-0.29638841915441727,1
sample_09729.html,-0.4520377787088923,-0.4805110314497277,-0.4993703348891979,-0.49237720144589586,-2.256016803315404,-0.3365771940723391,-0.44887348689285445,0.7963771050241507,1.4862570849267625,-0.267185681952791,-0.027419211925291086,-0.10364022835686888,-1.0168014571092276,1
sample_00052.html,-0.4520377787088923,-0.4805110314497277,-0.4993703348891979,-0.49237720144589586,-2.256016803315404,-0.3365771940723391,-0.44887348689285445,0.8317143470151154,1.620905492585806,-0.267185681952791,-0.027419211925291086,-0.10364022835686888,-1.0168014571092276,1
sample_05968.html,-0.33115498903700874,-0.2882533021587783,1.1726386860940783,-0.20095784873927006,0.03876655107680744,-0.31829923454046966,-0.10977361938621372,0.6725263212082255,1.06891881601854,0.2237297045329657,-0.011991846822490236,-0.06601511350092382,-0.25874735782070457,1
sample_02590.html,-0.41657882707180643,-0.4717720437546845,-0.4993703348891979,-0.42080051832497023,0.5220412626198975,-0.245187396412992,-0.10977361938621372,0.34566993372931776,0.7834791043909886,-0.2608146260428038,-0.02613359816672435,-0.10262724449536266,0.24229063187322933,1
sample_04611.html,-0.33921384168180096,-0.3406872283290372,-0.26051190332015844,-0.35842655160530645,0.38270039659237387,-0.3365771940723391,-0.10977361938621372,0.8034915121464572,1.429052322970421,0.24202151662296384,0.01500604210741125,-0.08424882300803566,-1.1414155350549406,1
sample_06122.html,0.07662295478947842,0.35843178727441494,-0.34013138050983827,-0.14165145415336025,-0.07650644215255004,-0.2573727027675716,0.22932624812042704,0.6786617996141042,-0.36375410149273774,-0.22458618268008906,-0.02613359816672435,-0.07382956043254318,0.2255023265803204,0
sample_06952.html,-0.4246376797165987,-0.4717720437546845,-0.5789898120788778,-0.44840866752875586,-0.07320485323959476,-0.2695580091221512,-0.10977361938621372,-1.9925510562714843,-0.7186571582753114,-0.26943886026242064,-0.02613359816672435,-0.10146954865364127,-0.26976490888362886,0
sample_04837.html,-0.4477397239650031,-0.4805110314497277,-0.4197508576995181,-0.4453410953950019,0.439460443289678,-0.31220658136317986,-0.10977361938621372,0.4747159814633654,-0.12929805210657028,-0.2588500321472154,-0.0107062330639235,-0.10364022835686888,-0.14261097783348572,1
sample_02486.html,0.3457886331255391,0.646818381210839,0.2968244370076003,-0.18357493998133098,0.19187012594628722,-0.3365771940723391,-0.44887348689285445,0.7189211448279806,0.15207328726483982,-0.21297620971519948,-0.01584868809819045,-0.0677516572635059,-0.47643189120324986,0
sample_00580.html,0.02558355470579425,-0.26203633907364887,0.05796600543856084,0.37574571240647364,0.6887256400889167,0.7905636437262752,0.5684261156270678,0.43257072175482,-0.4668826978879649,-0.0432330772562545,-0.02613359816672435,-0.09510222152417365,0.9749336187775458,0
sample_04049.html,0.23565098031337856,0.2186079841537245,-0.18089242613047862,0.260200495368408,0.5340837804733706,0.6199693547621605,-0.10977361938621372,0.5930693380105008,-0.30899432079131445,-0.21275422170439853,-0.01970552937389066,-0.030271254387776017,0.421353763309044,0
sample_02597.html,-0.4520377787088923,-0.4805110314497277,-0.5789898120788778,-0.486242057178388,-1.0200836873138628,-0.3365771940723391,-0.44887348689285445,-1.9925510562714843,0.19333343166059386,-0.2694943572651209,-0.027419211925291086,-0.10364022835686888,0.25538278721721513,1
sample_07800.html,-0.4026101491541666,-0.4805110314497277,-0.5789898120788778,0.12215974934947997,1.3134040188238718,-0.18426086464009395,-0.44887348689285445,-1.9925510562714843,-0.923144566645487,-0.2694943572651209,-0.01584868809819045,-0.09886473300976815,1.1478953740158322,0
sample_01289.html,0.1706429023120545,-0.3232092529389509,1.1726386860940783,1.7837613217995396,0.2513609888583636,0.6869885397123483,-0.10977361938621372,0.4311000355214794,0.3158736460674756,-0.010845026480396166,-0.02613359816672435,-0.034178477853585694,-0.46148273008911783,0
sample_04091.html,-0.41872785444375105,-0.44555508066955507,-0.4993703348891979,-0.41466537405746234,-0.8807664702485071,-0.30002127500860026,-0.10977361938621372,0.40973863008096567,0.42220264208583586,-0.25702973045864763,-0.014563074339623712,-0.10045656479213506,-0.37157295495220827,1
sample_00159.html,-0.3096647153175628,-0.3406872283290372,-0.4993703348891979,-0.37376441227407625,0.06381297614258408,-0.2695580091221512,-0.10977361938621372,0.3316516123233787,-2.6904033257696836,-0.26031515301850167,-0.02613359816672435,-0.0910502860781488,3.5660843661725488,1
sample_06417.html,-0.4144297996998619,-0.4542940683645982,-0.4993703348891979,-0.3257057821785976,0.5175315175718104,-0.2817433154767308,-0.10977361938621372,0.5753563092175383,0.36426373708983123,-0.1929861893425741,-0.008135005546790024,-0.09886473300976815,-0.4170771190494151,1
sample_00267.html,-0.4520377787088923,-0.4805110314497277,-0.4993703348891979,-0.49237720144589586,-2.256016803315404,-0.3365771940723391,-0.44887348689285445,0.7697390010992521,1.3592723457167761,2.1264777403122124,-0.027419211925291086,-0.10364022835686888,-1.5522331665246654,1
sample_08016.html,-0.4520377787088923,-0.4805110314497277,-0.4993703348891979,-0.4913546774013112,-2.256016803315404,-0.3365771940723391,-0.44887348689285445,0.47822255612976783,0.19941439540607114,-0.26799593819221446,-0.027419211925291086,-0.10364022835686888,-0.9807685126557042,1
sample_08437.html,-0.37843359121978987,-0.44555508066955507,-0.5789898120788778,-0.16414698313422257,0.09310951638267019,-0.1598902519309347,-0.10977361938621372,-1.9925510562714843,-0.9350932335597362,-0.2693500650581003,-0.02613359816672435,-0.10146954865364127,1.2580969078103115,1
sample_01449.html,-0.3821943891206929,-0.2882533021587783,-0.5789898120788778,-0.37376441227407625,1.037884192375146,-0.31829923454046966,-0.44887348689285445,-1.9925510562714843,0.12835110279753134,-0.2694943572651209,-0.02613359816672435,-0.10204839657450197,0.25290599726421087,1
sample_07046.html,-0.4520377787088923,-0.4805110314497277,-0.5789898120788778,-0.49237720144589586,-1.1549127552848037,-0.3365771940723391,-0.44887348689285445,-1.9925510562714843,-2.1285837392928504,-0.2694943572651209,-0.027419211925291086,-0.10364022835686888,0.086424244847509,0
sample_01212.html,-0.29945683530082595,-0.38438216680425297,0.05796600543856084,-0.35229140733779857,0.37594708873518506,-0.2695580091221512,-0.10977361938621372,0.574472539546929,0.5153212015472294,0.7224479695983758,-0.02613359816672435,-0.0758555281555556,-1.2517363243065405,1
sample_04337.html,-0.3719865091039561,-0.3669041914141667,0.21720495981792048,-0.274579579949365,-1.0168863112923254,-0.3304845408950493,-0.10977361938621372,0.3945819566332489,0.7651608533760387,-0.25413278691769525,-0.01584868809819045,-0.09900944498998333,-0.15756887417843354,1
sample_07682.html,-0.4520377787088923,-0.4805110314497277,-0.5789898120788778,-0.48828710526755725,-0.4857802989613899,-0.3365771940723391,-0.44887348689285445,-1.9925510562714843,-2.374105694263592,-0.2694943572651209,-0.027419211925291086,-0.10364022835686888,-0.06926926283400898,0
sample_00910.html,-0.3886414712365267,-0.4018601421943393,-0.4993703348891979,-0.45863390797460235,-0.8642486421738066,-0.3365771940723391,-0.10977361938621372,-0.07499610700923404,-2.1438038523461835,-0.26761855857385286,0.0921428676214155,-0.09799646112847712,2.914624593632006,1
sample_00399.html,-0.4488142376509754,-0.4805110314497277,-0.4993703348891979,-0.4852195331338033,-2.256016803315404,-0.31829923454046966,-0.44887348689285445,-0.0712527533896549,-3.051970185236725,0.6063038423473197,-0.017134301856757187,-0.10364022835686888,4.632880413820152,1
sample_00190.html,0.9802889646921812,1.6605409538358447,1.1726386860940783,0.41051152992235185,0.670355410912266,-0.31829923454046966,0.9075259831337085,0.6810076863971823,0.2234453914475757,-0.15297285039570319,-0.01584868809819045,0.1616168313775438,-0.2078914307065326,0
sample_06628.html,-0.4520377787088923,-0.4805110314497277,-0.4993703348891979,-0.49237720144589586,-2.256016803315404,-0.3365771940723391,-0.44887348689285445,0.7697084350368484,1.3591102854980488,2.1264555415111324,-0.027419211925291086,-0.10364022835686888,-1.5522331665246654,1
sample_05271.html,-0.44129264184916933,-0.4805110314497277,-0.4993703348891979,-0.2663993875926878,2.3413885886523786,-0.2634653559448614,-0.10977361938621372,0.45830835328787234,-2.163773531856582,-0.26822902560355544,-0.02613359816672435,-0.10364022835686888,2.7588691961882765,1
sample_06886.html,-0.425712193402571,-0.4368160929745119,-0.5789898120788778,-0.4606789560637717,-0.765291325327174,-0.3304845408950493,-0.10977361938621372,-1.9925510562714843,0.3427015933145827,-0.2694943572651209,-0.01970552937389066,-0.09799646112847712,-0.4624536053624759,1
sample_08322.html,-0.4520377787088923,-0.4805110314497277,-0.5789898120788778,-0.486242057178388,-0.701079330164841,-0.3365771940723391,-0.44887348689285445,-1.9925510562714843,-0.33695607154980767,-0.2694943572651209,-0.027419211925291086,-0.10364022835686888,-0.5286957810730111,1
sample_02110.html,0.9931831289238487,1.4158492983746365,0.13758548262824066,0.1640832351774507,0.20743100981919413,-0.30002127500860026,0.5684261156270678,0.692360388762427,-0.8859697694472736,-0.18269704504195014,-0.02613359816672435,0.08115697037790742,1.4863452165713944,0
sample_05882.html,-0.3295432185080503,-0.3057312775488646,-0.34013138050983827,-0.42080051832497023,-0.5025883097944099,-0.3304845408950493,-0.10977361938621372,0.4374402279866889,0.6868348995581152,-0.23358779651806752,-0.011991846822490236,-0.06239731399554449,-0.013904691966136314,1
sample_02179.html,-0.3633903996161777,-0.3232092529389509,-0.18089242613047862,-0.41875547023580095,-1.713913151501977,-0.3304845408950493,0.22932624812042704,0.7082252020459363,0.5668874606698843,-0.23720620109412296,-0.017134301856757187,-0.09900944498998333,-1.17624593809128,1
sample_08101.html,-0.3273941911361057,-0.3406872283290372,-0.4993703348891979,-0.3931923691211846,0.4911933928541008,-0.2817433154767308,-0.10977361938621372,0.343253371727165,0.015006326418771754,-0.25871683934073486,-0.004278164271089811,-0.09582578142524951,-0.20254721649351112,1
sample_04516.html,0.29367471935588263,0.5506895165653642,-0.5789898120788778,0.3430249429797648,1.599508902720361,-0.08068576062616724,0.9075259831337085,-1.9925510562714843,-0.6123147023026589,-0.26937226385918034,-0.013277460581056975,-0.06818579320415143,0.40400393912658317,1
sample_04543.html,-0.12592287501629978,0.026350254862775167,0.05796600543856084,-0.3154805417327511,-0.3011251266175763,-0.32439188771775945,-0.10977361938621372,0.7440725002125147,0.24100483786130916,-0.22296567020124214,-0.01584868809819045,-0.08859018241449086,-0.2428464737527193,1
sample_02433.html,-0.22262910675380662,0.008872279472688862,-0.18089242613047862,1.1845622316729334,-0.1963987105528546,-0.20253882417196337,0.22932624812042704,0.015372534171047171,-1.3676690230764856,-0.2374947855081642,-0.02613359816672435,-0.09293154182094605,-0.809438172592335,0
sample_08693.html,-0.34190012589673174,-0.3406872283290372,-0.26051190332015844,-0.35433645542696784,0.27289249380982106,-0.3365771940723391,-0.10977361938621372,0.7998935364372707,1.4066941955581729,0.24104476937543967,0.01500604210741125,-0.08222285528502322,-1.1448360558774844,1
sample_03649.html,0.9152808866908572,0.5244725534802348,0.13758548262824066,0.583318093457158,0.7505888481866632,0.6930811928896381,1.2466258506403491,0.5708781213168419,0.23412597719280956,0.22134333341685553,-0.02613359816672435,0.09852240800372822,-0.22222422350418528,0
sample_09484.html,-0.4455906965930585,-0.4805110314497277,-0.5789898120788778,-0.42284556641413956,0.333010372163141,-0.31220658136317986,-0.10977361938621372,-1.9925510562714843,-0.13848697775198596,-0.2694832578645808,-0.005563778029656549,-0.10364022835686888,0.049374806355517144,1
sample_09814.html,-0.3273941911361057,-0.3406872283290372,-0.4993703348891979,-0.3931923691211846,0.4911933928541008,-0.2817433154767308,-0.10977361938621372,0.343253371727165,0.015338298281638785,-0.25871683934073486,-0.004278164271089811,-0.09582578142524951,-0.20254721649351112,1
sample_09912.html,0.25552948350386606,0.707991295076141,0.21720495981792048,-0.12529106944000581,-0.18289204638989892,-0.2878359686540206,0.5684261156270678,0.7450019747742871,0.020273839745166243,-0.21044554639206867,-0.02613359816672435,-0.027666438743902896,-0.03983874481006842,0
sample_02219.html,0.5284559597408298,0.6118624304306663,0.3764439141972801,0.3389348468014262,0.7358841173049578,0.7052664992442178,-0.10977361938621372,0.6423907492196255,0.05189313930705004,-0.12162814327060932,-0.02613359816672435,-0.007262049533563461,-0.05133902819565054,0
sample_06047.html,-0.4520377787088923,-0.4805110314497277,-0.5789898120788778,-0.4872645812229726,-0.9522790241815609,-0.3365771940723391,-0.44887348689285445,-1.9925510562714843,-1.2865978617532638,-0.2694943572651209,-0.027419211925291086,-0.10364022835686888,0.8324925253313366,0
sample_02267.html,-0.44344166922111394,-0.4805110314497277,-0.4993703348891979,-0.4647690522421103,-1.660337563224084,-0.2695580091221512,-0.10977361938621372,0.3391934432522604,0.26494881157733446,-0.2680514351949147,-0.02613359816672435,-0.10262724449536266,-0.5195065529327785,1
sample_03575.html,-0.328468704822078,-0.3232092529389509,-0.26051190332015844,-0.3021877291531506,0.37807159521976463,-0.3365771940723391,-0.10977361938621372,0.7971680879490486,1.4380659267241438,0.2494581149847956,0.01500604210741125,-0.07469783231383421,-1.1184699220119676,1
sample_05509.html,-0.4445161829070862,-0.46303305605964135,-0.5789898120788778,-0.47806186482171076,-0.7307837892640171,-0.3365771940723391,-0.44887348689285445,-1.9925510562714843,0.42602374208050875,-0.2694832578645808,0.0008642907631771383,-0.1024825325151475,1.4152272175467682,0
sample_06546.html,-0.4520377787088923,-0.4805110314497277,-0.5789898120788778,-0.49237720144589586,-2.256016803315404,-0.3365771940723391,-0.44887348689285445,-1.9925510562714843,-1.3950323556491044,-0.2694943572651209,-0.027419211925291086,-0.10364022835686888,-1.3133725301468988,1
sample_05689.html,-0.3273941911361057,-0.3406872283290372,-0.4993703348891979,-0.3931923691211846,0.4911933928541008,-0.2817433154767308,-0.10977361938621372,0.343253371727165,0.015530981377047788,-0.25871683934073486,-0.004278164271089811,-0.09582578142524951,-0.2023741806974135,1
sample_02181.html,-0.3096647153175628,-0.3406872283290372,-0.4993703348891979,-0.37376441227407625,0.06381297614258408,-0.2695580091221512,-0.10977361938621372,0.3316516123233787,-2.6902685408208695,-0.26031515301850167,-0.02613359816672435,-0.0910502860781488,3.566025188243186,1
sample_07906.html,-0.23498601414248807,-0.2008634252083468,2.128072412370236,-0.26946695972644175,-1.204883242476382,-0.2817433154767308,-0.44887348689285445,0.5737292449036843,0.6663506722867978,1.7527387253277362,-0.02613359816672435,-0.07932861568071976,-1.383378260497875,0
sample_01261.html,-0.019546020105042274,0.12247911950824984,0.5356828685766397,-0.14574155033169886,0.5134391267433909,-0.2817433154767308,2.942125188173553,0.6052028815477527,0.23917886514896913,-0.20664955140737246,-0.011991846822490236,-0.07455312033361905,0.1576472100561602,1
sample_09816.html,-0.4031474059971527,-0.4542940683645982,-0.34013138050983827,-0.3768319844078302,-1.642743661950201,-0.2695580091221512,-0.10977361938621372,0.5143767403983712,1.2463481472018731,-0.2419900427268834,0.007292359556010826,-0.09032672617707294,-1.2323280234258827,1
sample_02882.html,-0.19146820986061,-0.08725658517278581,-0.18089242613047862,-0.1978902766055161,0.22129642964664803,-0.21472413052654296,-0.10977361938621372,0.7214010286957262,0.4135794697094823,-0.22730553581240068,-0.02613359816672435,-0.07628966409620112,-0.6335751342963771,0
sample_07388.html,-0.030291156964765253,0.03508924255781832,-0.34013138050983827,-0.08848020383495833,-0.3645636765675367,-0.14161229239906528,-0.10977361938621372,0.35159490473061955,-0.10007636001366921,-0.2559308898051829,-0.02613359816672435,-0.07440840835340387,0.4327875676768214,0
sample_07724.html,0.4016633447960986,0.6380793935157958,0.6153023457663196,0.16306071113286605,0.24273625172018992,-0.11114902651261627,-0.10977361938621372,0.5999525104479305,0.004381805361658371,-0.17920073387183522,-0.02613359816672435,-0.05805595458908929,0.1783454307374748,0
sample_03767.html,-0.29086072581304756,-0.38438216680425297,-0.4197508576995181,-0.3277508302677669,0.24545078315666014,-0.0014812693213997515,-0.44887348689285445,0.4449806877785464,-0.2342246609723759,-0.25617507661706396,-0.01970552937389066,-0.10074598875256541,0.3978930584764214,0
sample_05921.html,0.6342955578091012,-0.0348226590025269,0.13758548262824066,0.7540796089027949,0.8535956667579832,0.4371897594434663,-0.44887348689285445,0.17036195973448762,-0.5500783431692039,-0.12636758730120956,-0.02613359816672435,0.058871325424770735,0.4489501436148542,0
sample_00743.html,-0.3875669575505544,-0.4105991298893824,-0.021653471751118984,-0.3492238352040446,0.4089075890278628,-0.3304845408950493,-0.10977361938621372,0.604386985101966,0.8625873037827542,-0.254077289914995,-0.002992550512523074,-0.05067564359811545,-0.46682066015101525,1
sample_07433.html,-0.4520377787088923,-0.4805110314497277,-0.4993703348891979,-0.4913546774013112,-2.256016803315404,-0.3365771940723391,-0.44887348689285445,0.39291123150998547,-0.29794368544376815,-0.26799593819221446,-0.027419211925291086,-0.10364022835686888,-0.9740013293428116,1
sample_02072.html,-0.35962960171527464,-0.2969922898538215,-0.4197508576995181,-0.389102272942846,-0.08408413284587431,-0.2634653559448614,-0.44887348689285445,0.5416377940174176,0.004524990228377969,-0.2581951675153526,-0.014563074339623712,-0.0969834772669709,-0.06957970250707121,0
sample_09798.html,-0.05231868752719737,-0.4805110314497277,-0.4197508576995181,-0.39216984507659997,0.3247890602784414,-0.32439188771775945,-0.10977361938621372,0.27122669853340275,2.4423969455288432,-0.265076795850182,1.994851230300187,0.03398086482776093,-1.4626902710820135,1
sample_04950.html,-0.40099837862520815,-0.3581652037191235,-0.5789898120788778,-0.10688563663748207,0.39163792986267915,-0.2878359686540206,0.22932624812042704,-1.9925510562714843,0.24808378498633923,-0.2694943572651209,-0.02613359816672435,-0.1003118528119199,-0.3209684199583164,1
sample_07766.html,-0.016859735890111527,0.24482494723885398,0.854160777335359,-0.14983164651003747,0.2885828625636789,-0.30002127500860026,-0.10977361938621372,0.6061127193298474,0.05998665076546565,-0.031811794100545715,-0.02613359816672435,-0.09076086211771846,-0.20942966574019675,0
sample_01302.html,0.7352998442904972,0.8128591474166589,-0.4993703348891979,1.480071680557898,0.885246026658702,1.2718832447321697,-0.10977361938621372,0.39597406030418,-0.7834068464935628,-0.2310571331949367,-0.02613359816672435,0.20459628950145026,1.1728729581984232,0
sample_04578.html,-0.43538281657632166,-0.46303305605964135,-0.4197508576995181,-0.4749942926879568,-0.9381150702721435,-0.3365771940723391,-0.44887348689285445,0.5814106050472805,0.4625895375052989,-0.21189956786281489,0.0780011162771814,-0.10089070073278059,-0.7511834006760346,1
sample_06347.html,-0.4036846628401389,-0.4018601421943393,-0.4993703348891979,-0.4064851817007851,0.9518734680729665,-0.3365771940723391,-0.10977361938621372,0.42594168742850946,-0.354148975623084,-0.26529878386098293,0.01629165586597799,-0.10089070073278059,0.4939973378014802,1
sample_06542.html,-0.36392765645916386,-0.4018601421943393,0.2968244370076003,-0.33286345049069016,1.133139807726875,-0.23909474323570218,0.22932624812042704,0.5051881229226586,-0.36332624129661845,-0.25588649220302273,-0.022276756891024138,-0.10204839657450197,0.5728214270751033,0
sample_00300.html,-0.45150052186590617,-0.4805110314497277,-0.4993703348891979,-0.4913546774013112,-2.256016803315404,-0.3304845408950493,-0.44887348689285445,0.930988474615136,2.2464311946473194,-0.14019744037410864,-0.01970552937389066,-0.10364022835686888,-1.5326077234511195,1
sample_06143.html,-0.44129264184916933,-0.4542940683645982,-0.5789898120788778,-0.4617014801083563,-1.624078829082482,-0.3365771940723391,-0.10977361938621372,-1.9925510562714843,0.23830464279163274,-0.2694943572651209,0.011149200831711038,-0.10335080439643853,-0.681820661539039,1
sample_00888.html,-0.436457330262294,-0.4805110314497277,-0.5789898120788778,-0.41466537405746234,0.42914483866489467,-0.23300209005841238,-0.10977361938621372,-1.9925510562714843,-1.089610874500559,-0.26943886026242064,-0.02613359816672435,-0.10320609241622336,0.25224883411605653,1
sample_08145.html,0.9690065709894721,1.442066261459766,0.13758548262824066,0.34200241893518013,0.1339465563663934,-0.16598290510822453,-0.44887348689285445,0.2772283342531885,-0.22917988967508718,-0.20543971674850728,-0.02613359816672435,-0.04358475656757196,-0.1319435400367164,0
sample_02661.html,-0.4488142376509754,-0.4717720437546845,-0.5789898120788778,-0.4790843888662954,-0.5623694765862514,-0.3365771940723391,-0.10977361938621372,-1.9925510562714843,0.2935142130885873,-0.2694943572651209,0.02529095217594515,-0.10364022835686888,-0.4080001321063347,1
sample_03772.html,-0.45096326502292,-0.4805110314497277,-0.4993703348891979,-0.4903321533567266,-1.224241531954088,-0.3304845408950493,-0.44887348689285445,0.6873332464415347,0.821612326557086,-0.2627126235351519,-0.018419915615323922,-0.10364022835686888,-0.9126192535308989,1
sample_04427.html,-0.4343083028903494,-0.4805110314497277,-0.5789898120788778,-0.3931923691211846,-0.7630267661155536,-0.30002127500860026,0.22932624812042704,-1.9925510562714843,0.18932311978122132,-0.2694943572651209,0.00472113203887735,-0.1034955163766537,0.47376810775136136,1
sample_08279.html,-0.44344166922111394,-0.4805110314497277,-0.5789898120788778,-0.3850121767645074,0.0595402354823181,-0.2634653559448614,1.58572571814699,-1.9925510562714843,0.039198919164220844,-0.2694943572651209,-0.02613359816672435,-0.10060127677235024,-0.38186106209139314,1
sample_05625.html,0.821260939168281,2.0625343878078297,2.446550321128955,1.3543012230739857,0.5157113711107068,0.028981996565049278,0.22932624812042704,0.5750511919016955,0.5431740675329632,0.11624310970314664,-0.009420619305356762,0.05510881393917623,-0.5624370181655589,0
sample_03128.html,-0.03244018433670985,-0.4368160929745119,0.21720495981792048,0.009682104445168252,1.128128220195047,0.6138767015848706,0.9075259831337085,0.5557527213488961,-0.4237578026180854,-0.23355449831644737,-0.02613359816672435,0.022548618390762238,1.0065286096586858,0
sample_07090.html,-0.4396808713202109,-0.4717720437546845,-0.4197508576995181,-0.4576113839300177,-1.7369248937469068,-0.2878359686540206,-0.10977361938621372,0.40139478109889704,0.41842622749135466,-0.2675630615711526,-0.02613359816672435,-0.10262724449536266,-0.6101852760969669,1
sample_01512.html,-0.33115498903700874,-0.34942621602408036,-0.4993703348891979,-0.39216984507659997,0.4292988566945629,-0.2817433154767308,-0.10977361938621372,0.3316516123233787,-0.23637526913859555,-0.26031515301850167,-0.004278164271089811,-0.09582578142524951,0.5650057292358569,1
sample_07448.html,-0.15815828559546874,-0.4105991298893824,-0.34013138050983827,-0.35433645542696784,0.08592306612543707,-0.29392862183131047,0.22932624812042704,0.7496560134259991,1.937460820285826,-0.19907976023906013,-0.02613359816672435,0.27290034416301207,0.10291384435949592,1
sample_04324.html,-0.3322295027229811,-0.24455836368356254,-0.1012729489407988,-0.3349084985798595,-0.0556877247937279,-0.30002127500860026,0.9075259831337085,0.5777210481636403,0.5241120066200372,-0.15619167655231694,-0.004278164271089811,-0.09886473300976815,-0.24008352024572566,1
sample_04496.html,1.5508557319434715,2.8053483418864977,1.4911165948527976,1.3318056940931233,1.0758553899570296,-0.275650662299441,8.028623200773163,0.08670349273000383,-0.870314642619666,-0.24287799477008717,-0.02613359816672435,-0.04315062062692644,1.335415356195105,0
sample_05829.html,0.0873680916492014,0.5769064796504938,1.729975026421837,0.7939580466415963,1.5204957276695397,-0.10505637333532646,0.5684261156270678,0.43002961254048744,-0.4421271947641218,1.1105052112795133,-0.02613359816672435,-0.05762181864844377,1.325987617140631,0
sample_04736.html,0.25660399718983834,0.35843178727441494,-0.34013138050983827,0.741809320367779,0.2622240321349188,0.6504326206486095,0.22932624812042704,0.4663807768593354,-0.20898296431693927,0.25806015040333236,-0.02613359816672435,-0.04995208369703959,-0.06499971668915658,0
sample_01864.html,0.33450623942283,1.0225948520976944,0.3764439141972801,0.2489527308779768,0.35047401337882444,-0.30611392818589006,1.2466258506403491,0.4190986935785563,-0.2502181304160373,-0.16956645420307406,-0.02613359816672435,-0.08815604647384534,0.5356512729083023,0
sample_09614.html,1.2924351904671338,-0.2882533021587783,0.854160777335359,2.152892501894599,1.5059662534629117,1.9359824410567588,0.5684261156270678,0.5431230781989778,-0.6488475006250444,-0.03474203584311823,-0.02613359816672435,0.03745395235292509,1.0401425340215098,0
sample_09323.html,-0.42947299130347405,-0.4542940683645982,-0.4197508576995181,-0.4688591484204489,-0.9102229695251469,-0.32439188771775945,-0.10977361938621372,0.3575356311839183,0.32885220677902516,-0.26451072642263956,-0.02613359816672435,-0.10204839657450197,-0.7652318421541505,1
sample_06420.html,0.06157976318586624,0.24482494723885398,-0.26051190332015844,-0.1784623197584077,0.752793700581891,-0.2573727027675716,0.22932624812042704,0.5446743886488303,-0.15936712390068902,-0.2329551306872848,0.0034355182803106135,-0.07498725627426457,-0.14548682442052846,0
sample_09574.html,-0.2892489552840891,-0.4805110314497277,-0.4197508576995181,-0.3349084985798595,0.33215723509592404,-0.1598902519309347,-0.10977361938621372,0.00182384370395029,-0.03212631079851525,-0.2517464158015851,-0.008135005546790024,-0.07093532082823971,0.23281613977740467,1
sample_04725.html,0.26949816142150596,0.8478150981968314,1.0930192089043984,0.933021316705109,0.39228439135194354,-0.23300209005841238,1.58572571814699,0.5088762635149746,0.1409790017001188,0.06134547463207216,-0.02613359816672435,-0.027232302803257377,-1.1268893025265239,0
sample_04560.html,-0.12323659080136905,0.00013329177764570985,-0.5789898120788778,-0.2612867673697645,-0.5718083254620111,-0.22690943688112258,-0.10977361938621372,-1.9925510562714843,-0.3529501641633456,-0.2694943572651209,-0.02613359816672435,-0.08685363865190877,-0.22969197232849384,0
sample_09316.html,-0.2451938941592249,-0.26203633907364887,0.05796600543856084,-0.2152731853634552,0.5226140277658529,0.12037179422439637,-0.44887348689285445,0.5485203173010935,0.24784141053108116,1.3872354655439751,-0.02613359816672435,-0.0948127975637433,-0.9447679537444883,0
sample_05306.html,0.34954943102644215,0.6730353442959685,-0.26051190332015844,0.20191662482708284,1.0298013828629895,0.32752200225224976,0.9075259831337085,0.4702825905125305,-0.5118863833797364,-0.19414052699873902,-0.01584868809819045,-0.07513196825447974,0.5416624024376128,0
sample_03845.html,-0.45150052186590617,-0.4805110314497277,-0.4993703348891979,-0.4913546774013112,-2.256016803315404,-0.3304845408950493,-0.44887348689285445,0.9344381519503316,2.278998003403939,-0.19098829724536556,-0.01970552937389066,-0.10364022835686888,-1.5198422527019813,1
sample_07014.html,0.17547821389892984,0.10500114411816354,-0.18089242613047862,0.08228131161067855,1.566005857082296,0.5773207825211318,-0.10977361938621372,0.16568524294250322,-0.5144151217559935,-0.2642554402102185,-0.02613359816672435,-0.020286127752929057,0.8184637446413846,0
sample_06470.html,-0.3053666605736736,-0.2358193759885194,-0.5789898120788778,-0.41773294619121626,-0.28474495912137493,-0.3304845408950493,0.5684261156270678,-1.9925510562714843,0.947801888130777,-0.2694832578645808,0.007292359556010826,-0.06485741765920243,-0.8135947213558747,1
sample_07852.html,-0.2344487572995019,-0.10473456056287211,-0.34013138050983827,-0.25821919523601056,0.5371361075082538,-0.30002127500860026,-0.10977361938621372,0.3456476872253106,-0.10224080409617103,-0.26666401012740876,-0.013277460581056975,-0.032876070031649135,-0.01733907181906385,1
sample_05554.html,-0.4450534397500724,-0.4717720437546845,-0.5789898120788778,-0.4760168167325414,-0.5084934647318502,-0.3304845408950493,-0.44887348689285445,-1.9925510562714843,1.518286342713801,-0.2694943572651209,0.02529095217594515,-0.10320609241622336,0.42890254117741133,1
sample_01301.html,0.6826486736778546,1.2847644829489893,0.45606339138695995,0.19884905269332886,0.20818904838374208,-0.17207555828551432,0.9075259831337085,0.7128825680354769,-0.14918707231942885,-0.18229746662250845,-0.02613359816672435,-0.01985199181228354,0.01606016143056396,0
sample_02433.html,-0.41872785444375105,-0.44555508066955507,-0.5789898120788778,-0.44329604730583255,-0.11002123051472375,-0.30611392818589006,-0.10977361938621372,-1.9925510562714843,-0.6544276031711179,-0.26939446266026046,-0.011991846822490236,-0.10233782053493232,-0.426141967932959,1
sample_02129.html,-0.4450534397500724,-0.4717720437546845,-0.4197508576995181,-0.44431857135041725,-1.2567046833686406,-0.3304845408950493,-0.10977361938621372,0.2937847259405157,-0.1399722670986128,-0.26673060653064906,0.009863587073144301,-0.1034955163766537,-0.4398808432610943,1
sample_00783.html,-0.18770741195970694,-0.15716848673313102,-0.5789898120788778,-0.34308869093653666,1.100821226869268,-0.30611392818589006,-0.10977361938621372,-1.9925510562714843,0.3163179842141385,-0.2694943572651209,0.0008642907631771383,-0.058345378549519634,-0.20849749927324426,1
sample_07943.html,-0.018471506419069975,0.03508924255781832,-0.4197508576995181,-0.1528992186437914,0.5607893028706904,-0.19644617099467354,-0.10977361938621372,0.29678494417072543,1.278857075837474,-0.2609700176503645,-0.018419915615323922,-0.01203754488066418,0.5238631441108574,0
sample_06068.html,-0.44720246712201694,-0.4717720437546845,-0.4993703348891979,-0.4749942926879568,-0.5379821217521806,-0.3304845408950493,-0.44887348689285445,0.2641027143297212,-0.16764585844158522,-0.2634562833713351,-0.0107062330639235,-0.10320609241622336,0.015187120742341359,1
sample_08917.html,-0.16729165192623327,-0.04356164669757005,0.05796600543856084,-0.35229140733779857,0.30960986641567406,-0.3365771940723391,-0.10977361938621372,0.721012170060079,0.6714853680271256,-0.2166390118934151,-0.01584868809819045,-0.08656421469147843,-0.3917627852000514,0
sample_02823.html,-0.22638990465470968,-0.2532973513786057,-0.34013138050983827,-0.2643543395035185,0.6917960323873459,-0.13551963922177548,-0.10977361938621372,0.19366938392723984,0.6340059205874359,-0.26297900914811306,-0.02613359816672435,-0.02260151943637183,-0.13377613931121032,1
sample_01352.html,-0.22048007938186204,-0.2532973513786057,-0.1012729489407988,0.1640832351774507,0.4030383647671304,0.29096608318851097,-0.44887348689285445,0.5641290872533405,0.5091888237119555,-0.16083122597805677,-0.02613359816672435,-0.07947332766093494,-0.23914602137667834,0
sample_05594.html,-0.45150052186590617,-0.4805110314497277,-0.4993703348891979,-0.4913546774013112,-2.256016803315404,-0.3304845408950493,-0.44887348689285445,0.9292530040520037,2.2312001220444424,-0.10339182818331144,-0.01970552937389066,-0.10364022835686888,-1.5370096539746319,1
sample_04550.html,-0.43054750498944633,-0.4717720437546845,-0.4993703348891979,-0.44840866752875586,-0.4802532427832406,-0.30002127500860026,-0.10977361938621372,0.15641832936714456,1.0097295232428287,-0.25876123694289505,-0.011991846822490236,-0.10364022835686888,0.526540205527383,1
sample_04741.html,-0.3010686058297844,-0.46303305605964135,-0.4993703348891979,-0.25821919523601056,0.769771341998861,0.035074649742339085,0.22932624812042704,0.33056389378888823,-0.584867579132633,-0.265787157484745,-0.02613359816672435,-0.09828588508890747,0.19976781509106556,0
sample_06552.html,-0.155472001380538,0.2186079841537245,-0.18089242613047862,-0.368651792051153,-0.7397151513966914,-0.32439188771775945,-0.10977361938621372,0.3979855668718213,-0.09849209738540009,0.48695198834018993,-0.01970552937389066,-0.0948127975637433,-1.3831640387403643,0
sample_01080.html,-0.436457330262294,-0.4717720437546845,-0.4993703348891979,-0.45454381179626374,-1.7390350231159453,-0.2695580091221512,-0.10977361938621372,0.17530077781688883,0.34312904149756157,-0.2687062998267775,-0.02613359816672435,-0.10233782053493232,-0.5370863483635336,1
sample_01199.html,1.307478382070746,2.307226043269038,0.7745413001456792,0.48004316495410815,1.0590723604220746,-0.20253882417196337,-0.10977361938621372,0.604984023510853,0.3316202526877266,-0.19584983468190634,-0.02613359816672435,-0.011603408940018661,-0.016190115175987885,1
sample_01792.html,-0.4477397239650031,-0.4805110314497277,-0.5789898120788778,-0.4647690522421103,-0.40840153669158796,-0.30002127500860026,-0.10977361938621372,-1.9925510562714843,-0.09227450750738725,-0.2694943572651209,-0.02613359816672435,-0.1034955163766537,-0.3955148667015103,1
sample_04982.html,0.5660639387498603,0.7254692704662273,0.5356828685766397,-0.11302078090498999,0.17713944479495564,-0.30002127500860026,0.9075259831337085,0.7227091181789321,0.22380915269933177,-0.17425040123097407,-0.02613359816672435,-0.04387418052800231,-0.6409195729519476,0
sample_08870.html,-0.22638990465470968,-0.13969051134304472,-0.18089242613047862,-0.28071472421687294,0.48181483217767096,-0.18426086464009395,-0.10977361938621372,0.1082416563773049,-1.0599563960794272,-0.07539914002131187,-0.02613359816672435,-0.09944358093062886,1.5423289067015706,0
sample_05172.html,0.6590093725864641,0.3846487503595444,0.05796600543856084,1.3430534585835545,1.563708231716146,2.0639281577798445,-0.10977361938621372,0.666346480401932,-0.8175497754687594,-0.06407775147046353,-0.02613359816672435,-0.09293154182094605,0.14615384966694125,0
sample_08863.html,0.18729786444462512,-0.3319482406339941,-0.34013138050983827,0.29905640906262476,1.0761430109967844,0.8088416032581446,0.22932624812042704,0.4377800131232856,-0.6525161660579877,-0.25480985035063813,-0.02613359816672435,-0.0872877745925543,0.11863755969381838,1
sample_06055.html,-0.18770741195970694,-0.15716848673313102,-0.5789898120788778,-0.34308869093653666,1.100821226869268,-0.30611392818589006,-0.10977361938621372,-1.9925510562714843,0.3163179842141385,-0.2694943572651209,0.0008642907631771383,-0.058345378549519634,-0.20849749927324426,1
sample_00529.html,-0.44344166922111394,-0.4805110314497277,-0.5789898120788778,-0.4453410953950019,0.7087154325574094,-0.31220658136317986,-0.10977361938621372,-1.9925510562714843,-1.0011767190429466,-0.2694832578645808,-0.002992550512523074,-0.10074598875256541,0.3756994575430712,1
sample_00268.html,0.16527033388219303,0.008872279472688862,-0.021653471751118984,0.49538102562287795,1.043247704321965,0.857582828676463,1.9248255856536307,0.6211375771796707,-0.4017232265501421,-0.17881225485293356,-0.02613359816672435,-0.0699223369667335,0.38049771983011377,0
sample_02597.html,-0.2758175342094354,-0.3669041914141667,0.6153023457663196,-0.32468325813401294,-0.8178697207470463,-0.1294269860444857,-0.44887348689285445,0.7573235791737045,0.32485760290064214,-0.14099659721299204,-0.02613359816672435,-0.07715793597749217,-0.30944509903116535,0
sample_08800.html,-0.4520377787088923,-0.4805110314497277,-0.5789898120788778,-0.48828710526755725,-0.4857802989613899,-0.3365771940723391,-0.44887348689285445,-1.9925510562714843,-2.374105694263592,-0.2694943572651209,-0.027419211925291086,-0.10364022835686888,-0.06926926283400898,0
sample_04703.html,0.4134829953417939,0.3671707749694581,0.45606339138695995,1.1825171835837642,1.0403535861187527,0.3457999617841192,0.5684261156270678,0.7708537199630348,1.2223122507790758,3.2007998179839405,-0.02613359816672435,0.11907150919428283,-0.9618362688168418,0
sample_08973.html,-0.43806910079125244,-0.4805110314497277,-0.5789898120788778,-0.46681410033127957,-0.3591435948497549,-0.29392862183131047,-0.44887348689285445,-1.9925510562714843,-0.7298793327189029,-0.2694943572651209,-0.02613359816672435,-0.10277195647557784,-0.07499438526122501,0
sample_09756.html,-0.4396808713202109,-0.4717720437546845,-0.4197508576995181,-0.46579157628669493,-1.7247823961965245,-0.2878359686540206,-0.10977361938621372,0.40139478109889704,0.29993066625912085,-0.2675630615711526,-0.02613359816672435,-0.10262724449536266,-0.43320073846554163,1
sample_07876.html,-0.06843639281678184,-0.04356164669757005,0.6153023457663196,-0.2643543395035185,1.0427584463563766,-0.14161229239906528,-0.10977361938621372,0.5845681918394245,0.6743052760899101,1.891270343468068,-0.02613359816672435,-0.0639891457779114,-1.4067091232951345,1
sample_08962.html,0.3828593552915834,0.7516862335513568,0.13758548262824066,0.06080830667440085,0.3638742602400604,-0.18426086464009395,0.22932624812042704,0.6650538273774416,0.5955776274853847,-0.18440635272511746,-0.02613359816672435,0.0035913489825745363,-0.6621625591323689,0
sample_04342.html,0.25660399718983834,0.5769064796504938,1.729975026421837,0.23770496638754565,1.0730390256655395,0.19957628552916384,0.22932624812042704,0.6152301770274384,-0.3295510057235877,0.1337024667526412,-0.02613359816672435,-0.044453028448863,0.8312611967654346,0
sample_08464.html,-0.2913979826560337,-0.4193381175844256,0.45606339138695995,-0.37785450845241486,0.8813911186478128,-0.2573727027675716,0.22932624812042704,0.6275615517492135,1.336315751192096,0.5768238345129538,-0.011991846822490236,-0.06948820102608798,-0.7464115526839659,1
sample_03572.html,1.0340146489907962,2.438310858694685,-0.021653471751118984,0.4595926840624151,0.23618131656588798,-0.31829923454046966,0.22932624812042704,0.672528770222089,-0.24486435698847514,-0.2158398550545317,-0.02613359816672435,-0.014063512603676605,0.26019252264323955,0
sample_04360.html,-0.4455906965930585,-0.4805110314497277,-0.4993703348891979,-0.3911473210320153,0.9524247765549114,-0.29392862183131047,0.22932624812042704,0.2819067950693202,-0.03223336726296023,-0.26799593819221446,-0.02613359816672435,-0.10364022835686888,0.22635023066404644,1
sample_02320.html,-0.2145702541090144,-0.1659074744281742,-0.021653471751118984,-0.2214083296309631,0.4019839299141259,-0.2573727027675716,-0.44887348689285445,0.5265820540250907,-1.0504785230433602,-0.2543769737295763,-0.009420619305356762,-0.09669405330654056,1.2894303502356408,0
sample_03620.html,-0.40099837862520815,-0.3581652037191235,-0.5789898120788778,-0.10688563663748207,0.39163792986267915,-0.2878359686540206,0.22932624812042704,-1.9925510562714843,0.24808378498633923,-0.2694943572651209,-0.02613359816672435,-0.1003118528119199,-0.3209684199583164,1
sample_01177.html,-0.44720246712201694,-0.4805110314497277,-0.5789898120788778,-0.45045371561792513,0.11961927018817478,-0.2634653559448614,-0.10977361938621372,-1.9925510562714843,-0.8439552264158251,-0.2694943572651209,-0.02613359816672435,-0.10364022835686888,0.5834039897187236,1
sample_03259.html,-0.4251749365595848,-0.46303305605964135,-0.4993703348891979,-0.35433645542696784,-0.09727334375713148,-0.2878359686540206,-0.10977361938621372,0.33798455679513983,0.5032958795881516,-0.2664198233155277,-0.02613359816672435,-0.10219310855471715,-0.25350357268674734,1
sample_07529.html,-0.14633863504977346,0.04382823025286147,-0.021653471751118984,-0.23367861816597893,0.41280970412200446,-0.31220658136317986,0.5684261156270678,0.7134417651988259,0.033245669192030806,-0.23944828000321253,-0.02613359816672435,-0.09003730221664259,0.06353073028563948,1
sample_08288.html,0.16419582019622073,0.07004519333799093,-0.26051190332015844,1.762288316863262,1.1754880315333092,0.6321546611167401,1.9248255856536307,0.75640198039581,-0.4722354026564441,-0.1556700047269347,-0.02613359816672435,-0.061529042114253446,0.1171928177051975,0
sample_09089.html,-0.4455906965930585,-0.4717720437546845,-0.5789898120788778,-0.4760168167325414,-0.5084934647318502,-0.3304845408950493,-0.44887348689285445,-1.9925510562714843,1.518157683885374,-0.2694943572651209,0.018862883383111463,-0.10320609241622336,0.43158785543140904,1
sample_07866.html,-0.19093095301762383,-0.06977860978269951,-0.4993703348891979,-0.17743979571382307,-0.05643921674416475,-0.17816821146280412,-0.10977361938621372,0.15672653902424336,-1.0826842898349553,-0.26881729383217795,-0.02613359816672435,-0.08627479073104809,0.9035803552155038,0
sample_06514.html,-0.4026101491541666,-0.42807710527946874,-0.34013138050983827,-0.4340933309045707,-0.12160492216570515,-0.30611392818589006,0.22932624812042704,-0.10742527855807879,-1.8835802719586867,-0.18920129375841793,-0.01584868809819045,-0.10074598875256541,2.900190120140128,1
sample_05658.html,-0.4520377787088923,-0.4805110314497277,-0.5789898120788778,-0.4259131385478935,-0.09929591443346235,-0.3365771940723391,-0.10977361938621372,-1.9925510562714843,-0.12124132312128937,-0.2694943572651209,-0.027419211925291086,-0.10364022835686888,-0.23999500758601303,1
sample_01563.html,-0.10980516972671532,-0.08725658517278581,0.6949218229559994,-0.08643515574578904,0.5779662738499638,-0.21472413052654296,-0.10977361938621372,0.3844981624425752,-0.03578260038674561,-0.12626769269634913,-0.02613359816672435,-0.030994814288851882,0.543766576126868,0
sample_09082.html,0.03310515050760034,-0.34942621602408036,-0.4993703348891979,0.031155109381445945,0.1376762248029852,0.21176159188374347,-0.44887348689285445,-0.4759464713695282,-1.2439595076510668,-0.2690947788456792,-0.02613359816672435,-0.08309112716631427,1.4210320782899075,0
sample_05371.html,0.37694953001873577,0.9264659874522199,-0.26051190332015844,0.5679802327883883,-0.10155723970249708,-0.14161229239906528,1.2466258506403491,0.6835311077496896,0.7689097042914094,-0.11980784158204155,-0.01584868809819045,0.17420677365626386,-0.5073789365603946,0
sample_05826.html,-0.155472001380538,0.017611267167732012,-0.4993703348891979,-0.02201614093695596,0.6629733979696737,-0.0502224947397182,-0.44887348689285445,0.48031436452192977,0.21818636301679956,-0.13021907928860602,-0.02613359816672435,-0.07542139221491008,-0.03504032607113059,0
sample_09490.html,0.5058911723354116,0.59438445504058,-0.4993703348891979,-0.025083713070709918,0.6191846949841417,-0.03194453520784878,-0.10977361938621372,0.35139163997866035,-0.5199911376467303,-0.1649158053767942,-0.02613359816672435,-0.08685363865190877,-0.4563766226229418,0
sample_04404.html,1.4600593254788123,0.09626215642312039,0.3764439141972801,1.4391707187745117,1.2236106717892754,1.9177044815248894,0.5684261156270678,0.38883181774079634,-1.073726228027681,-0.17447238924177502,-0.02613359816672435,-0.013918800623461432,1.2011449499383642,0
sample_07206.html,0.38232209844859727,0.11374013181320669,-0.18089242613047862,0.7172687432977474,0.14242221722986154,1.204864059781982,-0.10977361938621372,0.5889057250666163,-0.499163183262625,-0.21142229363959283,-0.0209911431324574,-0.04054580498305332,0.4726289945400253,0
sample_05984.html,-0.020083276948028424,0.3322148241892855,-0.26051190332015844,-0.07211981912160391,-0.22926262254908755,-0.2573727027675716,-0.44887348689285445,0.5027558875230979,0.0770428205527572,-0.1547043568799506,-0.02613359816672435,-0.06789636924372107,-0.7399699588026546,0
sample_07635.html,1.472416232867494,1.2410695444737734,0.2968244370076003,0.34813756320268807,0.8713282702547942,0.14474240693355558,-0.10977361938621372,0.6499739759599638,0.2734452615870226,-0.11252663482777045,-0.02613359816672435,0.09201036889404542,-0.11285146754924329,0
sample_09438.html,0.8239472233832118,1.6605409538358447,-0.1012729489407988,0.4708404485528463,0.3957327612882186,-0.2817433154767308,0.9075259831337085,0.28539762108114775,0.26201806167937497,1.3384203019688468,-0.02613359816672435,-0.07455312033361905,-0.9844262667020119,1
sample_04859.html,-0.41281802917090343,-0.42807710527946874,-0.4993703348891979,-0.46681410033127957,-0.2793821072864321,-0.31829923454046966,-0.44887348689285445,-0.41224719933990434,0.49605901297645777,-0.269061480644059,-0.0107062330639235,-0.10146954865364127,-0.37161999482203356,0
sample_08488.html,-0.22853893202665426,-0.2532973513786057,-0.18089242613047862,-0.2469714307455794,0.2407849186218312,-0.19035351781738374,-0.10977361938621372,0.5135126249865236,0.46410985826921397,-0.23821624654326728,-0.01584868809819045,-0.04155878884455953,-0.010659853584250801,0
sample_08029.html,-0.32470790692117496,-0.4805110314497277,-0.5789898120788778,-0.34820131115945996,-0.14810215201377983,0.016796690210469666,-0.10977361938621372,-1.9925510562714843,-0.19684875501002433,-0.26930566745594003,-0.02613359816672435,-0.07874976775985908,-0.2157173239942835,1
sample_08542.html,-0.4520377787088923,-0.4805110314497277,-0.5789898120788778,-0.49237720144589586,-2.256016803315404,-0.3365771940723391,-0.44887348689285445,-1.9925510562714843,-1.2972817976803461,-0.2694943572651209,-0.027419211925291086,-0.10364022835686888,-1.3042592724394466,1
sample_02035.html,-0.010412653774277738,-0.26203633907364887,1.9688334579908764,-0.3277508302677669,-0.5879407632664221,-0.3365771940723391,-0.10977361938621372,0.6745793600212838,1.1343244265816945,2.0888285736803716,0.012434814590277775,0.05221457433487277,-1.2193537285096183,1
sample_03343.html,-0.4520377787088923,-0.4805110314497277,-0.5789898120788778,-0.48828710526755725,-1.0889612139270506,-0.3365771940723391,-0.44887348689285445,-1.9925510562714843,-0.4343312443460792,-0.2694943572651209,-0.027419211925291086,-0.10364022835686888,0.07227570023177712,0
sample_04338.html,-0.43538281657632166,-0.4368160929745119,-0.5789898120788778,-0.4688591484204489,-0.7419987387873467,-0.3365771940723391,-0.44887348689285445,-1.9925510562714843,0.7684478118098707,-0.2694943572651209,0.006006745797444088,-0.10364022835686888,-0.379206399371198,0
sample_04839.html,-0.3687629680460392,-0.3756431791092098,-0.4197508576995181,-0.4167104221466316,-0.30865788125474547,-0.31829923454046966,-0.10977361938621372,0.20771288541009666,-0.13768350320107198,-0.22800479804642365,-0.02613359816672435,-0.09090557409793362,0.7636283723090459,1
sample_02881.html,-0.4520377787088923,-0.4805110314497277,-0.4993703348891979,-0.49237720144589586,-2.256016803315404,-0.3365771940723391,-0.44887348689285445,0.3849328585191046,-0.1664740235422336,-0.26700809154415023,-0.027419211925291086,-0.10364022835686888,-0.686457504583203,1
sample_08756.html,-0.26346062682075394,-0.4018601421943393,-0.4993703348891979,-0.2214083296309631,0.7264058010062922,0.053352609274208505,0.5684261156270678,0.43401039378146744,-0.23608214753981266,-0.2610810116557649,-0.02613359816672435,-0.06095019419339275,0.12695185668542786,0
sample_08194.html,0.03955223262343413,0.017611267167732012,0.7745413001456792,-0.13142621370751373,-0.1947428471638969,-0.07459310744887743,0.22932624812042704,0.4144642800537998,-0.20313223866464666,-0.1272222411427932,-0.02613359816672435,-0.05168862745962166,0.5476257359129376,0
sample_01691.html,0.2066391107921265,0.6293404058207527,-0.021653471751118984,0.02399744106935338,0.9978226808926528,-0.0014812693213997515,0.22932624812042704,0.5393647411202732,0.40044543326420834,2.836040218036363,-0.02613359816672435,0.1197950690953587,-0.799998582306799,0
sample_04923.html,-0.3676884543600669,-0.4542940683645982,-0.5789898120788778,-0.2858273444397962,0.44539417683210375,-0.08068576062616724,-0.10977361938621372,-1.9925510562714843,0.01953895250676549,-0.26928346865485997,-0.02613359816672435,-0.09799646112847712,-0.43245428039819866,1
sample_07771.html,1.5363497971828455,0.5157335657851917,0.05796600543856084,2.1651627904296147,0.3172906193466868,3.733315128357251,-0.10977361938621372,0.6245954570605066,0.7389721831429502,-0.1325055557998558,-0.02613359816672435,0.14019945830569813,0.47868373503512424,0
sample_09800.html,-0.4117435154849311,-0.4193381175844256,-0.5789898120788778,-0.45147623966250977,-0.2991542505740407,-0.31829923454046966,-0.10977361938621372,-1.9925510562714843,-0.34154610909387717,-0.26943886026242064,-0.02613359816672435,-0.10233782053493232,-0.2357735052106468,1
sample_03097.html,-0.3010686058297844,-0.2882533021587783,0.5356828685766397,-0.33286345049069016,0.9034299407723322,-0.245187396412992,-0.10977361938621372,0.6685845731891981,0.4918199642767804,-0.16520438979083543,-0.02613359816672435,-0.06529155359984795,-0.7346184043882164,1
sample_07629.html,-0.14311509399185657,0.15743507028842244,-0.4197508576995181,0.038312777693538504,0.1422387000722239,-0.2817433154767308,1.2466258506403491,0.215855748718532,-0.1765671892773672,-0.2421787325360642,-0.02613359816672435,0.015313019380003573,-0.10380745284307753,0
sample_05383.html,-0.3096647153175628,-0.3406872283290372,-0.4993703348891979,-0.37376441227407625,0.06381297614258408,-0.2695580091221512,-0.10977361938621372,0.3316516123233787,-2.6902799844858523,-0.26031515301850167,-0.02613359816672435,-0.0910502860781488,3.566025188243186,1
sample_09863.html,-0.29408426687096445,-0.20960241290338993,-0.5789898120788778,0.24793020683339217,-0.7383996211004227,-0.2208167837038328,-0.44887348689285445,-1.9925510562714843,-1.158979407706659,-0.2694943572651209,-0.01584868809819045,-0.09119499805836398,1.0252570618663845,0
sample_02950.html,0.16365856335323456,0.5594285042604075,-0.34013138050983827,-0.11199825686040533,0.9422867662490977,-0.25128004959028183,0.5684261156270678,0.7137108124829641,0.28662610272507993,-0.23545249580879546,-0.02613359816672435,-0.066159825481139,-0.5658780602616907,0
sample_00606.html,-0.3037548900447152,-0.34942621602408036,0.5356828685766397,-0.2561741471468413,-0.6922395419007817,-0.10505637333532646,-0.44887348689285445,0.5726573235767791,0.2313990321699742,-0.09335797009510859,-0.02613359816672435,-0.04315062062692644,-0.41489160341231046,0
sample_01790.html,-0.3821943891206929,-0.2882533021587783,-0.5789898120788778,-0.37376441227407625,1.0455802247764663,-0.31829923454046966,-0.44887348689285445,-1.9925510562714843,0.02507780481221077,-0.2694943572651209,-0.02613359816672435,-0.10204839657450197,0.23395628296371732,1
sample_05113.html,-0.4079827175840281,-0.46303305605964135,0.9337802545250389,-0.4044401336116158,-0.058498251031561505,-0.23909474323570218,-0.44887348689285445,0.6309585913088374,0.9923663135378441,0.22701512709281974,-0.022276756891024138,-0.10132483667342611,-0.6768842000778977,0
sample_02703.html,0.9410692151541923,1.7129748800061035,0.05796600543856084,0.660007396801007,1.0839123945452946,0.2787807768339313,-0.10977361938621372,0.49847365229093793,-0.8965579689709503,-0.24101329547935924,-0.02613359816672435,-0.09076086211771846,0.5850112852264633,0
sample_05292.html,-0.4520377787088923,-0.4805110314497277,-0.5789898120788778,-0.46579157628669493,-2.0645420696838985,-0.3365771940723391,-0.44887348689285445,-1.9925510562714843,6.849277542288374,-0.2694943572651209,-0.027419211925291086,-0.10364022835686888,-1.1546426171208835,1
sample_08895.html,-0.4450534397500724,-0.4717720437546845,-0.18089242613047862,-0.4238680904587242,-0.20395926256168834,-0.3304845408950493,-0.10977361938621372,0.7935430978301974,1.672572447720046,-0.23435365515533077,0.009863587073144301,-0.1034955163766537,-0.21842159500291697,0
sample_00104.html,-0.41281802917090343,-0.42807710527946874,-0.5789898120788778,-0.42182304236955487,0.8204248754122149,-0.30611392818589006,-0.10977361938621372,-1.9925510562714843,-0.08974445583924309,-0.2694943572651209,-0.009420619305356762,-0.09872002102955299,-0.25321795671439107,1
sample_07809.html,-0.1237738476443552,0.061306205642947774,-0.1012729489407988,-0.11302078090498999,0.6577431922854002,0.07772322198336773,-0.10977361938621372,0.4907590512995744,-0.7065734514791171,-0.2608923218465841,-0.02613359816672435,-0.09857530904933781,0.3927094551714867,0
sample_07160.html,-0.4455906965930585,-0.46303305605964135,-0.4993703348891979,-0.47703934077712606,-0.5289147160123001,-0.3365771940723391,-0.44887348689285445,0.5644021163698923,0.3509486182941402,-0.2656428652777244,-0.0017069367539563366,-0.10335080439643853,-0.521453688032221,1
sample_00092.html,-0.3913277554514574,-0.4193381175844256,-0.4993703348891979,-0.45249876370709446,-0.8561207028111826,-0.31829923454046966,-0.10977361938621372,0.19830242194520106,0.702093538415185,-0.2293700243128495,0.0034355182803106135,-0.08960316627599707,0.6893007756919294,1
sample_01873.html,0.17440370021295756,0.4458216642248465,1.650355549232157,0.03320015747061525,-0.15120473233626097,-0.1537975987536449,-0.10977361938621372,0.6279805783125756,0.40393429358747346,-0.17183073191324374,-0.02613359816672435,-0.08902431835513637,-0.026973535977736607,0
sample_05923.html,0.07125038635961693,0.2186079841537245,0.6153023457663196,-0.04757924205157226,-0.252888644315302,-0.29392862183131047,0.9075259831337085,0.6921461422904907,-0.12330060084962773,-0.12142835406088848,-0.02613359816672435,-0.061529042114253446,-0.7797990259661374,0
sample_05476.html,-0.3091274584745766,-0.2882533021587783,0.5356828685766397,-0.33695354666902877,1.1891717934173085,-0.29392862183131047,-0.10977361938621372,0.6446818390747425,0.41021326569820243,-0.19357445757119662,-0.02613359816672435,-0.06485741765920243,-0.6315783517955225,1
sample_08751.html,-0.4343083028903494,-0.4805110314497277,-0.5789898120788778,-0.45045371561792513,-0.16143541871584105,-0.2573727027675716,-0.10977361938621372,-1.9925510562714843,-0.8657421130589947,-0.26943886026242064,-0.014563074339623712,-0.10277195647557784,-0.6299305873975563,1
sample_04031.html,-0.3676884543600669,-0.38438216680425297,6.905241043751025,3.116110151893341,1.0041573082503492,-0.17207555828551432,-0.44887348689285445,0.5482352135362921,0.4158895604372195,0.9270765179546898,-0.02613359816672435,-0.08902431835513637,-1.2276674127313052,0
sample_03546.html,-0.3273941911361057,-0.3406872283290372,-0.4993703348891979,-0.3931923691211846,0.4911933928541008,-0.2817433154767308,-0.10977361938621372,0.343253371727165,0.01303226845841934,-0.25871683934073486,-0.004278164271089811,-0.09582578142524951,-0.2023741806974135,1
sample_04974.html,-0.1839466140588039,-0.09599557286782896,1.0133997317147188,0.653872252533499,0.5388868150448458,-0.06240780109429781,0.22932624812042704,0.6852550158988358,1.0500065399078329,1.1080522437601628,-0.02613359816672435,-0.06051605825274724,-0.579640155658606,0
sample_08666.html,-0.16675439508324713,-0.44555508066955507,-0.34013138050983827,-0.23163357007680963,0.6770841613964482,0.08381587516065754,-0.10977361938621372,0.6224021015028991,-0.4520877926961553,-0.2615249876773668,-0.02613359816672435,-0.07744735993792251,-0.054418236171144746,0
sample_03781.html,-0.4498887513369477,-0.4805110314497277,-0.5789898120788778,-0.415687898102047,-0.5456351863208293,-0.32439188771775945,-0.10977361938621372,-1.9925510562714843,-1.0988121811408524,-0.2694943572651209,-0.0107062330639235,-0.10364022835686888,0.49146581576047,1
sample_04826.html,-0.4450534397500724,-0.4717720437546845,-0.4197508576995181,-0.4749942926879568,-1.5435377130570114,-0.31829923454046966,-0.10977361938621372,0.3984597967518439,0.2713299989981095,-0.2641666450058981,-0.01970552937389066,-0.10364022835686888,-0.33275486689788786,1
sample_07375.html,0.36889067737394354,0.6380793935157958,0.13758548262824066,-0.2173182334526245,0.2684249959218066,-0.3304845408950493,-0.10977361938621372,0.6117785964142203,0.05096731745400669,-0.2084365548943201,-0.02613359816672435,-0.05443815508370996,-0.21859452649775116,0
sample_02662.html,-0.3821943891206929,-0.2882533021587783,-0.5789898120788778,-0.37376441227407625,1.05029679074824,-0.31829923454046966,-0.44887348689285445,-1.9925510562714843,-0.774318019440677,-0.2694943572651209,-0.02613359816672435,-0.10204839657450197,0.25077291908731636,1
sample_09292.html,0.07554844110350611,0.2885198857140697,-0.021653471751118984,-0.17948484380299237,1.1689629467591676,-0.32439188771775945,-0.44887348689285445,0.6879177445787988,-0.14335784345275124,-0.2079925788727182,-0.01584868809819045,-0.0466237081520906,-0.7783754049833695,0
sample_06324.html,-0.4332337892043771,-0.46303305605964135,-0.4993703348891979,-0.2152731853634552,1.8906728476991086,-0.245187396412992,-0.10977361938621372,0.2541742014070482,-2.095629481103967,-0.2682623238051756,-0.02613359816672435,-0.10320609241622336,2.460978868619597,1
sample_03278.html,-0.3096647153175628,-0.3406872283290372,-0.4993703348891979,-0.37376441227407625,0.06381297614258408,-0.2695580091221512,-0.10977361938621372,0.3316516123233787,-2.6903216724904446,-0.26031515301850167,-0.02613359816672435,-0.0910502860781488,3.5660843661725488,1
sample_07273.html,-0.24465663731623874,-0.2532973513786057,-0.4993703348891979,-0.3747869363186609,-0.22898435208489962,-0.23909474323570218,-0.10977361938621372,0.5524962466397068,-0.0010922218262625974,-0.2620133613011289,-0.017134301856757187,-0.08569594281018739,-0.3488207946776574,0
sample_09730.html,-0.3118137426895074,-0.3057312775488646,0.05796600543856084,-0.3257057821785976,-0.04987619673339827,-0.32439188771775945,-0.10977361938621372,0.4602642360697793,-0.10637105300079944,-0.23861582496270897,-0.009420619305356762,-0.09220798191987019,0.36454773594234985,1
sample_01454.html,-0.3424373827397179,-0.4018601421943393,-0.4993703348891979,-0.38398965271992275,0.33463633066728804,-0.32439188771775945,0.22932624812042704,0.15854343881280697,-2.575025861960651,-0.2293478255117694,0.027862179693078627,-0.03779627735896503,3.7731300924551463,1
sample_05611.html,1.0743089122147573,1.3721543598994208,1.0133997317147188,1.588459229283871,0.7525534440832673,0.40063384037972744,1.9248255856536307,0.6079370419026979,0.9944405911195874,1.0410784609015167,-0.004278164271089811,-0.04315062062692644,-0.5026204391300502,1
sample_09390.html,0.2055645971061542,0.08752316872807724,0.6949218229559994,0.19987157673791353,1.1324558833746214,0.26050281730206193,0.22932624812042704,0.5963660796736463,0.7002207352592427,3.6291367842249103,-0.02613359816672435,0.00011826145741037708,-1.2182523984309745,0
sample_05986.html,0.8701513118800206,1.0225948520976944,1.1726386860940783,1.144683793934132,-0.5879755251211835,0.16911301964271483,-0.10977361938621372,0.5959658513794662,0.2279085109187377,0.5335805700089291,-0.02613359816672435,-0.04112465290391401,0.021484348637351387,0
sample_06447.html,-0.4520377787088923,-0.4805110314497277,-0.5789898120788778,-0.48828710526755725,-0.988466793268442,-0.3365771940723391,-0.44887348689285445,-1.9925510562714843,-1.52865217765257,-0.2694943572651209,-0.027419211925291086,-0.10364022835686888,0.38689069628498984,1
sample_05743.html,-0.33115498903700874,-0.4368160929745119,-0.34013138050983827,-0.39216984507659997,-0.0004388679752074661,-0.11724167968990606,-0.10977361938621372,0.43612886554502656,0.4930146659054411,-0.23861582496270897,-0.008135005546790024,-0.08815604647384534,-0.6468173921961551,1
sample_02988.html,-0.41872785444375105,-0.4805110314497277,0.2968244370076003,-0.36251664778364506,-0.14170385716843403,-0.21472413052654296,0.22932624812042704,0.5288755239487963,0.3296064148586422,0.06662878928913472,-0.013277460581056975,-0.09843059706912263,0.01018437582826456,1
sample_02569.html,0.9045357498311342,1.6605409538358447,1.2522581632837582,0.25713292323465403,0.2842835175779831,-0.2573727027675716,-0.10977361938621372,0.7186456259130364,1.5340145400719116,-0.13121802533721028,-0.02613359816672435,0.03528327264969749,-0.7776222585975063,0
sample_09714.html,-0.4477397239650031,-0.4805110314497277,-0.26051190332015844,-0.41875547023580095,0.5653386364631289,-0.2878359686540206,-0.10977361938621372,0.4445337539156511,-0.1778381313626315,-0.22310996240826275,-0.006849391788223287,-0.10291666845579302,0.022652053432536273,1
sample_03728.html,-0.45042600817993383,-0.4805110314497277,-0.5789898120788778,-0.48010691291088003,-1.1872981709558512,-0.3304845408950493,-0.44887348689285445,-1.9925510562714843,-0.3871618967579585,-0.2694943572651209,-0.005563778029656549,-0.10364022835686888,-0.7955703157142604,0
sample_06608.html,0.6380563557100042,0.8390761105017883,1.0930192089043984,0.11909217721572601,0.42914251918921986,-0.16598290510822453,0.22932624812042704,0.5234506091450086,0.17951425598857748,0.11203643689846866,-0.02613359816672435,0.06972472394090873,-0.0018781174427397634,1
sample_06639.html,-0.3123509995324935,-0.2969922898538215,0.5356828685766397,-0.3195706379110897,-1.836911458242022,-0.29392862183131047,-0.10977361938621372,0.6518467282189421,0.6168627799763073,-0.19257551152259234,-0.02613359816672435,-0.06022663429231689,-1.0755240593051671,1
sample_02766.html,-0.4488142376509754,-0.4805110314497277,-0.4993703348891979,-0.4852195331338033,-1.3384300946045464,-0.31829923454046966,-0.44887348689285445,-0.07134170978834635,-3.039051443683039,0.60635933935002,-0.017134301856757187,-0.10364022835686888,4.626342628098604,1
sample_03187.html,-0.3714492522609699,-0.3669041914141667,-0.18089242613047862,-0.40955275383453904,0.27677977152693045,-0.31829923454046966,-0.10977361938621372,0.4052365196263303,0.13248854390654743,-0.25056987934434005,-0.02613359816672435,-0.09235269390008537,-0.02408649004252883,1
sample_06112.html,-0.4343083028903494,-0.4542940683645982,-0.4197508576995181,-0.4555663358408484,0.03245289589734085,-0.32439188771775945,-0.44887348689285445,0.9368667735493006,0.32857986609302775,-0.26574275988258483,0.0034355182803106135,-0.10219310855471715,-0.12059613622806634,0
sample_06572.html,0.5633776545349295,0.2972588734091129,-0.1012729489407988,0.7234038875652553,0.4373282516494031,0.8941387477402019,1.2466258506403491,0.5497154671404058,-0.0145607305391522,0.4457843117371541,-0.02613359816672435,0.031665473144318154,-0.0005243131182073841,0
sample_06738.html,-0.4283984776175017,-0.4542940683645982,-0.26051190332015844,-0.41773294619121626,1.3473117433223685,-0.2817433154767308,-0.10977361938621372,0.6948535572194506,0.5079534177600773,-0.24092450027503884,-0.013277460581056975,-0.10291666845579302,-0.01618353115873133,1
sample_07003.html,1.8087390165768231,0.8303371228067451,-0.34013138050983827,0.7878229023740884,0.3802797905668785,1.076918343058896,-0.10977361938621372,0.5974247800157171,0.6239551587297262,-0.20728221723815515,-0.02613359816672435,0.09027382513146334,-0.40728890179072885,0
sample_05308.html,1.0775324532726742,0.7953811720265725,-0.1012729489407988,0.8491743450491676,1.012091398796063,0.07163056880607792,1.58572571814699,0.6915090796927015,-0.5859498604007732,-0.1812097253695838,-0.02613359816672435,-0.016234192306904205,0.31533323692438836,1
sample_01238.html,-0.436457330262294,-0.4805110314497277,-0.4993703348891979,-0.44329604730583255,0.08141459285252393,-0.2878359686540206,-0.10977361938621372,0.5654639469245677,1.118854901373642,-0.25766239628943033,-0.02613359816672435,-0.10320609241622336,-0.05111192523210123,1
sample_02336.html,-0.4235631660306264,-0.44555508066955507,-0.4993703348891979,-0.4709041965096182,-1.5219474399803614,-0.30611392818589006,-0.44887348689285445,0.49349917930507403,0.21011467280434662,-0.26466611803020024,-0.02613359816672435,-0.10132483667342611,-0.7588445110051598,0
sample_06627.html,-0.3322295027229811,-0.24455836368356254,-0.1012729489407988,-0.3349084985798595,-0.0556877247937279,-0.30002127500860026,0.9075259831337085,0.5777210481636403,0.5241120066200372,-0.15619167655231694,-0.004278164271089811,-0.09886473300976815,-0.24008352024572566,1
sample_09130.html,-0.4090572312700004,-0.4805110314497277,-0.5789898120788778,-0.46681410033127957,-1.6504095775041814,-0.23909474323570218,-0.44887348689285445,-1.9925510562714843,-0.1982996798856347,-0.26930566745594003,-0.002992550512523074,-0.09394452568245226,-1.0198859192608691,0
sample_04870.html,4.202218252080117,7.935134118876828,4.357417773681271,6.230718391698191,1.1967913376260082,1.3693656955688067,1.9248255856536307,0.5087201471351888,0.20260196339495562,0.7105050146172848,-0.02613359816672435,0.07551320314951566,0.8426913897019644,0
sample_06702.html,-0.3940140396663882,-0.4105991298893824,-0.4993703348891979,-0.37580946036324553,-0.6891072807681635,-0.31220658136317986,0.22932624812042704,0.5775595788144166,1.4115044180747924,-0.2398811566242744,-0.02613359816672435,0.0008418213584862436,-0.4865859190682433,1
sample_00545.html,-0.41819059760076494,-0.4368160929745119,-0.5789898120788778,-0.412620325968293,0.4285615238410655,-0.3304845408950493,-0.10977361938621372,-1.9925510562714843,-0.07794783979948436,-0.2694943572651209,-0.009420619305356762,-0.0910502860781488,-0.37840241915705086,1
sample_09092.html,-0.30482940373068745,-0.4105991298893824,0.9337802545250389,-0.3747869363186609,0.8591319887266878,-0.30002127500860026,0.22932624812042704,0.654889349735582,0.9838302458895979,0.5610293875444663,-0.0209911431324574,-0.073684848452328,-1.133453867597467,1
sample_06534.html,0.10509756746774432,0.10500114411816354,-0.18089242613047862,-0.08132253552286578,0.295081536806703,0.04116730291962889,-0.10977361938621372,0.43109470245877624,0.5707692141490299,-0.18960087217785965,-0.024847984408157612,-0.048070827954242334,0.0015791174245458547,0
sample_00464.html,-0.4450534397500724,-0.4717720437546845,-0.4197508576995181,-0.44431857135041725,-1.2567046833686406,-0.3304845408950493,-0.10977361938621372,0.2937847259405157,-0.13111744033390513,-0.26673060653064906,0.009863587073144301,-0.1034955163766537,-0.4398808432610943,1
sample_06607.html,-0.0055773421874023964,-0.1833854498182605,1.0133997317147188,0.022974917024768726,1.1739960757400174,0.39454118720243764,-0.44887348689285445,0.6329052519318779,0.2878783471390021,-0.1720305211229646,-0.02613359816672435,0.03238903304539402,-0.2535927633046725,0
sample_00206.html,-0.20651140146422217,0.008872279472688862,0.2968244370076003,-0.22447590176471705,1.0305861953229905,-0.31220658136317986,-0.10977361938621372,0.6097899655976061,-0.004210064316330008,-0.17037671044249753,-0.02613359816672435,-0.09365510172202192,0.19140153695727377,0
sample_00223.html,-0.440218128163197,-0.4805110314497277,-0.4993703348891979,-0.44022847517207864,-0.014573964700315028,-0.23909474323570218,-0.10977361938621372,0.3703367708508456,0.07392419523772173,-0.26836221841003605,-0.02613359816672435,-0.10204839657450197,-0.1521438264862224,1
sample_01284.html,-0.4520377787088923,-0.4805110314497277,-0.4993703348891979,-0.4852195331338033,-1.1806394892276955,-0.3365771940723391,-0.44887348689285445,0.03160192278739451,-1.6397127634796493,-0.2492934482822346,-0.027419211925291086,-0.10364022835686888,2.6036517064355804,1
sample_09401.html,1.3638903505842916,2.2897480678789517,-0.18089242613047862,1.0117556681381272,1.1394587740817117,0.3397073086068294,-0.10977361938621372,0.5913521622218286,-0.4533780581977183,-0.14314988091776124,-0.02613359816672435,-0.07397427241275835,0.5316440314034208,0
sample_08692.html,-0.2586253152338786,-0.09599557286782896,-0.4993703348891979,0.17942109584622049,0.5867373923106884,-0.09896372015803664,-0.10977361938621372,0.7743672114913518,1.003339907578247,0.062455414686076904,-0.02613359816672435,0.0704482838419846,-0.6223717705325799,0
sample_03559.html,0.008928592573223629,0.37590976266450127,1.2522581632837582,0.028087537247691988,-0.3033039984628167,-0.20253882417196337,1.2466258506403491,0.6049057065334125,0.23346094163224923,-0.031134730667602823,-0.008135005546790024,-0.06326558587683553,-0.3003006552459354,0
sample_04622.html,-0.3096647153175628,-0.3406872283290372,-0.4993703348891979,-0.37376441227407625,0.06381297614258408,-0.2695580091221512,-0.10977361938621372,0.3316516123233787,-2.690309147290967,-0.26031515301850167,-0.02613359816672435,-0.0910502860781488,3.5660843661725488,1
sample_09600.html,-0.30160586267277056,-0.2882533021587783,0.5356828685766397,-0.33695354666902877,0.8965489527437258,-0.275650662299441,-0.10977361938621372,0.6626073319586158,0.4480663807305983,-0.1689892853749916,-0.02613359816672435,-0.06196317805489897,-0.7570936448082529,1
sample_08708.html,-0.4450534397500724,-0.4805110314497277,-0.5789898120788778,-0.42284556641413956,0.24483605548602835,-0.2695580091221512,0.22932624812042704,-1.9925510562714843,-0.7137639897882221,-0.2694943572651209,-0.02613359816672435,-0.10219310855471715,-0.3097625008135642,1
sample_07261.html,0.028807095763711148,0.34969279957937177,-0.18089242613047862,-0.08541263170120439,-0.18410783923214866,-0.31829923454046966,0.22932624812042704,0.5539907068547731,0.5696699605145752,-0.20749310584841604,-0.005563778029656549,-0.03953282112154711,-0.7715610253487564,0
sample_02915.html,-0.144726864520815,0.07878418103303408,-0.4993703348891979,0.7673724214823954,1.1202653975076662,-0.05631514791700801,-0.44887348689285445,0.44875157726712667,0.3477811488212754,-0.06385576345966258,-0.02613359816672435,-0.07411898439297353,-0.6706507784808159,0
sample_06965.html,0.5499462334602758,0.6817743319910116,1.9688334579908764,0.7939580466415963,0.9635855242315311,0.8149342564354344,-0.44887348689285445,0.5671377304019802,0.275448966467929,0.2933673435212231,-0.02613359816672435,-0.07903919172028942,0.022192449915053165,0
sample_06135.html,-0.43538281657632166,-0.46303305605964135,-0.5789898120788778,-0.42182304236955487,0.28984797000232615,-0.30611392818589006,-0.10977361938621372,-1.9925510562714843,-0.3693770456801991,-0.2694610590635007,-0.009420619305356762,-0.10146954865364127,0.1450494035880511,1
sample_04938.html,0.6482642357267411,0.419604701139717,0.21720495981792048,-0.03837652565031039,0.3995532768647544,-0.2817433154767308,-0.44887348689285445,0.6761835563525931,0.3102645094703907,-0.1488105751931854,-0.02613359816672435,0.18057410078573147,-0.4471608889241298,0
sample_00848.html,-0.35586880381437164,-0.38438216680425297,-0.34013138050983827,-0.2428813345672408,0.7355369650749062,-0.25128004959028183,-0.44887348689285445,0.47154902928097353,-0.2282640436902126,-0.25657465503650567,-0.02613359816672435,-0.09770703716804677,0.6652709510151795,1
sample_06947.html,0.3592200542001929,-0.2882533021587783,0.05796600543856084,0.2622455434575773,1.2609357833583743,1.8689632561065708,-0.10977361938621372,0.5481426656713936,-1.2546964645191925,-0.21791544295552057,-0.02613359816672435,-0.0699223369667335,1.4587828254398174,0
sample_02278.html,-0.3821943891206929,-0.2882533021587783,-0.5789898120788778,-0.37376441227407625,1.0349185882949992,-0.31829923454046966,-0.44887348689285445,-1.9925510562714843,-0.7702275040533052,-0.2694943572651209,-0.02613359816672435,-0.10204839657450197,0.2499703599778838,1
sample_08238.html,-0.42195139550166794,-0.44555508066955507,-0.5789898120788778,-0.4688591484204489,0.32103522205746726,-0.31220658136317986,-0.10977361938621372,-1.9925510562714843,0.5085048947738157,-0.26943886026242064,-0.02613359816672435,-0.10175897261407163,-0.5993294962936854,1
sample_06167.html,1.8517195640157151,1.555673101495327,0.21720495981792048,0.9585844178197253,0.5939766575740848,1.454662840050864,0.9075259831337085,0.5727812473683007,0.4454699254195866,-0.0663420291806332,-0.02613359816672435,0.011839931854839414,-0.7022424056462088,0
sample_03595.html,-0.05446771489914196,-0.11347354825791527,-0.26051190332015844,0.20702924505000608,0.28764125233684285,0.4554677189753357,0.5684261156270678,0.5590530821534645,-2.3476289753435142,-0.24392133842085165,-0.02613359816672435,-0.08106515944330184,-1.168268742783207,0
sample_03092.html,-0.3316922458799949,-0.4805110314497277,-0.5789898120788778,-0.251061526923918,0.8882114127202485,-0.025851882030558975,0.5684261156270678,-1.9925510562714843,-0.776063822121086,-0.2694943572651209,-0.01584868809819045,-0.10320609241622336,0.1846270395182802,1
sample_08282.html,-0.3198725953342996,-0.44555508066955507,-0.18089242613047862,-0.07518739125535787,1.911407845915035,0.028981996565049278,-0.10977361938621372,0.6165566312014398,-1.3450595779487429,-0.2404694248528969,-0.02613359816672435,-0.0932209657813764,2.7921697082920294,0
sample_04183.html,5.033891845022676,0.3846487503595444,1.5707360720424772,5.77774023994719,2.0870243183014714,7.474204179213192,1.2466258506403491,0.6251251577842799,0.07533397802615309,0.6477601033643967,-0.02613359816672435,0.00113124531891659,0.30855720104175866,0
sample_09475.html,-0.4520377787088923,-0.4805110314497277,-0.5789898120788778,-0.49237720144589586,-2.256016803315404,-0.3365771940723391,-0.44887348689285445,-1.9925510562714843,0.6398616521993882,-0.2694943572651209,-0.027419211925291086,-0.10364022835686888,-1.3530396304858698,1
sample_00154.html,-0.4450534397500724,-0.4717720437546845,-0.4197508576995181,-0.44431857135041725,-0.36004281257078397,-0.3304845408950493,-0.10977361938621372,0.28610712914078423,-0.3823183629789112,-0.26673060653064906,0.009863587073144301,-0.1034955163766537,0.2450882785879847,1
sample_05385.html,-0.04479709172539128,0.4021267257496307,1.3318776404734378,0.1559030428207735,1.1749831186209332,-0.2878359686540206,0.5684261156270678,0.4800610406448014,-0.30511098878682336,0.07136823331973496,-0.02613359816672435,-0.07382956043254318,0.8998354053129348,0
sample_05691.html,-0.30590391741665973,-0.2008634252083468,-0.4197508576995181,-0.4003500374332772,-0.04079944647402352,-0.32439188771775945,-0.10977361938621372,0.39810385511538215,-0.32326407145891245,-0.25321153667287133,-0.00042132299538959916,-0.10132483667342611,-0.4408835695327845,0
sample_04136.html,-0.41335528601388954,-0.42807710527946874,-0.4993703348891979,-0.46272400415294096,-1.399602547100533,-0.31220658136317986,-0.44887348689285445,-0.08793406323416426,0.07937742348728533,-0.2633896869680948,-0.002992550512523074,-0.0959704934054647,0.07525758209079537,0
sample_00646.html,0.655248574685561,1.4071103106795932,0.9337802545250389,0.586385665590912,0.8015522889856819,-0.22690943688112258,-0.44887348689285445,0.382104906856655,-0.10623245178027195,-0.1899005559924409,-0.02613359816672435,0.0384669362144313,0.03993740639651406,0
sample_03283.html,-0.3171863111193689,-0.4368160929745119,-0.4197508576995181,-0.39216984507659997,-0.649127447532215,-0.2695580091221512,0.22932624812042704,-0.051581129643603674,0.8840824696718161,-0.2666862089284889,0.01500604210741125,-0.04242706072585057,0.18249354413633165,1
sample_04589.html,-0.22907618886964043,-0.26203633907364887,-0.4993703348891979,-0.09052525192412764,0.5433081656622535,0.2239468982383231,-0.44887348689285445,0.40375215649538443,-0.8942184141534895,-0.26422214200859834,-0.02613359816672435,-0.09625991736589504,0.8294054686857658,0
sample_05799.html,-0.328468704822078,-0.3232092529389509,-0.26051190332015844,-0.34308869093653666,0.21811027552700488,-0.3365771940723391,-0.10977361938621372,0.8042923275415673,1.4330384316528608,0.2416885346067624,0.01500604210741125,-0.08207814330480806,-1.1514235802640491,1
sample_00854.html,-0.24895469206012794,-0.46303305605964135,-0.5789898120788778,-0.47806186482171076,-0.4722282445368599,-0.32439188771775945,-0.44887348689285445,-1.9925510562714843,2.275925863471504,-0.2694943572651209,0.03557586224447905,0.3950372554646183,-1.5051251358237554,1
sample_01745.html,-0.342974639582704,-0.4805110314497277,0.854160777335359,-0.33695354666902877,0.26157235031136794,-0.275650662299441,-0.10977361938621372,0.5886212136485462,1.4959556759773809,-0.1927753007323132,-0.02613359816672435,0.23484109336642148,-1.3108886737832948,1
sample_05124.html,-0.29300975318499217,-0.2358193759885194,-0.5789898120788778,-0.10484058854831277,0.5500835600149673,-0.275650662299441,-0.10977361938621372,-1.9925510562714843,-0.4246025505853687,-0.2694943572651209,-0.00042132299538959916,-0.10060127677235024,0.18914773006791155,1
sample_03997.html,-0.36285314277319153,-0.46303305605964135,-0.021653471751118984,-0.3492238352040446,0.8728904219816297,-0.09896372015803664,-0.10977361938621372,0.6386886544920126,1.0986859285320085,-0.02366483410415092,-0.002992550512523074,-0.09220798191987019,-0.47972190506987616,0
sample_05740.html,-0.24465663731623874,-0.3057312775488646,1.4114971176631177,-0.24799395479016403,-0.1054429428408192,-0.16598290510822453,-0.44887348689285445,0.6002114839533932,0.5481828700830711,0.19368362727105737,-0.02613359816672435,-0.05762181864844377,-0.494349766141887,0
sample_06614.html,-0.44397892606410005,-0.46303305605964135,-0.4197508576995181,-0.4494311915733405,0.0980677135814707,-0.3365771940723391,-0.10977361938621372,0.7987008496921953,1.5164075112905937,-0.24189014812202297,0.0304334072102121,-0.10306138043600818,-0.007230480191969753,0
sample_05050.html,-0.4450534397500724,-0.4717720437546845,-0.18089242613047862,-0.4238680904587242,-0.1837189364399496,-0.3304845408950493,-0.10977361938621372,0.7875434925973221,1.659869554700606,-0.23484202877909285,0.009863587073144301,-0.1034955163766537,-0.20052640558908463,0
sample_01031.html,1.2107721503332391,1.8964936216020098,1.0930192089043984,0.7121561230748241,-0.23259844038244548,0.053352609274208505,2.2639254531602715,0.5137051104845607,0.13329501585306094,-0.06778495125083936,-0.02613359816672435,0.04049290393744373,0.18202171129570635,0
sample_07675.html,0.19213317603150049,0.3671707749694581,-0.34013138050983827,0.11704712912655671,0.44539296561765246,-0.19035351781738374,-0.44887348689285445,0.6736489284796692,0.023574240107711704,-0.13425926108518327,-0.02613359816672435,-0.024482775179169084,-0.5139886640784206,0
sample_08621.html,0.518248079724093,1.555673101495327,-0.4993703348891979,0.0853488837444325,0.5754462392301349,-0.31829923454046966,0.22932624812042704,0.7199509415627372,1.1374940797242048,-0.24615231792940118,-0.017134301856757187,0.14888217711860852,0.41332366118507546,1
sample_04847.html,-0.05984028332900346,-0.3057312775488646,1.650355549232157,0.1620381870882814,-0.25273323338901443,0.5285795571028133,-0.10977361938621372,0.5964053561461826,0.9927447527577374,-0.09322477728862802,-0.02613359816672435,-0.08482767092889634,0.22326685063801363,0
sample_07606.html,-0.4520377787088923,-0.4805110314497277,-0.4197508576995181,-0.4913546774013112,-2.256016803315404,-0.3365771940723391,-0.44887348689285445,0.8125553828571156,1.5870276322646732,0.07405428825042644,-0.027419211925291086,-0.10364022835686888,0.24732468020400503,1
sample_06938.html,0.23780000768532314,0.5769064796504938,3.6408424789741525,0.2192995335850219,-0.053069715036907106,-0.1477049455763551,1.2466258506403491,0.6133174365087856,0.8388879448434395,-0.03883771464239572,-0.02613359816672435,0.07869686671424948,-0.5099204584850402,0
sample_08618.html,-0.4198023681297234,-0.4193381175844256,-0.5789898120788778,-0.4678366243758642,-0.7374246661397339,-0.3365771940723391,-0.10977361938621372,-1.9925510562714843,-0.20135914011366787,-0.2694943572651209,0.021434110900244937,-0.10118012469321093,-0.4727895867815937,0
sample_06279.html,4.317191216479153,6.0125568259673345,0.13758548262824066,4.9167749944069135,1.2576734922983024,-0.2878359686540206,-0.10977361938621372,0.057546461519274825,0.26004779423991725,-0.1255573310617861,-0.011991846822490236,0.5679680718217505,0.5847793713671365,1
sample_06063.html,-0.3612413722442331,-0.39312115449929613,-0.26051190332015844,-0.28889491657355015,0.6030655926508428,-0.23300209005841238,0.22932624812042704,0.1139898390689532,-0.607985932591434,-0.24544195629483814,-0.017134301856757187,-0.09423394964288262,0.4324621738101088,1
sample_06989.html,-0.2441193804732526,0.00013329177764570985,-0.34013138050983827,-0.274579579949365,0.2798858038105986,-0.25128004959028183,-0.44887348689285445,0.504516537192088,-0.7804835849344329,-0.25951599617961824,-0.02613359816672435,-0.09958829291084402,0.7685988490197365,0
sample_00860.html,-0.2913979826560337,-0.3319482406339941,-0.1012729489407988,-0.2868498684843808,-0.6417719299057518,-0.08068576062616724,-0.10977361938621372,0.5337636381220453,-0.2907624895326284,-0.25765129688889027,-0.02613359816672435,-0.07874976775985908,0.5659121724037058,0
sample_05151.html,0.3619063384151236,0.6031234427356232,1.5707360720424772,0.3675655200497964,0.4303298908843619,0.32142934907495996,-0.10977361938621372,0.623153607916856,0.5426452074655697,0.6767406381744605,-0.02613359816672435,0.2752157358464548,0.06793560731984484,0
sample_08836.html,0.7712960527705692,0.11374013181320669,0.7745413001456792,1.0700395386794526,0.6671897020925662,0.9306946668039406,0.5684261156270678,0.5453236812645039,-0.19102875523769797,0.188910885038837,-0.02613359816672435,0.042663583640671326,0.39530216294118037,0
sample_08730.html,-0.020083276948028424,-0.20960241290338993,1.1726386860940783,0.6160388628838669,0.10653404203758911,0.39454118720243764,0.5684261156270678,0.5595436977035637,-0.12090562511457935,-0.009790583429091664,-0.02613359816672435,-0.046478996171875425,0.6319412736706287,0
sample_03025.html,0.6498760062556995,0.7254692704662273,0.7745413001456792,-0.03837652565031039,-0.0584072888262448,-0.32439188771775945,-0.10977361938621372,0.6790966146455099,0.36193731776631255,-0.09980672180887612,-0.02613359816672435,0.006630300567093176,-0.48618993932147725,0
sample_04423.html,-0.155472001380538,-0.10473456056287211,-0.1012729489407988,-0.23163357007680963,0.45594404244397546,-0.2817433154767308,-0.44887348689285445,0.6956902372670297,0.3725332167855573,-0.20781498846407742,-0.01584868809819045,-0.05588527488586169,0.30092524291577355,0
sample_04200.html,-0.43484555973333555,-0.4542940683645982,-0.4993703348891979,-0.43511585494915533,1.6178251965174804,-0.3304845408950493,-0.10977361938621372,0.42210768679440325,-1.1741232545525677,-0.2602041590131012,-0.005563778029656549,-0.10291666845579302,2.1672204616786215,1
sample_09238.html,-0.43538281657632166,-0.4717720437546845,-0.5789898120788778,-0.4023950855224465,0.7040099552539401,-0.275650662299441,1.58572571814699,-1.9925510562714843,0.8942778069405961,-0.2694943572651209,-0.01584868809819045,-0.10320609241622336,-0.11345398987299699,1
sample_01384.html,0.2883021509260212,-0.09599557286782896,-0.1012729489407988,0.8052058111320275,0.2248071771271814,1.4120142678098353,0.5684261156270678,0.4440733184315197,-0.49654067069554503,-0.21061203740016937,-0.0209911431324574,-0.061818466074683796,0.9358181287080969,0
sample_06160.html,-0.3821943891206929,-0.2882533021587783,-0.5789898120788778,-0.37376441227407625,1.0481535649443108,-0.31829923454046966,-0.44887348689285445,-1.9925510562714843,-0.21813367831863686,-0.2694943572651209,-0.02613359816672435,-0.10204839657450197,0.2289025477694614,1
sample_09146.html,-0.4160415702288203,-0.4805110314497277,-0.18089242613047862,-0.34411121498112135,0.24994412836107238,-0.2208167837038328,0.22932624812042704,0.3781548810348203,0.20275029842593462,-0.23650693886009996,-0.02613359816672435,-0.10219310855471715,-0.17820416208490145,1
sample_04135.html,-0.43162201867541866,-0.46303305605964135,-0.4993703348891979,-0.41773294619121626,0.19136580652899296,-0.29392862183131047,0.22932624812042704,0.38321529430634643,0.5879599268274158,-0.26548747367016373,-0.0017069367539563366,-0.1019036845942868,-0.48644447351731934,0
sample_05462.html,0.16365856335323456,-0.34942621602408036,-0.021653471751118984,0.3552952315147806,0.8337018024740587,0.9002314009174917,-0.10977361938621372,0.6516717494800002,-0.09577932561460631,-0.10471265684757708,-0.02613359816672435,-0.08569594281018739,0.32820024495351513,0
sample_00635.html,0.277019757223312,0.6380793935157958,0.21720495981792048,0.40335386161025927,0.10922393737211351,-0.08068576062616724,0.5684261156270678,0.5903550300106013,0.40447771059414556,-0.17115366848030084,-0.02613359816672435,-0.04286119666649609,-0.1132704326869467,0
sample_03444.html,-0.3805826185917345,-0.2882533021587783,-0.5789898120788778,-0.36660674396198367,-1.936153834409844,-0.31220658136317986,-0.10977361938621372,-1.9925510562714843,-0.1563919641363256,-0.2694943572651209,-0.02613359816672435,-0.1019036845942868,-0.9965894106922651,1
sample_00853.html,-0.2408958394153357,-0.3669041914141667,-0.4197508576995181,-0.3533139313823832,0.10904868069703597,-0.31829923454046966,0.22932624812042704,0.7527552817403106,0.9912447390914935,-0.19998991108334402,-0.02613359816672435,0.02529814601485053,0.3835047774066023,1
sample_09873.html,0.2646628498346306,1.0313338397927376,0.13758548262824066,0.3563177555593653,0.8773725210598581,-0.20863147734925316,-0.44887348689285445,0.6368519732357992,0.4899939580883744,-0.18265264743978996,-0.013277460581056975,-0.07628966409620112,0.017452387733027173,0
sample_04766.html,2.1601049918897646,-0.4717720437546845,-0.5789898120788778,0.06898849903107807,-1.2391539740021025,-0.30611392818589006,1.2466258506403491,-1.9925510562714843,1.896881790263447,-0.2694943572651209,-0.008135005546790024,7.245557686870708,-1.2158988534584187,1
sample_04119.html,-0.18878192564567925,-0.04356164669757005,0.05796600543856084,0.27553835603717775,1.1475730630574656,0.4798383316844949,-0.10977361938621372,0.5350050390738914,-1.33441934631556,-0.2324334588619026,-0.02613359816672435,-0.019273143891422845,1.9893092203589182,0
sample_06543.html,-0.26292336997776783,-0.39312115449929613,-0.1012729489407988,-0.30525530128690453,-0.2812106292954685,-0.08677841380345704,-0.10977361938621372,0.44981643170331315,-0.5724769173964582,-0.2466961885558635,-0.011991846822490236,-0.08815604647384534,0.2437364038368268,0
sample_02031.html,-0.43054750498944633,-0.4717720437546845,-0.4993703348891979,-0.44840866752875586,-0.4802532427832406,-0.30002127500860026,-0.10977361938621372,0.15641832936714456,1.0097295232428287,-0.25876123694289505,-0.011991846822490236,-0.10364022835686888,0.526540205527383,1
sample_08113.html,0.39521626268026483,0.7516862335513568,-0.1012729489407988,0.18248866797997443,0.018788919201408568,-0.09287106698074685,0.22932624812042704,0.46247950068796917,-0.39614558063241967,-0.2571851220662083,-0.01584868809819045,-0.005236081810551035,0.6519336485890639,0
sample_05189.html,-0.45150052186590617,-0.4805110314497277,-0.4993703348891979,-0.4913546774013112,-2.256016803315404,-0.3304845408950493,-0.44887348689285445,0.9348757840274228,2.281082328956152,-0.19098829724536556,-0.01970552937389066,-0.10364022835686888,-1.5198422527019813,1
sample_00649.html,-0.3413628690537456,-0.3581652037191235,-0.34013138050983827,-0.39216984507659997,-0.24342481414147776,-0.31829923454046966,-0.10977361938621372,0.5983588705122241,0.9202683065782591,-0.1471234663110982,-0.02613359816672435,-0.06326558587683553,-0.1301737040475158,1
sample_00881.html,-0.4477397239650031,-0.4717720437546845,-0.4197508576995181,-0.45147623966250977,0.01749228990665775,-0.3365771940723391,-0.10977361938621372,0.7953750539074018,1.5399059030952875,-0.24180135291770258,0.0304334072102121,-0.1034955163766537,-0.0298696300475504,0
sample_09498.html,-0.31020197216054896,-0.3232092529389509,-0.18089242613047862,-0.27560210399394963,0.27372066169111764,-0.22690943688112258,0.22932624812042704,0.21474114929515578,-0.35440199289278496,-0.2413129792939405,-0.014563074339623712,-0.0997330048910592,0.7920687193258864,1
sample_05939.html,-0.4477397239650031,-0.4805110314497277,-0.5789898120788778,-0.4688591484204489,-0.6502400691274753,-0.30002127500860026,-0.10977361938621372,-1.9925510562714843,-0.14469037377730304,-0.2694943572651209,-0.02613359816672435,-0.1034955163766537,-0.6095858697734594,1
sample_07221.html,0.02558355470579425,-0.08725658517278581,2.0484529351805563,-0.24390385861182545,0.3022762536025686,-0.3365771940723391,-0.44887348689285445,0.7269108219308301,1.705769896665226,2.099483998198817,0.012434814590277775,0.03600683255077335,-1.26017713873074,0
sample_09368.html,-0.33115498903700874,-0.34942621602408036,-0.4993703348891979,-0.4003500374332772,0.4618700726624893,-0.2817433154767308,-0.10977361938621372,0.3316516123233787,0.10399017178312107,-0.26031515301850167,-0.004278164271089811,-0.09582578142524951,-0.3918705153675585,1
sample_04687.html,0.1878351212876113,0.8303371228067451,-0.021653471751118984,0.6681875891576842,1.4032030343421016,-0.20253882417196337,1.2466258506403491,0.4709665349264643,-0.4248693548447896,-0.24043612665127675,-0.0107062330639235,-0.09032672617707294,0.480921257889727,1
sample_05510.html,0.12228978644330109,0.31473684879919916,0.13758548262824066,-0.17743979571382307,0.5243395602100678,-0.30611392818589006,0.22932624812042704,0.7477547775432499,0.45747965268128865,-0.2202907146710907,-0.02613359816672435,-0.04618957221144508,-0.5891828086301089,0
sample_04462.html,-0.4520377787088923,-0.4805110314497277,-0.5789898120788778,-0.4913546774013112,-2.256016803315404,-0.3365771940723391,-0.44887348689285445,-1.9925510562714843,-0.6771931034260641,-0.2694943572651209,-0.027419211925291086,-0.10364022835686888,-1.0772643389238317,1
sample_05178.html,-0.4117435154849311,-0.4368160929745119,-0.4197508576995181,-0.412620325968293,-1.396574208167864,-0.30002127500860026,-0.10977361938621372,0.4920668421817645,0.5137972833935793,-0.2533336300788118,-0.014563074339623712,-0.09987771687127438,-0.5064305773222884,1
sample_02917.html,-0.440218128163197,-0.4805110314497277,-0.5789898120788778,-0.48419700908921864,-2.256016803315404,-0.30611392818589006,-0.44887348689285445,-1.9925510562714843,-0.24369068605556432,-0.26943886026242064,-0.011991846822490236,-0.0948127975637433,-1.2020031351053397,1
sample_08476.html,0.5306049871127744,1.4770222122399386,0.6153023457663196,0.6180839109730362,0.6465740872290646,0.09600118151523715,0.22932624812042704,0.6503959540608507,0.11405502964040669,-0.03833824161809359,-0.02613359816672435,-0.003933673988614475,0.18676913975446524,0
sample_00922.html,-0.4450534397500724,-0.4805110314497277,-0.5789898120788778,-0.42898071068164745,0.2621742996695351,-0.30002127500860026,-0.10977361938621372,-1.9925510562714843,-0.5534262537970351,-0.26943886026242064,-0.008135005546790024,-0.10364022835686888,0.036300929807954324,1
sample_08459.html,-0.4520377787088923,-0.4805110314497277,-0.5789898120788778,-0.48828710526755725,-1.2193918232337195,-0.3365771940723391,-0.44887348689285445,-1.9925510562714843,0.10097564416316389,-0.2694943572651209,-0.027419211925291086,-0.10364022835686888,-0.025022606919835176,0
sample_06409.html,-0.04694611909733588,0.11374013181320669,-0.34013138050983827,-0.15596679077754538,0.31742139417102855,-0.31829923454046966,-0.10977361938621372,0.5681375417683422,-0.24733327878194986,-0.2604927434271424,-0.02613359816672435,-0.06688338538221486,-0.028006626954754702,0
sample_09239.html,1.9876455452912107,3.408338492844475,1.729975026421837,1.4248553821503267,0.910975794693795,-0.23300209005841238,2.2639254531602715,0.4792582758463086,-0.2277286326138798,0.09283447396418665,-0.02613359816672435,0.0996801038454496,0.3573351210461482,0
sample_04156.html,0.5768090756095833,-0.1484294990380879,-0.021653471751118984,0.6395569159093139,0.22995487488301045,1.3571803892142271,-0.10977361938621372,0.40208805740150155,-0.537374041579839,-0.20526212633986654,-0.02613359816672435,-0.06746223330307555,0.4042757873321615,0
sample_01842.html,-0.3623158859302054,-0.4018601421943393,0.45606339138695995,-0.3267283062231823,-0.051318934827448384,-0.2208167837038328,-0.10977361938621372,0.5792131030625526,0.5430912554667661,-0.2206125972867521,-0.017134301856757187,-0.09452337360331296,-0.3709801587212733,1
sample_05767.html,-0.02599310222087606,0.1836520333735519,-0.1012729489407988,-0.22652094985388635,-0.6580893019887087,-0.25128004959028183,-0.10977361938621372,0.6236292152457944,0.08190512925560768,-0.25869464053965474,-0.02613359816672435,-0.0292582705262698,-0.7587060901908764,0
sample_07248.html,-0.02867938643580681,0.27978089801902656,0.2968244370076003,-0.045534193962402957,0.04519433899405018,-0.25128004959028183,1.2466258506403491,0.7531450216131033,0.28416532849146187,-0.19826950399963666,-0.02613359816672435,-0.084538246968466,-0.020424394456129234,0
sample_00069.html,2.1278695813105957,3.9501557299371504,1.0930192089043984,1.318512881513523,1.5381246693775081,-0.32439188771775945,0.5684261156270678,0.3942398472640269,-0.6254462100172831,-0.013542180811627686,-0.004278164271089811,-0.051254491518976146,0.7808339087311531,0
sample_08872.html,0.39414174899429255,0.5856454673455369,0.21720495981792048,0.15079042259785022,1.1948212125354332,-0.1598902519309347,0.5684261156270678,0.6063697244962529,0.1874973736761091,-0.056163878885409725,-0.02613359816672435,-0.0460448602312299,-0.24806042872532397,0
sample_03668.html,-0.3940140396663882,-0.4805110314497277,-0.4993703348891979,-0.4320482828154014,0.06566008423738039,-0.23300209005841238,-0.10977361938621372,-0.03181234889534068,-0.46061360636736265,-0.26428873841183864,-0.0017069367539563366,-0.10320609241622336,0.22510993218948608,1
sample_06461.html,0.5531697745181927,1.3721543598994208,0.5356828685766397,0.7796427100174111,0.5377513196646663,0.21785424506103326,0.22932624812042704,0.6443953102790753,0.022787717322453462,-0.0425560138233116,-0.02613359816672435,0.02225919443033189,0.2316582653763016,0
sample_00548.html,0.6600838862724363,1.3721543598994208,2.287311366749596,0.4820882130432775,0.7196352454553122,-0.19035351781738374,1.58572571814699,0.683973140186147,0.6058538300582709,0.08224564584898143,-0.02613359816672435,0.09722000018179167,-0.3009366582752631,0
sample_05844.html,0.18837237813059743,0.6293404058207527,1.729975026421837,0.19987157673791353,-0.2934090365049375,-0.1598902519309347,0.22932624812042704,0.6323110796072168,0.17622623404582732,0.2375706570064048,-0.02613359816672435,-0.08323583914652945,-0.8049635571258414,0
sample_02912.html,-0.4396808713202109,-0.46303305605964135,-0.5789898120788778,-0.4300032347262321,0.25038776593434037,-0.32439188771775945,-0.44887348689285445,-1.9925510562714843,-1.6804420392439474,-0.2694943572651209,-0.018419915615323922,-0.10320609241622336,2.187956843584708,1
sample_02896.html,-0.4520377787088923,-0.4805110314497277,-0.5789898120788778,-0.4852195331338033,-0.6453592867003504,-0.3365771940723391,-0.44887348689285445,-1.9925510562714843,-0.9421734708009145,-0.2694943572651209,-0.027419211925291086,-0.10364022835686888,-0.2942693825351173,1
sample_09319.html,-0.12968367291720284,-0.09599557286782896,-0.021653471751118984,0.09352907610110972,0.17104347513280677,-0.19035351781738374,0.5684261156270678,0.5938268912164197,0.5935990579811412,-0.22488586649467035,-0.02613359816672435,-0.06861992914479693,-0.30841958293340666,0
sample_01486.html,-0.3854179301786098,-0.46303305605964135,-0.5789898120788778,-0.2786696761277036,0.47702204448045643,-0.21472413052654296,0.22932624812042704,-1.9925510562714843,-0.6368691327135145,-0.2694943572651209,-0.006849391788223287,-0.10291666845579302,0.2486206755532587,1
sample_07366.html,0.47096947754131185,0.8565540858918747,1.1726386860940783,0.24588515874422287,0.18107363890384864,-0.275650662299441,0.5684261156270678,0.3838878248785068,-0.06844492408970972,0.39861185944195265,-0.02613359816672435,0.06943529998047838,0.6957625779430381,0
sample_02814.html,-0.4477397239650031,-0.4717720437546845,-0.4993703348891979,-0.4279581866370628,0.0589955281191344,-0.32439188771775945,-0.10977361938621372,0.3391934432522604,0.15098795709946006,-0.2680514351949147,-0.01584868809819045,-0.1034955163766537,0.23156702784608096,1
sample_05046.html,-0.3854179301786098,-0.46303305605964135,-0.5789898120788778,-0.2766246280385343,0.6115727390339809,-0.21472413052654296,0.22932624812042704,-1.9925510562714843,-0.6772155066405882,-0.2694943572651209,-0.006849391788223287,-0.10291666845579302,0.34305481785933734,1
sample_01920.html,-0.29300975318499217,-0.20960241290338993,-0.4993703348891979,-0.3768319844078302,0.4343507473872686,-0.32439188771775945,-0.10977361938621372,0.6923008341249406,0.300438227822226,-0.24439861264407367,-0.02613359816672435,-0.095391645484604,-0.5114527874596604,1
sample_08923.html,0.1803135254858052,0.34095381188432866,0.13758548262824066,0.10886693676987949,-0.09387078195141689,0.32752200225224976,0.5684261156270678,0.7218059025419769,0.0732495983972177,-0.21194396546497507,-0.02613359816672435,-0.07310600053146732,-0.6151936272039552,0
sample_05098.html,-0.18770741195970694,-0.15716848673313102,-0.5789898120788778,-0.34308869093653666,1.100821226869268,-0.30611392818589006,-0.10977361938621372,-1.9925510562714843,0.3163179842141385,-0.2694943572651209,0.0008642907631771383,-0.058345378549519634,-0.20849749927324426,1
sample_04125.html,-0.45096326502292,-0.4805110314497277,-0.4993703348891979,-0.4913546774013112,-2.256016803315404,-0.3304845408950493,-0.44887348689285445,0.9297160512025852,2.2744462573311335,-0.12310436354243563,-0.013277460581056975,-0.10364022835686888,-1.5254822392228895,1
sample_08670.html,2.125183297095665,0.6380793935157958,0.7745413001456792,3.042488420683246,1.1890122946422466,5.232107809970543,-0.10977361938621372,0.6658510527629347,-2.0295441827629364,-0.08230296715722137,-0.02613359816672435,-0.02694287884282703,2.7875354727794526,0
sample_03879.html,0.21147442237900185,0.4720386273099759,1.8095945036115169,-0.09666039619163555,0.3470056341798087,-0.31829923454046966,0.22932624812042704,0.6868680454793956,0.12382343889279974,-0.10171581870176429,-0.02613359816672435,-0.07571081617534044,0.031393099043635915,0
sample_08376.html,0.7240174505877881,-0.2183414005984331,-0.34013138050983827,0.6988633104952237,0.5652837926727593,1.0038065049314184,-0.10977361938621372,0.08267433666779803,-0.434305601678236,-0.24587483291589998,-0.02613359816672435,0.00011826145741037708,0.15010613744363166,0
sample_09958.html,-0.400461121782222,-0.4805110314497277,-0.5789898120788778,-0.36558421991739903,0.03349143356066756,-0.245187396412992,-0.10977361938621372,-1.9925510562714843,-1.3355601875264023,-0.26939446266026046,-0.0017069367539563366,-0.1034955163766537,1.0061440378626116,1
sample_04552.html,-0.29945683530082595,-0.13969051134304472,-0.18089242613047862,-0.23265609412139426,-0.6620955875817625,-0.17816821146280412,-0.10977361938621372,0.1349938113245141,0.10425448851320507,-0.24659629395100308,-0.02613359816672435,-0.08439353498825083,-1.0089559421462864,0
sample_05422.html,-0.44182989869215544,-0.4805110314497277,-0.5789898120788778,-0.2234533777201324,-0.09313385485476104,0.1508350601108454,-0.44887348689285445,-1.9925510562714843,-1.2775652744940842,-0.2694943572651209,-0.02613359816672435,-0.09553635746481917,0.6909239119540586,1
sample_00766.html,-0.3676884543600669,-0.4542940683645982,-0.5789898120788778,-0.2858273444397962,0.44539417683210375,-0.08068576062616724,-0.10977361938621372,-1.9925510562714843,0.01953895250676549,-0.26928346865485997,-0.02613359816672435,-0.09799646112847712,-0.43245428039819866,1
sample_08915.html,-0.37252376594694225,-0.46303305605964135,-0.5789898120788778,-0.3563815035161372,0.06986602036456717,-0.16598290510822453,-0.10977361938621372,-1.9925510562714843,0.16742979726840093,-0.26943886026242064,-0.005563778029656549,-0.10016714083170472,-0.6857091169424857,1
sample_05531.html,-0.4520377787088923,-0.4805110314497277,-0.4993703348891979,-0.49237720144589586,-2.256016803315404,-0.3365771940723391,-0.44887348689285445,0.32146681233332947,-0.8329860769671793,-0.2532337354739514,-0.027419211925291086,-0.10364022835686888,0.7857714262425866,0
sample_06995.html,-0.4445161829070862,-0.46303305605964135,-0.4197508576995181,-0.41466537405746234,0.17654778470355478,-0.2878359686540206,-0.10977361938621372,0.5592998664255717,0.15608669439293177,-0.2647771120356007,-0.02613359816672435,-0.10335080439643853,-0.48406749987345654,1
sample_02886.html,0.06856410214468618,0.3671707749694581,-0.021653471751118984,0.20498419696083678,0.1943624782598242,-0.17816821146280412,-0.10977361938621372,0.058045331081206186,-1.199044513137993,-0.02673936805374405,-0.02613359816672435,-0.038664549240256064,1.907540615153915,0
sample_05208.html,-0.18824466880269308,-0.2358193759885194,-0.4993703348891979,-0.15596679077754538,0.2893540730853882,-0.06850045427158762,-0.10977361938621372,-0.06561019485976681,0.17227179629849565,-0.25516503116791966,-0.006849391788223287,-0.0726718645908218,0.39090956738074867,1
sample_00950.html,-0.4343083028903494,-0.4805110314497277,-0.4197508576995181,0.03729025364895385,-1.6481582508104446,-0.09287106698074685,0.9075259831337085,0.47962605227914706,0.35983931337782876,-0.26280141873947227,-0.02613359816672435,-0.09872002102955299,-0.8743669737555906,1
sample_05277.html,0.049222855797184814,-0.22708038829347624,-0.26051190332015844,-0.04655671800698761,1.3497977730964683,0.25441016412477213,-0.10977361938621372,0.6020989701090212,-0.18559815938497087,-0.15593639033989587,-0.02613359816672435,-0.07136945676888523,0.4771608062118745,0
sample_09136.html,0.150764399121567,0.4021267257496307,0.05796600543856084,-0.02815128520446387,0.048392314566741326,-0.22690943688112258,-0.44887348689285445,0.6042333590061028,0.5037217440956202,-0.1899005559924409,-0.01584868809819045,-0.045176588349938866,-0.14229086421823664,0
sample_03846.html,-0.4520377787088923,-0.4805110314497277,-0.5789898120788778,-0.4872645812229726,-0.7067890193140784,-0.3365771940723391,-0.44887348689285445,-1.9925510562714843,0.22606251694284138,-0.2694943572651209,-0.027419211925291086,-0.10364022835686888,-0.8721332970100784,1
sample_04212.html,0.0873680916492014,0.7866421843315294,0.45606339138695995,0.05365063836230829,0.5451839068666863,-0.31220658136317986,-0.10977361938621372,0.695896146701486,0.545091733769765,0.1217373129704701,-0.02613359816672435,-0.08019688756201081,-0.4545177263923953,0
sample_03670.html,-0.4520377787088923,-0.4805110314497277,-0.5789898120788778,-0.49237720144589586,-2.256016803315404,-0.3365771940723391,-0.44887348689285445,-1.9925510562714843,-0.45071759664529853,-0.2694943572651209,-0.027419211925291086,-0.10364022835686888,-1.4124057454021073,1
sample_03531.html,-0.3886414712365267,-0.39312115449929613,-0.5789898120788778,-0.4494311915733405,0.06108910624269174,-0.31220658136317986,-0.10977361938621372,-1.9925510562714843,-0.2891821796554278,-0.26930566745594003,-0.011991846822490236,-0.09872002102955299,-0.3518076178090327,1
sample_03913.html,-0.1774995319429701,-0.11347354825791527,0.2968244370076003,-0.22038580558637844,0.39871981597630396,-0.06240780109429781,-0.44887348689285445,0.6395691429501539,0.03217884871699358,-0.23692871608062177,-0.02613359816672435,-0.07498725627426457,0.05185168757212672,0
sample_00611.html,-0.44344166922111394,-0.46303305605964135,-0.5789898120788778,-0.47703934077712606,-1.044802351692958,-0.32439188771775945,-0.44887348689285445,-1.9925510562714843,-0.6194442420662871,-0.2694943572651209,-0.01584868809819045,-0.10364022835686888,0.801013478342202,0
sample_07314.html,-0.3972375807243051,-0.4717720437546845,-0.26051190332015844,-0.43613837899374003,-1.953213190409793,-0.2634653559448614,-0.44887348689285445,0.6384672945184672,1.196664059383949,0.1622390255411031,-0.011991846822490236,-0.09553635746481917,-0.9362457061088341,0
sample_00633.html,-0.4235631660306264,-0.4717720437546845,-0.4197508576995181,-0.4259131385478935,-1.7085752446286655,-0.18426086464009395,-0.10977361938621372,0.40139478109889704,0.35391850686538556,-0.2675630615711526,-0.02613359816672435,-0.09929886895041368,-0.6062055440503255,1
sample_04753.html,-0.42678670708854327,-0.44555508066955507,-0.4197508576995181,-0.4688591484204489,-2.256016803315404,-0.3365771940723391,-0.44887348689285445,0.45257225058530476,-0.05836981998063222,-0.18097663795824281,0.05228884110584664,-0.09828588508890747,0.7168646531165107,1
sample_01528.html,-0.2919352394990199,-0.3232092529389509,-0.5789898120788778,-0.2173182334526245,0.016070033448984552,-0.2573727027675716,-0.10977361938621372,-1.9925510562714843,0.22478322129115133,-0.26937226385918034,-0.018419915615323922,-0.05588527488586169,-0.3937894239375743,1
sample_00769.html,-0.3864924438645821,-0.42807710527946874,-0.021653471751118984,-0.3829671286753381,0.04634617971325428,-0.17207555828551432,0.22932624812042704,0.45259071238212195,0.35142713035574225,-0.25565340479168175,-0.02613359816672435,-0.09220798191987019,-0.33600708459416406,0
sample_00304.html,-0.3698374817320115,-0.3319482406339941,-0.18089242613047862,-0.4535212877516791,-2.256016803315404,-0.3365771940723391,-0.44887348689285445,0.562004782816597,0.3855373635131431,0.05036816749796528,0.0021499045217438758,-0.095391645484604,-1.3285836569218952,0
sample_01625.html,-0.41657882707180643,-0.42807710527946874,-0.5789898120788778,-0.46579157628669493,-0.7942062603421322,-0.3365771940723391,-0.10977361938621372,-1.9925510562714843,0.5347584236004966,-0.26943886026242064,0.03429024848591231,-0.10146954865364127,-0.8851387258534886,1
sample_07394.html,-0.31879808164832735,-0.4105991298893824,-0.26051190332015844,-0.41773294619121626,-0.2755174974477848,-0.30002127500860026,-0.10977361938621372,0.7009250743165847,2.2513977581252576,-0.19634930770620845,-0.005563778029656549,0.19533472276767916,-1.4864213378272095,0
sample_01428.html,-0.4520377787088923,-0.4805110314497277,-0.5789898120788778,-0.4903321533567266,-1.114558160185379,-0.3365771940723391,-0.44887348689285445,-1.9925510562714843,-1.60279190543054,-0.2694943572651209,-0.027419211925291086,-0.10364022835686888,0.2457020263352195,0
sample_06683.html,0.21953327502379408,-0.2183414005984331,-0.1012729489407988,0.3430249429797648,0.31477810031253045,0.44328241262075607,-0.10977361938621372,0.6487005606094026,-0.38302199902058903,-0.2423896211463251,-0.02613359816672435,-0.08714306261233912,0.9591627983851083,0
sample_01772.html,-0.3633903996161777,-0.4105991298893824,-0.5789898120788778,-0.14574155033169886,1.105554380422957,-0.11724167968990606,-0.10977361938621372,-1.9925510562714843,-2.2601476260245787,-0.2694943572651209,-0.02613359816672435,-0.10118012469321093,2.8163199748527723,0
sample_02397.html,-0.4391436144772247,-0.4805110314497277,-0.4993703348891979,-0.4463636194395865,-0.49867440958365417,-0.23300209005841238,-0.10977361938621372,0.3391934432522604,0.07685625842757063,-0.2680514351949147,-0.02613359816672435,-0.10016714083170472,-0.4852497025442638,1
sample_00906.html,-0.26507239734971244,-0.4805110314497277,-0.5789898120788778,0.4156241501452751,-1.0289943134551252,0.028981996565049278,-0.44887348689285445,-1.9925510562714843,-0.7012338152524438,-0.2694943572651209,-0.01584868809819045,-0.03215251013057327,0.6626997423434187,0
sample_01097.html,-0.049095146469280475,-0.2882533021587783,1.9688334579908764,-0.34002111880278274,-0.5038078331771707,-0.3365771940723391,-0.10977361938621372,0.6737124251361005,1.1252320716662945,2.0984850521502127,0.012434814590277775,0.02645584185657192,-1.2215954103771018,1
sample_08772.html,-0.3666139406740946,-0.2969922898538215,-0.4993703348891979,-0.2592417192805952,0.7807143314852952,-0.31220658136317986,6.33312386323996,-0.41650874953288364,0.006610683149200484,-0.2629457109464929,-0.011991846822490236,-0.09336567776159158,0.09704478618869046,1
sample_08076.html,-0.44075538500618316,-0.4805110314497277,-0.5789898120788778,-0.45863390797460235,0.476257659152182,-0.30002127500860026,-0.44887348689285445,-1.9925510562714843,-1.3754559349562543,-0.2694943572651209,-0.017134301856757187,-0.10364022835686888,1.1173171118510035,0
sample_06425.html,2.254662196255327,3.4782503944048204,0.2968244370076003,1.5271077866087919,0.6508600180147085,-0.12333433286719588,0.22932624812042704,0.5500655027886368,0.14974300531812773,-0.1146688191319996,-0.01584868809819045,-0.03345491795250983,-0.18660960534312643,1
sample_00285.html,-0.4520377787088923,-0.4805110314497277,-0.34013138050983827,-0.4606789560637717,-0.26409913656944994,-0.3365771940723391,-0.10977361938621372,0.8235589429495274,2.2329382947565,-0.23634044785199926,-0.027419211925291086,-0.10364022835686888,-0.5686785491858757,0
sample_03625.html,0.5118009976082591,1.3197204337291617,0.5356828685766397,0.730561555877348,0.6637779956177421,0.2300395514156129,0.22932624812042704,0.6444475203026216,0.07931335801898799,-0.04288899583951303,-0.02613359816672435,-0.0006052984436654894,0.12227779112786306,0
sample_01284.html,-0.05876576964303116,-0.3406872283290372,-0.34013138050983827,0.006614532311414296,-0.8507538721367662,1.2475126320230105,-0.44887348689285445,0.2577605651781773,-0.7064521393600025,-0.24963752969897607,-0.018419915615323922,-0.010879849038942794,0.9829861326355024,0
sample_09545.html,0.04492480105329562,0.03508924255781832,-0.34013138050983827,0.005592008266829643,0.4865792774567173,0.10209383469252695,-0.10977361938621372,0.5943383083329254,0.19920552019423107,-0.20605018377820988,-0.02613359816672435,-0.04315062062692644,-0.1325908206401569,0
sample_09390.html,-0.4520377787088923,-0.4805110314497277,-0.5789898120788778,-0.49237720144589586,-2.256016803315404,-0.3365771940723391,-0.44887348689285445,-1.9925510562714843,-1.1121908091870982,-0.2694943572651209,-0.027419211925291086,-0.10364022835686888,-1.286520965163532,1
sample_06748.html,-0.42087688181569566,-0.4717720437546845,-0.5789898120788778,-0.42693566259247817,-1.1163931379674423,-0.23300209005841238,-0.44887348689285445,-1.9925510562714843,-1.5142591552283595,-0.2694943572651209,-0.018419915615323922,-0.10364022835686888,0.638239427239352,0
sample_09850.html,-0.07219719071768489,0.20986899645868135,0.3764439141972801,-0.05882700654200343,0.48425134144891585,-0.18426086464009395,-0.44887348689285445,0.5647011247459195,0.5062527073428381,-0.12428089999968066,-0.02613359816672435,-0.08120987142351702,-0.4596892307507675,0
sample_04171.html,0.3764122731757496,0.8041201597216157,-0.26051190332015844,0.03729025364895385,1.0580804060665567,-0.2878359686540206,-0.10977361938621372,0.0029388378633040087,-0.5984591252696626,-0.24933784588439478,-0.02613359816672435,-0.08381468706739013,0.5360476698601223,0
sample_00601.html,-0.3918650122944436,-0.46303305605964135,-0.4993703348891979,-0.4310257587708167,0.7369455469214203,-0.25128004959028183,-0.10977361938621372,0.5832984106817196,0.28877969798656977,-0.2151627916215888,-0.006849391788223287,-0.09915415697019851,-0.7973786127943657,1
sample_02309.html,-0.4450534397500724,-0.4717720437546845,-0.4197508576995181,-0.44431857135041725,-0.3614824317876209,-0.3304845408950493,-0.10977361938621372,0.28610712914078423,-0.4154133880323958,-0.26673060653064906,0.009863587073144301,-0.1034955163766537,0.2972804613391098,1
sample_07820.html,0.44571840592096285,0.03508924255781832,-0.26051190332015844,0.25713292323465403,0.6325668826379037,0.20566893870645367,-0.44887348689285445,0.6200864025542704,0.7885718932447433,1.9593096687785585,-0.02613359816672435,0.14598793751430506,-1.0125999936141057,0
sample_05893.html,-0.4391436144772247,-0.44555508066955507,-0.4993703348891979,-0.4811294369554647,-0.4274520505210647,-0.3365771940723391,-0.44887348689285445,0.2695827999196528,-1.960712373925054,-0.2660868412993263,-0.002992550512523074,-0.10364022835686888,2.8373978651707774,0
sample_05889.html,-0.436457330262294,-0.4805110314497277,-0.5789898120788778,-0.41466537405746234,0.42914483866489467,-0.23300209005841238,-0.10977361938621372,-1.9925510562714843,-1.0894847444027822,-0.26943886026242064,-0.02613359816672435,-0.10320609241622336,0.25224883411605653,1
sample_07511.html,-0.4450534397500724,-0.4805110314497277,-0.4993703348891979,-0.4453410953950019,-1.7788717150280011,-0.20253882417196337,-0.10977361938621372,0.3703367708508456,0.06925766745408429,-0.26836221841003605,-0.02613359816672435,-0.10175897261407163,-0.5273268791405915,1
sample_07341.html,-0.3456609237976348,-0.34942621602408036,0.6153023457663196,-0.24083628647807148,0.11212798147775709,-0.25128004959028183,-0.10977361938621372,0.7766888518719091,0.7723684619045825,-0.1160007471968053,-0.018419915615323922,-0.06804108122393625,-0.3938810525975333,1
sample_08874.html,0.16312130651024842,-0.008605695917397443,-0.18089242613047862,0.3154167937759792,0.5467367322422442,0.5834134356984216,-0.10977361938621372,0.7679970001561706,1.1901387961180394,-0.20852535009864046,-0.017134301856757187,0.7300454896627445,-0.1505660091230712,0
sample_04815.html,1.116214945967677,1.9489275477722687,0.854160777335359,0.8982554991892309,0.28258038048897854,-0.03803718838513859,0.22932624812042704,0.6571438175112619,0.33935469211894514,-0.10969628769005836,-0.02613359816672435,0.14454081771215332,-0.7434964105959108,0
sample_01113.html,2.2471406004535206,2.761653403411282,0.5356828685766397,1.0812873031698838,-1.8322533212553946,1.1926787534274024,0.22932624812042704,0.7207479465175616,1.3966425942236904,-0.22388692044606606,-0.02613359816672435,0.852327112944566,-1.1727421327098548,1
sample_05774.html,0.7949353538619598,-0.12221253595295842,5.631329408716148,1.1232107889978544,0.9649067411796497,1.2596979383775901,0.5684261156270678,0.3089569198436563,-0.30945822441199794,0.6586708140952634,-0.011991846822490236,-0.07064589686780937,-0.04956683239036389,1
sample_05936.html,-0.24895469206012794,-0.3057312775488646,-0.18089242613047862,-0.3563815035161372,-0.052786805621369545,-0.20253882417196337,-0.10977361938621372,0.6594185474293988,0.9370044837847479,-0.1905998182264639,-0.02613359816672435,-0.0081303214148545,-0.6340861452990931,0
sample_00984.html,-0.4477397239650031,-0.4805110314497277,-0.4993703348891979,-0.48419700908921864,-1.2792309526931431,-0.31829923454046966,-0.44887348689285445,0.28704593753334845,0.3564502812634727,-0.2681957274019353,-0.011991846822490236,-0.10364022835686888,-0.8495846415382166,1
sample_03213.html,0.561765884005971,0.7779031966364862,1.0930192089043984,0.05160559027313898,0.3038122309851046,-0.23300209005841238,-0.44887348689285445,0.6791146448060614,0.4697036911532028,-0.1328385378160572,-0.02613359816672435,-0.028968846565839455,-0.5996533777920776,0
sample_03028.html,-0.2591625720768648,-0.19212443751330363,0.6949218229559994,-0.33899859475819805,0.19008404489163555,-0.31829923454046966,-0.10977361938621372,0.5228620160468159,0.2864423525895757,-0.10833106142363254,-0.02613359816672435,-0.07238244063039144,0.18901988279421283,1
sample_04519.html,0.4516282311938105,1.4682832245448953,0.05796600543856084,0.20191662482708284,0.1580154647529159,-0.2878359686540206,-0.44887348689285445,0.5795528362474278,0.454273500324676,-0.06707458961627633,-0.02613359816672435,-0.0639891457779114,-0.7320828015602728,0
sample_02382.html,-0.45150052186590617,-0.4805110314497277,-0.5789898120788778,-0.4913546774013112,-2.256016803315404,-0.3304845408950493,-0.44887348689285445,-1.9925510562714843,-0.37858058749178036,-0.2694943572651209,0.006006745797444088,-0.10335080439643853,-1.2391903686040342,1
sample_09568.html,-0.45150052186590617,-0.4805110314497277,-0.4993703348891979,-0.4913546774013112,-2.256016803315404,-0.3304845408950493,-0.44887348689285445,0.9352945450058155,2.2832203114946923,-0.19098829724536556,-0.01970552937389066,-0.10364022835686888,-1.5198422527019813,1
sample_02051.html,-0.31127648584652123,-0.270775326768692,-0.021653471751118984,-0.2612867673697645,1.3166146818679432,-0.30002127500860026,-0.10977361938621372,0.5128188548997996,1.5071481288230373,-0.2501592015243583,-0.02613359816672435,-0.09886473300976815,-0.3852927301114706,1
sample_04256.html,-0.4488142376509754,-0.4805110314497277,-0.4993703348891979,-0.4852195331338033,-1.3384300946045464,-0.31829923454046966,-0.44887348689285445,-0.07134170978834635,-3.039051443683039,0.60635933935002,-0.017134301856757187,-0.10364022835686888,4.626342628098604,1
sample_05020.html,-0.04694611909733588,-0.026083671307483746,1.1726386860940783,0.6364893437755599,1.0471454772122977,0.06553791562878812,1.58572571814699,0.30640548971582365,-0.2567823134732497,0.5562899435138661,-0.02613359816672435,-0.010445713098297274,1.1568535618198195,0
sample_02000.html,-0.21188396989408365,-0.13969051134304472,1.8095945036115169,-0.22958852198764032,-1.266168440869598,-0.30002127500860026,-0.44887348689285445,0.7525497170322308,1.3657309401063575,6.266987018370957,-0.02613359816672435,-0.07527668023469491,-1.4381800478233762,0
sample_09723.html,0.1781644981138606,0.017611267167732012,3.879700910543192,0.6692101132022688,1.2016691101852213,0.4250044530888867,-0.10977361938621372,-1.9925510562714843,0.5081179217317463,-0.26806253459545476,-0.0209911431324574,0.05684535770175831,-0.22208423817094985,0
sample_01973.html,-0.41013174495597265,-0.4717720437546845,-0.4197508576995181,1.7305900714811377,2.7107771051207137,-0.245187396412992,1.58572571814699,-0.24341650966385803,-3.946154728593864,-0.2679293417889742,-0.009420619305356762,-0.10204839657450197,4.605019812338654,1
sample_03651.html,-0.18770741195970694,-0.15716848673313102,-0.5789898120788778,-0.34308869093653666,1.100821226869268,-0.30611392818589006,-0.10977361938621372,-1.9925510562714843,0.3163179842141385,-0.2694943572651209,0.0008642907631771383,-0.058345378549519634,-0.20849749927324426,1
sample_06745.html,-0.440218128163197,-0.4805110314497277,-0.34013138050983827,-0.42080051832497023,0.5922728906535657,-0.2878359686540206,-0.10977361938621372,0.4083508597662461,-0.2516717694282147,-0.22854866867288598,-0.004278164271089811,-0.10291666845579302,0.08548471210382382,1
sample_08787.html,-0.049095146469280475,-0.46303305605964135,-0.4197508576995181,-0.2940075367964734,-2.256016803315404,0.7844709905489853,-0.44887348689285445,-1.0035797079247153,-0.3431355527873893,-0.2641666450058981,-0.005563778029656549,0.2216723031668407,-1.157699165646889,0
sample_05632.html,-0.3096647153175628,-0.3406872283290372,-0.4993703348891979,-0.37376441227407625,0.06381297614258408,-0.2695580091221512,-0.10977361938621372,0.3316516123233787,-2.6904033257696836,-0.26031515301850167,-0.02613359816672435,-0.0910502860781488,3.5660843661725488,1
sample_03914.html,-0.2484174352171418,-0.2532973513786057,0.45606339138695995,-0.0015656600452629206,0.24573764718738267,-0.09287106698074685,1.2466258506403491,0.5716910909871393,-0.10826910998718552,-0.0074375105146016135,-0.02613359816672435,-0.05805595458908929,0.6383760227815248,0
sample_07420.html,-0.436457330262294,-0.4805110314497277,-0.4993703348891979,-0.44329604730583255,0.08141459285252393,-0.2878359686540206,-0.10977361938621372,0.5802682876811134,1.1157145372152697,-0.25769569449105045,-0.02613359816672435,-0.10320609241622336,-0.05240898966930544,1
sample_09983.html,-0.25325274680401716,-0.13095152364800158,0.3764439141972801,-0.19891280065010075,0.23623552446867022,-0.19035351781738374,0.22932624812042704,0.7032832799695565,0.6926544152149999,-0.21209935707253572,-0.0209911431324574,-0.08410411102782048,-0.7353966482656021,1
sample_01898.html,-0.4203396249727095,-0.4717720437546845,-0.4197508576995181,-0.4238680904587242,-1.4114013867745563,-0.275650662299441,-0.10977361938621372,-0.12206111900390994,-0.42241054797391875,-0.1565801555712186,-0.004278164271089811,-0.10002242885148954,-1.0353631185589791,1
sample_08035.html,-0.4396808713202109,-0.4717720437546845,-0.4197508576995181,-0.46579157628669493,-1.7247823961965245,-0.2878359686540206,-0.10977361938621372,0.40139478109889704,0.29993066625912085,-0.2675630615711526,-0.02613359816672435,-0.10262724449536266,-0.43320073846554163,1
sample_02226.html,-0.4520377787088923,-0.4805110314497277,-0.5789898120788778,-0.4903321533567266,-0.871771713151435,-0.3365771940723391,-0.44887348689285445,-1.9925510562714843,-0.6382231366479425,-0.2694943572651209,-0.027419211925291086,-0.10364022835686888,0.12037819132924721,0
sample_06773.html,-0.02706761590684836,0.27978089801902656,-0.5789898120788778,-0.09666039619163555,-0.39450735052090835,-0.23300209005841238,-0.44887348689285445,-1.9925510562714843,-0.4279108152487383,-0.26943886026242064,-0.018419915615323922,-0.09669405330654056,0.28732271541431004,0
sample_05112.html,0.30656888358755024,0.7516862335513568,0.9337802545250389,0.3225744620880718,0.8507452007236073,-0.2573727027675716,-0.10977361938621372,0.3897470842350261,-0.08218984211836147,0.15005188374813103,-0.01584868809819045,-0.049228523795963715,0.4316674503330947,0
sample_05518.html,-0.06897364965976799,0.05256721794790462,-0.1012729489407988,-0.2786696761277036,-0.13727829758080695,-0.31829923454046966,-0.10977361938621372,0.6308749514648258,0.2292830434079,-0.2155290718394104,-0.02613359816672435,-0.07281657657103696,-0.32442482041549414,0
sample_01141.html,0.43443601221825373,0.5769064796504938,-0.5789898120788778,0.26122301941299264,0.9372312176887483,0.163020366465425,0.22932624812042704,-1.9925510562714843,0.7805190191574087,-0.2694943572651209,0.012434814590277775,-0.08338055112674461,0.3253831199778064,1
sample_00551.html,-0.3929395259804159,-0.4368160929745119,0.45606339138695995,-0.2449263826564101,0.705981333951473,-0.2817433154767308,-0.10977361938621372,0.5232825171651153,-0.08474930637458705,-0.1105953391338022,-0.017134301856757187,-0.08569594281018739,-0.35104099048486603,0
sample_05641.html,-0.4117435154849311,-0.46303305605964135,0.6949218229559994,-0.4565888598854331,-0.9567902287430621,-0.30611392818589006,-0.10977361938621372,-0.030144404403004078,-2.503157796959804,0.7789994153499173,0.00472113203887735,-0.07932861568071976,-1.4608795489975324,1
sample_06585.html,-0.12592287501629978,-0.06977860978269951,-0.021653471751118984,0.21214186527292933,-0.29798659139409867,-0.025851882030558975,-0.10977361938621372,0.60414764206429,0.5042931625453667,-0.10967408888897827,-0.006849391788223287,-0.05443815508370996,-0.7751794969317095,1
sample_08609.html,-0.2790410752673523,-0.3057312775488646,1.2522581632837582,-0.12835864157375976,1.1383045230457491,-0.09896372015803664,-0.10977361938621372,0.6376316452513068,0.7664642595217086,0.07427627626122739,-0.02613359816672435,-0.035625597655737425,-0.3746289167836066,0
sample_05062.html,-0.425712193402571,-0.46303305605964135,-0.4993703348891979,-0.35433645542696784,-0.07911226103591511,-0.2878359686540206,-0.10977361938621372,0.2608958268104366,0.0640246576531413,-0.2658981514901455,-0.02613359816672435,-0.10219310855471715,0.28720323831700445,1
sample_03760.html,-0.4337710460473632,-0.4805110314497277,-0.5789898120788778,-0.41773294619121626,0.2196739715522663,-0.23909474323570218,-0.10977361938621372,-1.9925510562714843,-0.05100135894687903,-0.2694166614613405,-0.013277460581056975,-0.10364022835686888,-0.3081360920992937,1
sample_09864.html,-0.4450534397500724,-0.4717720437546845,-0.5789898120788778,-0.4760168167325414,-0.5084934647318502,-0.3304845408950493,-0.44887348689285445,-1.9925510562714843,1.5198502364424273,-0.2694943572651209,0.031719020968778835,-0.10277195647557784,0.42622447586122464,1
sample_06527.html,-0.3907904986084713,-0.4105991298893824,-0.4197508576995181,-0.15187669459920677,0.6372259825400204,-0.2695580091221512,-0.10977361938621372,0.6348048258450686,-0.302608248439743,-0.2608368248438839,-0.02613359816672435,-0.09712818924718608,1.0304864534259826,1
sample_04567.html,-0.3768218206908314,-0.3232092529389509,-0.34013138050983827,-0.37580946036324553,-0.041574217966220406,-0.2878359686540206,0.22932624812042704,0.5636389140211698,0.3706676264346569,-0.26527658505990287,-0.013277460581056975,-0.1034955163766537,-0.33347425878736037,1
sample_07827.html,-0.20973494252213906,-0.2183414005984331,-0.18089242613047862,0.021952392980184074,-0.25509166172063574,0.19348363235187405,0.9075259831337085,0.6094210471979541,0.37595707946079265,-0.21164428165039378,-0.02613359816672435,-0.0612396181538231,-0.47319634867147115,0
sample_07434.html,-0.2838763868542276,-0.38438216680425297,-0.4993703348891979,-0.3297958783569362,-0.6756190391770172,-0.11114902651261627,-0.44887348689285445,0.06388065137576233,-0.7489825743452408,-0.26346738277187515,-0.02613359816672435,-0.10291666845579302,0.8294421566551917,0
sample_04999.html,1.8275430060813385,2.350920981744254,-0.4993703348891979,1.6549232921818735,0.5715977385436944,0.9063240540947815,0.5684261156270678,0.48330304461465906,0.7183411942158348,-0.2528785546566699,-0.011991846822490236,0.11646669355040971,0.2793936029886973,1
sample_06692.html,-0.4429044123781278,-0.4717720437546845,-0.4993703348891979,-0.3972824652995232,-1.8616679125120084,-0.32439188771775945,-0.10977361938621372,0.3980564974797322,0.3043502668422962,-0.26710798614901066,-0.002992550512523074,-0.10364022835686888,-0.8890514182630342,1
sample_04699.html,-0.4482769808079893,-0.4805110314497277,-0.5789898120788778,0.02399744106935338,1.713341035238068,0.6869885397123483,-0.44887348689285445,-1.9925510562714843,-1.4234446685277677,-0.2694943572651209,-0.02613359816672435,-0.10335080439643853,1.2441324158116314,1
sample_00292.html,-0.26346062682075394,-0.2532973513786057,-0.18089242613047862,-0.2786696761277036,0.26907299565342435,-0.29392862183131047,0.22932624812042704,0.21474114929515578,-0.296073289989617,-0.2413129792939405,-0.02613359816672435,-0.08468295894868118,0.7468943949367476,1
sample_00371.html,-0.3864924438645821,-0.4105991298893824,-0.26051190332015844,-0.2663993875926878,1.8012532814442832,-0.08068576062616724,-0.10977361938621372,0.6789672291258062,0.4127521421728044,-0.14126298282595318,-0.009420619305356762,-0.08960316627599707,-0.29120142605841987,1
sample_04849.html,-0.3467354374836071,-0.3581652037191235,-0.5789898120788778,-0.2940075367964734,0.2513359591117207,-0.17207555828551432,0.22932624812042704,-1.9925510562714843,-0.33252878434647837,-0.26943886026242064,-0.02613359816672435,-0.10146954865364127,0.18732363134639052,1
sample_05256.html,-0.007189112716360844,0.12247911950824984,0.2968244370076003,-0.19891280065010075,0.31726506272175753,-0.08068576062616724,-0.10977361938621372,0.6535867195529073,0.7877348705238468,-0.06361157664778154,-0.02613359816672435,-0.043440044587356785,-0.5025974667767709,0
sample_00410.html,-0.09046392337921395,0.017611267167732012,-0.4197508576995181,-0.02712876115987922,-1.797268584866515,-0.31829923454046966,0.5684261156270678,0.5313760690647468,1.2702807931316118,-0.262967909747573,-0.008135005546790024,-0.07889447974007424,-0.9787846895868358,1
sample_08015.html,0.07232490004558922,0.7342082581612704,0.13758548262824066,0.28678612052760893,0.9795186324736387,0.10209383469252695,-0.10977361938621372,0.6374120744562091,-0.8404166180809062,-0.22567392393301372,-0.02613359816672435,-0.06384443379769622,1.0742034544865948,0
sample_06521.html,-0.36715119751708075,-0.3756431791092098,-0.5789898120788778,-0.29298501275188876,-0.6935390841662886,-0.22690943688112258,-0.10977361938621372,-1.9925510562714843,-0.47127219576104595,-0.2694610590635007,-0.023562370649590873,-0.08974787825621224,0.8255962431295831,0
sample_03742.html,-0.4026101491541666,-0.42807710527946874,-0.34013138050983827,-0.4340933309045707,-0.09870350944517399,-0.30611392818589006,0.22932624812042704,-0.0975026648262147,-1.4093033063049758,-0.19010034520216176,-0.01584868809819045,-0.10074598875256541,2.3526936358635475,1
sample_02933.html,-0.35533154697138547,-0.3669041914141667,-0.26051190332015844,-0.37376441227407625,0.41793445542004765,-0.3365771940723391,-0.10977361938621372,0.7894477275995474,1.3659851573643293,0.24038990474357685,0.01500604210741125,-0.09351038974180675,-1.1318503269352123,1
sample_05674.html,-0.06951090650275414,0.04382823025286147,0.13758548262824066,-0.26537686354810314,-0.4149614257129971,-0.2695580091221512,-0.44887348689285445,0.5462924793952331,0.2067369298500465,-0.2093800039402241,-0.017134301856757187,-0.06500212963941761,-0.39167980050730256,0
sample_06280.html,-0.33115498903700874,-0.34942621602408036,-0.4993703348891979,-0.4003500374332772,0.4618700726624893,-0.2817433154767308,-0.10977361938621372,0.3316516123233787,0.10430019879608442,-0.26031515301850167,-0.004278164271089811,-0.09582578142524951,-0.3918705153675585,1
sample_03979.html,-0.4520377787088923,-0.4805110314497277,-0.5789898120788778,-0.4903321533567266,-1.114558160185379,-0.3365771940723391,-0.44887348689285445,-1.9925510562714843,-1.60279190543054,-0.2694943572651209,-0.027419211925291086,-0.10364022835686888,0.2457020263352195,0
sample_01158.html,-0.24358212363026646,-0.42807710527946874,-0.4993703348891979,-0.3860347008090921,0.4140326067930852,-0.29392862183131047,-0.10977361938621372,0.14106359265151336,0.4692264640575821,-0.2614250930725064,-0.004278164271089811,0.25828443416127955,-0.6728594750737268,1
sample_06297.html,0.28185506881018735,0.6380793935157958,1.3318776404734378,-0.013835948580278744,-0.38670001356755634,-0.2817433154767308,-0.10977361938621372,0.6672382797694636,0.04021687230568766,-0.12040720921120411,-0.0209911431324574,-0.03302078201186431,0.06344941441310614,0
sample_01477.html,-0.4520377787088923,-0.4805110314497277,-0.4993703348891979,-0.48828710526755725,-2.256016803315404,-0.3365771940723391,-0.44887348689285445,0.6948797331186194,1.525707927691882,-0.23345460371158694,-0.027419211925291086,-0.10364022835686888,-1.3340155493845216,1
sample_04455.html,0.10026225588086898,-0.4193381175844256,-0.4993703348891979,-0.43716090303832467,-0.8709529564064272,-0.30002127500860026,-0.44887348689285445,0.11824641306385805,2.517370057436657,-0.2177156537457997,-0.02613359816672435,0.9786606716724122,-1.0712493763230888,1
sample_07411.html,-0.4235631660306264,-0.4717720437546845,-0.34013138050983827,-0.46272400415294096,-0.7389887618657641,-0.2634653559448614,-0.10977361938621372,0.4218221873225641,-0.15724608540255994,-0.2642776390112986,-0.02613359816672435,-0.10060127677235024,-0.4025094528440847,1
sample_00874.html,1.9253237515048174,3.0238230342625765,0.13758548262824066,1.276589395685552,1.248843321076989,0.10818648786981676,2.6030253206669123,0.5575450474876459,0.11674320422670367,-0.17489416646229683,-0.02613359816672435,0.2313680058412573,0.19330287076439465,0
sample_03141.html,-0.1850211277447762,-0.20960241290338993,-0.1012729489407988,0.12727236957240323,0.544254511737595,0.1386497537562658,-0.44887348689285445,0.5548506030099846,0.8751275314391647,2.5365450932642637,-0.02613359816672435,0.09041853711167852,-1.2597118377567398,0
sample_08430.html,-0.20866042883616676,-0.10473456056287211,-0.021653471751118984,-0.23674619029973287,0.37288727639499075,-0.2573727027675716,-0.10977361938621372,0.5872400926686526,-0.8797243068802897,-0.2455973479023988,-0.006849391788223287,-0.07382956043254318,1.5343300297683538,0
sample_08250.html,-0.4520377787088923,-0.4805110314497277,-0.4993703348891979,-0.4913546774013112,-2.256016803315404,-0.3365771940723391,-0.44887348689285445,0.36192587744384835,-0.3127391880546308,-0.2680070375927545,-0.027419211925291086,-0.10364022835686888,-0.9705573146606707,1
sample_06563.html,-0.4026101491541666,-0.4717720437546845,-0.4197508576995181,-0.045534193962402957,2.2893855079848824,-0.20863147734925316,-0.10977361938621372,0.4277658153037866,-1.0205657201082587,-0.08030507506001283,-0.02613359816672435,-0.10277195647557784,1.6157969957193998,1
sample_05288.html,-0.4520377787088923,-0.4805110314497277,-0.5789898120788778,-0.4913546774013112,-2.256016803315404,-0.3365771940723391,-0.44887348689285445,-1.9925510562714843,-0.834531934820573,-0.2694943572651209,-0.027419211925291086,-0.10364022835686888,-1.2476211570692826,1
sample_02612.html,-0.008263626402333142,-0.3057312775488646,-0.1012729489407988,-0.08132253552286578,0.14416943041276026,0.351892614961409,0.22932624812042704,0.5698719718404534,0.35986118097527137,-0.143327471326402,-0.02613359816672435,0.047294367007556876,0.29973659964194693,0
sample_03618.html,-0.3795081049057622,-0.3406872283290372,-0.26051190332015844,-0.35229140733779857,0.08615090161985944,-0.2878359686540206,-0.10977361938621372,0.2793955673199392,-0.09357893596066015,-0.23998105122913482,-0.0209911431324574,-0.09582578142524951,0.5750945036228917,0
sample_05881.html,-0.45150052186590617,-0.4805110314497277,-0.4993703348891979,-0.4913546774013112,-2.256016803315404,-0.3304845408950493,-0.44887348689285445,0.9335318216377353,2.273776012379429,-0.19098829724536556,-0.01970552937389066,-0.10364022835686888,-1.5198422527019813,1
sample_04799.html,-0.4520377787088923,-0.4805110314497277,-0.5789898120788778,-0.486242057178388,-1.0200836873138628,-0.3365771940723391,-0.44887348689285445,-1.9925510562714843,0.19333343166059386,-0.2694943572651209,-0.027419211925291086,-0.10364022835686888,0.25538278721721513,1
sample_05951.html,0.18729786444462512,0.1486960825933793,0.3764439141972801,0.16919585540037396,0.5608438801938807,0.25441016412477213,-0.10977361938621372,0.5664156757588292,0.39514736143818613,0.3344351255193985,-0.02613359816672435,-0.03316549399207948,-0.41309720447556264,0
sample_04933.html,0.0545954242270463,0.2360859595438108,-0.1012729489407988,0.8174760996670433,0.41267905041910813,-0.1537975987536449,-0.44887348689285445,0.5966129945533525,0.40510940141621016,-0.07141445522743486,-0.002992550512523074,-0.03750685339853468,-0.5464103598114862,1
sample_00262.html,-0.32793144797909185,-0.24455836368356254,-0.4993703348891979,-0.4320482828154014,-1.1117819537090317,-0.32439188771775945,-0.44887348689285445,0.36469796304103996,0.2999578333755872,0.665152864010651,-0.008135005546790024,-0.06500212963941761,-1.4279587195681283,0
sample_04650.html,0.6428916672968795,-0.11347354825791527,-0.18089242613047862,1.6845764894748283,1.6806417817904604,1.1804934470728228,0.9075259831337085,0.3261420011620647,-1.1619975352914336,-0.13077404931560838,-0.022276756891024138,0.01126108393397872,1.6399593481890469,0
sample_01347.html,-0.39455129650937437,-0.34942621602408036,-0.4197508576995181,-0.38807974889826136,-0.022714409852152073,-0.3304845408950493,-0.10977361938621372,0.514798644213152,0.38974702795064253,-0.1917208576810087,-0.0209911431324574,-0.08540651884975704,-1.1015116578102333,1
sample_00038.html,-0.3821943891206929,-0.2882533021587783,-0.5789898120788778,-0.37376441227407625,1.0298242566479083,-0.31829923454046966,-0.44887348689285445,-1.9925510562714843,-0.2285732750027962,-0.2694943572651209,-0.02613359816672435,-0.10204839657450197,0.2305492430794769,1
sample_03236.html,-0.37897084806277603,-0.4717720437546845,-0.18089242613047862,-0.15698931482213002,0.8529063525014203,-0.20253882417196337,0.22932624812042704,-0.2983747855912968,-0.8103824412247207,-0.1592662105019101,-0.002992550512523074,-0.10103541271299576,1.642709785544424,1
sample_00901.html,0.10939562221163351,-0.4717720437546845,-0.4197508576995181,-0.3379760707136134,0.06998190330722617,-0.245187396412992,-0.10977361938621372,0.9391713994982918,2.3359633960258663,6.941508688590178,-0.022276756891024138,1.2789380306188969,-1.370033956849449,1
sample_09697.html,-0.436457330262294,-0.4805110314497277,-0.5789898120788778,-0.4555663358408484,0.25048096888639276,-0.2817433154767308,-0.44887348689285445,-1.9925510562714843,-0.9971923588412731,-0.2694943572651209,-0.017134301856757187,-0.10364022835686888,0.6107069836080493,1
sample_06440.html,-0.4477397239650031,-0.4805110314497277,-0.4993703348891979,-0.48419700908921864,-1.2792309526931431,-0.31829923454046966,-0.44887348689285445,0.28704593753334845,0.3564502812634727,-0.2681957274019353,-0.011991846822490236,-0.10364022835686888,-0.8495846415382166,1
sample_09994.html,-0.45096326502292,-0.4805110314497277,-0.4993703348891979,-0.4913546774013112,-2.256016803315404,-0.3304845408950493,-0.44887348689285445,0.9270811715585425,2.2361685936582383,-0.010290056453393797,-0.013277460581056975,-0.10364022835686888,-1.537145532445618,1
sample_09720.html,-0.30268037635874284,-0.3319482406339941,-0.4993703348891979,-0.36660674396198367,0.1450017406474816,-0.2695580091221512,-0.10977361938621372,0.343253371727165,-2.671847559479453,-0.25871683934073486,-0.02613359816672435,-0.0910502860781488,3.551261852867586,1
sample_06473.html,-0.4445161829070862,-0.4805110314497277,-0.4993703348891979,-0.4637465281975256,-1.660337563224084,-0.275650662299441,-0.10977361938621372,0.3391934432522604,0.09833956091326469,-0.2680514351949147,-0.02613359816672435,-0.10291666845579302,-0.766820832790151,1
sample_09644.html,-0.30268037635874284,-0.3319482406339941,-0.4993703348891979,-0.36660674396198367,0.1450017406474816,-0.2695580091221512,-0.10977361938621372,0.343253371727165,-2.6719134532560607,-0.25871683934073486,-0.02613359816672435,-0.0910502860781488,3.551261852867586,1
sample_04488.html,-0.3940140396663882,-0.42807710527946874,-0.4993703348891979,-0.3983049893441079,0.4696808494648838,-0.20863147734925316,-0.10977361938621372,-0.031938160913451454,0.5894104577154621,-0.2688616914343382,-0.014563074339623712,-0.10262724449536266,0.10039638995139612,1
sample_07841.html,-0.1721269635131086,-0.44555508066955507,-0.34013138050983827,-0.27969220017228824,-0.28313102797673256,-0.007573922498689558,-0.10977361938621372,0.6099264937507246,0.4418838583210219,-0.2593717039725976,-0.02613359816672435,-0.07238244063039144,0.08739204323359433,1
sample_06279.html,-0.4246376797165987,-0.42807710527946874,0.5356828685766397,-0.4494311915733405,-0.8180453105060981,-0.3304845408950493,-0.44887348689285445,0.8716806675260127,1.8911894501876831,-0.18551629277912218,-0.002992550512523074,-0.10132483667342611,-0.5772667152200432,0
sample_05347.html,-0.328468704822078,-0.27951431446373515,-0.18089242613047862,-0.4085302297899544,-1.377886325889131,-0.17207555828551432,-0.44887348689285445,0.5941997608600886,0.6567508227604268,-0.13594636996727047,-0.02613359816672435,-0.07136945676888523,-0.8738955972329935,0
sample_01811.html,0.14807811490663625,-0.1833854498182605,1.2522581632837582,0.18248866797997443,0.3928636909998655,0.7722856841944056,0.9075259831337085,0.42897825389917577,0.2458225950682383,-0.05724052073779432,-0.02613359816672435,-0.023325079337447697,0.11258121556679333,0
sample_01660.html,-0.4337710460473632,-0.46303305605964135,-0.5789898120788778,-0.45454381179626374,-0.25988125181169797,-0.30002127500860026,-0.44887348689285445,-1.9925510562714843,-0.03856169339778342,-0.2694610590635007,-0.014563074339623712,-0.10306138043600818,-0.37512802440462917,1
sample_01208.html,0.15022714227858083,0.6031234427356232,0.45606339138695995,0.6681875891576842,1.1721705212063873,-0.17816821146280412,-0.10977361938621372,0.5754544639841211,0.3319950919428026,-0.09873007995649152,-0.02613359816672435,-0.07281657657103696,0.11449004602722654,0
sample_09031.html,-0.13774252556199507,-0.42807710527946874,-0.34013138050983827,0.2152094374066833,-0.10387050184721695,0.32752200225224976,-0.10977361938621372,0.635422319151865,1.0680865365989272,-0.25881673394559523,-0.02613359816672435,-0.06210789003511414,-0.2745575649777599,1
sample_02945.html,0.18998414865955587,0.7604252212463999,0.05796600543856084,0.056718210496062245,0.48398140414015506,-0.30002127500860026,0.5684261156270678,0.49693807495869674,-0.1375877513471747,-0.19218703250369068,-0.02613359816672435,-0.0677516572635059,0.00629452539541912,0
sample_06685.html,-0.2919352394990199,-0.17464646212321733,-0.1012729489407988,-0.4197779942803856,-1.7849889596719923,-0.32439188771775945,-0.44887348689285445,0.6070484310113843,0.534602121265409,1.297496812177692,-0.008135005546790024,-0.03186308617014292,-1.3545054413297117,0
sample_08743.html,-0.3096647153175628,-0.3406872283290372,-0.4993703348891979,-0.37376441227407625,0.06381297614258408,-0.2695580091221512,-0.10977361938621372,0.3316516123233787,-2.6903442224846508,-0.26031515301850167,-0.02613359816672435,-0.0910502860781488,3.5660843661725488,1
sample_00610.html,-0.44182989869215544,-0.4805110314497277,-0.5789898120788778,-0.4085302297899544,0.44905490294210954,-0.20863147734925316,-0.10977361938621372,-1.9925510562714843,-0.5285941342546009,-0.2694943572651209,-0.013277460581056975,-0.09843059706912263,0.363378857757951,1
sample_02644.html,1.919951183074956,3.81033192681646,-0.5789898120788778,0.9197285041255086,1.231330789189966,-0.21472413052654296,1.58572571814699,-1.9925510562714843,-1.1667038918703674,-0.2694943572651209,-0.0209911431324574,-0.07035647290737902,0.8101509339427796,1
sample_07275.html,-0.4520377787088923,-0.4805110314497277,-0.5789898120788778,-0.48828710526755725,-1.4745881252400244,-0.3365771940723391,-0.44887348689285445,-1.9925510562714843,-2.257469615287448,-0.2694943572651209,-0.027419211925291086,-0.10364022835686888,-1.1604855999758212,1
sample_03201.html,1.8313038039822414,2.307226043269038,4.277798296491591,0.6865930219602079,0.5898833765030436,-0.2208167837038328,0.5684261156270678,0.6706352712616067,0.40119350749819127,-0.053588817960118725,-0.02613359816672435,-0.015944768346473858,-0.5565822362301911,0
sample_09120.html,-0.41228077232791727,-0.4542940683645982,-0.5789898120788778,-0.4576113839300177,-0.3557696419293877,-0.2695580091221512,-0.44887348689285445,-1.9925510562714843,0.10986933149228731,-0.26939446266026046,-0.0107062330639235,-0.0726718645908218,-0.7212924577621612,1
sample_05127.html,-0.4520377787088923,-0.4805110314497277,-0.4993703348891979,-0.4893096293121419,-1.2220532489725586,-0.3365771940723391,-0.44887348689285445,0.3495718318647517,-0.3719953067866817,-0.2678294471841138,-0.027419211925291086,-0.10364022835686888,0.11082971052464799,1
sample_01777.html,0.22812938451157247,-0.22708038829347624,2.685408752697995,0.48822335731078537,0.11715290448069732,0.6321546611167401,-0.10977361938621372,0.3235268971593109,-0.11268151579089088,0.05443054809562263,-0.017134301856757187,-0.07817091983899838,0.798416298655837,0
sample_08681.html,0.5316795007987467,-0.270775326768692,-0.4993703348891979,-0.02201614093695596,0.2255656093364261,0.3579852681386988,-0.10977361938621372,0.40293504865197904,2.464831568330824,-0.23602966463687794,-0.02613359816672435,1.876019660986702,-1.0142263371400866,0
sample_06166.html,0.6337583009661151,0.9701609259274356,1.4911165948527976,0.468795400463677,1.1736361573096452,-0.16598290510822453,0.5684261156270678,0.65398952649749,0.8598842606722426,-0.11971904637772117,-0.02613359816672435,0.03875636017486165,-0.5329225376245246,0
sample_00390.html,-0.38165713227770676,-0.2882533021587783,-0.5789898120788778,-0.36660674396198367,0.8738219488481554,-0.31220658136317986,-0.10977361938621372,-1.9925510562714843,-0.5202074883219906,-0.2694943572651209,-0.02613359816672435,-0.10219310855471715,0.07755557360289522,1
sample_09619.html,0.7105860295131343,0.8565540858918747,1.5707360720424772,0.3082591254638866,0.9767117459352321,0.571228129343842,-0.10977361938621372,0.6692032885752758,0.7613997682454725,0.1444022888732469,-0.02613359816672435,0.08463005790307158,-0.6904338338011237,0
sample_05469.html,-0.37897084806277603,-0.4717720437546845,-0.18089242613047862,-0.15698931482213002,0.8529063525014203,-0.20253882417196337,0.22932624812042704,-0.2983747855912968,-0.8103824412247207,-0.1592662105019101,-0.002992550512523074,-0.10103541271299576,1.642709785544424,1
sample_07563.html,1.1758504555391396,2.1761412278433907,-0.4993703348891979,0.650804680399745,0.26865105698705705,0.2665954704793517,0.22932624812042704,0.5667368476132146,-0.6692088321017391,-0.2654985730707038,-0.02613359816672435,-0.06731752132286038,0.4698598220701973,0
sample_00708.html,-0.30590391741665973,-0.4805110314497277,0.2968244370076003,-0.3553589794715525,0.4075146379038468,-0.1598902519309347,-0.10977361938621372,0.13986240670190148,1.762833474593661,-0.143560558737743,-0.02613359816672435,-0.061818466074683796,-0.019601327110766908,0
sample_02954.html,-0.45096326502292,-0.4805110314497277,-0.4993703348891979,-0.4913546774013112,-2.256016803315404,-0.3304845408950493,-0.44887348689285445,0.9255616987744453,2.2001909006403118,0.0500462848823039,-0.013277460581056975,-0.10364022835686888,-1.5444713402880013,1
sample_08982.html,-0.23176247308457118,0.04382823025286147,-0.021653471751118984,-0.31752558982192036,0.9090377788983321,-0.31220658136317986,-0.10977361938621372,0.6612510676925886,-0.10901392931735984,-0.2498373189086969,-0.02613359816672435,-0.0699223369667335,0.8165191649228972,1
sample_00918.html,-0.4343083028903494,-0.4717720437546845,-0.4197508576995181,-0.44022847517207864,0.06416672343532498,-0.2817433154767308,-0.10977361938621372,0.3600250372681366,0.760689794926676,-0.25508733536413936,-0.02613359816672435,-0.10320609241622336,0.48434278261193153,1
sample_01496.html,0.0588934789709355,-0.270775326768692,1.8095945036115169,0.38903852498607416,2.3138048994411986,0.6687105801804789,-0.10977361938621372,0.6440951181806455,0.3659209749705637,0.12286945182555493,-0.02613359816672435,-0.05414873112327961,-0.7951348709769286,0
sample_09921.html,0.9421437288401646,2.018839449332614,0.3764439141972801,0.09455160014569436,0.4789835699484254,-0.32439188771775945,-0.44887348689285445,0.6655710096784464,0.9220219040322712,0.14975219993354974,-0.02613359816672435,-0.050965067558545796,-0.7127414751284209,1
sample_01999.html,0.16527033388219303,0.5244725534802348,-0.26051190332015844,0.2489527308779768,0.7744291156211532,-0.2208167837038328,0.22932624812042704,0.5769426001695342,-0.6465229920124637,-0.24231192534254478,-0.02613359816672435,-0.09090557409793362,0.18508604330349848,1
sample_00066.html,0.7949353538619598,-0.12221253595295842,5.631329408716148,1.1232107889978544,0.9649067411796497,1.2596979383775901,0.5684261156270678,0.30896097887535745,-0.30948782498107436,0.658837305103364,-0.011991846822490236,-0.07064589686780937,-0.04963109500631971,1
sample_09879.html,-0.43162201867541866,-0.44555508066955507,-0.5789898120788778,-0.45863390797460235,-1.9020905051907473,-0.3365771940723391,-0.10977361938621372,-1.9925510562714843,-0.17874340148520176,-0.2694943572651209,0.011149200831711038,-0.10204839657450197,-1.3741966072369018,1
sample_02147.html,-0.34780995116957936,-0.3581652037191235,0.7745413001456792,-0.4238680904587242,-1.1330365144761256,-0.3365771940723391,-0.44887348689285445,0.6097637110425594,0.5564090137216408,2.4365505937989766,0.02529095217594515,-0.08294641518609909,-1.0640753528943714,0
sample_07584.html,0.08683083480621524,0.17491304567850874,3.083506138646394,0.3082591254638866,0.8183277242060254,0.19348363235187405,1.58572571814699,0.7074443404816647,0.7512144531963413,0.46110148448241955,-0.02613359816672435,0.04454483938346858,0.128923515619444,0
sample_06866.html,3.0030609785350326,-0.4805110314497277,-0.021653471751118984,-0.33899859475819805,0.12712947201225452,-0.19035351781738374,0.22932624812042704,0.5461715406428138,2.3259082771291926,-0.17306276537318901,-0.0209911431324574,8.710766486549337,-1.4460132813125437,1
sample_05064.html,-0.0963737486520616,-0.2358193759885194,-0.1012729489407988,-0.18868756020425423,-0.6106753069719533,-0.05631514791700801,-0.10977361938621372,0.1373695713185321,0.4011482092284547,-0.23129022060627769,-0.02613359816672435,-0.058779514490165156,0.9219010677089801,0
sample_01560.html,-0.45042600817993383,-0.4805110314497277,-0.4993703348891979,-0.48419700908921864,-1.091387524772613,-0.3304845408950493,-0.44887348689285445,0.19867672293162741,-0.33425918288558676,-0.2687173992273175,0.0008642907631771383,-0.10364022835686888,-0.887651317215179,1
sample_05704.html,-0.17535050457102552,-0.008605695917397443,-0.4993703348891979,0.15079042259785022,0.3233816472538729,-0.013666575675979363,-0.44887348689285445,0.5054516997390724,0.2426327919080659,-0.13086284451992877,-0.02613359816672435,-0.07484254429404939,-0.052775465196167236,0
sample_09304.html,-0.4520377787088923,-0.4805110314497277,-0.4993703348891979,-0.49237720144589586,-2.256016803315404,-0.3365771940723391,-0.44887348689285445,0.14691889930742486,-1.1587056378500782,-0.26840661601219623,-0.027419211925291086,-0.10364022835686888,-0.9795117476191734,1
sample_02920.html,-0.31127648584652123,-0.270775326768692,-0.021653471751118984,-0.2612867673697645,1.3166146818679432,-0.30002127500860026,-0.10977361938621372,0.5128188548997996,1.5071481288230373,-0.2501592015243583,-0.02613359816672435,-0.09886473300976815,-0.3852927301114706,1
sample_09609.html,-0.4520377787088923,-0.4805110314497277,-0.5789898120788778,-0.49237720144589586,-2.256016803315404,-0.3365771940723391,-0.44887348689285445,-1.9925510562714843,-1.4078000403100033,-0.2694943572651209,-0.027419211925291086,-0.10364022835686888,-1.3155472897162082,1
sample_06788.html,-0.3547942901283993,-0.34942621602408036,-0.26051190332015844,1.1641117507812404,1.1310045214336764,-0.19644617099467354,1.9248255856536307,0.6087304218897378,-1.7806928423052022,-0.2591053183596365,-0.02613359816672435,-0.09293154182094605,1.7084248878576689,0
sample_03747.html,-0.004502828501430098,-0.2183414005984331,0.6949218229559994,0.10477684059154088,0.783354863774844,0.10818648786981676,-0.10977361938621372,0.5643175282855805,-0.0031987111103601437,0.0005651572747725665,-0.02613359816672435,0.05554294987982175,0.18839738677850434,0
sample_03119.html,0.9598732046587075,1.389632335289507,1.0133997317147188,1.5158600221183607,0.6922914554344931,0.5042089443936542,1.9248255856536307,0.609473636420515,0.7035104876571828,1.1044782367862676,-0.014563074339623712,-0.03490203775466156,-0.49665226868363177,1
sample_08594.html,0.7626999432827908,1.4595442368498521,0.21720495981792048,0.9544943216413867,1.2808421170950786,-0.09287106698074685,0.9075259831337085,0.535602163907138,-0.014124115063793758,-0.06690809860817562,-0.02613359816672435,0.27145322436086033,0.3685528523089885,0
sample_01480.html,-0.436457330262294,-0.4805110314497277,-0.4993703348891979,-0.44329604730583255,0.08141459285252393,-0.2878359686540206,-0.10977361938621372,0.5702768830725229,1.1178122454693094,-0.25766239628943033,-0.02613359816672435,-0.10320609241622336,-0.053445027157016656,1
sample_03978.html,0.6993036358104252,1.555673101495327,0.9337802545250389,0.8072508592211968,0.9280632205886601,0.18739097917458425,3.281225055680194,0.5707145612749741,0.9876427579853702,-0.07110367201231353,-0.02613359816672435,0.4937308259713665,-0.34728130802883156,0
sample_07202.html,-0.37628456384784525,-0.4105991298893824,0.05796600543856084,0.15897061495452744,0.9686952140778684,0.827119562790014,0.22932624812042704,-0.27882205797250137,-0.748338572055515,-0.11860910632371643,-0.02613359816672435,-0.09076086211771846,1.5459111335954674,1
sample_03723.html,-0.4520377787088923,-0.4805110314497277,-0.5789898120788778,-0.4903321533567266,-1.114558160185379,-0.3365771940723391,-0.44887348689285445,-1.9925510562714843,-1.60279190543054,-0.2694943572651209,-0.027419211925291086,-0.10364022835686888,0.2457020263352195,0
sample_03168.html,-0.019546020105042274,0.12247911950824984,0.5356828685766397,-0.14574155033169886,0.5134391267433909,-0.2817433154767308,2.942125188173553,0.6052028815477527,0.23917886514896913,-0.20664955140737246,-0.011991846822490236,-0.07455312033361905,0.1576472100561602,1
sample_09916.html,-0.3574805743433301,-0.4193381175844256,0.7745413001456792,-0.3492238352040446,0.042240834946274584,-0.20863147734925316,-0.10977361938621372,0.6150972301443942,0.6935705599094011,0.034329533717596776,-0.0017069367539563366,-0.09915415697019851,-0.7991521645160773,1
sample_00717.html,-0.15171120347963496,-0.04356164669757005,-0.021653471751118984,-0.10381806450372812,0.691700067866344,-0.03803718838513859,-0.44887348689285445,0.568027264771559,0.5888033254516638,-0.17797979981243,-0.02613359816672435,-0.0796180396411501,-0.18664386830817656,0
sample_04840.html,-0.41872785444375105,-0.44555508066955507,-0.4993703348891979,-0.41466537405746234,-0.8807664702485071,-0.30002127500860026,-0.10977361938621372,0.40973863008096567,0.42220264208583586,-0.25702973045864763,-0.014563074339623712,-0.10045656479213506,-0.37157295495220827,1
sample_03147.html,-0.4520377787088923,-0.4805110314497277,-0.5789898120788778,-0.48828710526755725,-0.4857802989613899,-0.3365771940723391,-0.44887348689285445,-1.9925510562714843,-2.374105694263592,-0.2694943572651209,-0.027419211925291086,-0.10364022835686888,-0.06926926283400898,0
sample_04833.html,-0.440218128163197,-0.4805110314497277,-0.5789898120788778,-0.48419700908921864,-2.256016803315404,-0.30611392818589006,-0.44887348689285445,-1.9925510562714843,-0.19975210603412946,-0.26943886026242064,-0.01584868809819045,-0.09437866162309778,-1.2002264804210399,1
sample_04291.html,-0.44935149449396156,-0.4717720437546845,-0.5789898120788778,-0.4688591484204489,-0.3353207446790794,-0.3365771940723391,-0.44887348689285445,-1.9925510562714843,0.12881641756322182,-0.2694943572651209,0.006006745797444088,-0.10364022835686888,-0.3166595522371356,0
sample_00504.html,-0.21295848358005595,0.00013329177764570985,-0.26051190332015844,-0.10484058854831277,0.3586184979308577,-0.11114902651261627,-0.44887348689285445,0.26345328042478633,-0.3278486961803465,-0.25630826942354457,-0.02613359816672435,-0.08193343132459288,0.0586544636911787,0
sample_07616.html,0.0003324830854452439,0.1486960825933793,-0.34013138050983827,-0.21629570940803983,-1.0053439159980717,-0.20253882417196337,-0.44887348689285445,0.336684882034231,-0.27554506486503627,-0.2638669611913168,0.0008642907631771383,-0.073684848452328,0.2478493546722358,0
sample_07611.html,0.9072220340460649,1.5731510768854131,-0.26051190332015844,0.4708404485528463,0.8209810529762553,-0.11724167968990606,0.5684261156270678,0.6478419098389177,0.3195424891810868,-0.05738481294481494,-0.02613359816672435,-0.025061623100029778,-0.07277044764618937,0
sample_07162.html,-0.44666521027903083,-0.4805110314497277,-0.4197508576995181,-0.4678366243758642,-1.5106540643212891,-0.29392862183131047,-0.10977361938621372,0.37736588198594256,0.20308214410977832,-0.26721898015441115,-0.02613359816672435,-0.10320609241622336,-0.4544497350062705,1
sample_06307.html,-0.43592007341930783,-0.46303305605964135,-0.5789898120788778,-0.3788770324969995,0.015531291316975147,-0.30002127500860026,-0.44887348689285445,-1.9925510562714843,-0.4439350620740105,-0.2694610590635007,-0.014563074339623712,-0.10320609241622336,-0.03303263105058532,1
sample_00429.html,-0.4520377787088923,-0.4805110314497277,-0.5789898120788778,-0.4893096293121419,-1.0776860004286806,-0.3365771940723391,-0.44887348689285445,-1.9925510562714843,-0.631236071028367,-0.2694943572651209,-0.027419211925291086,-0.10364022835686888,0.24054932227958792,0
sample_05754.html,-0.440218128163197,-0.4805110314497277,-0.5789898120788778,-0.48419700908921864,-2.256016803315404,-0.30611392818589006,-0.44887348689285445,-1.9925510562714843,-0.24369068605556432,-0.26943886026242064,-0.011991846822490236,-0.0948127975637433,-1.2020031351053397,1
sample_01688.html,-0.3359903006238841,-0.4542940683645982,-0.18089242613047862,-0.3533139313823832,-0.0294084650983671,-0.0502224947397182,-0.10977361938621372,0.5626806203343215,0.047069248254486745,-0.20833666028945966,-0.02613359816672435,-0.10132483667342611,-0.0388711811018256,0
sample_03409.html,-0.3021431195157567,-0.17464646212321733,0.6949218229559994,-0.27969220017228824,-0.8530803001825753,-0.29392862183131047,-0.44887348689285445,0.6108650928798123,-0.10305211204692334,-0.10027289663155811,-0.01584868809819045,-0.08699835063212395,0.0603214847099132,0
sample_09186.html,-0.057153999114072714,0.131218107203293,0.9337802545250389,0.012749676578922207,-0.13700129889179288,-0.23909474323570218,-0.10977361938621372,0.5686484568467164,0.656156493804976,-0.09056092115901664,-0.02613359816672435,-0.027521726763687724,-0.1344712681192679,0
sample_09850.html,-0.4482769808079893,-0.4717720437546845,-0.5789898120788778,-0.48419700908921864,-0.7705651165634892,-0.3365771940723391,-0.44887348689285445,-1.9925510562714843,-2.030410618071914,-0.2694943572651209,0.04328954479587948,-0.10277195647557784,2.707233212962266,1
sample_02102.html,-0.440218128163197,-0.4805110314497277,-0.5789898120788778,-0.48419700908921864,-2.256016803315404,-0.30611392818589006,-0.44887348689285445,-1.9925510562714843,-0.22645869738572902,-0.26943886026242064,-0.011991846822490236,-0.0959704934054647,-1.2020031351053397,1
sample_07306.html,0.3259101299350516,0.6730353442959685,0.2968244370076003,0.8031607630428582,1.0134527614471809,0.3336146554295396,0.22932624812042704,0.7791121005947057,0.5097110683933602,-0.21241014028765706,-0.02613359816672435,0.002144229180422803,1.1326907008815132,0
sample_08898.html,-0.3171863111193689,-0.3756431791092098,-0.1012729489407988,-0.3410436428473674,-1.8161903284315672,-0.23909474323570218,-0.10977361938621372,0.7088391504974164,0.1876835778648821,-0.24970412610221634,-0.024847984408157612,-0.06876464112501211,0.26540055851914207,1
sample_06879.html,-0.3327667595659672,-0.2969922898538215,-0.4993703348891979,-0.26537686354810314,-0.5598402427926624,-0.1294269860444857,0.5684261156270678,0.42164890551134915,-0.5713513412724769,-0.26778504958195354,-0.017134301856757187,-0.10146954865364127,0.5152637005025772,0
sample_01148.html,-0.23659778467144651,-0.0348226590025269,-0.021653471751118984,-0.2561741471468413,0.3146892940689372,-0.23300209005841238,-0.10977361938621372,0.33982790389420203,-0.3654405382297355,-0.1942737198052196,-0.02613359816672435,-0.0813545834037322,0.9261689841465908,0
sample_07185.html,1.0324028784618378,1.1711576429134283,0.05796600543856084,0.7602147531703028,1.0098516331442673,-0.10505637333532646,0.9075259831337085,0.4916614017218773,0.07989860980993432,-0.06759626144165855,-0.02613359816672435,0.5093597198346053,-0.08713807706584113,0
sample_07854.html,0.8239472233832118,1.6605409538358447,-0.1012729489407988,0.4708404485528463,0.3957327612882186,-0.2817433154767308,0.9075259831337085,0.28539762108114775,0.26201806167937497,1.3384203019688468,-0.02613359816672435,-0.07455312033361905,-0.9844262667020119,1
sample_01866.html,-0.049095146469280475,-0.1833854498182605,0.13758548262824066,0.038312777693538504,0.004163183726237849,0.21176159188374347,-0.44887348689285445,0.6990932206862328,0.8203866054890949,-0.11988553738582189,-0.02613359816672435,-0.0547275790441403,-0.5413333002471866,0
sample_08685.html,-0.35318251959944086,-0.38438216680425297,-0.021653471751118984,-0.32161568600025897,-0.07514684181845924,-0.31220658136317986,-0.44887348689285445,0.22917341182210815,-0.03702342946159084,-0.21793764175660066,-0.004278164271089811,-0.08323583914652945,0.25502829329799437,0
sample_04716.html,0.1464663443776778,0.19239102106859504,-0.18089242613047862,-0.0680297229432653,-1.5636559245377377,-0.3304845408950493,-0.44887348689285445,0.31395456086967183,0.34487337380607197,0.004805128281070676,-0.009420619305356762,0.08332765008113502,0.8349070865430225,1
sample_02542.html,-0.36930022488902536,-0.3756431791092098,-0.4197508576995181,-0.35433645542696784,0.932820047328806,-0.08068576062616724,-0.10977361938621372,0.557729940751388,1.6450187444757696,-0.26466611803020024,-0.02613359816672435,0.0006971093782710703,-0.5131066665191975,0
sample_00850.html,0.28615312355407657,0.6817743319910116,-0.18089242613047862,0.4084664818331825,0.2935739805712743,-0.17207555828551432,0.5684261156270678,0.5940476030072711,0.718006526241977,0.011309376997538456,-0.0209911431324574,-0.06355500983726588,-0.7489891628457722,0
sample_01456.html,-0.34458641011166247,-0.39312115449929613,-0.5789898120788778,-0.274579579949365,1.0661456469130925,-0.2817433154767308,0.22932624812042704,-1.9925510562714843,0.5709625255644801,-0.2694943572651209,-0.02613359816672435,-0.03215251013057327,-0.129009519419973,1
sample_02710.html,-0.4520377787088923,-0.4805110314497277,-0.4993703348891979,-0.4913546774013112,-0.994335084894047,-0.3365771940723391,-0.44887348689285445,0.8321396558525416,1.7771068741526361,-0.26517669045504244,-0.027419211925291086,-0.10364022835686888,-1.2697273013932127,0
sample_01035.html,-0.20113883303436067,-0.11347354825791527,2.207691889559916,-0.18357493998133098,-1.3530548732203003,-0.2878359686540206,-0.44887348689285445,0.8525241315040818,1.87530153078542,4.477552762705054,-0.02613359816672435,-0.08019688756201081,-1.3822224069337519,0
sample_02654.html,-0.20275060356331912,-0.3232092529389509,-0.34013138050983827,-0.29196248870730407,0.03254222901922014,-0.11114902651261627,-0.10977361938621372,0.6142263236229292,0.42280436152699874,-0.2076706962570568,-0.01584868809819045,0.02341689027205328,-0.14113965206033804,0
sample_06935.html,0.13948200541885786,0.7516862335513568,1.1726386860940783,0.06694345094190876,0.7741472478500435,-0.245187396412992,0.9075259831337085,0.6906282926335437,0.7899187513262612,0.005104812095651955,-0.02613359816672435,0.02877123354001469,-0.36399408616932977,0
sample_08513.html,-0.4520377787088923,-0.4805110314497277,-0.5789898120788778,-0.49237720144589586,-2.256016803315404,-0.3365771940723391,-0.44887348689285445,-1.9925510562714843,-0.9465278162278488,-0.2694943572651209,-0.027419211925291086,-0.10364022835686888,-1.3089010697936254,1
sample_07780.html,-0.2999940921438121,-0.2882533021587783,0.5356828685766397,-0.34002111880278274,0.809479566450105,-0.245187396412992,-0.10977361938621372,0.6663752106749977,0.4853526841351785,-0.15968798772243187,-0.02613359816672435,-0.06529155359984795,-0.7668120714840195,1
sample_00338.html,-0.39455129650937437,-0.34942621602408036,-0.4993703348891979,-0.38807974889826136,-0.025814537465368464,-0.3304845408950493,-0.10977361938621372,0.5271823493699406,0.4154538307901136,-0.19280859893393335,-0.0209911431324574,-0.08540651884975704,-1.100666569860621,1
sample_01457.html,-0.4520377787088923,-0.4805110314497277,-0.4993703348891979,-0.49237720144589586,-2.256016803315404,-0.3365771940723391,-0.44887348689285445,0.7704329401504537,1.3394472107164623,-0.267185681952791,-0.027419211925291086,-0.10364022835686888,-1.0168014571092276,1
sample_03383.html,-0.440218128163197,-0.4805110314497277,-0.5789898120788778,-0.48419700908921864,-2.256016803315404,-0.30611392818589006,-0.44887348689285445,-1.9925510562714843,-0.1978691029778706,-0.26943886026242064,-0.01584868809819045,-0.09524693350438883,-1.2002264804210399,1
sample_09350.html,0.32376110256310703,-0.06977860978269951,0.3764439141972801,0.4749305447311849,1.1178640558480244,0.7174518055987974,0.5684261156270678,0.4968538995749764,0.21363600233817975,-0.1471678639132584,-0.02613359816672435,0.08245937819984399,-0.09509372112534935,0
sample_03161.html,1.4858476539421475,2.473266809474858,0.2968244370076003,2.029167092499856,-0.13507443838142927,-0.09896372015803664,0.22932624812042704,0.8791717518190928,1.2591814140544406,1.5055106776987204,-0.018419915615323922,0.3014086042654012,-0.6424349660089117,0
sample_08274.html,-0.44129264184916933,-0.4542940683645982,-0.4993703348891979,-0.48419700908921864,-2.256016803315404,-0.32439188771775945,-0.44887348689285445,0.7458703788735768,1.9324322926066104,-0.26365607258105594,-0.011991846822490236,-0.10306138043600818,-1.248252701219597,0
sample_03520.html,-0.33061773219402263,-0.19212443751330363,-0.26051190332015844,-0.3911473210320153,0.6225668962749245,-0.3365771940723391,-0.10977361938621372,0.4289785146288436,-0.09432991488728518,-0.26454402462425974,0.008577973314577563,-0.10103541271299576,-0.2207717371467518,0
sample_04016.html,0.6267739620072951,1.2061135936936007,-0.021653471751118984,0.7960030947307656,0.8812114168156978,0.7905636437262752,-0.44887348689285445,0.5019580785304149,0.7536292647890332,0.12274735841961441,-0.02613359816672435,0.14454081771215332,-0.8241408437455702,0
sample_07590.html,0.3758750163327635,0.3322148241892855,-0.26051190332015844,0.0833038356552632,0.15824685516175374,0.2239468982383231,-0.10977361938621372,0.6178525785477114,-0.059334031158059276,-0.20590589157118927,-0.017134301856757187,-0.07252715261060662,-0.035545939483462186,0
sample_01357.html,-0.44182989869215544,-0.4717720437546845,-0.34013138050983827,-0.42693566259247817,-0.2514427691758225,-0.29392862183131047,-0.10977361938621372,0.37885563450108406,-0.1321966958805423,-0.26132519846764596,-0.014563074339623712,-0.10364022835686888,-0.1600159773843222,1
sample_08943.html,-0.29354701002797834,-0.4805110314497277,-0.4993703348891979,-0.2643543395035185,-0.02072833306724855,-0.03194453520784878,0.22932624812042704,0.2560871652695501,-0.4140009786601925,-0.269061480644059,-0.0017069367539563366,-0.08757719855298464,-0.6888236830462964,1
sample_06718.html,-0.0678991359737957,-0.2882533021587783,0.7745413001456792,0.30212398119637873,1.2059123032689394,0.5468575166346828,0.5684261156270678,0.141850884576532,-0.7884647455595467,-0.08124852410591686,-0.02613359816672435,-0.0910502860781488,1.4828158052297873,0
sample_07765.html,-0.2919352394990199,-0.3057312775488646,1.0930192089043984,-0.07211981912160391,-0.8126515484783498,-0.1537975987536449,0.9075259831337085,0.4948238540112308,0.3116104482475901,-0.02088998396913907,-0.02613359816672435,-0.05139920349919132,0.41917051622441975,0
sample_08009.html,0.5096519702363146,-0.026083671307483746,-0.34013138050983827,0.9953952834247728,1.16778484085458,1.1378448748317942,0.22932624812042704,0.6162787123111731,-1.620250398324472,-0.2497596231049166,-0.02613359816672435,-0.023180367357232525,2.3176611100162603,0
sample_07574.html,0.5730482777086802,0.4108657134446739,0.2968244370076003,0.5056062660687245,0.7856620516790893,1.0647330367043164,-0.44887348689285445,0.5907564580496777,0.23765523797959856,-0.18471713594023878,-0.023562370649590873,0.04454483938346858,-0.429951362978695,0
sample_08294.html,0.30388259937261947,0.4807776150050191,1.5707360720424772,0.02501996511393803,0.016943082881786458,-0.3304845408950493,-0.10977361938621372,0.6675757100850374,-0.005313136797582854,-0.00046708697545184226,-0.017134301856757187,-0.023180367357232525,-0.4944935975842131,0
sample_02736.html,0.42583990273047534,1.057550802877867,-0.26051190332015844,0.20293914887166747,0.9057940194193702,-0.11724167968990606,-0.10977361938621372,0.6367026746697861,-0.36113335543199826,-0.23942608120213243,-0.02613359816672435,-0.06485741765920243,0.5206879268223382,0
sample_02256.html,-0.2408958394153357,-0.4368160929745119,-0.4197508576995181,-0.2612867673697645,0.006051606345979112,-0.2878359686540206,0.5684261156270678,0.34635009780583204,-7.851757030852685e-05,-0.2530894432669308,-0.02613359816672435,-0.002341842206247569,-0.7872033074716241,1
sample_08274.html,-0.4520377787088923,-0.4805110314497277,-0.5789898120788778,-0.49237720144589586,-2.256016803315404,-0.3365771940723391,-0.44887348689285445,-1.9925510562714843,0.8105322065191573,-0.2694943572651209,-0.027419211925291086,-0.10364022835686888,-1.337689170260535,1
sample_07132.html,0.9061475203600926,1.389632335289507,-0.34013138050983827,0.7223813635206707,0.6941255429739347,0.38844853402514784,-0.44887348689285445,0.5216582315400675,0.30866184273014363,4.563106942067739,-0.02613359816672435,0.08376178602178054,-1.1305261441695058,0
sample_00898.html,0.34363960575359453,0.4545606519198896,0.3764439141972801,0.5792279972788194,-0.6723034910175073,0.022889343387759473,0.22932624812042704,0.4759144790327708,0.26849163789678254,-0.06125850373329148,-0.01970552937389066,0.11646669355040971,-0.023159525601091916,0
sample_05324.html,0.22221955923872483,0.2972588734091129,-0.34013138050983827,0.5321918912279254,1.6702870973313961,0.6443399674713197,-0.10977361938621372,0.5762661601089458,-0.7365730861836183,-0.21963585003922792,-0.0209911431324574,0.007498572448384215,1.1710566299210305,0
sample_03550.html,-0.4520377787088923,-0.4805110314497277,-0.5789898120788778,-0.49237720144589586,-2.256016803315404,-0.3365771940723391,-0.44887348689285445,-1.9925510562714843,-0.5551401666603529,-0.2694943572651209,-0.027419211925291086,-0.10364022835686888,-1.298615270319895,1
sample_04659.html,-0.3273941911361057,-0.3406872283290372,-0.4993703348891979,-0.3931923691211846,0.4911933928541008,-0.2817433154767308,-0.10977361938621372,0.343253371727165,0.014755662774137335,-0.25871683934073486,-0.004278164271089811,-0.09582578142524951,-0.20254721649351112,1
sample_06659.html,-0.23498601414248807,-0.27951431446373515,-0.34013138050983827,-0.2612867673697645,-0.5092501467362124,-0.17207555828551432,-0.10977361938621372,0.564858014575167,-0.17687702315917087,-0.25231248522912747,-0.02613359816672435,0.04237415968024098,0.20828261822403943,0
sample_03103.html,-0.04157355066747439,-0.1659074744281742,-0.34013138050983827,-0.15596679077754538,0.3809951762145127,0.0472599560969187,-0.10977361938621372,0.5616575724680627,0.4486236645545384,-0.1851722113623807,-0.02613359816672435,0.04758379096798722,-0.42488936190930904,0
sample_01834.html,0.8577944044913393,2.0887513508929594,1.4114971176631177,2.711190630237819,0.17356303737899972,0.035074649742339085,3.9594247906934754,0.6451571754778812,0.2595174689507898,0.5180414092528627,-0.02613359816672435,-0.06022663429231689,0.19853992846685817,0
sample_03237.html,-0.4343083028903494,-0.4717720437546845,-0.4197508576995181,-0.44022847517207864,0.06416672343532498,-0.2817433154767308,-0.10977361938621372,0.3600250372681366,0.7639296267824569,-0.25508733536413936,-0.02613359816672435,-0.10320609241622336,0.48564787824642325,1
sample_04501.html,0.11154464958357811,0.6031234427356232,-0.021653471751118984,0.2683806877250852,0.607664731381532,-0.19644617099467354,-0.10977361938621372,0.5889506535951368,0.6172297240295733,0.01791352031886666,-0.02613359816672435,-0.0758555281555556,-0.19043004328513236,0
sample_07989.html,-0.4106690017989588,-0.4368160929745119,-0.34013138050983827,-0.43920595112749394,-0.35752830108885425,-0.3365771940723391,-0.10977361938621372,0.4313641634145659,0.06164722337755705,-0.25765129688889027,0.06900181996721423,-0.09510222152417365,-0.02611358509807955,0
sample_03478.html,-0.18770741195970694,-0.15716848673313102,-0.5789898120788778,-0.34308869093653666,1.100821226869268,-0.30611392818589006,-0.10977361938621372,-1.9925510562714843,0.3163179842141385,-0.2694943572651209,0.0008642907631771383,-0.058345378549519634,-0.20849749927324426,1
sample_06131.html,2.5275886724922905,2.5781346618153758,0.5356828685766397,1.4401932428190964,0.7054423798569348,0.38235588084785804,0.22932624812042704,0.639422165218056,0.9439024721633041,0.1476100156293206,-0.02613359816672435,0.4928625540900755,-0.5899868409948876,0
sample_00618.html,-0.4052964333690973,-0.4805110314497277,-0.18089242613047862,-0.27560210399394963,0.6143444337364958,-0.025851882030558975,-0.10977361938621372,0.4738451885559459,-0.16068083294995547,-0.23546359520933552,-0.02613359816672435,-0.09741761320761642,0.7986686294874882,1
sample_00233.html,0.09811322850892439,0.2011300087636382,0.6949218229559994,0.016839772757260816,-0.16520536003294925,0.20566893870645367,-0.10977361938621372,0.46832567112384355,0.05353458163400014,-0.2209233805018734,-0.02613359816672435,-0.052267475380482355,0.19171124652149155,0
sample_03848.html,0.1781644981138606,0.5506895165653642,0.05796600543856084,-0.13756135797502164,0.36222798361348746,-0.3365771940723391,-0.44887348689285445,0.7313145736962374,0.23181126676773203,-0.19024463740918238,-0.01584868809819045,-0.06254202597575965,-0.33091022082746313,0
sample_03393.html,-0.2408958394153357,-0.3669041914141667,-0.4197508576995181,-0.3533139313823832,0.10904868069703597,-0.31829923454046966,0.22932624812042704,0.7507384882353262,0.9898582170199376,-0.19992331468010371,-0.02613359816672435,0.02529814601485053,0.38118983693918873,1
sample_05364.html,-0.3273941911361057,-0.3406872283290372,-0.4993703348891979,-0.3931923691211846,0.4911933928541008,-0.2817433154767308,-0.10977361938621372,0.343253371727165,0.014755662774137335,-0.25871683934073486,-0.004278164271089811,-0.09582578142524951,-0.20254721649351112,1
sample_00565.html,-0.41872785444375105,-0.44555508066955507,-0.4993703348891979,-0.41466537405746234,-0.8807664702485071,-0.30002127500860026,-0.10977361938621372,0.40973863008096567,0.16405806970595405,-0.25702973045864763,-0.014563074339623712,-0.10045656479213506,-0.3289161631971167,1
sample_01159.html,-0.3676884543600669,-0.3756431791092098,-0.4197508576995181,-0.4023950855224465,0.008733271478304864,-0.3365771940723391,-0.10977361938621372,0.3210019522133257,-0.07196788365053064,-0.24258941035604595,0.021434110900244937,-0.09162913399900949,0.2320211164342579,1
sample_03362.html,0.1695683886260822,0.2186079841537245,0.5356828685766397,0.2929212647951169,0.061241307450682514,0.2300395514156129,0.22932624812042704,0.03773789886163378,-0.9616470401384373,-0.04773943387551374,-0.02613359816672435,-0.09683876528675574,1.2803904423917243,0
sample_02402.html,-0.11356596762761836,-0.2008634252083468,-0.1012729489407988,0.20191662482708284,0.4007986415078402,0.11427914104710657,0.22932624812042704,0.28253454568517294,-0.30121477107135436,-0.22683936098971869,-0.02613359816672435,-0.08989259023642741,-0.16435625282346564,0
sample_01219.html,-0.4337710460473632,-0.46303305605964135,-0.4993703348891979,-0.4085302297899544,0.6034722094543972,-0.32439188771775945,-0.10977361938621372,0.5766664835670271,0.2699569368808412,-0.21536258083130966,-0.02613359816672435,-0.10089070073278059,-0.5187438369059919,1
sample_02013.html,0.4801028438720764,0.7953811720265725,0.3764439141972801,-0.009745852401940137,1.1024860714133842,-0.30611392818589006,0.9075259831337085,0.6035552691142083,-0.06422624428967741,-0.14898816560182618,-0.02613359816672435,-0.040401093002838145,-0.18880791092266408,0
sample_06509.html,-0.4429044123781278,-0.4805110314497277,-0.4197508576995181,-0.37580946036324553,1.7853859966515493,-0.275650662299441,-0.10977361938621372,0.47642455851382937,-0.08636966907922732,-0.2568965376521671,-0.017134301856757187,-0.10291666845579302,0.2164288076542504,1
sample_01804.html,-0.2715194794655462,-0.2358193759885194,0.5356828685766397,-0.3083228734206585,1.2287421150471631,-0.2573727027675716,-0.10977361938621372,0.665797333226283,0.4570476234272024,-0.16651411905456104,-0.02613359816672435,-0.06369972181748104,-0.588660689542833,1
sample_06163.html,-0.4520377787088923,-0.4805110314497277,-0.5789898120788778,-0.49237720144589586,-2.256016803315404,-0.3365771940723391,-0.44887348689285445,-1.9925510562714843,-0.9780675251512805,-0.2694943572651209,-0.027419211925291086,-0.10364022835686888,-1.371517029552395,1
sample_02382.html,0.7841902170022368,0.11374013181320669,-0.34013138050983827,0.8236112439345512,1.1579674632383992,1.801944071156383,0.5684261156270678,0.7330725272165391,-0.26535210182198166,-0.2509139607610815,-0.01584868809819045,1.1029682626772461,0.8824293236364895,0
sample_03874.html,-0.2575508015479063,-0.08725658517278581,-0.34013138050983827,-0.34002111880278274,0.466237318330343,-0.2695580091221512,-0.44887348689285445,0.4772991249612464,-0.42084230235649284,-0.25601968500950334,-0.02613359816672435,-0.09785174914826195,0.6673138607498041,0
sample_05764.html,0.31247870886039786,0.6380793935157958,0.7745413001456792,-0.1191559251724979,-0.4585930644645151,-0.3304845408950493,0.5684261156270678,0.6511395366234494,0.008669487062429013,-0.13479203231110554,-0.02613359816672435,-0.006827913592917941,0.3214438307460757,0
sample_02423.html,-0.42195139550166794,-0.44555508066955507,-0.5789898120788778,-0.4688591484204489,0.32103522205746726,-0.31220658136317986,-0.10977361938621372,-1.9925510562714843,0.5085048947738157,-0.26943886026242064,-0.02613359816672435,-0.10175897261407163,-0.5993294962936854,1
sample_00893.html,-0.20382511724929142,-0.2532973513786057,-0.26051190332015844,0.02399744106935338,0.582237542884671,0.23613220459290268,-0.10977361938621372,0.4560782431011081,0.33702377927711175,-0.237217300494663,-0.02613359816672435,-0.024048639238523562,-0.09489823448228955,0
sample_05875.html,-0.39455129650937437,-0.34942621602408036,-0.4993703348891979,-0.38807974889826136,-0.16143541871584105,-0.3304845408950493,-0.10977361938621372,0.6173211964331751,0.5740396611562477,-0.19040002901674305,-0.0209911431324574,-0.08497238290911152,-1.0945841504177287,1
sample_05297.html,-0.1216248202724106,-0.270775326768692,-0.34013138050983827,-0.17948484380299237,0.8137899153190943,-0.10505637333532646,-0.44887348689285445,0.455001558723846,-0.04740601897756787,-0.20660515380521227,-0.0107062330639235,-0.06905406508544246,-0.12954841797300967,0
sample_09233.html,0.5332912713277052,-0.07851759747774266,0.21720495981792048,0.014794724668091511,0.02014604260194593,1.0708256898816062,-0.44887348689285445,0.8104544115407601,1.2399272803405683,0.10496611875445847,-0.0017069367539563366,0.268703696736772,-0.8811786806703272,1
sample_07600.html,0.5633776545349295,0.22734697184876765,1.4911165948527976,2.312406252849805,0.9598278706850344,0.5042089443936542,-0.10977361938621372,0.5920824796163535,0.6539942771685173,0.5783666511880203,-0.02613359816672435,-0.004946657850120688,-0.5716444338386094,0
sample_00201.html,-0.3037548900447152,-0.2358193759885194,-0.18089242613047862,-0.3563815035161372,0.07989678368676245,-0.30002127500860026,-0.10977361938621372,0.401589023730394,-0.055129794993689335,-0.20901372372240254,-0.02613359816672435,-0.09047143815728811,-0.010325802712670362,0
sample_09533.html,-0.15171120347963496,-0.2532973513786057,0.13758548262824066,0.20089410078249817,-0.15599917939727434,0.4798383316844949,2.6030253206669123,0.4996290823687255,-0.49053825725534034,-0.23315491989700565,-0.02613359816672435,-0.07846034379942872,0.42564208368132084,0
sample_05378.html,0.21469796343691874,0.7516862335513568,1.0930192089043984,0.14567780237492697,0.2593694479714072,-0.11114902651261627,-0.44887348689285445,0.6058047912802107,0.3168116635094839,0.08983763581837385,-0.02613359816672435,-0.07788149587856803,-0.11222099248687951,0
sample_07855.html,-0.39455129650937437,-0.34942621602408036,-0.4993703348891979,-0.38807974889826136,-0.14670370803222543,-0.3304845408950493,-0.10977361938621372,0.6264578131488179,0.5791508103455852,-0.19114368885292624,-0.0209911431324574,-0.08482767092889634,-1.0969065745007964,1
sample_06184.html,1.9409041999514158,2.193619203233477,3.481603524594793,2.0025814673406552,0.09640667225073252,-0.20253882417196337,0.5684261156270678,0.6610780582637638,0.9332756747335899,2.7452582210193155,-0.0209911431324574,1.0157069386074966,-0.7505303052771556,0
sample_02403.html,-0.036200982237612894,-0.2532973513786057,-0.18089242613047862,-0.08848020383495833,-0.728228817163331,0.351892614961409,-0.10977361938621372,0.5640308334386158,-0.7072695657058948,-0.2598267793947396,-0.01970552937389066,-0.07122474478867005,0.7803610980661829,0
sample_07668.html,-0.4391436144772247,-0.4717720437546845,-0.4993703348891979,-0.44431857135041725,-0.2405252454732331,-0.30611392818589006,-0.10977361938621372,0.35946574105664564,-0.2697645359515882,-0.25012590332273815,-0.02613359816672435,-0.10364022835686888,0.42519030275859804,1
sample_05649.html,-0.4036846628401389,-0.4368160929745119,-0.4197508576995181,-0.4279581866370628,1.5341780784887025,-0.2878359686540206,-0.10977361938621372,0.3111848194118403,0.1635636101607252,-0.2669081969392898,-0.014563074339623712,-0.10045656479213506,0.4877738639374019,1
sample_07533.html,1.088277590132397,0.5069945780901485,-0.18089242613047862,1.3481660788064778,0.5784267957526875,2.3563755102897552,-0.10977361938621372,0.5818436833374911,-0.5550184785792484,-0.20323093604103784,-0.022276756891024138,0.07898629067467983,0.9180077883720978,0
sample_09069.html,-0.4085199744270142,-0.4105991298893824,-0.4993703348891979,-0.43716090303832467,-0.3574862174427328,-0.30611392818589006,-0.10977361938621372,0.03227582449657965,-0.9876804818456879,-0.2627903193389322,-0.002992550512523074,-0.10364022835686888,1.819437598653474,1
sample_07226.html,-0.1522484603226211,-0.22708038829347624,-0.18089242613047862,-0.1897100842488389,0.40817086783766354,-0.01975922885326917,-0.10977361938621372,0.60314666833885,0.018252606280205152,-0.2133979869357213,-0.017134301856757187,-0.08468295894868118,-0.2525430102008149,0
sample_00038.html,-0.22048007938186204,-0.3057312775488646,0.6153023457663196,0.0873939318336018,1.1121023571502342,0.12037179422439637,0.22932624812042704,0.36383406320455997,0.19604997077654351,-0.03594077110144335,-0.02613359816672435,-0.05820066656930446,0.3435707440590944,0
sample_06276.html,-0.4520377787088923,-0.4805110314497277,-0.5789898120788778,-0.4872645812229726,-0.7067890193140784,-0.3365771940723391,-0.44887348689285445,-1.9925510562714843,0.22606251694284138,-0.2694943572651209,-0.027419211925291086,-0.10364022835686888,-0.8721332970100784,1
sample_08993.html,0.7605509159108462,1.1274627044382124,1.4114971176631177,0.4943585015782933,1.7482515362932076,-0.2634653559448614,-0.10977361938621372,0.6613577372006713,-0.4226544752037012,-0.13041886849832687,-0.01584868809819045,0.13527925097838223,1.112007799448271,0
sample_00815.html,-0.4520377787088923,-0.4805110314497277,-0.4993703348891979,-0.49237720144589586,-2.256016803315404,-0.3365771940723391,-0.44887348689285445,0.7508636268231774,1.314921657276607,-0.267185681952791,-0.027419211925291086,-0.10364022835686888,-1.0168014571092276,1
sample_02177.html,-0.440218128163197,-0.4805110314497277,-0.5789898120788778,-0.48419700908921864,-2.256016803315404,-0.30611392818589006,-0.44887348689285445,-1.9925510562714843,-0.19975210603412946,-0.26943886026242064,-0.01584868809819045,-0.09437866162309778,-1.2002264804210399,1
sample_02681.html,-0.4498887513369477,-0.4805110314497277,-0.5789898120788778,-0.48010691291088003,-1.2178329902344815,-0.32439188771775945,-0.10977361938621372,-1.9925510562714843,-0.27107611025777123,-0.2694943572651209,-0.008135005546790024,-0.10364022835686888,-0.7269680110139127,1
sample_03190.html,0.2915256919839381,-0.008605695917397443,0.05796600543856084,0.12318227339406462,0.5722929090221309,0.4128191467343071,0.22932624812042704,0.38309978960689295,0.4916029389300036,-0.06990493675398841,-0.02613359816672435,0.21848863960210688,-0.07578604488862464,0
sample_07205.html,-0.3913277554514574,-0.4542940683645982,-0.34013138050983827,-0.41875547023580095,0.5899136568643341,-0.23300209005841238,0.22932624812042704,0.3151079410393443,-0.049086242041387985,-0.2542659797241758,-0.022276756891024138,-0.08873489439470603,0.5764576037975306,0
sample_04558.html,-0.34458641011166247,-0.4542940683645982,-0.5789898120788778,0.20498419696083678,-0.9750221190611207,-0.1477049455763551,-0.10977361938621372,-1.9925510562714843,0.03160294704926174,-0.26947215846404077,-0.02613359816672435,-0.09944358093062886,-0.6831470737442523,1
sample_06109.html,-0.22155459306783434,-0.44555508066955507,-0.4197508576995181,0.39517366925358205,1.4770101250444536,-0.007573922498689558,-0.10977361938621372,0.07138420990837044,-2.2654057557516953,-0.2610699122552249,-0.02613359816672435,-0.0851170948893267,2.8774334227606158,0
sample_04681.html,0.17010564546906837,0.35843178727441494,0.45606339138695995,0.27247078390342383,0.7394188589437777,0.10818648786981676,0.22932624812042704,0.3265406320621905,-0.4833443352883165,0.18234003991912892,-0.02613359816672435,-0.08294641518609909,1.2308136398974399,0
sample_02116.html,-0.38488067333562365,-0.4368160929745119,0.6949218229559994,-0.41773294619121626,-0.5242804399503693,-0.29392862183131047,-0.10977361938621372,0.526101309302082,0.6104076619476001,0.3427152783222739,-0.02613359816672435,-0.08164400736416254,-1.4069764343957516,0
sample_07648.html,-0.28495090054019995,-0.38438216680425297,-0.18089242613047862,-0.3911473210320153,0.9467137187333441,-0.2817433154767308,0.22932624812042704,-0.2931738885528641,0.18092431688587896,-0.24811691182498957,-0.006849391788223287,-0.0813545834037322,0.5900744596850633,1
sample_06736.html,1.887178515652801,0.5594285042604075,0.21720495981792048,1.8011442305574787,1.8762331305394184,1.2231420193138514,-0.10977361938621372,0.6280962670279396,0.9512978659810465,10.716048532042478,-0.02613359816672435,0.606895594499632,-1.113324884099201,0
sample_09042.html,-0.04533434856837743,0.07878418103303408,-0.1012729489407988,-0.26230929141434917,0.22857309721231034,-0.3365771940723391,-0.10977361938621372,0.5825923552266791,0.04183174493522907,-0.1985580884136779,-0.01584868809819045,-0.07469783231383421,-0.0886036662694979,0
sample_06100.html,-0.0700481633457403,0.19239102106859504,-0.18089242613047862,-0.29503006084105804,0.2906559045462085,-0.3304845408950493,-0.10977361938621372,0.698069848485862,0.5470835160204119,-0.23738379150276373,-0.01584868809819045,-0.05154391547940649,-0.3480678177813473,0
sample_04511.html,-0.2408958394153357,-0.4368160929745119,-0.4197508576995181,-0.2612867673697645,0.006051606345979112,-0.2878359686540206,0.5684261156270678,0.34635009780583204,-7.851757030852685e-05,-0.2530894432669308,-0.02613359816672435,-0.002341842206247569,-0.7872033074716241,1
sample_06879.html,-0.43592007341930783,-0.4542940683645982,-0.5789898120788778,-0.4320482828154014,-0.21992354140770823,-0.3365771940723391,-0.10977361938621372,-1.9925510562714843,0.05905783409190738,-0.2694943572651209,0.01629165586597799,-0.1019036845942868,-0.3897405010402783,1
sample_01784.html,-0.19522900776151303,-0.17464646212321733,-0.26051190332015844,-0.15801183886671466,0.8206184032572954,0.07772322198336773,-0.44887348689285445,0.5633942422905611,-0.12188125163108571,-0.16658071545780131,-0.02613359816672435,-0.032876070031649135,0.5007176637717591,0
sample_09534.html,0.7648489706547354,0.7516862335513568,0.2968244370076003,0.8215661958453819,1.6223274683724014,0.6138767015848706,0.22932624812042704,0.5108802521344273,1.2434099681919688,0.12291384942771512,-0.02613359816672435,0.802256767790116,-0.17263491789594212,0
sample_00734.html,0.06050524949989394,-0.42807710527946874,0.05796600543856084,0.0015019120884910355,-0.4010335738366344,0.7113591524215076,-0.10977361938621372,0.5555020542925168,-0.8186966423717867,-0.1947176958268215,-0.02613359816672435,-0.09712818924718608,0.864095469183816,0
sample_04133.html,0.45431451540874124,1.057550802877867,-0.021653471751118984,1.4892743969591598,1.8750868674627643,-0.08068576062616724,2.6030253206669123,0.6547668873896849,-0.6760274384234949,-0.17883445365401365,-0.02613359816672435,0.012418779775700108,0.8856673693985916,0
sample_03491.html,-0.36177862908721925,-0.4805110314497277,-0.4993703348891979,-0.38807974889826136,0.2714618315238536,-0.1294269860444857,-0.10977361938621372,0.2079295066097903,-0.11305649410040189,-0.2642776390112986,-0.02613359816672435,-0.10306138043600818,0.05913052073297432,1
sample_06611.html,0.3968280332092233,0.1486960825933793,-0.34013138050983827,0.53321441527251,0.46284391936195496,0.918509360449361,-0.10977361938621372,0.5804237976337944,-0.3199729542674429,-0.21924737102032626,-0.017134301856757187,-0.008853881315930368,0.4525014321464741,0
sample_09728.html,-0.4520377787088923,-0.4805110314497277,-0.4993703348891979,-0.49237720144589586,-2.256016803315404,-0.3365771940723391,-0.44887348689285445,0.36207830476587555,-0.5211304853099377,-0.26780724838303366,-0.027419211925291086,-0.10364022835686888,-1.24797743714764,1
sample_04980.html,-0.45150052186590617,-0.4805110314497277,-0.5789898120788778,-0.4749942926879568,-0.18685877977503496,-0.3304845408950493,-0.10977361938621372,-1.9925510562714843,-0.8803569298820867,-0.2694943572651209,-0.01584868809819045,-0.10364022835686888,-0.3422029707740546,1
sample_05587.html,-0.43484555973333555,-0.4542940683645982,-0.4197508576995181,-0.415687898102047,0.3685235129686855,-0.30002127500860026,-0.10977361938621372,0.5719493085222238,0.25165693804802486,-0.1938519425846978,-0.014563074339623712,-0.10364022835686888,-0.0896655443952341,1
sample_08906.html,-0.2639978836637401,-0.2358193759885194,-0.021653471751118984,-0.34411121498112135,-0.15366015472116826,-0.2695580091221512,-0.44887348689285445,0.6349876687151657,0.29982440807013566,-0.2362294538465988,-0.004278164271089811,-0.07281657657103696,0.015417822099480324,0
sample_09529.html,-0.34190012589673174,-0.3406872283290372,-0.26051190332015844,-0.342066166891952,0.3895965429698423,-0.3365771940723391,-0.10977361938621372,0.7922466377641318,1.4101905493704323,0.2424099956418655,0.01500604210741125,-0.08338055112674461,-1.1372463528008627,1
sample_09858.html,-0.37843359121978987,-0.31447026524390775,-0.4197508576995181,-0.2766246280385343,1.3432362913280556,0.1569277132881352,-0.10977361938621372,0.4636900345487454,-1.304993313730451,-0.2663199287106673,-0.02613359816672435,-0.10335080439643853,1.8211229506192637,0
sample_05169.html,-0.4171160839147926,-0.4542940683645982,-0.26051190332015844,-0.2602642433251799,0.9973549280396526,-0.2695580091221512,-0.10977361938621372,0.5790548450094616,-0.5861167257227557,-0.23282193788080424,-0.013277460581056975,-0.10262724449536266,1.0854784080301065,1
sample_03208.html,-0.0028910579724716508,0.35843178727441494,0.13758548262824066,-0.1702821274017305,-0.13535756581556835,-0.3365771940723391,0.22932624812042704,0.4156268634466646,-0.4016254197807048,-0.25401069351175476,0.012434814590277775,-0.0937998137022371,0.19983271655225998,0
sample_04293.html,-0.4085199744270142,-0.4105991298893824,-0.4993703348891979,-0.47703934077712606,-1.4247911990232913,-0.31829923454046966,-0.44887348689285445,0.10862466291856293,-0.2873221849579954,-0.26815132979977513,-0.011991846822490236,-0.09814117310869229,-1.1841019222935418,1
sample_03754.html,-0.4520377787088923,-0.4805110314497277,-0.5789898120788778,-0.48828710526755725,-0.7716853688097949,-0.3365771940723391,-0.44887348689285445,-1.9925510562714843,-0.12639889074108857,-0.2694943572651209,-0.027419211925291086,-0.10364022835686888,-0.23330880116654734,0
sample_05321.html,-0.3483472080125655,-0.2882533021587783,-0.26051190332015844,-0.4565888598854331,-1.2546190265875972,-0.32439188771775945,-0.44887348689285445,0.40650050646772895,-0.2636780769808474,0.00422795945298821,-0.01584868809819045,-0.08207814330480806,0.5609190101682108,0
sample_08322.html,0.09220340323607674,0.46329963961493276,0.2968244370076003,-0.030196333293633176,0.14243279718809643,-0.23300209005841238,0.5684261156270678,0.5701971964146484,0.08364273029943313,-0.22389801984660612,-0.02613359816672435,-0.037651565378749856,-0.16153588147093145,0
sample_09458.html,0.3898436942504033,-0.061039622087656356,-0.4197508576995181,-0.0005431360006782686,1.3262535022496658,0.5955987420530012,-0.10977361938621372,0.5048755954463113,-0.7042145577948635,-0.2260735023524554,-0.02613359816672435,-0.08902431835513637,0.44933424605524264,0
sample_02435.html,0.09596420113697979,-0.3669041914141667,-0.26051190332015844,-0.04860176609615691,0.6187159307670748,0.3579852681386988,-0.10977361938621372,-0.4166451048372842,-0.7509329492752502,-0.23223366965218173,-0.02613359816672435,-0.05588527488586169,0.6991212350786858,0
sample_05421.html,-0.4520377787088923,-0.4805110314497277,-0.4993703348891979,-0.4872645812229726,-1.0718685979782605,-0.3365771940723391,-0.44887348689285445,0.8136951516757476,0.8397245272252898,-0.267185681952791,-0.027419211925291086,-0.10364022835686888,-0.3171723754743046,1
sample_08908.html,0.23994903505726775,0.00013329177764570985,-0.18089242613047862,0.47799811686493887,0.8891377131964153,0.9367873199812304,-0.10977361938621372,0.6009170786403613,-0.07713501512535817,-0.21131129963419237,-0.0209911431324574,-0.060081922312101715,0.2570714898610934,0
sample_05790.html,0.1464663443776778,0.19239102106859504,-0.18089242613047862,-0.0680297229432653,-1.5636559245377377,-0.3304845408950493,-0.44887348689285445,0.31397673794287345,0.3448716948525242,0.004805128281070676,-0.009420619305356762,0.0834723620613502,0.8348844270935335,1
sample_05527.html,0.04653657158225407,0.026350254862775167,0.6949218229559994,-0.2254984258093017,0.9753043147424467,-0.1598902519309347,-0.10977361938621372,0.7098144207444819,1.2595934477957917,1.829957254884846,-0.02613359816672435,-0.008275033395069674,-1.407866241512077,1
sample_05652.html,0.4333614985322814,0.4895166027000622,1.0133997317147188,0.3225744620880718,0.8866676593409332,0.39454118720243764,0.22932624812042704,0.691044072457075,1.3375829362325313,0.4556627782177963,-0.02613359816672435,-0.04995208369703959,-0.37473898069188405,1
sample_01683.html,-0.3569433175003439,-0.3756431791092098,-0.4197508576995181,-0.345133739025706,-0.5379433568336565,-0.19035351781738374,-0.10977361938621372,0.8955835589522232,2.0939939883096104,-0.2608146260428038,-0.02613359816672435,-0.09886473300976815,0.13744693664431232,1
sample_01786.html,-0.4289357344604879,-0.44555508066955507,-0.26051190332015844,-0.43613837899374003,-0.7728970677471979,-0.3304845408950493,-0.10977361938621372,0.5683228555011576,0.3312353706123478,-0.25320043727233127,0.00472113203887735,-0.10277195647557784,-0.6263934186494785,0
sample_00965.html,0.7245547074307742,0.59438445504058,-0.4197508576995181,0.213164389317514,1.4420042408512488,0.09600118151523715,0.22932624812042704,0.2899901391839665,0.060979365526982736,-0.2560862814127436,-0.008135005546790024,0.03282316898603954,0.30883473366619607,1
sample_03871.html,-0.4300102481464602,-0.44555508066955507,-0.4197508576995181,-0.4790843888662954,-0.9810542213852353,-0.3304845408950493,-0.44887348689285445,0.5583980437744961,0.44625724133013994,-0.2516798193983448,-0.002992550512523074,-0.10146954865364127,-1.0008685655910148,0
sample_00106.html,0.7428214400923033,-0.46303305605964135,-0.5789898120788778,0.6876155460047925,-1.285061745119326,2.563525718317609,-0.44887348689285445,-1.9925510562714843,0.12785305616289686,-0.2694943572651209,-0.014563074339623712,1.191387282588717,-0.8306198687428094,0
sample_08735.html,-0.4520377787088923,-0.4805110314497277,-0.4993703348891979,-0.49237720144589586,-2.256016803315404,-0.3365771940723391,-0.44887348689285445,0.7744395345996122,1.3769392966592433,-0.267185681952791,-0.027419211925291086,-0.10364022835686888,-1.0168014571092276,1
sample_01168.html,-0.4198023681297234,-0.4368160929745119,-0.5789898120788778,12.122501936594954,-0.8904377027289548,-0.30002127500860026,0.22932624812042704,-1.9925510562714843,-0.354104171769116,-0.2694943572651209,-0.01970552937389066,-0.10364022835686888,0.9591840236922246,0
sample_04194.html,-0.22638990465470968,-0.1659074744281742,-0.4197508576995181,-0.1784623197584077,1.3793327893499345,-0.10505637333532646,0.22932624812042704,0.5045702028348975,0.9587044227798193,-0.25495414255765875,-0.02613359816672435,-0.06963291300630316,-0.9758699386285188,1
sample_01327.html,0.08468180743427066,0.2535639349338971,-0.34013138050983827,0.11602460508197206,0.8814279819596476,0.07772322198336773,-0.44887348689285445,0.09855150377936912,-0.17165635572687268,-0.2228879743974618,-0.02613359816672435,-0.043295332607141614,0.7613900932702831,0
sample_08682.html,-0.017934249576083826,0.15743507028842244,0.5356828685766397,0.22850224998628377,0.7650551212232056,-0.05631514791700801,0.22932624812042704,0.6322427791158994,1.040354380163088,0.37501453389381184,-0.014563074339623712,-0.06514684161963279,-0.45580884565758173,0
sample_07326.html,-0.44344166922111394,-0.4805110314497277,-0.5789898120788778,-0.4453410953950019,0.7087154325574094,-0.31220658136317986,-0.10977361938621372,-1.9925510562714843,-0.9943661701531746,-0.2694832578645808,-0.002992550512523074,-0.10089070073278059,0.37650090845157924,1
sample_02879.html,-0.38380615964965137,-0.3756431791092098,-0.4993703348891979,-0.36558421991739903,0.15666389477063947,-0.2634653559448614,0.9075259831337085,0.3172216944213166,-0.5283947585207351,-0.26673060653064906,-0.02613359816672435,-0.09929886895041368,-0.28056606090016767,1
sample_08744.html,-0.3096647153175628,-0.3406872283290372,-0.4993703348891979,-0.37376441227407625,0.06381297614258408,-0.2695580091221512,-0.10977361938621372,0.3316516123233787,-2.6903216724904446,-0.26031515301850167,-0.02613359816672435,-0.0910502860781488,3.5660843661725488,1
sample_06881.html,0.6219386504204197,1.7654088061763626,0.2968244370076003,0.48720083326620073,1.9711668838188452,-0.30611392818589006,0.22932624812042704,0.6823774081012061,-0.8576928286361482,-0.2008334655243876,-0.02613359816672435,-0.0029206901271082624,1.1436982390231443,0
sample_04467.html,1.0281048237179484,1.4508052491548091,1.0930192089043984,1.3440759826281392,0.4337328160544121,-0.16598290510822453,0.9075259831337085,0.5944052202081349,0.765987058176909,0.34323695014765615,-0.02613359816672435,0.17304907781454246,-0.5323797668870816,0
sample_07947.html,2.975660879542739,3.3209486158940438,-0.18089242613047862,1.762288316863262,0.5702292963441068,1.204864059781982,-0.10977361938621372,0.6074451173634281,-0.006075206602939471,0.306908612180081,-0.02613359816672435,0.1908486513810088,0.07353125276612,0
sample_02236.html,-0.317723567962355,-0.3756431791092098,-0.26051190332015844,-0.4013725614778618,0.007701238036583303,-0.23909474323570218,-0.10977361938621372,0.3687720452041159,-0.0020437945005983694,-0.25497634135873887,-0.006849391788223287,-0.08916903033535155,0.10225258738675032,0
sample_05869.html,1.2397840198544912,0.5856454673455369,-0.18089242613047862,1.5250627385196227,0.7895059315823971,2.53306245243116,-0.10977361938621372,0.5974074024076305,-0.1527127202659934,-0.2003117936990054,-0.0209911431324574,0.20039964207521022,0.727385534600446,0
sample_03046.html,-0.2344487572995019,-0.1484294990380879,0.2968244370076003,-0.23879123838890218,0.08796556733556915,-0.23300209005841238,-0.10977361938621372,0.519818173907485,0.12015095203797364,2.610078621842078,-0.02613359816672435,-0.08120987142351702,-0.7471330436363657,0
sample_09784.html,1.584702913051599,1.5119781630201112,3.003886661456714,1.1457063179787168,-0.013961956206126887,-0.20253882417196337,0.22932624812042704,0.62959795532972,0.7506595178473053,0.735378771227531,-0.0209911431324574,1.0439257747494555,-0.8302808505235563,0
sample_04505.html,0.6794251326199378,0.05256721794790462,-0.021653471751118984,1.0138007162272964,0.4404818362124421,1.8811485624611504,-0.10977361938621372,0.6238486010539214,-0.6253188722059858,-0.20185461037407199,-0.02613359816672435,0.10402146325190481,1.1169039354334227,0
sample_02963.html,0.6079699725027798,0.6905133196860547,1.1726386860940783,-0.13756135797502164,-0.43876037256646977,-0.31220658136317986,-0.10977361938621372,0.6930851079948094,0.25544138174858866,-0.167679556111266,-0.02613359816672435,0.029928929381736077,-1.1525390040509194,0
sample_01982.html,0.5601541134770126,1.3459373968142911,0.5356828685766397,1.218305525144227,0.7249504481137284,0.5042089443936542,0.22932624812042704,0.6594225569370288,-0.07333111410422756,-0.046540698617188625,-0.02613359816672435,0.045268399284544444,0.2783775391929407,0
sample_01470.html,0.5547815450471512,0.4545606519198896,0.6153023457663196,1.0178908124056352,0.3303222936502941,1.1926787534274024,-0.10977361938621372,0.5665463770651247,-1.2631970372353678,-0.17227470793484564,-0.023562370649590873,-0.009288017256575888,1.7442888903396856,0
sample_05573.html,-0.2500292057461002,-0.22708038829347624,0.13758548262824066,-0.11813340112791325,0.711228581423081,-0.03803718838513859,0.22932624812042704,0.6387451158171827,0.9473973581787496,0.22338562311622423,-0.02613359816672435,-0.10118012469321093,-0.703248899801042,1
sample_05233.html,-0.4396808713202109,-0.4717720437546845,-0.4197508576995181,-0.46579157628669493,-1.7247823961965245,-0.2878359686540206,-0.10977361938621372,0.40139478109889704,0.29993066625912085,-0.2675630615711526,-0.02613359816672435,-0.10262724449536266,-0.43320073846554163,1
sample_08966.html,-0.24035858257234954,-0.34942621602408036,-0.4197508576995181,-0.18459746402591562,0.3261169146817551,0.1508350601108454,-0.44887348689285445,0.11438548395891636,1.194904353835126,-0.2680847333965348,-0.02613359816672435,-0.07889447974007424,1.1721373605001388,1
sample_09169.html,-0.4214141386586818,-0.4105991298893824,0.5356828685766397,-0.4453410953950019,-0.701079330164841,-0.3304845408950493,-0.44887348689285445,0.8734662409120241,1.7731154711013395,-0.18475043414185893,-0.002992550512523074,-0.10089070073278059,-0.4163912730538064,0
sample_04512.html,-0.216719281480959,-0.3319482406339941,-0.1012729489407988,-0.32059316195567433,-1.2235061249315689,-0.2817433154767308,-0.10977361938621372,0.7410625825473424,1.4830943149787836,0.4823568365166103,-0.02613359816672435,-0.08439353498825083,-1.2624958210059807,1
sample_06336.html,-0.4300102481464602,-0.46303305605964135,-0.5789898120788778,-0.4678366243758642,-0.4195689642159084,-0.2878359686540206,-0.44887348689285445,-1.9925510562714843,0.01072396741276144,-0.26943886026242064,-0.01584868809819045,-0.10277195647557784,-0.228668490105373,1
sample_04265.html,-0.231225216241585,-0.026083671307483746,0.7745413001456792,0.10682188868071019,1.3524485522602776,-0.32439188771775945,0.22932624812042704,-0.10788585193276097,-1.9261505717903697,-0.16769065551180606,-0.014563074339623712,-0.09336567776159158,2.9371026371484987,0
sample_05449.html,0.8819709624257159,0.9264659874522199,3.8000814333535122,0.4575476359732458,0.8297729558769696,0.1508350601108454,-0.10977361938621372,0.6213700179213352,0.6629178199998462,-0.024708177754915378,-0.02613359816672435,0.2743474639651638,-0.4539661552358471,0
sample_05158.html,-0.4520377787088923,-0.4805110314497277,-0.5789898120788778,-0.4913546774013112,-2.256016803315404,-0.3365771940723391,-0.44887348689285445,-1.9925510562714843,-0.7253791655411478,-0.2694943572651209,-0.027419211925291086,-0.10364022835686888,-1.0893285792409992,1
sample_02148.html,-0.0028910579724716508,0.24482494723885398,-0.021653471751118984,0.07614616734317063,-0.8620810588472553,-0.2695580091221512,1.58572571814699,0.6817801541169514,-0.6773155588816427,-0.21332029113194095,-0.01584868809819045,-0.08960316627599707,0.43417666494138035,0
sample_09788.html,-0.010412653774277738,0.42834368883476015,0.7745413001456792,-0.03735400160572574,0.9685071124735309,-0.25128004959028183,-0.10977361938621372,0.6115875815868798,-0.2234292136887645,-0.11396955689797661,-0.02613359816672435,-0.03996695706219262,-0.8612230328342917,0
sample_08755.html,-0.39455129650937437,-0.46303305605964135,-0.4993703348891979,-0.3706968401403223,0.4633452228552646,-0.245187396412992,-0.10977361938621372,0.20002893690549575,0.1800445735524579,-0.22528544491411204,-0.008135005546790024,-0.09741761320761642,-0.023306733796822843,1
sample_04868.html,0.024509041019821952,0.09626215642312039,0.05796600543856084,0.8103184313549507,0.6301939439571522,1.204864059781982,-0.10977361938621372,0.5349215769338994,-1.1969479765463231,-0.2324334588619026,-0.02613359816672435,0.0921550808742606,1.9268652403459534,0
sample_05075.html,0.09596420113697979,-0.3319482406339941,-0.18089242613047862,-0.13347126179668303,-1.785893046475117,-0.22690943688112258,-0.10977361938621372,0.45478527351098713,1.0771578994448099,-0.25256777144154857,-0.02613359816672435,0.17739043722099768,-0.8731509905130768,1
sample_00092.html,-0.4520377787088923,-0.4805110314497277,-0.26051190332015844,-0.4617014801083563,-0.6935759838145575,-0.3365771940723391,-0.10977361938621372,0.8195829203891334,2.4290850275602383,-0.22445298987360848,-0.027419211925291086,-0.10364022835686888,-1.4337679218513597,0
sample_01787.html,-0.4144297996998619,-0.46303305605964135,-0.4993703348891979,-0.45147623966250977,-0.3841399240858122,-0.2817433154767308,-0.10977361938621372,0.579492633912777,0.48519153549552496,-0.21529598442806938,-0.004278164271089811,-0.10045656479213506,-0.7979444992993253,1
sample_03437.html,-0.19630352144748534,-0.3057312775488646,-0.26051190332015844,-0.05166933822991087,0.3597252996406779,0.163020366465425,0.22932624812042704,0.1869322570041008,-0.9524375035356591,-0.26529878386098293,-0.02613359816672435,-0.08352526310695979,0.8438444532072896,0
sample_03156.html,-0.385955187021596,-0.3756431791092098,-0.4993703348891979,-0.4320482828154014,-1.2337311004350093,-0.30611392818589006,-0.10977361938621372,0.05103900101876487,-0.17480657729963522,-0.2690059836413588,0.0034355182803106135,-0.09987771687127438,-0.5232197300629629,1
sample_07650.html,-0.3118137426895074,-0.4193381175844256,1.0133997317147188,0.08637140778901715,1.1911629027982586,0.05944526245149831,-0.10977361938621372,0.6437823256048595,0.27341439922770133,-0.09709846807710455,-0.02613359816672435,-0.07310600053146732,0.2905388057604516,0
sample_06584.html,-0.3236333932352027,-0.44555508066955507,-0.34013138050983827,0.06898849903107807,0.11084491778486436,-0.05631514791700801,5.994023995733319,0.2663832604130188,-0.2608599302742387,0.062055836266635196,-0.02613359816672435,-0.0807757354828715,0.7300080986068083,1
sample_08973.html,0.1464663443776778,0.19239102106859504,-0.18089242613047862,-0.0680297229432653,-1.5636559245377377,-0.3304845408950493,-0.44887348689285445,0.31391951239331384,0.34472756750574507,0.004805128281070676,-0.009420619305356762,0.08332765008113502,0.8349070865430225,1
sample_01837.html,0.3576082836712344,-0.07851759747774266,0.45606339138695995,0.9831249948897569,0.5564976672649793,1.0891036494134756,-0.44887348689285445,0.6566572357452982,-0.45336129956321997,0.12708722403077294,-0.02613359816672435,-0.022312095475941485,1.0048898933953256,0
sample_07186.html,-0.33330401640895335,-0.4805110314497277,-0.5789898120788778,-0.12835864157375976,1.7739195808398456,0.31533669589767016,0.22932624812042704,-1.9925510562714843,-0.609497011385586,-0.2694943572651209,-0.02613359816672435,-0.10074598875256541,0.9987356755701915,1
sample_09310.html,-0.43054750498944633,-0.4368160929745119,-0.4197508576995181,-0.4259131385478935,0.12451474464659759,-0.31220658136317986,-0.10977361938621372,0.39895136102777373,-0.5705044791627643,-0.23786106572598575,-0.02613359816672435,-0.1019036845942868,0.8325288612839982,1
sample_08057.html,-0.4224886523446541,-0.4805110314497277,-0.18089242613047862,-0.46579157628669493,-0.4041599969155958,-0.2817433154767308,-0.44887348689285445,0.07883876194508295,-0.2684929603961226,-0.2113223990347324,-0.002992550512523074,-0.10291666845579302,-0.7631340308419667,1
sample_00294.html,0.15613696755142847,-0.44555508066955507,0.13758548262824066,1.6099322342201488,1.4828243904494443,0.7174518055987974,0.22932624812042704,0.39960756079476023,0.1430896935182538,-0.2608257254433438,-0.02613359816672435,0.023706314232483625,-0.48238204360640374,0
sample_00302.html,0.011077619945168225,0.5856454673455369,0.13758548262824066,0.38903852498607416,1.452071431448077,0.7905636437262752,-0.10977361938621372,0.6361776452311796,-1.483284898289381,-0.22554073112653314,-0.02613359816672435,-0.08294641518609909,2.060590946291877,0
sample_06206.html,-0.2134957404230421,-0.13969051134304472,1.8095945036115169,-0.2101605651405319,-1.310019460838666,-0.30002127500860026,-0.44887348689285445,0.7511549560550201,1.358082575370394,6.116345954241433,-0.02613359816672435,-0.07484254429404939,-1.4201277546314413,0
sample_09672.html,-0.4310847618324325,-0.4717720437546845,-0.34013138050983827,-0.42182304236955487,1.182785332137155,-0.2817433154767308,-0.10977361938621372,0.6991622601543741,0.6240795351965721,-0.24177915411662249,-0.014563074339623712,-0.10291666845579302,-0.08597676072304372,1
sample_04699.html,1.5175458076783304,3.268514689723785,0.854160777335359,0.8726923980746145,-0.26950378135904607,-0.23909474323570218,0.9075259831337085,0.6601499208519078,0.2551307547414899,-0.03157870668920472,-0.02613359816672435,0.3057499636718564,0.03096152649071043,0
sample_06914.html,-0.4520377787088923,-0.4805110314497277,-0.5789898120788778,-0.486242057178388,-1.0200836873138628,-0.3365771940723391,-0.44887348689285445,-1.9925510562714843,0.19333343166059386,-0.2694943572651209,-0.027419211925291086,-0.10364022835686888,0.25538278721721513,1
sample_03669.html,-0.3521080059134686,-0.2882533021587783,-0.1012729489407988,-0.35433645542696784,-0.9376101573597678,-0.2817433154767308,-0.44887348689285445,0.5874814695919501,-0.3647560917000837,-0.10390240060815362,-0.02613359816672435,-0.09770703716804677,1.8599844931874778,1
sample_04517.html,0.8379159013008517,0.05256721794790462,1.1726386860940783,1.0557242020552673,0.030116626734111918,1.2596979383775901,0.5684261156270678,0.43925384704831427,0.5937681507491647,-0.0611919073300512,-0.02613359816672435,0.07015885988155425,-0.33648175964421867,0
sample_07318.html,1.5728832625059037,2.5169617479500737,3.003886661456714,0.36961056813896576,0.9969819042689141,-0.31220658136317986,0.5684261156270678,0.6233893876490714,-0.08221002303700928,-0.03306602636157107,-0.02613359816672435,0.20155733791693162,-0.21425018330933251,0
sample_03040.html,-0.2408958394153357,-0.4368160929745119,-0.4197508576995181,-0.2612867673697645,0.006051606345979112,-0.2878359686540206,0.5684261156270678,0.34635009780583204,-7.851757030852685e-05,-0.2530894432669308,-0.02613359816672435,-0.002341842206247569,-0.7872033074716241,1
sample_09347.html,2.6130125105270885,1.2498085321688166,10.886214903235018,4.806342397591771,1.3799726073279317,6.749178451115705,0.5684261156270678,0.26499805321173836,-0.4627633003794285,0.0528322344178558,-0.02613359816672435,1.1756136767452632,1.63514811343236,0
sample_05921.html,-0.3467354374836071,-0.3581652037191235,-0.5789898120788778,-0.2940075367964734,0.2513359591117207,-0.17207555828551432,0.22932624812042704,-1.9925510562714843,-0.33447195934685076,-0.26943886026242064,-0.02613359816672435,-0.10146954865364127,0.18766712148231515,1
sample_04198.html,-0.43538281657632166,-0.4717720437546845,-0.4197508576995181,-0.44329604730583255,-0.5229898364475154,-0.2634653559448614,-0.10977361938621372,0.40139478109889704,0.28761655656448565,-0.2675630615711526,-0.02613359816672435,-0.10204839657450197,-0.354609449611985,1
sample_06884.html,0.34363960575359453,0.7953811720265725,0.3764439141972801,0.49538102562287795,1.3385304264359612,-0.07459310744887743,-0.10977361938621372,0.7306706457027247,0.32687225188059804,-0.16473821496815344,-0.018419915615323922,-0.055306426965000995,0.13070870996969072,0
sample_06280.html,-0.4246376797165987,-0.4805110314497277,-0.26051190332015844,-0.3962599412549386,-1.6122344114086444,-0.31220658136317986,-0.44887348689285445,0.721516487269819,1.5355721402998124,-0.1451033754128096,-0.013277460581056975,-0.09886473300976815,-1.1497218660375526,0
sample_05985.html,-0.3655394269881223,-0.3756431791092098,-0.4993703348891979,-0.47703934077712606,-1.0631540856249324,-0.3365771940723391,-0.44887348689285445,0.33844061959512084,-0.09807179505533135,-0.25998217100230026,0.044575158554446215,-0.0851170948893267,-0.4834174422488762,0
sample_03024.html,0.25821576771879684,0.4545606519198896,0.21720495981792048,0.12113722530489532,0.8039017785546498,-0.17207555828551432,-0.10977361938621372,0.6061661810500121,-0.007421969406419868,-0.11713288605189012,-0.02613359816672435,0.015891867300864268,-0.3877453873596392,0
sample_03740.html,-0.4520377787088923,-0.4805110314497277,-0.5789898120788778,-0.4903321533567266,-1.4959429563954958,-0.3365771940723391,-0.44887348689285445,-1.9925510562714843,-0.5303817511186231,-0.2694943572651209,-0.027419211925291086,-0.10364022835686888,-0.27761960235775546,0
sample_05527.html,-0.39670032388131893,-0.4193381175844256,0.05796600543856084,-0.42080051832497023,0.2660492775038882,-0.2695580091221512,-0.10977361938621372,0.5255033430451594,1.3094226955684274,-0.20116644754058904,-0.0017069367539563366,-0.10118012469321093,-0.6544227795752712,0
sample_07034.html,0.4274516732594338,0.9526829505373493,2.128072412370236,-0.01792604475861735,0.056376343484295814,-0.245187396412992,-0.10977361938621372,0.6481700990599505,0.5371599838205502,0.14467977388674808,-0.02613359816672435,-0.027955862704333242,-0.09116019453842543,0
sample_02912.html,-0.34190012589673174,-0.38438216680425297,-0.5789898120788778,-0.34820131115945996,-0.7222987233203322,-0.08677841380345704,-0.44887348689285445,-1.9925510562714843,-1.1245423064991706,-0.26899488424081874,-0.02613359816672435,-0.10233782053493232,0.4676723507844025,0
sample_08825.html,0.6917820400086191,0.2535639349338971,-0.18089242613047862,0.8072508592211968,0.7742760241705402,1.5277746781783417,-0.10977361938621372,0.5856161119565128,-0.4088432410849724,-0.20204330018325278,-0.0209911431324574,0.016760139182155305,0.8042912628856865,0
sample_02215.html,-0.3349157869379118,-0.4018601421943393,-0.4197508576995181,-0.3911473210320153,0.8944466599321887,-0.1477049455763551,-0.10977361938621372,0.6212285485283096,0.77609550702448,0.08059183516851436,-0.02613359816672435,-0.07223772865017627,-0.38688685758469693,0
sample_07231.html,0.5058911723354116,0.9963778890125651,1.0133997317147188,-0.06393962676492669,0.7348002681089957,-0.31829923454046966,-0.10977361938621372,0.6880930714428278,0.2671602019821371,-0.14584703524899276,-0.02613359816672435,-0.05371459518263409,-0.5515556454397533,0
sample_06494.html,-0.4106690017989588,-0.4805110314497277,-0.5789898120788778,0.005592008266829643,2.6963523949080788,-0.09287106698074685,-0.10977361938621372,-1.9925510562714843,-2.614348651041641,-0.2694943572651209,-0.02613359816672435,-0.10219310855471715,3.3665695692046063,1
sample_04492.html,-0.3424373827397179,-0.4018601421943393,-0.4993703348891979,-0.38194460463075347,0.29237840289822226,-0.31829923454046966,0.22932624812042704,0.0472756464719266,-2.590032160794621,-0.2359519688330976,-0.02613359816672435,-0.03779627735896503,3.7817067853503326,1
sample_07551.html,-0.267221424721657,-0.26203633907364887,0.05796600543856084,-0.3604715996944758,0.45935699041361283,-0.2878359686540206,-0.10977361938621372,0.5486251539330191,0.6120345679359326,-0.2477062340050078,-0.02613359816672435,-0.0103010011180821,-0.5115233342267402,1
sample_09561.html,-0.3273941911361057,-0.3406872283290372,-0.4993703348891979,-0.3931923691211846,0.4911933928541008,-0.2817433154767308,-0.10977361938621372,0.343253371727165,0.012446231267424893,-0.25871683934073486,-0.004278164271089811,-0.09582578142524951,-0.202201092750684,1
sample_07025.html,-0.400461121782222,-0.4805110314497277,-0.5789898120788778,-0.36558421991739903,0.03349143356066756,-0.245187396412992,-0.10977361938621372,-1.9925510562714843,-1.3355601875264023,-0.26939446266026046,-0.0017069367539563366,-0.1034955163766537,1.0061440378626116,1
sample_06633.html,-0.45150052186590617,-0.4805110314497277,-0.4993703348891979,-0.4913546774013112,-2.256016803315404,-0.3304845408950493,-0.44887348689285445,0.9312425413533295,2.2479030961419553,-0.14019744037410864,-0.01970552937389066,-0.10364022835686888,-1.5326077234511195,1
sample_09938.html,-0.2102721993651252,-0.13969051134304472,1.8095945036115169,-0.22652094985388635,-1.2863400245151348,-0.30002127500860026,-0.44887348689285445,0.7042067553213176,1.2212439573570621,2.7492984028158927,-0.02613359816672435,-0.07397427241275835,-1.4154005736554538,0
sample_01444.html,-0.4337710460473632,-0.46303305605964135,-0.4993703348891979,-0.48828710526755725,-0.9915621547527916,-0.3365771940723391,-0.44887348689285445,0.5389706698333893,0.5013296962289527,-0.26636432631282747,0.08700041258714855,-0.09872002102955299,-1.0055610142462665,1
sample_00791.html,0.6423544104538934,1.2672865075589028,0.05796600543856084,0.1835111920245591,-0.15587547200925794,-0.17816821146280412,-0.44887348689285445,0.47746050934270157,0.08129588027430001,0.13774264854921844,-0.02613359816672435,0.017194275122800827,-0.2285485958030135,0
sample_03014.html,-0.40690820389805576,-0.46303305605964135,-0.5789898120788778,-0.16414698313422257,-1.0875913182701211,-0.20863147734925316,-0.44887348689285445,-1.9925510562714843,-0.6692605603515518,-0.26943886026242064,-0.02613359816672435,-0.10277195647557784,0.4721851405133261,0
sample_08985.html,-0.4520377787088923,-0.4805110314497277,-0.5789898120788778,-0.4903321533567266,-0.9582870354502327,-0.3365771940723391,-0.44887348689285445,-1.9925510562714843,-1.1870532826912261,-0.2694943572651209,-0.027419211925291086,-0.10364022835686888,-0.7602517566895628,1
sample_04485.html,0.23565098031337856,0.6555573689058821,0.05796600543856084,0.33995737084601085,0.4429251161724717,-0.3365771940723391,-0.44887348689285445,0.5788100761728314,-0.47484254970845635,-0.2203351122732509,-0.01584868809819045,-0.005814929731411728,0.38959594511796836,0
sample_02287.html,0.03955223262343413,0.11374013181320669,1.2522581632837582,0.2561103991900694,1.2677733614610347,0.004611383855890054,-0.10977361938621372,0.5587411746990648,0.5458480559918092,-0.019058582880031247,-0.02613359816672435,0.053082846216163805,-0.23206633844077,0
sample_07428.html,-0.440218128163197,-0.4805110314497277,-0.5789898120788778,-0.48419700908921864,-2.256016803315404,-0.30611392818589006,-0.44887348689285445,-1.9925510562714843,-0.18535814885510415,-0.26943886026242064,-0.01584868809819045,-0.09510222152417365,-1.2002264804210399,1
sample_04233.html,-0.2892489552840891,-0.3669041914141667,-0.1012729489407988,-0.3267283062231823,-0.05582230888751985,-0.07459310744887743,-0.10977361938621372,0.2808963491370084,0.33546649835939407,-0.22142285352617555,-0.02613359816672435,-0.07918390370050458,0.8295009695301311,0
sample_00835.html,-0.4520377787088923,-0.4805110314497277,-0.5789898120788778,-0.4913546774013112,-2.256016803315404,-0.3365771940723391,-0.44887348689285445,-1.9925510562714843,-0.834531934820573,-0.2694943572651209,-0.027419211925291086,-0.10364022835686888,-1.2476211570692826,1
sample_02174.html,-0.41281802917090343,-0.4805110314497277,-0.18089242613047862,-0.37989955654158414,-0.9850655819668411,-0.25128004959028183,-0.44887348689285445,0.32021342801289343,-0.5881797527706759,-0.2634229851697149,-0.006849391788223287,-0.1019036845942868,0.32896728948273546,0
sample_07617.html,-0.3827316459636791,-0.39312115449929613,-0.4993703348891979,-0.3983049893441079,0.413983891747841,-0.2817433154767308,-0.10977361938621372,0.2579016500313576,-0.4555150313040648,-0.13368209225710082,-0.0107062330639235,-0.09770703716804677,1.3287569199870384,1
sample_02837.html,-0.4520377787088923,-0.4805110314497277,-0.5789898120788778,-0.48215196100004937,-2.256016803315404,-0.3365771940723391,-0.44887348689285445,-1.9925510562714843,-0.18455114129150915,-0.2694943572651209,-0.027419211925291086,-0.10364022835686888,-1.0784989660171909,0
sample_09765.html,0.6616956568013947,0.04382823025286147,-0.1012729489407988,1.4003148050802952,1.4882357029745965,2.5147844928992904,0.22932624812042704,0.6573071959648695,-1.55291914392008,-0.23999215062967486,-0.02613359816672435,-0.019128431911207673,1.8757537229856467,0
sample_06357.html,-0.10228357392490924,0.19239102106859504,-0.021653471751118984,-0.16312445908963794,-0.37287991132881004,-0.25128004959028183,0.22932624812042704,0.5258377577332336,-0.5748996550919437,-0.2513024397799832,-0.014563074339623712,-0.06196317805489897,0.5796232253698105,0
sample_05463.html,-0.4445161829070862,-0.4717720437546845,-0.4993703348891979,-0.4637465281975256,0.6773931967077073,-0.3304845408950493,-0.44887348689285445,0.2963021340026386,0.11322384720578245,-0.2673521729608917,-0.01584868809819045,-0.10335080439643853,-0.1617247840967347,1
sample_07064.html,-0.36177862908721925,-0.3581652037191235,-0.18089242613047862,-0.4064851817007851,0.2935324843641617,-0.31829923454046966,-0.10977361938621372,0.34164733232356687,0.10091659495485786,-0.24839439683849074,-0.02613359816672435,-0.09553635746481917,0.13356799873115735,1
sample_03336.html,-0.08401684126338016,-0.3319482406339941,0.13758548262824066,0.004569484222244991,0.6695397972687601,0.4310971062661765,-0.10977361938621372,0.5041072090926281,-0.046991255649160214,0.10143650938272339,-0.02613359816672435,-0.010156289137866927,0.6730690740915314,0
sample_09410.html,0.4527027448797828,0.05256721794790462,2.3669308439392753,0.8246337679791359,0.8625178418290418,1.8445926433974116,-0.10977361938621372,0.4542780955578523,-0.3688655236407806,-0.10160482469636381,-0.02613359816672435,-0.02433806319895391,0.343826542907756,0
sample_08668.html,-0.4450534397500724,-0.4717720437546845,-0.4197508576995181,-0.44431857135041725,-1.2567046833686406,-0.3304845408950493,-0.10977361938621372,0.2937847259405157,-0.1396585113667287,-0.26673060653064906,0.009863587073144301,-0.1034955163766537,-0.4398808432610943,1
sample_09557.html,-0.3655394269881223,-0.270775326768692,-0.4993703348891979,-0.368651792051153,-1.9515215477459342,-0.31829923454046966,-0.44887348689285445,0.5756734079598501,0.3462157666951787,-0.21544027663509,-0.02613359816672435,-0.09929886895041368,-0.9560940149071009,1
sample_06981.html,-0.10013454655296464,0.026350254862775167,-0.1012729489407988,-0.1212009732616672,-0.18100097121050865,-0.025851882030558975,-0.44887348689285445,0.5997962741422082,0.405228123002701,0.14470197268782817,-0.02613359816672435,-0.06644924944156934,-0.23805354386777164,0
sample_07867.html,4.16138673201317,3.854026865291676,0.2968244370076003,4.148859436923839,0.669784299074037,2.6914714350406945,0.22932624812042704,0.6091874596341755,-0.20741232902329856,-0.11994103438852212,-0.02613359816672435,0.9555067548379845,0.5456451983338685,0
sample_00067.html,-0.24895469206012794,-0.46303305605964135,-0.5789898120788778,-0.47806186482171076,-0.4722282445368599,-0.32439188771775945,-0.44887348689285445,-1.9925510562714843,2.275925863471504,-0.2694943572651209,0.03557586224447905,0.3950372554646183,-1.5051251358237554,1
sample_07248.html,-0.3402883553677733,-0.3406872283290372,-0.26051190332015844,-0.3574040275607218,0.2368476056357254,-0.3365771940723391,-0.10977361938621372,0.800975792758049,1.4203237911087443,0.24142214899380127,0.01500604210741125,-0.08338055112674461,-1.1470704888071568,1
sample_08254.html,-0.09368746443713084,-0.15716848673313102,-0.1012729489407988,0.0342226815151999,-0.8359479987922778,0.10818648786981676,-0.10977361938621372,0.4316006432811963,0.20640769787456306,-0.22507455630385115,-0.02613359816672435,-0.0547275790441403,0.07680144939268703,0
sample_08569.html,-0.4520377787088923,-0.4805110314497277,-0.5789898120788778,-0.48828710526755725,-0.4857802989613899,-0.3365771940723391,-0.44887348689285445,-1.9925510562714843,-2.374105694263592,-0.2694943572651209,-0.027419211925291086,-0.10364022835686888,-0.06926926283400898,0
sample_07244.html,-0.3612413722442331,-0.3669041914141667,-0.34013138050983827,-0.3911473210320153,-0.6199537123253788,-0.275650662299441,-0.10977361938621372,0.49879949251730965,0.3850816821296996,-0.23236686245866228,-0.0017069367539563366,-0.09958829291084402,-0.41911167164530383,1
sample_00228.html,-0.3940140396663882,-0.42807710527946874,-0.4993703348891979,-0.46272400415294096,-0.2373260526300182,-0.3365771940723391,-0.44887348689285445,0.2273657812888318,0.42025155385807933,-0.251269141578363,0.022719724658811676,-0.061673754094468625,0.3944350674249757,1
sample_07127.html,-0.44720246712201694,-0.4717720437546845,-0.4993703348891979,-0.4688591484204489,-0.3020765113450368,-0.3304845408950493,-0.44887348689285445,0.2641027143297212,-0.190191392605962,-0.2634562833713351,-0.0107062330639235,-0.10320609241622336,-0.014161155735352524,1
sample_03834.html,0.06748958845871388,0.3322148241892855,0.7745413001456792,0.13443003788449578,-0.5476053053553326,-0.245187396412992,0.5684261156270678,0.5674547368935716,-0.15252118823229538,-0.11582315678816453,-0.02613359816672435,-0.0320077981503581,0.15524108420915733,0
sample_06362.html,-0.36822571120305303,-0.38438216680425297,-0.4993703348891979,-0.44329604730583255,0.03663912556539968,-0.32439188771775945,-0.44887348689285445,0.2207944415341654,-0.2563724144749843,-0.1941072287971189,-0.02613359816672435,-0.06804108122393625,1.5583511322519457,1
sample_00189.html,-0.0023538011294855017,0.10500114411816354,0.9337802545250389,-0.1212009732616672,0.15645116917650104,-0.17207555828551432,0.5684261156270678,0.570837634903277,-0.189718535424715,-0.2062610723884708,-0.0209911431324574,-0.09003730221664259,0.056874210613289025,0
sample_04822.html,-0.2844136436972138,-0.38438216680425297,-0.4993703348891979,-0.3983049893441079,1.0142622160652004,-0.2878359686540206,0.22932624812042704,0.15459811437900564,0.5728685498549749,-0.26881729383217795,-0.011991846822490236,-0.0807757354828715,-0.18978752142683775,1
sample_09282.html,0.8841199897976605,1.8265817200416645,-0.021653471751118984,0.4115340539669365,1.197615563004265,-0.2695580091221512,1.2466258506403491,0.49026498654358974,-0.10077730251944102,-0.2512913403794431,-0.02613359816672435,-0.02375921527809322,0.16973068091878005,1
sample_00803.html,1.804440961832934,3.1636468373832667,2.128072412370236,1.3195354055581074,0.7913001580542358,-0.2695580091221512,-0.10977361938621372,0.5936933014915132,0.38358490276661245,-0.054976243027624654,-0.01970552937389066,0.11863737325363731,-0.04994820996024416,0
sample_04039.html,-0.3580178311863162,-0.3756431791092098,0.2968244370076003,-0.3236607340894283,0.42208423358918473,-0.30611392818589006,-0.10977361938621372,0.58943515923436,0.10472418091851625,-0.20253167380701487,-0.013277460581056975,-0.09958829291084402,0.2188278410153374,1
sample_08216.html,-0.41872785444375105,-0.44555508066955507,-0.4993703348891979,-0.41466537405746234,-0.8807664702485071,-0.30002127500860026,-0.10977361938621372,0.40973863008096567,0.42220264208583586,-0.25702973045864763,-0.014563074339623712,-0.10045656479213506,-0.37157295495220827,1
sample_08958.html,-0.39884935125326354,-0.4542940683645982,1.5707360720424772,-0.2469714307455794,-0.03994984009693303,-0.11724167968990606,-0.44887348689285445,0.6085270105076859,0.2902968513994667,-0.09885217336243204,-0.018419915615323922,-0.09886473300976815,0.016915340527417215,0
sample_05629.html,-0.40153563546819426,-0.4805110314497277,-0.4993703348891979,-0.40955275383453904,-1.1222684304125774,-0.20863147734925316,-0.10977361938621372,0.5865529830839468,0.33683056571478137,-0.265787157484745,-0.017134301856757187,-0.10161426063385645,-0.6252859347962899,1
sample_04185.html,-0.39884935125326354,-0.42807710527946874,-0.4993703348891979,-0.08234505956745043,-0.789635700216429,-0.12333433286719588,-0.44887348689285445,0.4266964813668263,-1.1046807752880414,-0.26588705208960545,-0.01584868809819045,-0.0997330048910592,1.0289687918165382,0
sample_04507.html,-0.44344166922111394,-0.4805110314497277,-0.5789898120788778,-0.46272400415294096,-1.8627653575901897,-0.25128004959028183,-0.10977361938621372,-1.9925510562714843,0.3023061692231084,-0.2694943572651209,-0.02613359816672435,-0.10233782053493232,-0.5522322216605711,1
sample_00049.html,-0.3096647153175628,-0.3406872283290372,-0.4993703348891979,-0.37376441227407625,0.06381297614258408,-0.2695580091221512,-0.10977361938621372,0.3316516123233787,-2.6901995569457076,-0.26031515301850167,-0.02613359816672435,-0.0910502860781488,3.566025188243186,1
sample_09338.html,1.3166117484015105,1.3808933475944638,2.0484529351805563,1.3358957902714619,0.8848676493200874,0.7844709905489853,-0.10977361938621372,0.5868084374671882,0.40540040887256606,0.0001655788553308599,-0.02613359816672435,0.08318293810091985,-0.4460148527164309,0
sample_05434.html,0.6090444861887522,1.5818900645804563,0.13758548262824066,0.33995737084601085,0.3804600374454968,-0.32439188771775945,-0.10977361938621372,0.589779434553393,1.3485997633268014,-0.030091387016838368,-0.017134301856757187,-0.010156289137866927,-0.2760929447643366,1
sample_00826.html,-0.43054750498944633,-0.4368160929745119,-0.021653471751118984,0.1129570329482181,2.5163714020863046,-0.3365771940723391,-0.10977361938621372,0.7201827666522245,1.454234452826042,6.239249616421379,0.008577973314577563,-0.10262724449536266,-1.0904059461043607,1
sample_02505.html,-0.38810421439354054,-0.4542940683645982,-0.4993703348891979,-0.3962599412549386,0.14997027556162681,-0.23300209005841238,-0.10977361938621372,0.09675089595357148,-0.01154092915099233,-0.2660868412993263,-0.018419915615323922,-0.1024825325151475,-0.19010162468177944,0
sample_00226.html,-0.43538281657632166,-0.46303305605964135,-0.5789898120788778,-0.46272400415294096,-0.4515544550432468,-0.32439188771775945,-0.10977361938621372,-1.9925510562714843,0.18405362364158787,-0.2694832578645808,-0.018419915615323922,-0.1024825325151475,-0.39383654203334717,1
sample_08902.html,-0.05769125595705886,0.4108657134446739,-0.18089242613047862,-0.015880996669448047,-0.4847796965346879,-0.3304845408950493,-0.44887348689285445,0.4688393673186752,0.5754107559107688,-0.20347512285291888,-0.011991846822490236,-0.08120987142351702,-0.06592364335629487,0
sample_09673.html,0.4183183069286692,1.1711576429134283,-0.4197508576995181,0.1620381870882814,-1.6666803844475455,-0.17816821146280412,2.6030253206669123,-0.1305381765697507,-0.14950814643472626,-0.2687062998267775,-0.02613359816672435,-0.09553635746481917,-0.9042105769335064,1
sample_05363.html,-0.3096647153175628,-0.3406872283290372,-0.4993703348891979,-0.37376441227407625,0.06381297614258408,-0.2695580091221512,-0.10977361938621372,0.3316516123233787,-2.6903442224846508,-0.26031515301850167,-0.02613359816672435,-0.0910502860781488,3.5660843661725488,1
sample_00088.html,-0.21940556569588973,-0.3756431791092098,-0.021653471751118984,-0.180507367847577,0.5777615241029893,0.21785424506103326,0.9075259831337085,0.5073361416209253,-0.17041988369099173,-0.21878119619764427,-0.02613359816672435,-0.0758555281555556,0.20132427677052117,0
sample_06527.html,0.12282704328628724,0.5506895165653642,0.2968244370076003,1.9228245918630522,1.348753742575603,0.14474240693355558,0.22932624812042704,0.7990355862867313,0.3802063383611114,-0.15784548723278402,-0.02613359816672435,0.03050777730259677,2.5975280619183017,0
sample_04748.html,-0.37628456384784525,-0.34942621602408036,-0.34013138050983827,-0.38807974889826136,0.38437218745137014,-0.245187396412992,-0.10977361938621372,0.7345903525969807,1.5664869694934103,-0.15936610510677052,-0.01584868809819045,-0.08251227924545358,-0.6987686390286632,1
sample_09683.html,-0.4520377787088923,-0.4805110314497277,-0.5789898120788778,-0.4903321533567266,-1.114558160185379,-0.3365771940723391,-0.44887348689285445,-1.9925510562714843,-1.60279190543054,-0.2694943572651209,-0.027419211925291086,-0.10364022835686888,0.2457020263352195,0
sample_00919.html,-0.166217138240261,-0.13969051134304472,-0.4197508576995181,-0.2101605651405319,-0.2627705312131763,0.0472599560969187,-0.10977361938621372,0.4886766903522489,-0.3662363828123002,-0.2611698068600853,-0.02613359816672435,-0.07542139221491008,0.19745902839819676,0
sample_08552.html,-0.3864924438645821,-0.39312115449929613,-0.4993703348891979,-0.34411121498112135,0.7329478912313345,-0.31829923454046966,-0.10977361938621372,0.180603079760446,-0.2530846397401184,-0.21936946442626679,-0.008135005546790024,-0.09872002102955299,1.212372628934208,1
sample_05679.html,2.675871561156468,1.1711576429134283,0.5356828685766397,4.390175111445817,2.4377291372370036,2.9229922557777073,0.5684261156270678,0.5387365574115643,-2.158853088099579,0.20397277157168134,-0.02613359816672435,2.125792538838091,3.3061684989262665,0
sample_09611.html,-0.4369945871052801,-0.4805110314497277,-0.4993703348891979,-0.4637465281975256,0.26547052895854195,-0.2817433154767308,-0.10977361938621372,0.36709163909603376,-0.1784475065229648,-0.25877233634343505,-0.02613359816672435,-0.10364022835686888,0.6875517999554229,1
sample_05170.html,-0.019008763262056125,0.32347583649424233,-0.4993703348891979,-0.17948484380299237,0.29266466737779107,-0.23909474323570218,-0.10977361938621372,0.5410003376547109,-0.34545773867588925,-0.26525438625882275,-0.02613359816672435,-0.038953973200686415,-0.12924054671856033,0
sample_09466.html,0.7858019875311952,0.5419505288703211,-0.18089242613047862,0.8849626866096304,0.6802869030980061,1.8689632561065708,-0.10977361938621372,0.5830747119096458,-0.2947286670793848,-0.20823676568459923,-0.0209911431324574,0.05264871027551828,0.5851540215055229,0
sample_06404.html,-0.4520377787088923,-0.4805110314497277,-0.5789898120788778,-0.47806186482171076,-1.2186797926501165,-0.3365771940723391,-0.44887348689285445,-1.9925510562714843,-1.2811471390586135,-0.2694943572651209,-0.027419211925291086,-0.10364022835686888,0.2849266416015743,1
sample_05263.html,2.042445743275798,1.2410695444737734,6.0294267946645475,2.1610726942512763,1.0187927576654214,1.1134742621226348,-0.10977361938621372,0.546904440571982,1.023183696473503,1.5079414464169907,-0.009420619305356762,0.6478490849005261,-0.824738190119124,0
sample_08945.html,0.4333614985322814,0.4895166027000622,1.0133997317147188,0.3225744620880718,0.8866676593409332,0.39454118720243764,0.22932624812042704,0.691044072457075,1.3375829362325313,0.4556627782177963,-0.02613359816672435,-0.04995208369703959,-0.37473898069188405,1
sample_02224.html,1.729225003814873,0.4545606519198896,-0.18089242613047862,3.2653986624027005,0.9519353369071557,4.40350697785913,-0.10977361938621372,0.5930492948421229,-0.7023043747467311,-0.20283135762159615,-0.01970552937389066,0.16089327147646793,1.4254244782854704,0
sample_01329.html,-0.04533434856837743,-0.26203633907364887,0.6949218229559994,0.19987157673791353,0.8681732019540518,0.4615603721526255,-0.44887348689285445,0.4006851128143247,-0.4243290768632322,-0.035330304071740745,-0.02613359816672435,-0.07628966409620112,0.8334470904946191,0
sample_01321.html,0.5585423429480542,1.101245741353083,-0.26051190332015844,0.1835111920245591,0.5031400975883782,-0.007573922498689558,0.5684261156270678,0.2091188475668932,-0.6085960030239425,-0.23353229951536728,-0.02613359816672435,0.03094191324324229,0.623129342313343,0
sample_04768.html,1.8087390165768231,0.13995709489833613,0.05796600543856084,1.362481415430663,0.9348694645734569,7.419370300617584,-0.44887348689285445,0.5000525894039214,-0.677828721248376,-0.14209543786645673,-0.013277460581056975,-0.07614495211598594,0.7960297814463667,0
sample_05567.html,1.919951183074956,3.81033192681646,-0.5789898120788778,0.9197285041255086,1.231330789189966,-0.21472413052654296,1.58572571814699,-1.9925510562714843,-1.1673598373910092,-0.2694943572651209,-0.0209911431324574,-0.07035647290737902,0.8109011598932654,1
sample_08036.html,-0.4450534397500724,-0.4717720437546845,-0.5789898120788778,-0.4760168167325414,-0.5084934647318502,-0.3304845408950493,-0.44887348689285445,-1.9925510562714843,1.5181719627157801,-0.2694943572651209,0.007292359556010826,-0.10320609241622336,0.43643981983148095,1
sample_05932.html,-0.4520377787088923,-0.4805110314497277,-0.5789898120788778,-0.4903321533567266,-1.114558160185379,-0.3365771940723391,-0.44887348689285445,-1.9925510562714843,-1.60279190543054,-0.2694943572651209,-0.027419211925291086,-0.10364022835686888,0.2457020263352195,0
sample_04645.html,-0.3886414712365267,-0.4805110314497277,-0.4993703348891979,-0.43920595112749394,0.13229338187351822,-0.2208167837038328,-0.10977361938621372,-0.1268481045386658,-0.4471929066292876,-0.2651655910545024,-0.02613359816672435,-0.10320609241622336,-0.02373773269279918,1
sample_03074.html,-0.4423671555351416,-0.4805110314497277,-0.5789898120788778,-0.40341760956703115,0.6555563990976463,-0.29392862183131047,-0.10977361938621372,-1.9925510562714843,-0.0014428347086647526,-0.2694832578645808,-0.02613359816672435,-0.1034955163766537,-0.4458566798503778,1
sample_00915.html,-0.4450534397500724,-0.4717720437546845,-0.4197508576995181,-0.44431857135041725,-1.2567046833686406,-0.3304845408950493,-0.10977361938621372,0.2937847259405157,-0.010821021165339992,-0.26673060653064906,0.009863587073144301,-0.1034955163766537,-0.4709428025352678,1
sample_00013.html,-0.4498887513369477,-0.4717720437546845,-0.5789898120788778,-0.486242057178388,-1.0769584905243856,-0.3365771940723391,-0.44887348689285445,-1.9925510562714843,0.2349795679921248,-0.2694943572651209,-0.002992550512523074,-0.10364022835686888,0.16321528085590536,1
sample_00139.html,-0.4520377787088923,-0.4805110314497277,-0.4993703348891979,-0.49237720144589586,-2.256016803315404,-0.3365771940723391,-0.44887348689285445,0.5914491876453809,0.538957705306847,-0.26774065197979335,-0.027419211925291086,-0.10364022835686888,-0.906100176848487,1
sample_02677.html,-0.45150052186590617,-0.4805110314497277,-0.5789898120788778,-0.4647690522421103,-1.3423347229686753,-0.3304845408950493,-0.44887348689285445,-1.9925510562714843,2.7492547662878213,-0.2694943572651209,-0.02613359816672435,-0.10364022835686888,-0.5061267477417987,0
sample_01036.html,-0.4224886523446541,-0.4368160929745119,-0.5789898120788778,-0.44431857135041725,0.4572772201348041,-0.3365771940723391,-0.10977361938621372,-1.9925510562714843,-0.25029871503619344,-0.2694943572651209,0.012434814590277775,-0.09900944498998333,0.12857606203550778,1
sample_06449.html,-0.43538281657632166,-0.46303305605964135,-0.4993703348891979,-0.4637465281975256,-0.08898775272148451,-0.32439188771775945,-0.10977361938621372,0.5766664835670271,0.3220246752226094,-0.21536258083130966,-0.02613359816672435,-0.10089070073278059,-0.4521469195607353,1
sample_09154.html,0.2657373635206029,1.1973746059985577,-0.18089242613047862,0.25713292323465403,0.5424632890775963,0.10209383469252695,-0.44887348689285445,0.21153350677655364,-1.2813220257614273,-0.25316713907071114,-0.008135005546790024,0.012997627696560802,2.148841523004813,1
sample_04891.html,-0.3096647153175628,-0.3406872283290372,-0.4993703348891979,-0.37376441227407625,0.06381297614258408,-0.2695580091221512,-0.10977361938621372,0.3316516123233787,-2.6903442224846508,-0.26031515301850167,-0.02613359816672435,-0.0910502860781488,3.5660843661725488,1
sample_03636.html,-0.4198023681297234,-0.44555508066955507,-0.18089242613047862,-0.4535212877516791,-1.2964832793795242,-0.30611392818589006,-0.44887348689285445,0.6959188996133953,0.975492142830208,0.6155385435966392,-0.002992550512523074,-0.10219310855471715,-1.2433903197308358,0
sample_03008.html,-0.2408958394153357,-0.3669041914141667,-0.4197508576995181,-0.3533139313823832,0.10904868069703597,-0.31829923454046966,0.22932624812042704,0.7512390644355861,0.9903511701421196,-0.19991221527956368,-0.02613359816672435,0.02529814601485053,0.3811513106599943,1
sample_08393.html,-0.22746441834068198,0.04382823025286147,0.2968244370076003,-0.32263821004484367,0.3906871325742278,-0.31829923454046966,-0.10977361938621372,0.47324024620243493,0.0057554417222409875,-0.09801971832192849,-0.02613359816672435,-0.09293154182094605,0.08683559599297892,0
sample_05418.html,-0.41819059760076494,-0.4717720437546845,-0.4993703348891979,-0.47703934077712606,-1.486991754570104,-0.275650662299441,-0.44887348689285445,0.630791882118691,0.5217411156281452,-0.26495470244424146,-0.0107062330639235,-0.10016714083170472,-0.6466128704561472,0
sample_01472.html,0.2850786098681043,0.026350254862775167,-0.26051190332015844,-0.04348914587323365,0.43615245310834605,-0.05631514791700801,-0.44887348689285445,0.47813054817434897,0.020229458204665783,-0.1507973678898539,-0.01970552937389066,-0.02694287884282703,-0.3087122131657314,0
sample_05416.html,-0.3316922458799949,-0.4805110314497277,-0.5789898120788778,-0.251061526923918,0.9934044430963854,-0.025851882030558975,0.5684261156270678,-1.9925510562714843,-0.7937653049149058,-0.2694943572651209,-0.01584868809819045,-0.10320609241622336,0.19121783635698628,1
sample_02767.html,0.7621626864398047,1.4770222122399386,0.2968244370076003,1.2500037705263511,0.6803280419968555,0.5895060888757114,-0.10977361938621372,0.608435185111588,-0.179133312695979,-0.10550071428592045,-0.02613359816672435,0.07985456255597087,0.2594861553740428,0
sample_03685.html,0.19105866234552818,0.3846487503595444,1.729975026421837,0.026042489158522683,-0.21432902058460343,-0.19035351781738374,0.9075259831337085,0.6261191592973723,1.0081119184511484,0.07305534220182218,-0.02613359816672435,0.15756489593151893,-0.05131910665432765,0
sample_02709.html,-0.43484555973333555,-0.4717720437546845,-0.4197508576995181,-0.4647690522421103,-1.7339416059357657,-0.2817433154767308,-0.10977361938621372,0.3955316321606848,0.4136119260446408,-0.2675408627700725,-0.02613359816672435,-0.09843059706912263,-0.4730976144879382,1
sample_05133.html,0.4983695765336055,-0.04356164669757005,-0.1012729489407988,0.3675655200497964,0.48921791419564914,0.7235444587760872,0.22932624812042704,0.5906913965297089,-0.16690210777049835,-0.16268482586824468,-0.02613359816672435,0.00011826145741037708,0.27699215766089275,0
sample_05253.html,-0.4520377787088923,-0.4805110314497277,-0.5789898120788778,-0.49237720144589586,-2.256016803315404,-0.3365771940723391,-0.44887348689285445,-1.9925510562714843,1.1828166891376986,-0.2694943572651209,-0.027419211925291086,-0.10364022835686888,-1.366343360942806,1
sample_03173.html,-0.24895469206012794,-0.46303305605964135,-0.5789898120788778,-0.47806186482171076,-0.4722282445368599,-0.32439188771775945,-0.44887348689285445,-1.9925510562714843,2.275925863471504,-0.2694943572651209,0.03557586224447905,0.3950372554646183,-1.5051251358237554,1
sample_03375.html,0.10348579693878587,0.17491304567850874,4.277798296491591,2.1314194969583213,0.5116866508336998,0.6687105801804789,0.22932624812042704,0.4973260727494627,-0.26647456209658493,0.35640083918815235,-0.02613359816672435,-0.06890935310522729,0.1755867666199413,0
sample_03023.html,-0.3096647153175628,-0.3406872283290372,-0.4993703348891979,-0.37376441227407625,0.06381297614258408,-0.2695580091221512,-0.10977361938621372,0.3316516123233787,-2.6903216724904446,-0.26031515301850167,-0.02613359816672435,-0.0910502860781488,3.5660843661725488,1
sample_00269.html,-0.24250760994429416,-0.20960241290338993,-0.4993703348891979,-0.31752558982192036,0.8298338557395974,-0.3365771940723391,-0.10977361938621372,0.01660112101228969,0.024221177991065417,-0.2653542808636832,0.0008642907631771383,-0.08395939904760531,-0.14945186302667832,1
sample_05892.html,-0.08724038232129706,-0.31447026524390775,0.6949218229559994,-0.04144409778406435,0.6968049491913078,0.1508350601108454,-0.10977361938621372,0.7582289743553131,0.25014126530735353,-0.18732549506714993,-0.02613359816672435,-0.07715793597749217,-0.10705851018779765,0
sample_04147.html,-0.34995897854152397,-0.3581652037191235,-0.26051190332015844,-0.36660674396198367,0.5381075378348885,-0.3365771940723391,-0.10977361938621372,0.7942549102157253,1.3878653675589487,0.24001252512521526,0.01500604210741125,-0.08945845429578189,-1.1329076940313032,1
sample_09203.html,-0.4278612207745156,-0.4717720437546845,-0.34013138050983827,-0.43511585494915533,-1.7941129896874863,-0.19644617099467354,-0.10977361938621372,0.41172914281227757,0.15572232284671314,-0.2664198233155277,-0.02613359816672435,-0.1019036845942868,-0.660846511865213,1
sample_02061.html,-0.440218128163197,-0.4805110314497277,-0.5789898120788778,-0.48419700908921864,-2.256016803315404,-0.30611392818589006,-0.44887348689285445,-1.9925510562714843,-0.24369068605556432,-0.26943886026242064,-0.011991846822490236,-0.0948127975637433,-1.2020031351053397,1
sample_03942.html,-0.389715984922499,-0.38438216680425297,-0.4197508576995181,-0.39932751338869255,0.26790305939031317,-0.31829923454046966,-0.10977361938621372,0.6351651226865968,0.19953277450664023,-0.26094781884928436,-0.006849391788223287,-0.09785174914826195,-0.31972015547475846,1
sample_01766.html,-0.10873065604074303,0.08752316872807724,0.6153023457663196,0.08943897992277111,2.3375209265533137,-0.08068576062616724,0.22932624812042704,0.6775912605914163,1.000265274966308,3.2026312190730484,-0.02613359816672435,-0.05588527488586169,-1.0381178061908425,1
sample_05124.html,-0.28226461632526917,-0.1484294990380879,-0.4993703348891979,-0.34820131115945996,0.3449885866413774,-0.31829923454046966,-0.10977361938621372,0.36140260125446066,-1.1404254079227691,-0.2676407573749329,-0.02613359816672435,-0.09423394964288262,1.148613579478433,0
sample_05592.html,-0.40959448811298654,-0.4805110314497277,-0.4197508576995181,-0.34002111880278274,0.5714484442503874,-0.11724167968990606,-0.10977361938621372,0.20856731838053558,0.46978129640333577,-0.2648215096377609,-0.02613359816672435,-0.10074598875256541,0.29978616881741127,1
sample_08892.html,0.7422841832493171,1.4595442368498521,0.2968244370076003,1.3195354055581074,0.8352472818339679,0.6382473142940299,-0.10977361938621372,0.6068522054749271,-0.17597080025621167,-0.10231518633092684,-0.02613359816672435,0.0595948853258466,0.24334097167169366,0
sample_09177.html,0.3361180099517884,0.6555573689058821,0.2968244370076003,0.2857635964830243,0.7327502815935525,-0.2817433154767308,1.2466258506403491,0.6158928445409898,-0.1701659651425464,-0.14642420407707524,-0.01584868809819045,-0.055451138945216166,0.001768319916481413,0
sample_01734.html,0.17279192968399912,0.419604701139717,0.05796600543856084,0.026042489158522683,0.03965451055950837,0.163020366465425,-0.10977361938621372,0.21918003353362978,-0.3506067982243336,-0.22877065668368693,-0.02613359816672435,-0.07918390370050458,0.36624864183405426,0
sample_06727.html,-0.31557454059041046,-0.3319482406339941,0.05796600543856084,-0.29093996466271943,0.47646515229988945,-0.17207555828551432,-0.10977361938621372,0.6219793402419483,0.5925141089279161,-0.11055094153164201,-0.02613359816672435,-0.08627479073104809,-0.5744366699253222,0
sample_08401.html,-0.19522900776151303,-0.39312115449929613,-0.26051190332015844,-0.13244873775209837,0.18900194590055613,0.05944526245149831,0.5684261156270678,0.5249385059640783,0.325349296807664,-0.19038892961620302,-0.02613359816672435,-0.07947332766093494,-0.13474677990672554,0
sample_00737.html,-0.1291464160742167,0.17491304567850874,-0.021653471751118984,0.0638758788081548,-0.3978586416188855,-0.1537975987536449,-0.44887348689285445,0.6052969267875037,0.6904977710562683,0.4480485894473238,-0.017134301856757187,-0.08685363865190877,-0.6434891258411508,0
sample_08363.html,-0.436457330262294,-0.4805110314497277,-0.5789898120788778,-0.41466537405746234,0.42914483866489467,-0.23300209005841238,-0.10977361938621372,-1.9925510562714843,-1.089610874500559,-0.26943886026242064,-0.02613359816672435,-0.10320609241622336,0.25224883411605653,1
sample_05100.html,-0.3198725953342996,-0.34942621602408036,-0.18089242613047862,-0.29298501275188876,0.8766832673640181,-0.12333433286719588,-0.10977361938621372,0.9563187143427988,2.407754530448099,2.741129244018418,-0.013277460581056975,-0.0851170948893267,-1.4048857677201156,1
sample_07811.html,0.302270828843661,0.7691642089414431,1.2522581632837582,0.1702183794449586,-0.2848856477360032,-0.17816821146280412,-0.10977361938621372,0.6396084019436062,0.16483280119014077,0.14132775492365376,-0.02613359816672435,-0.07744735993792251,-0.8799184476167861,0
sample_09979.html,1.1011717543640647,1.7479308307862762,1.4911165948527976,0.40948900587776715,-0.07200308020462275,-0.32439188771775945,0.22932624812042704,0.5702256159484457,0.5274666948640355,0.9918415201058665,-0.01584868809819045,0.02124621056882568,-0.3501567634861361,0
sample_09002.html,-0.4455906965930585,-0.4805110314497277,-0.4993703348891979,-0.4003500374332772,0.6503718380299822,-0.29392862183131047,-0.10977361938621372,0.2590028420263382,0.02093507963466492,-0.2657316604820448,-0.02613359816672435,-0.1034955163766537,-0.44674540484109465,1
sample_04542.html,-0.26238611313478166,-0.4805110314497277,-0.4993703348891979,-0.2060704689621933,0.8036712723323616,-0.10505637333532646,-0.10977361938621372,0.4316898574963752,-0.6860999004983063,-0.265309883261523,-0.017134301856757187,-0.09683876528675574,0.09345767017306807,1
sample_07907.html,0.4521654880367966,1.3459373968142911,2.7650282298876747,0.40948900587776715,0.6645724008961998,-0.07459310744887743,0.22932624812042704,0.4851095516312658,-0.058927417964590625,0.4744762621331767,-0.02613359816672435,0.052793422255733455,0.4508306562822548,0
sample_03430.html,0.1443173170057332,0.42834368883476015,1.0133997317147188,0.012749676578922207,0.61322117767835,-0.2695580091221512,-0.44887348689285445,0.5987950241501369,0.32057375549716144,-0.1112724025667451,-0.009420619305356762,0.007643284428599389,-0.6923320124950247,0
sample_06173.html,-0.42947299130347405,-0.4368160929745119,-0.18089242613047862,-0.45454381179626374,-0.6078452377889428,-0.32439188771775945,-0.10977361938621372,0.25643026948996334,-0.5526432073726533,-0.22006872666028976,-0.009420619305356762,-0.10233782053493232,1.243599436355297,1
sample_02137.html,-0.436457330262294,-0.4805110314497277,-0.5789898120788778,-0.41466537405746234,0.42914483866489467,-0.23300209005841238,-0.10977361938621372,-1.9925510562714843,-1.089610874500559,-0.26943886026242064,-0.02613359816672435,-0.10320609241622336,0.25224883411605653,1
sample_07979.html,-0.37843359121978987,-0.3669041914141667,-0.4197508576995181,-0.3594490756498911,-0.45069130123251483,-0.23909474323570218,0.22932624812042704,0.5925291765405564,-0.0019994103850178558,-0.25150222898970404,-0.02613359816672435,-0.09872002102955299,0.3022553056652081,0
sample_08218.html,-0.23391150045651576,-0.15716848673313102,-0.26051190332015844,-0.2960525848856427,0.3575434603200312,-0.0502224947397182,-0.10977361938621372,0.5944627361046992,-0.22033973830343212,-0.2582395651175128,-0.02613359816672435,-0.09003730221664259,0.07038178485202033,0
sample_05862.html,-0.3666139406740946,-0.2969922898538215,-0.4993703348891979,-0.2592417192805952,0.7807143314852952,-0.31220658136317986,6.33312386323996,-0.4127553138806171,0.015666459022954684,-0.2630789037529735,-0.011991846822490236,-0.09336567776159158,0.09843746880918147,1
sample_07440.html,0.6036719177588907,1.214852581388644,-0.4197508576995181,0.2172544854958526,-0.2554042156098768,-0.3365771940723391,-0.44887348689285445,0.5002451472459448,1.1273349584104948,-0.23174529602841965,-0.013277460581056975,0.06769875621789631,0.11255833447711958,1
sample_06775.html,-0.057153999114072714,0.07004519333799093,-0.4197508576995181,-0.2684444356818571,-0.03404530287886319,-0.3304845408950493,-0.10977361938621372,0.7110908055971823,0.038411196390691675,-0.2429556905738675,-0.017134301856757187,-0.06066077023296241,0.04556890540210736,0
sample_04326.html,-0.3467354374836071,-0.3581652037191235,-0.5789898120788778,-0.2940075367964734,0.2513359591117207,-0.17207555828551432,0.22932624812042704,-1.9925510562714843,-0.33252878434647837,-0.26943886026242064,-0.02613359816672435,-0.10146954865364127,0.18732363134639052,1
sample_07633.html,0.5660639387498603,0.07878418103303408,-0.18089242613047862,1.1293459332653624,1.8488180181556153,1.5643305972420805,-0.10977361938621372,0.5483427516577374,0.7862265805436405,3.8109116668692664,-0.02613359816672435,0.2775311275298976,-0.6582054474222427,0
sample_00932.html,-0.44182989869215544,-0.4805110314497277,-0.34013138050983827,-0.4238680904587242,0.7795330643109895,-0.2878359686540206,-0.10977361938621372,0.4083508597662461,-0.27217749348514697,-0.22854866867288598,-0.004278164271089811,-0.10291666845579302,0.09179367389097444,1
sample_09147.html,-0.29032346897006145,-0.4542940683645982,2.526169798318635,0.005592008266829643,1.1566330379966858,0.4067264935570173,0.22932624812042704,0.31281261590509707,0.3241437772589794,-0.22327645341636346,-0.02613359816672435,-0.09654934132632538,0.19348717109694713,0
sample_08433.html,-0.003965571658443949,0.4370826765298033,0.7745413001456792,-0.09154777596871229,0.6992381336788832,-0.31829923454046966,-0.10977361938621372,0.6348516382304074,-0.009923061700936002,-0.051923907879111615,-0.02613359816672435,-0.095391645484604,-0.6651383524051322,0
sample_02998.html,-0.3456609237976348,-0.3232092529389509,0.21720495981792048,-0.05780448249741878,0.06279731832024824,-0.20863147734925316,-0.44887348689285445,0.5783263002853601,0.4726398821997035,0.12316913564013621,-0.02613359816672435,-0.08294641518609909,-0.20644675390620174,0
sample_00116.html,-0.3821943891206929,-0.2882533021587783,-0.5789898120788778,-0.37376441227407625,1.0298242566479083,-0.31829923454046966,-0.44887348689285445,-1.9925510562714843,-0.2285732750027962,-0.2694943572651209,-0.02613359816672435,-0.10204839657450197,0.2305492430794769,1
sample_06062.html,-0.38111987543472065,-0.34942621602408036,-0.5789898120788778,-0.368651792051153,0.6850522325636024,-0.275650662299441,-0.10977361938621372,-1.9925510562714843,-0.34172507472678265,-0.2694943572651209,-0.02613359816672435,-0.10016714083170472,-1.2377794854130675,1
sample_00362.html,-0.4144297996998619,-0.4805110314497277,-0.1012729489407988,-0.3942148931657693,0.37036230002019915,-0.20253882417196337,-0.10977361938621372,0.5349063613913825,0.2529851963113251,-0.21060093799962934,-0.006849391788223287,-0.10335080439643853,-0.05692434781684213,1
sample_09869.html,0.8567198908053669,1.1711576429134283,0.05796600543856084,0.38699347689690483,1.1757744595268287,-0.32439188771775945,-0.10977361938621372,0.6811700860220927,0.7283665631886679,0.18309479915585217,-0.01584868809819045,0.30676294753336264,-0.644856932610304,0
sample_00085.html,0.13840749173288555,0.30599786110415605,0.5356828685766397,-0.2173182334526245,0.18426784154352277,-0.275650662299441,-0.10977361938621372,0.7227037681226747,0.31110189012770306,-0.20269816481511557,-0.01584868809819045,-0.06601511350092382,-0.5370292043088097,0
sample_04067.html,-0.28495090054019995,-0.38438216680425297,-0.18089242613047862,-0.3911473210320153,0.9467137187333441,-0.2817433154767308,0.22932624812042704,0.22367667837584237,0.4871378031695344,-0.25502073896089905,-0.006849391788223287,-0.0813545834037322,0.05758308111280886,1
sample_06995.html,-0.3424373827397179,-0.2532973513786057,0.3764439141972801,-0.056781958452834125,1.2942211374230495,-0.3304845408950493,-0.10977361938621372,0.4480115550968081,-1.2593697003917783,-0.23313272109592556,-0.004278164271089811,-0.10146954865364127,1.5540661886330736,0
sample_06911.html,-0.4337710460473632,-0.46303305605964135,-0.4993703348891979,-0.48828710526755725,-0.9915621547527916,-0.3365771940723391,-0.44887348689285445,0.5366619931067091,0.48811365371818854,-0.26636432631282747,0.08700041258714855,-0.09872002102955299,-1.0055610142462665,1
sample_05248.html,0.13357218014601022,0.008872279472688862,0.45606339138695995,-0.012813424535694092,-0.07305709718864145,0.24222485777019248,0.22932624812042704,0.6497024369353126,-0.1727941763663767,-0.21155548644607342,-0.02613359816672435,-0.02781115072411807,0.1732890619363162,0
sample_04021.html,-0.24895469206012794,-0.46303305605964135,-0.5789898120788778,-0.47806186482171076,-0.4722282445368599,-0.32439188771775945,-0.44887348689285445,-1.9925510562714843,2.275925863471504,-0.2694943572651209,0.03557586224447905,0.3950372554646183,-1.5051251358237554,1
sample_02888.html,2.4292706702258253,4.247281311568618,5.233232022767749,2.2715052910664184,1.1652556191731358,-0.2695580091221512,1.2466258506403491,0.3760160757558786,-0.6289901693728681,0.4028629298487908,-0.02613359816672435,0.2145814161362972,0.9802100893199431,0
sample_04733.html,-0.4144297996998619,-0.4805110314497277,-0.1012729489407988,-0.3942148931657693,0.37036230002019915,-0.20253882417196337,-0.10977361938621372,0.5349063613913825,0.2529851963113251,-0.21060093799962934,-0.006849391788223287,-0.10335080439643853,-0.05692434781684213,1
sample_01917.html,-0.15708377190949643,-0.0348226590025269,0.6949218229559994,-0.1764172716692384,-1.2741405817173097,-0.17816821146280412,0.22932624812042704,0.7092353993868336,0.8438115224753923,-0.19714846454509188,-0.0209911431324574,0.02341689027205328,-0.9851842500589685,1
sample_02125.html,-0.2156447677949867,-0.24455836368356254,-0.34013138050983827,-0.31445801768816645,0.1337230751879245,-0.2878359686540206,-0.10977361938621372,0.40235761449225277,-0.11424417090501345,-0.25301174746315047,-0.02613359816672435,-0.07932861568071976,-0.02517874591125077,1
sample_08318.html,-0.44075538500618316,-0.4805110314497277,-0.4993703348891979,-0.42898071068164745,1.2230034294239545,-0.29392862183131047,-0.10977361938621372,0.5910678168550558,0.31635528942894753,-0.2551983293695398,-0.014563074339623712,-0.10306138043600818,0.06036075413560983,1
sample_01107.html,-0.436457330262294,-0.4717720437546845,-0.5789898120788778,-0.41364285001287765,0.9787896206634238,-0.31829923454046966,-0.10977361938621372,-1.9925510562714843,0.4519017106291197,-0.2694943572651209,-0.009420619305356762,-0.10146954865364127,-0.4014582916731702,1
sample_00433.html,-0.4235631660306264,-0.4805110314497277,-0.5789898120788778,-0.41875547023580095,0.17345404624657054,-0.2817433154767308,-0.44887348689285445,-1.9925510562714843,1.3432944683954058,-0.26943886026242064,-0.011991846822490236,-0.10233782053493232,0.6135991011921934,1
sample_05109.html,-0.436457330262294,-0.4805110314497277,-0.5789898120788778,-0.41466537405746234,0.42914483866489467,-0.23300209005841238,-0.10977361938621372,-1.9925510562714843,-1.089610874500559,-0.26943886026242064,-0.02613359816672435,-0.10320609241622336,0.25224883411605653,1
sample_06543.html,-0.4079827175840281,-0.4105991298893824,-0.5789898120788778,-0.40546265765620043,0.5436478870916446,-0.2208167837038328,0.22932624812042704,-1.9925510562714843,0.2414539785361427,-0.2694610590635007,-0.02613359816672435,-0.09958829291084402,-0.09946728170519768,1
sample_01763.html,-0.39347678282340204,-0.44555508066955507,0.2968244370076003,-0.30321025319773526,-0.19869081883717707,-0.23909474323570218,0.22932624812042704,0.2742224430892,-1.8329387119532676,-0.2488716710617128,-0.009420619305356762,-0.10262724449536266,2.7926708497876898,1
sample_01855.html,0.029344352606697297,0.24482494723885398,-0.26051190332015844,-0.15698931482213002,0.22803529377150095,-0.18426086464009395,-0.44887348689285445,0.5431811791593216,-0.874006669197687,-0.2534890216863725,-0.0209911431324574,-0.09524693350438883,0.7124165432085967,0
sample_01757.html,0.00248151045738984,0.04382823025286147,1.1726386860940783,0.49538102562287795,0.9567483397735672,-0.08677841380345704,-0.44887348689285445,0.6458342753738856,-0.28409975035707885,-0.09724276028412518,-0.02613359816672435,-0.04430831646864782,0.8121272473206779,0
sample_05218.html,-0.07703250230456023,0.22734697184876765,-0.4197508576995181,-0.16210193504505327,0.9584299596378391,-0.2878359686540206,-0.44887348689285445,0.38185667619035657,0.16416740769316684,-0.2605815386314628,0.008577973314577563,-0.06427856973834174,-1.0868693379755738,0
sample_06828.html,0.09811322850892439,0.07878418103303408,0.854160777335359,0.8501968690937521,1.080708266003189,0.32142934907495996,0.22932624812042704,0.5915730657970725,0.866577712852349,-0.0746998777872889,-0.02613359816672435,-0.048070827954242334,-0.6739367897864564,0
sample_01333.html,-0.43592007341930783,-0.4542940683645982,-0.4993703348891979,-0.37376441227407625,-1.4878424449841288,-0.3365771940723391,-0.10977361938621372,0.28924966838382876,-0.4700096510186049,-0.26502129884748177,0.04586077231301296,-0.10262724449536266,-0.7939632027337319,1
sample_07549.html,-0.28495090054019995,-0.38438216680425297,-0.18089242613047862,-0.3911473210320153,0.9467137187333441,-0.2817433154767308,0.22932624812042704,0.22367667837584237,0.4871378031695344,-0.25502073896089905,-0.006849391788223287,-0.0813545834037322,0.05758308111280886,1
sample_04172.html,-0.3827316459636791,-0.4717720437546845,-0.4993703348891979,-0.4381834270829093,-0.1363915129761238,-0.23300209005841238,-0.10977361938621372,0.017874587343512428,-0.0031450360984567193,-0.2684177154127363,-0.018419915615323922,-0.10016714083170472,-0.5887977153277174,1
sample_03054.html,0.16473307703920687,-0.0348226590025269,1.0133997317147188,0.42891696272487556,0.20986191722360034,0.37626322767056825,-0.44887348689285445,0.6820345728644729,0.8064240415188699,-0.024042213722512532,-0.02613359816672435,-0.02375921527809322,-0.571056591917689,0
sample_05001.html,-0.10926791288372917,-0.2532973513786057,-0.021653471751118984,0.5219666507820789,1.0695484267374087,0.6077840484075808,-0.10977361938621372,0.5503264985269981,0.1468279788716473,-0.22645088197081703,-0.02613359816672435,-0.08786662251341498,-0.6253694279576981,0
sample_06451.html,-0.33115498903700874,-0.34942621602408036,-0.4993703348891979,-0.4003500374332772,0.4618700726624893,-0.2817433154767308,-0.10977361938621372,0.3316516123233787,0.1053092138274795,-0.26031515301850167,-0.004278164271089811,-0.09582578142524951,-0.3918705153675585,1
sample_07993.html,-0.18770741195970694,-0.15716848673313102,-0.5789898120788778,-0.34308869093653666,1.100821226869268,-0.30611392818589006,-0.10977361938621372,-1.9925510562714843,0.3163179842141385,-0.2694943572651209,0.0008642907631771383,-0.058345378549519634,-0.20849749927324426,1
sample_05506.html,-0.3096647153175628,-0.3406872283290372,-0.4993703348891979,-0.37376441227407625,0.06381297614258408,-0.2695580091221512,-0.10977361938621372,0.3316516123233787,-2.6903442224846508,-0.26031515301850167,-0.02613359816672435,-0.0910502860781488,3.5660843661725488,1
sample_09958.html,0.30925516780248097,0.5594285042604075,2.128072412370236,0.29496631288428615,0.9368886559614679,0.6077840484075808,0.5684261156270678,0.7500846733922293,0.1178637924165995,-0.12816569018869725,-0.02613359816672435,-0.010011577157651753,0.3439183540949261,0
sample_05841.html,-0.3241706500781888,-0.4368160929745119,-0.1012729489407988,-0.28889491657355015,0.8921061757426687,0.004611383855890054,0.22932624812042704,0.5039373055999025,0.46876809171331496,-0.22849317167018574,-0.018419915615323922,-0.09987771687127438,0.7922803726647841,1
sample_09458.html,-0.31396277006145196,-0.3406872283290372,-0.4993703348891979,-0.37376441227407625,0.05687775598690603,-0.2695580091221512,-0.10977361938621372,0.3316516123233787,-2.6986826371289787,-0.26031515301850167,-0.02613359816672435,-0.09683876528675574,3.571594184716645,1
sample_05654.html,-0.19415449407554072,-0.31447026524390775,-0.18089242613047862,-0.1897100842488389,0.37886474083519267,0.09600118151523715,-0.44887348689285445,0.6042153011703354,0.34108870864844726,-0.08787486622832516,-0.02613359816672435,-0.0780262078587832,-0.12795616792252573,0
sample_08997.html,-0.32148436586325807,-0.39312115449929613,-0.4993703348891979,-0.36558421991739903,-0.03238282625899975,-0.29392862183131047,-0.10977361938621372,0.5638164388799964,0.8353098991257082,-0.23364329352076774,-0.017134301856757187,-0.07238244063039144,-0.36205597312917726,1
sample_03764.html,-0.22638990465470968,-0.1659074744281742,-0.4197508576995181,-0.1784623197584077,1.3793327893499345,-0.10505637333532646,0.22932624812042704,0.5045702028348975,0.9587044227798193,-0.25495414255765875,-0.02613359816672435,-0.06963291300630316,-0.9758699386285188,1
sample_05160.html,-0.41872785444375105,-0.44555508066955507,-0.4993703348891979,-0.41466537405746234,-0.8807664702485071,-0.30002127500860026,-0.10977361938621372,0.40973863008096567,0.42220264208583586,-0.25702973045864763,-0.014563074339623712,-0.10045656479213506,-0.37157295495220827,1
sample_08324.html,0.986736046808015,0.46329963961493276,0.13758548262824066,0.6211514831067901,0.6035837986418252,0.760100377839826,-0.44887348689285445,0.5236722546102572,-0.5773999027595202,-0.23970356621563363,-0.02613359816672435,0.03542798462991266,0.6638954781031612,0
sample_03653.html,0.8115903159945304,1.4770222122399386,0.3764439141972801,0.4043763856548439,1.2044324959565977,-0.01975922885326917,0.9075259831337085,0.6175150705473204,-0.2159821611484258,-0.1609311205829172,-0.02613359816672435,0.029494793441090558,0.08791923396980644,0
sample_00449.html,-0.40744546074104193,-0.44555508066955507,-0.4993703348891979,-0.4678366243758642,-1.3703461586195178,-0.29392862183131047,-0.44887348689285445,0.3721430797711684,-0.08036173723802031,-0.25809527291049217,-0.01584868809819045,-0.08902431835513637,-0.07707054102358057,1
sample_06159.html,0.07125038635961693,0.1661740579834656,0.45606339138695995,-0.24799395479016403,0.6050266033526699,-0.3304845408950493,-0.44887348689285445,0.6177979962240584,-0.3555439182132043,-0.1460912220608738,-0.017134301856757187,-0.03490203775466156,-1.0302919259407497,0
sample_01738.html,2.1746109266503906,3.041301009652663,1.650355549232157,1.7346801676594763,1.3152788213371045,-0.2817433154767308,0.5684261156270678,0.3356835203702348,-0.6750058775919636,-0.019102980482191438,-0.02613359816672435,-0.06876464112501211,0.44198807339116664,0
sample_07398.html,-0.4235631660306264,-0.4717720437546845,-0.34013138050983827,-0.46272400415294096,-0.7389887618657641,-0.2634653559448614,-0.10977361938621372,0.41454838018035367,-0.1500267422247538,-0.2643442354145389,-0.02613359816672435,-0.10060127677235024,-0.39761546807249193,1
sample_01223.html,-0.43162201867541866,-0.4717720437546845,-0.5789898120788778,-0.18357493998133098,0.6830364144078396,-0.2817433154767308,-0.10977361938621372,-1.9925510562714843,-0.487229145389951,-0.26943886026242064,-0.02613359816672435,-0.1024825325151475,-0.27417490971740227,1
sample_01579.html,0.212011679221988,0.8041201597216157,1.0133997317147188,0.026042489158522683,0.10561949639767461,-0.3304845408950493,0.5684261156270678,0.6366897294660534,-0.04382848055101682,-0.09764233870356688,-0.014563074339623712,-0.052556899340912705,-0.08730849229269418,0
sample_03227.html,0.6332210441231289,1.2672865075589028,0.21720495981792048,0.6293316754634674,0.9979262760646996,-0.10505637333532646,0.9075259831337085,0.4876508458325696,0.12679438067263624,-0.13392627906898186,-0.02613359816672435,0.23498580534663663,-0.15567966539319092,0
sample_01613.html,-0.4520377787088923,-0.4805110314497277,-0.5789898120788778,-0.4637465281975256,-1.244283527765446,-0.3365771940723391,-0.44887348689285445,-1.9925510562714843,-1.254726986967672,-0.2694943572651209,-0.027419211925291086,-0.10364022835686888,0.4226198633086552,0
sample_02215.html,-0.4520377787088923,-0.4805110314497277,-0.5789898120788778,-0.4852195331338033,-0.6453592867003504,-0.3365771940723391,-0.44887348689285445,-1.9925510562714843,-0.9421734708009145,-0.2694943572651209,-0.027419211925291086,-0.10364022835686888,-0.2942693825351173,1
sample_09280.html,-0.04157355066747439,-0.31447026524390775,-0.26051190332015844,0.04547044600563107,0.8897812253784904,0.5468575166346828,-0.10977361938621372,0.5243830216494634,-0.8980539680841542,-0.2458082365126597,-0.02613359816672435,-0.04532130033015404,1.490214024224335,0
sample_03004.html,-0.4477397239650031,-0.4805110314497277,-0.4993703348891979,-0.48419700908921864,-1.2792309526931431,-0.31829923454046966,-0.44887348689285445,0.28704593753334845,0.3564502812634727,-0.2681957274019353,-0.011991846822490236,-0.10364022835686888,-0.8495846415382166,1
sample_01518.html,-0.44666521027903083,-0.4805110314497277,-0.4197508576995181,-0.4678366243758642,-1.5106540643212891,-0.29392862183131047,-0.10977361938621372,0.37736588198594256,0.20308214410977832,-0.26721898015441115,-0.02613359816672435,-0.10320609241622336,-0.4544497350062705,1
sample_02622.html,-0.4520377787088923,-0.4805110314497277,-0.5789898120788778,-0.4903321533567266,-1.477019959223486,-0.3365771940723391,-0.44887348689285445,-1.9925510562714843,-0.5713764637737303,-0.2694943572651209,-0.027419211925291086,-0.10364022835686888,-0.2530219876779878,0
sample_04101.html,1.3133882073435936,1.5731510768854131,-0.4197508576995181,0.6129712907501129,1.1174825354079072,0.38844853402514784,0.5684261156270678,0.5881238832170566,0.7240427814115261,-0.2625683313281313,0.009863587073144301,-0.07021176092716384,0.40672513301521473,1
sample_09810.html,-0.3821943891206929,-0.2882533021587783,-0.5789898120788778,-0.37376441227407625,1.0593858893389494,-0.31829923454046966,-0.44887348689285445,-1.9925510562714843,-0.22557145798822903,-0.2694943572651209,-0.02613359816672435,-0.10204839657450197,0.22725216280225038,1
sample_03493.html,-0.27313124999450467,-0.31447026524390775,-0.1012729489407988,-0.4259131385478935,-0.3021722639035097,-0.3365771940723391,0.22932624812042704,0.7118967370230376,1.3485138405613932,-0.2521015966188666,0.013720428348844514,-0.02303565537701735,-0.7866783331372609,0
sample_07058.html,0.08253278006232606,0.08752316872807724,-0.1012729489407988,0.19884905269332886,0.17910705661554396,0.1386497537562658,-0.44887348689285445,0.5206225137656469,0.5532850296606923,0.32916291026287603,-0.02613359816672435,-0.06384443379769622,-0.5361088369222875,0
sample_07433.html,-0.11302871078463221,0.24482494723885398,0.6153023457663196,-0.12426854539542116,0.6836166042983832,-0.20253882417196337,-0.10977361938621372,0.1217723666934512,-0.507198026624887,-0.19581653648028619,-0.017134301856757187,-0.06890935310522729,1.098012121371813,0
sample_00103.html,0.27057267510747823,-0.4193381175844256,0.5356828685766397,0.539349559540018,0.17400808601710394,1.2901612042640391,-0.10977361938621372,0.6244544853358417,0.026449754493998626,-0.20293125222645658,-0.02613359816672435,-0.06384443379769622,0.015617141813972632,0
sample_00713.html,0.1464663443776778,0.19239102106859504,-0.18089242613047862,-0.0680297229432653,-1.5636559245377377,-0.3304845408950493,-0.44887348689285445,0.31397075669747626,0.34503594646614427,0.004805128281070676,-0.009420619305356762,0.0834723620613502,0.8348844270935335,1
sample_04455.html,0.22329407292469713,0.3671707749694581,1.650355549232157,0.4708404485528463,1.030343074302189,-0.2634653559448614,0.5684261156270678,0.6760009688713328,0.3809039229597855,-0.0275940218953277,-0.02613359816672435,-0.0124716808213097,0.07529146696376546,0
sample_05961.html,3.4994863014542346,8.581819208310021,-0.26051190332015844,1.7990991824683094,0.8718101155879384,-0.08068576062616724,-0.44887348689285445,0.4330088257671756,-1.337182599996418,-0.2098905763650663,-0.02613359816672435,-0.055595850925431345,0.8940773106488039,0
sample_07310.html,-0.3821943891206929,-0.2882533021587783,-0.5789898120788778,-0.37376441227407625,1.0298242566479083,-0.31829923454046966,-0.44887348689285445,-1.9925510562714843,-0.2285732750027962,-0.2694943572651209,-0.02613359816672435,-0.10204839657450197,0.2305492430794769,1
sample_07743.html,-0.42195139550166794,-0.4805110314497277,-0.34013138050983827,-0.35842655160530645,0.4294621647390753,-0.2817433154767308,-0.10977361938621372,0.14452861905000491,0.4011988224677069,-0.2562749712219244,-0.005563778029656549,-0.10060127677235024,-0.0419349916033001,1
sample_04806.html,1.0340146489907962,0.7604252212463999,1.5707360720424772,0.6047910983934357,0.1991592690208014,-0.19644617099467354,0.22932624812042704,0.716953520471478,-0.004898764881656943,-0.14464829999066764,-0.02613359816672435,0.4398979693313221,-0.7398983429476241,0
sample_06292.html,-0.4289357344604879,-0.46303305605964135,-0.4993703348891979,-0.47397176864337215,-1.5435377130570114,-0.31829923454046966,-0.10977361938621372,0.43619300261567,-0.22157088764455046,-0.26772955257925335,-0.006849391788223287,-0.10089070073278059,0.5328237178062468,0
sample_09618.html,-0.4450534397500724,-0.4805110314497277,-0.5789898120788778,-0.44022847517207864,-0.7629943661289729,-0.2878359686540206,-0.10977361938621372,-1.9925510562714843,-0.8045143183175614,-0.2694832578645808,-0.02613359816672435,-0.10335080439643853,-0.17728921836407951,1
sample_04562.html,-0.44182989869215544,-0.46303305605964135,-0.4197508576995181,-0.4719267205542028,-0.19923754287242285,-0.3304845408950493,-0.44887348689285445,0.5142873649871971,2.3741644638808244,-0.2571407244640481,-0.02613359816672435,-0.10320609241622336,-1.4414637645012205,1
sample_03082.html,2.1987874845847672,3.635552172915597,0.6153023457663196,1.803189278646648,0.2981221211174777,0.163020366465425,1.9248255856536307,0.6659018508649281,0.8682693177791779,0.3600192437642078,-0.02613359816672435,0.10952051850008139,-0.45663085695265143,0
sample_07904.html,0.8406021855157825,-0.38438216680425297,-0.18089242613047862,0.7632823253040567,1.6406059480543416,1.8202220306882524,0.22932624812042704,0.6682977220015388,0.5758419328126684,0.3846710123636531,-0.02613359816672435,0.28375374267915005,-0.13876484266769237,0
sample_04146.html,0.08790534849218755,0.707991295076141,0.13758548262824066,0.3471150391581034,1.0137571820313793,0.19348363235187405,-0.10977361938621372,0.6382638797377048,-0.9734157654636532,-0.22580711673949427,-0.02613359816672435,-0.07932861568071976,1.253701665605319,0
sample_09149.html,-0.1366680118760228,-0.3232092529389509,-0.021653471751118984,-0.12017844921708255,-1.511371860285682,0.0472599560969187,-0.44887348689285445,0.08059799192403784,0.3687029391981731,0.04416360259607878,-0.009420619305356762,-0.050965067558545796,1.1582332589330084,1
sample_02846.html,-0.4391436144772247,-0.4805110314497277,-0.4993703348891979,-0.4463636194395865,-0.49867440958365417,-0.23300209005841238,-0.10977361938621372,0.3391934432522604,0.07685625842757063,-0.2680514351949147,-0.02613359816672435,-0.10016714083170472,-0.4852497025442638,1
sample_08183.html,-0.425712193402571,-0.4542940683645982,-0.1012729489407988,-0.4565888598854331,-0.7551641129981962,-0.2878359686540206,-0.44887348689285445,0.5906243904616589,0.7010240939314604,-0.15458226347401008,-0.02613359816672435,-0.08555123082997222,-1.1034084284370775,0
sample_09241.html,-0.4144297996998619,-0.46303305605964135,-0.1012729489407988,-0.40546265765620043,-1.0850627567005529,-0.2817433154767308,-0.44887348689285445,0.7725270378170738,0.016222754015357624,-0.21549577363779024,-0.011991846822490236,-0.09437866162309778,0.14292006721898343,0
sample_07466.html,0.5773463324525694,0.1486960825933793,0.13758548262824066,0.48413326113244676,0.6622531916885223,2.2954489785168573,-0.10977361938621372,0.5033628025854369,-0.06328903799854059,-0.1334268060446797,-0.014563074339623712,-0.07686851201706182,0.49402458650656206,0
sample_01743.html,-0.14526412136380115,0.09626215642312039,-0.4197508576995181,-0.03428642947197178,-0.5142575010735317,-0.2573727027675716,-0.44887348689285445,0.41422813277529313,-0.07202542643579216,-0.2595714931823185,-0.02613359816672435,-0.05328045924198857,-0.24450168265336567,0
sample_02843.html,-0.31933533849131346,-0.34942621602408036,-0.4197508576995181,-0.3962599412549386,0.13792889624973828,-0.1598902519309347,-0.44887348689285445,0.531295505539498,0.1595917725834468,-0.2606037374325429,-0.02613359816672435,-0.08482767092889634,-0.4351336494801784,0
sample_04955.html,0.7111232863561205,1.9227105846871393,-0.4197508576995181,1.8696533415446503,0.6058855421371104,0.053352609274208505,-0.10977361938621372,0.5507134184409246,-0.20855662084419613,-0.263200997158914,-0.022276756891024138,-0.09915415697019851,-0.0150055657267525,0
sample_06084.html,0.8663905139791176,1.3546763845093344,1.4911165948527976,0.46163773215158443,-0.15886103690356793,-0.30002127500860026,-0.10977361938621372,0.4365523434484162,-0.2208769879884042,1.426527343455743,-0.02613359816672435,0.03094191324324229,0.9654309262276103,0
sample_05747.html,-0.4310847618324325,-0.46303305605964135,-0.5789898120788778,-0.4688591484204489,-0.36259086863695095,-0.29392862183131047,-0.44887348689285445,-1.9925510562714843,0.00037260849284860803,-0.26943886026242064,-0.014563074339623712,-0.10277195647557784,-0.20074867158154033,1
sample_00627.html,0.15667422439441464,-0.19212443751330363,0.2968244370076003,0.7540796089027949,1.0481652834441304,1.5399599845329213,-0.44887348689285445,0.5678987090228095,0.6302191515877112,2.9980248695178147,-0.02613359816672435,0.1695759902893783,-0.9213948098225495,0
sample_00104.html,-0.09691100549504775,-0.13095152364800158,-0.18089242613047862,-0.20913804109594727,0.13803404177628376,-0.07459310744887743,-0.10977361938621372,0.5896260954058234,-0.1710319626875604,-0.18711460645688902,-0.02613359816672435,-0.08598536677061773,0.09839347975131275,0
sample_09691.html,-0.33330401640895335,-0.3232092529389509,-0.5789898120788778,-0.3318409264461055,-1.6209230825016472,-0.25128004959028183,0.22932624812042704,-1.9925510562714843,-0.16174971606577743,-0.26943886026242064,-0.01584868809819045,-0.09900944498998333,-0.9025222002310763,1
sample_09276.html,1.2870626220372723,-0.34942621602408036,0.6153023457663196,1.0577692501444367,0.4602648138133203,3.026567359791634,0.22932624812042704,0.5508977232421762,0.13327937222912536,0.09756281859424684,-0.02613359816672435,0.014444747498712534,0.10920567466412147,0
sample_03987.html,-0.436457330262294,-0.4805110314497277,-0.4993703348891979,-0.44329604730583255,0.08141459285252393,-0.2878359686540206,-0.10977361938621372,0.5840684177349026,1.1177644158938382,-0.2576401974883502,-0.02613359816672435,-0.10320609241622336,-0.055254667115889264,1
sample_07118.html,0.2163097339658772,0.7429472458563137,0.6153023457663196,1.033228673074405,1.2449805401721636,0.4615603721526255,1.58572571814699,0.6938442182957842,-0.6401913311462838,-0.20255387260809496,-0.018419915615323922,-0.06919877706565764,0.8609380874113503,0
sample_09079.html,-0.4391436144772247,-0.4805110314497277,-0.5789898120788778,-0.42080051832497023,0.27520381801141863,-0.29392862183131047,-0.10977361938621372,-1.9925510562714843,-0.11506235432505048,-0.2694832578645808,-0.02613359816672435,-0.10364022835686888,-0.48246687964657897,1
sample_01995.html,0.08253278006232606,-0.3406872283290372,0.6949218229559994,0.22850224998628377,0.9903567852932129,0.6443399674713197,0.22932624812042704,0.5976906791226365,-0.4290343519076715,-0.11391405989527638,-0.02613359816672435,-0.07903919172028942,0.5463341994426971,0
sample_00696.html,-0.3252451637641611,-0.3232092529389509,0.6949218229559994,-0.19891280065010075,0.7033930958458736,-0.30611392818589006,0.22932624812042704,0.684799482326672,1.0722914757607171,1.2828678022659095,-0.011991846822490236,-0.08106515944330184,-1.171025320875471,1
sample_04175.html,-0.4488142376509754,-0.4805110314497277,-0.4197508576995181,-0.4903321533567266,-2.256016803315404,-0.3304845408950493,-0.44887348689285445,-0.3596074767925978,-4.339656543765288,-0.12772171416709535,0.006006745797444088,-0.10364022835686888,-1.5365467910426651,1
sample_09598.html,-0.44075538500618316,-0.4805110314497277,-0.5789898120788778,-0.4064851817007851,-0.2700970039170893,-0.2695580091221512,0.22932624812042704,-1.9925510562714843,0.24159129736577345,-0.2694943572651209,-0.02613359816672435,-0.09336567776159158,0.5859643901720574,1
sample_02010.html,-0.4520377787088923,-0.4805110314497277,-0.4993703348891979,-0.49237720144589586,-2.256016803315404,-0.3365771940723391,-0.44887348689285445,0.10070148693245178,-1.4054571610615127,-0.2689393872381185,-0.027419211925291086,-0.10364022835686888,-0.9705573146606707,1
sample_01405.html,0.02665806839176655,0.24482494723885398,0.7745413001456792,-0.20198037278385472,0.2848552955841604,-0.3304845408950493,-0.44887348689285445,0.635310523902435,0.498576879355964,0.07913781369776815,-0.01584868809819045,-0.03620444557659812,-0.6826413560306571,0
sample_06454.html,-0.3907904986084713,-0.4018601421943393,-0.4993703348891979,-0.43920595112749394,0.2239584852170019,-0.31220658136317986,-0.10977361938621372,0.5802459280485912,0.7974661367916046,-0.2152737856269893,-0.01970552937389066,-0.09611520538567987,-0.44845649314364544,1
sample_03565.html,-0.23015070255561274,-0.22708038829347624,0.05796600543856084,-0.24390385861182545,-0.20191042064390183,-0.19644617099467354,-0.10977361938621372,0.6631099352470755,0.988415581333699,-0.1775580225919082,-0.02613359816672435,-0.034178477853585694,-0.5389530932641563,0
sample_05823.html,-0.3821943891206929,-0.2882533021587783,-0.5789898120788778,-0.37376441227407625,1.0455802247764663,-0.31829923454046966,-0.44887348689285445,-1.9925510562714843,0.02507780481221077,-0.2694943572651209,-0.02613359816672435,-0.10204839657450197,0.23395628296371732,1
sample_04382.html,-0.22907618886964043,-0.2008634252083468,0.13758548262824066,-0.35024635924862924,-0.004340056490293657,-0.32439188771775945,-0.10977361938621372,0.6027289260026234,0.22607472025705339,-0.23177859423003977,0.0034355182803106135,-0.06384443379769622,-0.17481051187535906,1
sample_02207.html,1.9914063431921138,2.018839449332614,7.462577384078784,1.379864324188602,0.32187189872028693,0.699173846066928,-0.44887348689285445,0.5041582630689884,0.8357806241389518,0.4020526736093673,-0.022276756891024138,0.3420726707058649,-0.5878497602570072,0
sample_09212.html,-0.30053134898679823,-0.4717720437546845,-0.4197508576995181,0.0853488837444325,-0.8284423208541748,0.7905636437262752,-0.44887348689285445,0.5045807830214755,1.4288556922741058,-0.2520793978177865,-0.02613359816672435,-0.09249740588030053,-0.33592978432027437,1
sample_04902.html,-0.328468704822078,-0.3406872283290372,1.0133997317147188,-0.25821919523601056,1.1885892356025114,-0.2573727027675716,0.22932624812042704,0.015846563527135458,-1.4341083231079998,-0.04243392041737108,-0.013277460581056975,-0.09857530904933781,2.3862961522756794,1
sample_02705.html,0.5241579049969406,1.4857611999349816,1.3318776404734378,1.1876298038066875,1.5717380627081887,-0.21472413052654296,0.22932624812042704,0.507860186404473,-0.29105732098594483,-0.12803249738221667,-0.02613359816672435,-0.06210789003511414,0.3529265934677215,0
sample_02820.html,-0.42732396393152944,-0.4805110314497277,-0.4993703348891979,-0.40546265765620043,-2.052792901914536,-0.10505637333532646,-0.10977361938621372,0.3391934432522604,0.2686126538814507,-0.2680514351949147,-0.02613359816672435,-0.09886473300976815,-0.6952918737497927,1
sample_04422.html,-0.4520377787088923,-0.4805110314497277,-0.5789898120788778,-0.49237720144589586,-0.7419987387873467,-0.3365771940723391,-0.44887348689285445,-1.9925510562714843,1.5159260275842132,-0.2694943572651209,-0.027419211925291086,-0.10364022835686888,-1.251726585176064,1
sample_08777.html,-0.2747430205234631,-0.3756431791092098,0.05796600543856084,0.2970113609734555,1.2445697810151848,1.1865861002501126,-0.10977361938621372,0.16009008137620384,0.014801553312764648,-0.22834887946316512,-0.02613359816672435,-0.08786662251341498,0.4350092106640605,1
sample_06888.html,-0.14633863504977346,-0.08725658517278581,-0.18089242613047862,-0.11302078090498999,0.21718943157194223,-0.2634653559448614,-0.44887348689285445,0.5658510756164409,0.8603938179239962,0.5293627978037111,-0.01584868809819045,-0.0807757354828715,-0.7117953062168474,1
sample_04448.html,-0.44397892606410005,-0.46303305605964135,-0.4993703348891979,-0.4719267205542028,-0.39361178461145085,-0.32439188771775945,-0.10977361938621372,0.2224611144231498,1.046269117206951,-0.26892828783757844,-0.01970552937389066,-0.10364022835686888,0.6499189653838664,0
sample_04497.html,-0.4520377787088923,-0.4805110314497277,-0.4993703348891979,-0.49237720144589586,-2.256016803315404,-0.3365771940723391,-0.44887348689285445,0.7260774818448622,1.1124770203583225,-0.26758526037223274,-0.027419211925291086,-0.10364022835686888,-0.9414553977672945,1
sample_09536.html,12.852590681000104,11.430729196894088,2.128072412370236,3.9965033542807262,0.4415380454946181,0.004611383855890054,0.5684261156270678,0.46686208285514863,-0.5366564022415405,0.001453109317976359,-0.01970552937389066,0.036440968491418875,0.2793968624031809,0
sample_08384.html,-0.44397892606410005,-0.46303305605964135,-0.4197508576995181,-0.45045371561792513,0.01377132404590083,-0.3365771940723391,-0.10977361938621372,0.7928729623780584,1.5672562804297145,-0.24189014812202297,0.0304334072102121,-0.10306138043600818,-0.028428708092704296,0
sample_05511.html,-0.23176247308457118,0.04382823025286147,-0.021653471751118984,-0.31752558982192036,0.9090377788983321,-0.31220658136317986,-0.10977361938621372,0.6612510676925886,-0.10901392931735984,-0.2498373189086969,-0.02613359816672435,-0.0699223369667335,0.8165191649228972,1
sample_09684.html,0.006242308358292884,-0.13095152364800158,-0.18089242613047862,-0.015880996669448047,-0.06821399564310647,0.19957628552916384,-0.10977361938621372,0.6056750906514674,-0.2524631925947634,-0.21367547194922246,-0.017134301856757187,-0.07903919172028942,0.12176024825852197,0
sample_01953.html,-0.41872785444375105,-0.44555508066955507,-0.4993703348891979,-0.41466537405746234,-0.8807664702485071,-0.30002127500860026,-0.10977361938621372,0.40973863008096567,0.42220264208583586,-0.25702973045864763,-0.014563074339623712,-0.10045656479213506,-0.37157295495220827,1
sample_07287.html,-0.3085902016315905,-0.22708038829347624,-0.34013138050983827,-0.39932751338869255,0.6718552819919991,-0.25128004959028183,-0.10977361938621372,0.13333849352815996,-0.48994288796670776,-0.24596362812022035,-0.017134301856757187,-0.09249740588030053,0.6912563331183971,1
sample_03069.html,0.7465822379932063,1.7129748800061035,0.5356828685766397,0.3563177555593653,0.2795276779776152,-0.19035351781738374,0.5684261156270678,0.5702091516224919,0.06374145012055556,-0.04972622657218223,-0.02613359816672435,-0.038664549240256064,-0.19443890145959788,0
sample_05997.html,0.410259454283877,0.7516862335513568,-0.18089242613047862,0.23361487020920704,-0.1351896369879233,-0.1477049455763551,0.5684261156270678,0.5757936174460475,-0.22082103145373522,-0.22198892295371797,-0.0209911431324574,0.079131002654895,0.13502932462066963,0
sample_09103.html,0.6428916672968795,1.2672865075589028,1.9688334579908764,0.6436470120876525,0.32334237362527907,-0.3304845408950493,-0.10977361938621372,0.6252385713055593,1.1237046745766859,2.0211222303860823,-0.011991846822490236,0.10170607156846204,-0.5787791748039722,0
sample_07065.html,2.921397938401138,-0.38438216680425297,-0.18089242613047862,3.5087593850138474,1.0456427416103868,9.899080143774535,0.9075259831337085,0.4288831924449093,-0.5818974639541621,-0.24102439487989927,-0.02613359816672435,0.2098059207891965,0.326171637529644,1
sample_05088.html,-0.14848766242171807,-0.0348226590025269,-0.021653471751118984,-0.34002111880278274,0.07386622566107348,-0.31829923454046966,-0.44887348689285445,0.7030755570801478,0.8533504404084182,-0.2272611382102405,-0.02613359816672435,-0.01290581676195522,-0.8209797332029355,0
sample_06291.html,-0.20489963093526373,-0.26203633907364887,-0.4197508576995181,-0.04655671800698761,0.7633677965388673,0.18739097917458425,-0.10977361938621372,0.46724749665468124,-0.625370324922013,-0.25825066451805284,-0.02613359816672435,-0.004512521909475168,0.29060845292913434,1
sample_07044.html,-0.43054750498944633,-0.4717720437546845,-0.4993703348891979,-0.44840866752875586,-0.4802532427832406,-0.30002127500860026,-0.10977361938621372,0.15641832936714456,1.0097295232428287,-0.25876123694289505,-0.011991846822490236,-0.10364022835686888,0.526540205527383,1
sample_01654.html,0.03203063682162804,0.4021267257496307,-0.18089242613047862,-0.15187669459920677,1.24121793275856,-0.22690943688112258,-0.10977361938621372,0.6073870649560952,1.1368292372948066,-0.19815850999423618,-0.011991846822490236,-0.06847521716458177,-1.1483518298288928,1
sample_09707.html,-0.34082561221075947,-0.3057312775488646,-0.26051190332015844,-0.23674619029973287,0.8419215216117544,-0.2573727027675716,-0.10977361938621372,0.6332700117661566,0.8129835714026739,0.07003630525492928,-0.02613359816672435,-0.05270161132112788,-1.2764699347962158,1
sample_06470.html,0.889492558227522,1.1536796675233418,5.312851499957429,1.994401274983978,1.2931506236982002,0.699173846066928,0.5684261156270678,0.6442285734137122,1.0232688750401784,7.546470415624921,-0.02613359816672435,0.15742018395130375,-0.7416268625988324,0
sample_05720.html,0.50051860390555,0.2360859595438108,0.21720495981792048,0.3235969861326564,0.19921022481278122,0.5224869039255235,-0.10977361938621372,0.6865246528540982,0.44121288719615637,-0.08391238023552824,-0.02613359816672435,-0.038664549240256064,-0.0019339446940123178,0
sample_02952.html,-0.3273941911361057,-0.3406872283290372,-0.4993703348891979,-0.3931923691211846,0.4911933928541008,-0.2817433154767308,-0.10977361938621372,0.343253371727165,0.014642984905403184,-0.25871683934073486,-0.004278164271089811,-0.09582578142524951,-0.20254721649351112,1
sample_03680.html,-0.3800453617487483,-0.3319482406339941,-0.4993703348891979,-0.3942148931657693,0.5524638386552958,-0.31220658136317986,-0.10977361938621372,0.20823346156655512,0.3726160700530673,-0.2581951675153526,-0.006849391788223287,-0.09191855795943984,-0.6286067566486139,0
sample_06675.html,-0.4520377787088923,-0.4805110314497277,-0.5789898120788778,-0.49237720144589586,-2.256016803315404,-0.3365771940723391,-0.44887348689285445,-1.9925510562714843,-0.06369456965751463,-0.2694943572651209,-0.027419211925291086,-0.10364022835686888,-1.267099457135387,1
sample_04688.html,-0.4477397239650031,-0.4805110314497277,-0.4993703348891979,-0.4422735232612479,-0.028663301743440176,-0.32439188771775945,-0.10977361938621372,-0.3323776107144926,-1.393835078938314,-0.22248839597802011,-0.006849391788223287,-0.10364022835686888,-0.9978884438158176,1
sample_06518.html,-0.41228077232791727,-0.4368160929745119,-0.34013138050983827,-0.2899174406181348,0.8053507967956315,-0.2208167837038328,-0.10977361938621372,-0.3247782362138307,-1.0836760183400176,-0.18018858051989944,-0.017134301856757187,-0.0997330048910592,2.6905071364106754,1
sample_02368.html,-0.3983120944102774,-0.38438216680425297,-0.5789898120788778,-0.4637465281975256,-0.22843314050011077,-0.3304845408950493,-0.44887348689285445,-1.9925510562714843,-0.43307645317593074,-0.26937226385918034,-0.002992550512523074,-0.1034955163766537,-0.6526990577821824,1
sample_08895.html,-0.44720246712201694,-0.4717720437546845,-0.4993703348891979,-0.4749942926879568,-0.5379821217521806,-0.3304845408950493,-0.44887348689285445,0.2641027143297212,-0.16764585844158522,-0.2634562833713351,-0.0107062330639235,-0.10320609241622336,0.015187120742341359,1
sample_06383.html,1.37947079903089,0.9963778890125651,-0.4197508576995181,1.1221882649532697,0.8685991073477479,0.9063240540947815,1.2466258506403491,0.5113725903453492,0.24869124171048754,-0.2648215096377609,-0.02613359816672435,0.28462201456044106,0.21535557372845401,0
sample_07586.html,0.32429835940609314,0.17491304567850874,0.9337802545250389,0.7152236952085781,-0.1778736700010698,0.21785424506103326,0.5684261156270678,0.5753633979571116,1.6097579646229785,2.60828051895459,-0.01970552937389066,0.04975447067121482,-0.5769025734339517,0
sample_08837.html,-0.267221424721657,-0.26203633907364887,0.05796600543856084,-0.3604715996944758,0.45935699041361283,-0.2878359686540206,-0.10977361938621372,0.5486251539330191,0.6121037191914331,-0.2477062340050078,-0.02613359816672435,-0.0103010011180821,-0.5115233342267402,1
sample_03410.html,-0.2715194794655462,-0.26203633907364887,1.3318776404734378,-0.12938116561834442,-0.15047417622762033,-0.22690943688112258,0.22932624812042704,0.6239370452183495,0.6090145837169425,-0.00908022179452863,-0.02613359816672435,0.0028677890814986697,-0.7162785395752352,0
sample_05365.html,-0.20382511724929142,-0.08725658517278581,-0.4197508576995181,-0.23981376243348684,0.35841539543553724,-0.25128004959028183,-0.10977361938621372,0.46302718107716245,0.21199827070457627,-0.1798777973047781,-0.004278164271089811,-0.053859307162849264,-0.8438105627054591,1
sample_08721.html,-0.4520377787088923,-0.4805110314497277,-0.5789898120788778,-0.4872645812229726,-0.7067890193140784,-0.3365771940723391,-0.44887348689285445,-1.9925510562714843,0.22606251694284138,-0.2694943572651209,-0.027419211925291086,-0.10364022835686888,-0.8721332970100784,1
sample_04190.html,-0.44935149449396156,-0.4717720437546845,-0.5789898120788778,-0.4913546774013112,-1.10247923322549,-0.3365771940723391,-0.44887348689285445,-1.9925510562714843,-1.6631823993422066,-0.2694943572651209,0.027862179693078627,-0.10364022835686888,-1.0168014571092276,1
sample_07539.html,-0.4332337892043771,-0.4542940683645982,-0.5789898120788778,-0.4749942926879568,-0.5072044963685057,-0.31829923454046966,-0.44887348689285445,-1.9925510562714843,0.1322749923455624,-0.2694943572651209,-0.00042132299538959916,-0.10103541271299576,-0.4971397076008036,0
sample_09193.html,-0.30268037635874284,-0.3319482406339941,-0.4993703348891979,-0.36660674396198367,0.1450017406474816,-0.2695580091221512,-0.10977361938621372,0.343253371727165,-2.6719867194928058,-0.25871683934073486,-0.02613359816672435,-0.0910502860781488,3.551320391951708,1
sample_02629.html,-0.3198725953342996,-0.34942621602408036,-0.18089242613047862,-0.29298501275188876,0.8766832673640181,-0.12333433286719588,-0.10977361938621372,0.9563187143427988,2.407754530448099,2.741129244018418,-0.013277460581056975,-0.0851170948893267,-1.4048857677201156,1
sample_00818.html,-0.4079827175840281,-0.4105991298893824,0.13758548262824066,-0.4044401336116158,0.09138111336020502,-0.3365771940723391,-0.10977361938621372,0.9460827530742355,2.013840905567471,0.3594975719388256,0.018862883383111463,-0.1003118528119199,-0.8317400121618516,0
sample_00996.html,-0.0034283148154578,-0.07851759747774266,0.45606339138695995,0.41766919823444437,0.8215544842901595,0.19348363235187405,-0.10977361938621372,0.5813023007593252,0.11543435693249486,0.6317436683851083,-0.02613359816672435,0.09837769602351305,-0.46831694000144836,0
sample_08623.html,1.2526781840861587,0.6031234427356232,-0.18089242613047862,1.1109405004628385,-2.1072037255100513,1.8689632561065708,0.22932624812042704,0.6761062696700414,1.2202128043445992,-0.16062033736779585,-0.02613359816672435,0.10315319137061377,-1.1479020567054918,1
sample_01924.html,-0.3370648143098564,-0.270775326768692,-0.4197508576995181,-0.23470114221056357,0.20389322803210064,-0.25128004959028183,-0.44887348689285445,0.7395297042769705,0.4782333622974411,-0.22243289897531987,-0.02613359816672435,-0.0888796063749212,-0.14420664375034833,0
sample_07772.html,-0.42195139550166794,-0.44555508066955507,-0.5789898120788778,-0.4688591484204489,0.32103522205746726,-0.31220658136317986,-0.10977361938621372,-1.9925510562714843,0.5085048947738157,-0.26943886026242064,-0.02613359816672435,-0.10175897261407163,-0.5993294962936854,1
sample_09564.html,0.34632588996852526,-0.22708038829347624,-0.18089242613047862,0.8420166767370749,0.6659570188647886,0.9002314009174917,-0.44887348689285445,0.47755607671934036,-0.2547966753685641,-0.24425432043705306,-0.022276756891024138,-0.009288017256575888,0.17801484788290475,0
sample_04714.html,-0.015785222204139228,0.3671707749694581,0.2968244370076003,-0.05269186227449552,0.5536036035664172,-0.29392862183131047,0.22932624812042704,0.558523434838003,0.4829971818340885,-0.15464885987725036,-0.02613359816672435,-0.09249740588030053,-0.2860402344874733,0
sample_00150.html,-0.28763718475513067,-0.1659074744281742,-0.1012729489407988,-0.41875547023580095,-1.7676238810323097,-0.32439188771775945,-0.44887348689285445,0.5471180417744053,0.22948361140478962,1.4306563204566407,-0.008135005546790024,-0.028534710625193936,-1.3769635372295654,0
sample_06673.html,-0.3515707490704824,-0.4717720437546845,-0.5789898120788778,-0.2940075367964734,0.9067562990208229,-0.09287106698074685,-0.10977361938621372,-1.9925510562714843,0.0803562817318638,-0.26930566745594003,-0.02613359816672435,-0.08801133449363016,-0.18455693040270962,1
sample_06769.html,-0.4520377787088923,-0.4805110314497277,-0.5789898120788778,-0.48010691291088003,-0.13554332371994163,-0.3365771940723391,-0.44887348689285445,-1.9925510562714843,-1.0965777437509927,-0.2694943572651209,-0.027419211925291086,-0.10364022835686888,0.8778599243968174,0
sample_03791.html,-0.267221424721657,-0.26203633907364887,0.05796600543856084,-0.3604715996944758,0.45935699041361283,-0.2878359686540206,-0.10977361938621372,0.5486251539330191,0.6121037191914331,-0.2477062340050078,-0.02613359816672435,-0.0103010011180821,-0.5115233342267402,1
sample_06964.html,-0.12753464554525823,-0.1833854498182605,-0.18089242613047862,-0.0874576797903737,0.693405687944974,0.4250044530888867,-0.10977361938621372,0.4929742649371031,-0.4259849319248611,-0.20073357091952718,-0.02613359816672435,-0.07325071251168248,0.3736063006747697,0
sample_09905.html,1.1000972406780924,1.4071103106795932,0.5356828685766397,1.0823098272144682,0.8145822373086954,1.5338673313556315,-0.10977361938621372,0.7078846910418289,-0.2694820365665895,-0.06696359561087585,-0.02613359816672435,-0.040690516963268496,0.36908746147256466,0
sample_02369.html,0.2646628498346306,0.061306205642947774,-0.021653471751118984,0.24793020683339217,0.18702922881105405,0.38235588084785804,0.22932624812042704,0.5777802080651492,0.26065347158231333,0.035472771973221656,-0.02613359816672435,0.02573228195549605,-0.2697255090813528,0
sample_06920.html,-0.4079827175840281,-0.44555508066955507,-0.5789898120788778,-0.4729492445987875,-1.1680996285521696,-0.2817433154767308,-0.44887348689285445,-1.9925510562714843,-0.05402684354129743,-0.26943886026242064,-0.002992550512523074,-0.0932209657813764,-0.9258764395490112,1
sample_06247.html,0.38339661213456955,0.8565540858918747,0.45606339138695995,0.327687082310995,1.3477759291488085,-0.16598290510822453,-0.10977361938621372,0.6044985220493787,-0.5875700892011432,-0.2076928950581369,-0.02613359816672435,-0.07571081617534044,0.36689942956747906,0
sample_02199.html,-0.2430448667872803,-0.2183414005984331,-0.34013138050983827,-0.2633318154589338,-0.08497203176785267,-0.2208167837038328,-0.44887348689285445,0.4611719326640989,-0.0833013711693269,-0.2555535101868213,-0.02613359816672435,-0.10060127677235024,0.15523120166444362,0
sample_09047.html,0.2942119761988688,0.13995709489833613,-0.021653471751118984,0.4309620108140449,-0.18172569532156463,0.5834134356984216,0.5684261156270678,0.6120045072614653,-1.2328837858534176,-0.22027961527055068,-0.02613359816672435,-0.05212276340026718,1.3192632364587351,0
sample_07894.html,-0.23713504151443265,-0.2008634252083468,2.128072412370236,-0.26946695972644175,-1.204883242476382,-0.2817433154767308,-0.44887348689285445,0.5507815781285111,0.5396091856350775,2.0048061115922127,-0.02613359816672435,-0.07932861568071976,-1.4008614859963142,0
sample_06986.html,-0.3316922458799949,-0.4805110314497277,-0.5789898120788778,-0.251061526923918,0.9663803712982889,-0.025851882030558975,0.5684261156270678,-1.9925510562714843,-0.7570014135720713,-0.2694943572651209,-0.01584868809819045,-0.10320609241622336,0.18741795880154166,1
sample_07159.html,-0.4052964333690973,-0.4193381175844256,-0.5789898120788778,-0.3829671286753381,-1.6449781224826985,-0.31220658136317986,-0.10977361938621372,-1.9925510562714843,0.6034999912602368,-0.2694943572651209,-0.011991846822490236,-0.09857530904933781,-1.1345968138802356,1
sample_04557.html,-0.3886414712365267,-0.4805110314497277,-0.4993703348891979,-0.43920595112749394,0.13229338187351822,-0.2208167837038328,-0.10977361938621372,-0.1268481045386658,-0.4471929066292876,-0.2651655910545024,-0.02613359816672435,-0.10320609241622336,-0.02373773269279918,1
sample_07917.html,-0.3402883553677733,-0.3406872283290372,-0.26051190332015844,-0.35433645542696784,0.28513245778712515,-0.3365771940723391,-0.10977361938621372,0.7940397538603672,1.4151243423531934,0.2415220435986617,0.01500604210741125,-0.08482767092889634,-1.142844201611329,1
sample_08334.html,-0.33115498903700874,-0.34942621602408036,-0.4993703348891979,-0.4003500374332772,0.4618700726624893,-0.2817433154767308,-0.10977361938621372,0.3316516123233787,0.10413319956983151,-0.26031515301850167,-0.004278164271089811,-0.09582578142524951,-0.3917082617145721,1
sample_08821.html,-0.3096647153175628,-0.3057312775488646,0.5356828685766397,-0.3379760707136134,0.8192401623327942,-0.23300209005841238,-0.10977361938621372,0.6675051946053681,0.4656395188560119,-0.16395015752981007,-0.02613359816672435,-0.06702809736243004,-0.7488525542659418,1
sample_06293.html,-0.4520377787088923,-0.4805110314497277,-0.18089242613047862,-0.486242057178388,-1.1549127552848037,-0.3365771940723391,-0.44887348689285445,-0.34783876106383965,-4.323222536996183,-0.021333959990740965,-0.027419211925291086,-0.10364022835686888,-1.5301812979707137,1
sample_08701.html,-0.4520377787088923,-0.4805110314497277,-0.4993703348891979,-0.49237720144589586,-2.256016803315404,-0.3365771940723391,-0.44887348689285445,0.7871776995549741,1.0722241914397592,-0.26791824238843415,-0.027419211925291086,-0.10364022835686888,-1.0931186785529932,1
sample_05486.html,-0.3273941911361057,-0.3406872283290372,-0.4993703348891979,-0.3931923691211846,0.4911933928541008,-0.2817433154767308,-0.10977361938621372,0.343253371727165,0.016396757465000942,-0.25871683934073486,-0.004278164271089811,-0.09582578142524951,-0.20254721649351112,1
sample_06126.html,0.7256292211167465,1.2235915690836872,0.21720495981792048,0.3000789331072094,1.2931919442792172,0.17520567282000463,-0.10977361938621372,0.5015383154178795,0.3438257093669972,-0.21169977865309403,-0.02613359816672435,-0.01869429597056215,0.44699471656496576,0
sample_01837.html,-0.20275060356331912,-0.13969051134304472,0.5356828685766397,-0.16619203122339188,-0.26728081525169417,-0.2573727027675716,0.22932624812042704,0.5928501944818979,0.8511562747279791,0.3058652685293165,-0.013277460581056975,-0.018260160029916633,0.03501306995725143,1
sample_03428.html,-0.1522484603226211,-0.27951431446373515,0.2968244370076003,-0.3461562630702906,0.553145909849438,-0.12333433286719588,-0.44887348689285445,0.6850128106611749,0.8844788906902176,-0.07276858209332064,-0.02613359816672435,-0.04850496389488785,-0.604282632919324,0
sample_04571.html,-0.42195139550166794,-0.4805110314497277,-0.34013138050983827,-0.35842655160530645,0.4294621647390753,-0.2817433154767308,-0.10977361938621372,0.14452861905000491,0.4011988224677069,-0.2562749712219244,-0.005563778029656549,-0.10060127677235024,-0.0419349916033001,1
sample_03314.html,0.26197656561969984,0.2186079841537245,0.6949218229559994,-0.04144409778406435,-0.5014211593245377,0.08990852833794734,-0.10977361938621372,0.5086620301523513,0.895010729391332,-0.050458787007825356,-0.02613359816672435,0.0051831807649414426,0.027763923543519083,0
sample_05033.html,1.0162851731722533,2.1062293262830454,-0.26051190332015844,0.1559030428207735,0.4191993024475878,-0.32439188771775945,-0.44887348689285445,0.34845256309832934,-0.20960581488205424,-0.2650101994469417,-0.011991846822490236,-0.09741761320761642,-0.3945919439340329,0
sample_05771.html,-0.1366680118760228,-0.3232092529389509,-0.021653471751118984,-0.12017844921708255,-1.511371860285682,0.0472599560969187,-0.44887348689285445,0.08059799192403784,0.3689898445486961,0.04416360259607878,-0.009420619305356762,-0.05110977953876097,1.1582667526762405,1
sample_01095.html,-0.3827316459636791,-0.3581652037191235,-0.18089242613047862,-0.43307080685998606,-0.13303944064482492,-0.3304845408950493,0.22932624812042704,0.7073104055448515,0.5859951005364993,-0.23690651727954168,-0.017134301856757187,-0.1019036845942868,-0.9218024843484822,0
sample_01459.html,-0.19361723723255458,-0.2008634252083468,0.3764439141972801,-0.3124129695989971,0.6299691546670757,-0.32439188771775945,0.22932624812042704,0.4788348566920621,0.23025962785495768,-0.1588222344803082,-0.004278164271089811,-0.06225260201532931,0.39911930235572896,1
sample_02593.html,-0.3338412732519395,-0.2882533021587783,-0.18089242613047862,-0.39932751338869255,0.09340226691562756,-0.3304845408950493,-0.10977361938621372,0.5814232419393952,0.4440551083455921,-0.23666233046766064,-0.014563074339623712,-0.03533617369530708,-0.6187046424102178,0
sample_03873.html,5.7591885830539775,-0.4717720437546845,-0.5789898120788778,-0.42898071068164745,-0.11064707713402162,-0.18426086464009395,-0.44887348689285445,-1.9925510562714843,2.3920972843279,-0.2694943572651209,-0.02613359816672435,9.433023979803266,-1.4940580416606826,1
sample_00771.html,-0.018471506419069975,-0.0348226590025269,-0.4197508576995181,0.09659664823486366,1.2603118322896931,0.30315138954309057,-0.10977361938621372,0.551620471222321,-0.7099677341859347,-0.2479393214163488,-0.02613359816672435,-0.09249740588030053,0.7253015432056721,0
sample_01977.html,0.36620439315901276,0.39338773805458754,0.13758548262824066,0.01990734489101477,0.3308575414286105,-0.05631514791700801,0.22932624812042704,0.7256387655790405,0.6317404714834929,-0.21135569723635256,-0.02613359816672435,-0.0466237081520906,-0.40287562850481395,0
sample_00581.html,-0.42947299130347405,-0.4368160929745119,-0.18089242613047862,-0.45454381179626374,-0.6078452377889428,-0.32439188771775945,-0.10977361938621372,0.25643026948996334,-0.5526432073726533,-0.22006872666028976,-0.009420619305356762,-0.10233782053493232,1.243599436355297,1
sample_00830.html,-0.3666139406740946,-0.2969922898538215,-0.4993703348891979,-0.2592417192805952,0.7807143314852952,-0.31220658136317986,6.33312386323996,-0.41650874953288364,0.00547608136235688,-0.2629457109464929,-0.011991846822490236,-0.09336567776159158,0.09704478618869046,1
sample_00858.html,-0.13183270028914743,-0.11347354825791527,0.6153023457663196,-0.25208405096850267,0.8744166854242634,-0.17816821146280412,-0.10977361938621372,0.8127016638535086,1.6616468300347964,0.43916906901528585,-0.02613359816672435,-0.06514684161963279,-1.2225482154565634,0
sample_01747.html,-0.39884935125326354,-0.42807710527946874,-0.5789898120788778,-0.4453410953950019,-1.3551134896387114,-0.275650662299441,-0.44887348689285445,-1.9925510562714843,-0.3412524390026011,-0.26947215846404077,-0.002992550512523074,-0.09220798191987019,-0.4665302332828814,1
sample_04817.html,0.4494792038218659,0.03508924255781832,0.5356828685766397,0.3829033807185662,0.1759317913138209,0.4250044530888867,0.22932624812042704,0.06081844794434661,-0.698946400697936,0.2201223993574503,-0.02613359816672435,0.06451509265316249,1.535374515658406,0
sample_05336.html,0.03203063682162804,0.4021267257496307,-0.18089242613047862,-0.15187669459920677,1.24121793275856,-0.22690943688112258,-0.10977361938621372,0.6073870649560952,1.1368292372948066,-0.19815850999423618,-0.011991846822490236,-0.06847521716458177,-1.1483518298288928,1
sample_06082.html,0.03364240735058649,0.17491304567850874,0.21720495981792048,-0.12733611752917512,0.17766291351273003,0.10818648786981676,-0.44887348689285445,0.6596696752538501,0.270757105026302,-0.22910363869988837,-0.02613359816672435,-0.06630453746135417,0.20120868489527996,0
sample_00921.html,0.9109828319469679,0.6206014181257095,3.879700910543192,0.4831107370878621,0.9491467881555465,0.132557100578976,0.5684261156270678,0.6947014799646308,0.8823527921557042,1.3335032675296057,-0.017134301856757187,0.1354239629585974,-0.3667653185891112,0
sample_04717.html,0.5225461344679821,0.2885198857140697,0.05796600543856084,0.2111193412283447,0.2324575951922532,0.19348363235187405,0.22932624812042704,0.5675008782763015,0.2545020432894485,-0.007925884138363698,-0.02613359816672435,-0.05617469884629204,-0.6551074130686919,0
sample_01144.html,-0.40690820389805576,-0.4193381175844256,-0.4993703348891979,-0.35433645542696784,-1.1206274770735194,-0.2878359686540206,-0.44887348689285445,0.3895372560870702,-0.38523039975503914,-0.26755196217061256,-0.01584868809819045,-0.10103541271299576,0.5400764495759107,0
sample_03712.html,-0.43162201867541866,-0.4717720437546845,-0.4197508576995181,-0.36967431609573764,0.8745731319389075,-0.2878359686540206,-0.10977361938621372,0.3039676333342053,-0.06909060018282086,-0.26728557655765145,-0.02613359816672435,-0.10262724449536266,-0.3282691824598087,1
sample_00621.html,-0.4520377787088923,-0.4805110314497277,-0.5789898120788778,-0.4760168167325414,-1.953213190409793,-0.3365771940723391,-0.44887348689285445,-1.9925510562714843,-0.4187006709265755,-0.2694943572651209,-0.027419211925291086,-0.10364022835686888,-0.9586892910954075,1
sample_03329.html,-0.4337710460473632,-0.46303305605964135,-0.4993703348891979,-0.48828710526755725,-0.9915621547527916,-0.3365771940723391,-0.44887348689285445,0.5120303365257287,0.47112070734733474,-0.26636432631282747,0.08700041258714855,-0.09872002102955299,-1.0055610142462665,1
sample_02121.html,-0.44182989869215544,-0.46303305605964135,-0.4993703348891979,-0.45863390797460235,0.02195533052549024,-0.3304845408950493,-0.44887348689285445,-0.045924347023679084,-0.36005076257892205,-0.2690836794451391,0.0034355182803106135,-0.1034955163766537,0.10233930084966812,0
sample_03164.html,-0.45096326502292,-0.4805110314497277,-0.4993703348891979,-0.4913546774013112,-2.256016803315404,-0.3304845408950493,-0.44887348689285445,0.9256515218443792,2.2006390138573777,0.0500462848823039,-0.013277460581056975,-0.10364022835686888,-1.5444713402880013,1
sample_00148.html,-0.20489963093526373,-0.2969922898538215,0.2968244370076003,0.13749761001824976,1.7291976795118442,-0.07459310744887743,0.9075259831337085,0.49711481180215883,-0.589540784104233,0.11076000583636321,-0.013277460581056975,-0.08178871934437772,1.1914039029260823,1
sample_00100.html,-0.4337710460473632,-0.4542940683645982,-0.5789898120788778,-0.2060704689621933,0.45187017108452127,-0.19035351781738374,-0.10977361938621372,-1.9925510562714843,-1.2514702986242705,-0.2694943572651209,-0.02613359816672435,-0.10320609241622336,-0.7124516871055259,1
sample_07197.html,0.22705487082560016,-0.08725658517278581,0.13758548262824066,0.8767824942529532,0.975112882298368,1.363273042391517,1.2466258506403491,0.2833450877049317,-0.8167742791851811,-0.2349197245828732,-0.02613359816672435,-0.07571081617534044,0.8836265978398685,0
sample_08766.html,-0.20812317199318062,-0.1659074744281742,-0.34013138050983827,-0.3349084985798595,-1.521179584522683,-0.2634653559448614,-0.44887348689285445,0.6915168088464868,1.0016302976771665,-0.21036785058828833,-0.004278164271089811,-0.012182256860879353,-1.0649741299193554,1
sample_01185.html,-0.4520377787088923,-0.4805110314497277,-0.5789898120788778,-0.48828710526755725,-0.9781299984468278,-0.3365771940723391,-0.44887348689285445,-1.9925510562714843,-1.5956620463567288,-0.2694943572651209,-0.027419211925291086,-0.10364022835686888,-0.1741648218661866,0
sample_08360.html,0.04385028736732332,-0.3057312775488646,-0.021653471751118984,0.44834491957198397,0.4414708836532757,0.7357297651306668,-0.10977361938621372,0.4145837578461247,-0.7663676104463529,-0.2468626795639642,-0.02613359816672435,-0.08178871934437772,0.534094394023793,0
sample_01653.html,-0.27635479105242156,-0.27951431446373515,-0.4993703348891979,-0.19073260829342353,0.9069912988487268,0.05944526245149831,0.22932624812042704,0.5158721469116178,-0.3909541146314668,-0.1782572848259312,-0.02613359816672435,-0.007985609434639327,-0.16052207318999745,1
sample_06380.html,-0.41657882707180643,-0.46303305605964135,0.13758548262824066,-0.41364285001287765,-0.2807113121938595,-0.25128004959028183,-0.10977361938621372,0.6700778127815734,0.7875212726113818,-0.18964526978001983,-0.004278164271089811,-0.095391645484604,-0.8456609453453748,1
sample_08412.html,-0.3064411742596459,-0.20960241290338993,-0.34013138050983827,-0.31343549364358175,0.5826564595709816,-0.25128004959028183,0.22932624812042704,0.4844893228478424,-0.31188218527149547,-0.259227411765577,-0.02613359816672435,-0.08844547043427568,-0.1666297335386498,0
sample_05129.html,0.18138803917177748,0.3846487503595444,-0.26051190332015844,0.10170926845778692,0.8776375287258014,-0.25128004959028183,-0.44887348689285445,0.610868646960201,0.884112397276325,1.1026801338987797,-0.008135005546790024,-0.05675354676715273,-0.8908884633788838,0
sample_01760.html,0.06587781792975543,0.026350254862775167,-0.26051190332015844,-0.02099361689237131,0.5771859004909282,0.11427914104710657,-0.44887348689285445,0.5119287573152955,-0.46286945814020913,-0.22322095641366324,-0.02613359816672435,-0.060081922312101715,0.40490429370817727,0
sample_06777.html,0.23887452137129545,0.20986899645868135,-0.18089242613047862,0.4340295829477988,0.9393304824641552,1.107381608945345,-0.10977361938621372,0.6258272517991712,-0.5260274674936605,-0.13609066217429108,-0.02613359816672435,-0.049517947756394065,0.6567430189606663,0
sample_05293.html,-0.4278612207745156,-0.44555508066955507,-0.34013138050983827,-0.4749942926879568,-1.352125423586559,-0.31220658136317986,-0.44887348689285445,0.3931281212078285,0.33186761765215256,-0.25297844926153035,-0.011991846822490236,-0.09872002102955299,0.06771850423993075,0
sample_09647.html,-0.36715119751708075,-0.4193381175844256,0.13758548262824066,-0.3574040275607218,-0.04128521614199103,-0.20863147734925316,0.22932624812042704,0.3326130978851551,-0.8403746571176086,-0.23870462016702937,-0.0107062330639235,-0.10103541271299576,1.5968438525148694,1
sample_09929.html,-0.4520377787088923,-0.4805110314497277,-0.5789898120788778,-0.4903321533567266,-1.044802351692958,-0.3365771940723391,-0.44887348689285445,-1.9925510562714843,-1.243368467075495,-0.2694943572651209,-0.027419211925291086,-0.10364022835686888,-0.18364153036386008,1
sample_04303.html,-0.33330401640895335,-0.24455836368356254,-0.34013138050983827,-0.4044401336116158,0.3022492374642251,-0.30611392818589006,-0.44887348689285445,0.39983202524781436,-0.03320495862576995,-0.24788382441364856,-0.02613359816672435,-0.09076086211771846,-0.07306035300800579,1
sample_02249.html,-0.3316922458799949,-0.4717720437546845,4.277798296491591,-0.30730034937607387,-0.11721201086362167,-0.1537975987536449,0.5684261156270678,0.5079298789106096,0.2781795578070593,0.04908063703531978,0.022719724658811676,-0.10045656479213506,0.4854081287546781,1
sample_00948.html,0.3979025468951956,0.12247911950824984,1.4114971176631177,0.22747972594169913,0.6750689185675495,0.571228129343842,0.5684261156270678,0.4776078614185125,-0.06258470410960516,-0.03217807431836728,-0.02613359816672435,0.15597306414915202,0.4466382669970549,0
sample_07447.html,2.1735364129644186,4.500711954724869,0.2968244370076003,1.4575761515770356,1.7936241868096323,-0.3304845408950493,-0.10977361938621372,0.6363119389747428,-0.19472814397552748,-0.1630400066855262,-0.002992550512523074,0.7400306162975915,1.0950413345596965,0
sample_08037.html,0.015912931532043567,0.49825559039510536,-0.34013138050983827,-0.1702821274017305,0.16967745536212273,-0.2878359686540206,0.22932624812042704,0.6157364994765233,-0.23391028207061526,-0.2544546695333566,-0.02613359816672435,-0.08540651884975704,-0.00435218252523567,0
sample_07761.html,-0.3821943891206929,-0.2882533021587783,-0.5789898120788778,-0.37376441227407625,1.0272830076069597,-0.31829923454046966,-0.44887348689285445,-1.9925510562714843,-0.8838736165428407,-0.2694943572651209,-0.02613359816672435,-0.10204839657450197,0.6915772289931224,1
sample_00741.html,-0.4224886523446541,-0.4542940683645982,-0.5789898120788778,-0.3461562630702906,0.8293684950351394,-0.2573727027675716,-0.10977361938621372,-1.9925510562714843,-0.3157626692351515,-0.2694832578645808,-0.02613359816672435,-0.10161426063385645,-0.2512323344487279,1
sample_09912.html,-0.4455906965930585,-0.4717720437546845,-0.4993703348891979,-0.4913546774013112,-2.256016803315404,-0.3365771940723391,-0.44887348689285445,0.5616395850341611,0.3495856170227535,-0.21097831761799093,0.04714638607157969,-0.10320609241622336,-0.3489713535514772,1
sample_00013.html,0.4634478817395058,-0.19212443751330363,0.13758548262824066,0.37370066431730437,-0.31854458273006464,1.235327325668431,-0.10977361938621372,0.4659324466118503,0.3358991713840111,-0.042977791043833403,-0.02613359816672435,-0.05718768270779825,-0.12670855532186454,0
sample_00566.html,-0.3096647153175628,-0.3406872283290372,-0.4993703348891979,-0.37376441227407625,0.06381297614258408,-0.2695580091221512,-0.10977361938621372,0.3316516123233787,-2.6903216724904446,-0.26031515301850167,-0.02613359816672435,-0.0910502860781488,3.5660843661725488,1
sample_01680.html,-0.23391150045651576,-0.3581652037191235,-0.4197508576995181,-0.3492238352040446,0.820260095742144,-0.31829923454046966,0.22932624812042704,0.7516696179692358,0.9453144592220376,-0.1998678176774035,-0.02613359816672435,0.028915945520229865,0.45034618995109216,1
sample_05382.html,0.907759290889051,0.17491304567850874,0.13758548262824066,0.9258636483930164,1.5795620841406113,1.4485701868735743,-0.10977361938621372,0.6392059334135091,1.3897375964715766,-0.12444739100778136,-0.02613359816672435,-0.06037134627253206,-0.027465016568867958,0
sample_07271.html,-0.13881703924796737,-0.24455836368356254,-0.4197508576995181,-0.008723328357355484,1.2484478595585338,0.17520567282000463,-0.44887348689285445,0.4946791616693502,-0.47450062772824164,-0.26633102811120735,-0.022276756891024138,-0.09206326993965501,1.3238688803874634,0
sample_06091.html,-0.3676884543600669,-0.42807710527946874,-0.4993703348891979,-0.415687898102047,-0.3264795877426898,-0.31220658136317986,0.22932624812042704,0.12876072146024342,0.7682204758342457,-0.26758526037223274,-0.00042132299538959916,-0.06210789003511414,-0.46667997078425144,1
sample_05553.html,-0.4106690017989588,-0.4368160929745119,-0.5789898120788778,-0.42693566259247817,0.3935148096086965,-0.29392862183131047,-0.10977361938621372,-1.9925510562714843,0.03741058900244925,-0.26943886026242064,-0.02613359816672435,-0.10118012469321093,-0.34326946423069915,1
sample_00623.html,-0.4520377787088923,-0.4805110314497277,-0.5789898120788778,-0.49237720144589586,-2.256016803315404,-0.3365771940723391,-0.44887348689285445,-1.9925510562714843,-0.8115362659996608,-0.2694943572651209,-0.027419211925291086,-0.10364022835686888,-1.309657892799026,1
sample_06132.html,0.1475408580636501,-0.3669041914141667,-0.34013138050983827,0.606836146482605,0.19528695585824182,0.4676530253299153,-0.10977361938621372,0.15145310427324274,-0.3596781430446423,-0.260625936233623,-0.02613359816672435,-0.07151416874910041,-0.06701653807025543,0
sample_04450.html,-0.3821943891206929,-0.2882533021587783,-0.5789898120788778,-0.37376441227407625,1.0558977128397216,-0.31829923454046966,-0.44887348689285445,-1.9925510562714843,-0.7445715642360506,-0.2694943572651209,-0.02613359816672435,-0.10204839657450197,0.24957767875857506,1
sample_01186.html,-0.44182989869215544,-0.46303305605964135,-0.4993703348891979,-0.45863390797460235,0.05374098913652785,-0.3304845408950493,-0.44887348689285445,-0.045924347023679084,-0.33628736649721364,-0.2690836794451391,0.0034355182803106135,-0.1034955163766537,0.10696345825266247,0
sample_04230.html,-0.39025324176548515,-0.4105991298893824,-0.4197508576995181,-0.4565888598854331,-1.0212836253589406,-0.32439188771775945,-0.10977361938621372,0.5778486925723775,0.45071559689935964,-0.16101991578723757,-0.01584868809819045,-0.09568106944503435,-0.6853111163587399,1
sample_01218.html,-0.031902927493723705,0.2535639349338971,0.05796600543856084,-0.08541263170120439,-0.09934546521667836,-0.30611392818589006,0.22932624812042704,0.5949433240014828,0.2992219779063058,-0.11949705836692022,-0.02613359816672435,-0.016234192306904205,-0.45375729195574716,0
sample_09352.html,-0.33115498903700874,-0.44555508066955507,-0.26051190332015844,0.3634754238714578,1.6494797411641302,0.07772322198336773,-0.44887348689285445,0.40547000717090653,-2.1243355979781766,-0.26391135879347705,-0.02613359816672435,-0.08699835063212395,2.3348433481436395,0
sample_02418.html,-0.3096647153175628,-0.3406872283290372,-0.4993703348891979,-0.37376441227407625,0.06381297614258408,-0.2695580091221512,-0.10977361938621372,0.3316516123233787,-2.6902211515844425,-0.26031515301850167,-0.02613359816672435,-0.0910502860781488,3.566025188243186,1
sample_07270.html,-0.4488142376509754,-0.4717720437546845,-0.4993703348891979,-0.4790843888662954,-1.5567457462408472,-0.3365771940723391,-0.44887348689285445,0.5727957826831369,0.4237933733204139,-0.25883893274667535,0.031719020968778835,-0.10060127677235024,-0.6050456879252167,1
sample_06192.html,-0.40637094705506965,-0.42807710527946874,-0.4993703348891979,-0.4565888598854331,-1.099857553488881,-0.32439188771775945,-0.10977361938621372,0.5788950284047242,0.44483306898276853,-0.2152293880248291,-0.01584868809819045,-0.09886473300976815,-0.5670212021093282,1
sample_07853.html,0.08790534849218755,0.07878418103303408,1.0930192089043984,0.16101566304369674,0.6382615466718687,0.4798383316844949,-0.10977361938621372,0.6677739374621284,-0.0954088536988217,-0.028015799115849505,-0.02613359816672435,-0.06963291300630316,0.40468621280391825,0
sample_01032.html,0.10456031062475817,0.49825559039510536,0.21720495981792048,-0.16210193504505327,0.3422296218027491,-0.30611392818589006,0.22932624812042704,0.31771167441250486,-0.3250250722740461,0.04495166003442214,-0.017134301856757187,-0.046478996171875425,0.7195094593673079,0
sample_04518.html,-0.4520377787088923,-0.4805110314497277,-0.5789898120788778,-0.4903321533567266,-1.2244880140949934,-0.3365771940723391,-0.44887348689285445,-1.9925510562714843,-0.7682438693625151,-0.2694943572651209,-0.027419211925291086,-0.10364022835686888,0.05124325918932902,0
sample_04123.html,0.14055651910483016,0.533211541175278,-0.34013138050983827,-0.03939904969489504,0.7205896279385404,-0.06240780109429781,-0.10977361938621372,0.530796221820385,-0.3862937541695294,-0.2600487674055405,-0.02613359816672435,-0.06485741765920243,0.3049099553477457,0
sample_04796.html,-0.42678670708854327,-0.4717720437546845,-0.34013138050983827,-0.44022847517207864,-0.4694754871722964,-0.245187396412992,-0.10977361938621372,0.7103324721443799,0.7366320000054504,-0.2578510860986111,-0.02613359816672435,-0.10277195647557784,-0.7201303852352037,1
sample_03500.html,-0.4310847618324325,-0.46303305605964135,-0.5789898120788778,-0.4688591484204489,-0.36259086863695095,-0.29392862183131047,-0.44887348689285445,-1.9925510562714843,0.00037260849284860803,-0.26943886026242064,-0.014563074339623712,-0.10277195647557784,-0.20074867158154033,1
sample_09941.html,0.22705487082560016,0.31473684879919916,-0.1012729489407988,0.2428175866104689,1.2722016947297559,0.26050281730206193,0.5684261156270678,0.3022856963496931,0.13448242742421185,-0.21161098344877363,-0.02613359816672435,-0.03229722211078844,-0.2654130951172141,0
sample_08129.html,-0.4235631660306264,-0.4717720437546845,-0.4993703348891979,-0.43307080685998606,0.041603118425351006,-0.2817433154767308,-0.10977361938621372,0.21289639707196148,-0.20107040130467035,-0.2685176100175967,-0.0107062330639235,-0.10132483667342611,0.15139262834025188,1
sample_00497.html,-0.4332337892043771,-0.4717720437546845,-0.4197508576995181,-0.43920595112749394,-0.5498168799907667,-0.2573727027675716,-0.10977361938621372,0.40139478109889704,0.27503548295533803,-0.2675630615711526,-0.02613359816672435,-0.10132483667342611,-0.3732409407576299,1
sample_03633.html,0.799233408605849,0.9876389013175219,-0.4197508576995181,0.512763934380817,0.4466841141670097,0.11427914104710657,0.22932624812042704,0.5779656902769121,0.5991515813976125,2.9710311274044194,-0.02613359816672435,-0.014208224583891779,-0.6381445074607334,0
sample_03883.html,-0.3827316459636791,-0.39312115449929613,-0.4993703348891979,-0.3983049893441079,0.413983891747841,-0.2817433154767308,-0.10977361938621372,0.2579016500313576,-0.4555150313040648,-0.13368209225710082,-0.0107062330639235,-0.09770703716804677,1.3287569199870384,1
sample_04034.html,-0.4477397239650031,-0.4805110314497277,-0.4197508576995181,-0.4453410953950019,0.439460443289678,-0.31220658136317986,-0.10977361938621372,0.4747159814633654,-0.12929805210657028,-0.2588500321472154,-0.0107062330639235,-0.10364022835686888,-0.14261097783348572,1
sample_03733.html,2.0591007054083685,0.7691642089414431,-0.5789898120788778,2.3308116856523284,0.278186251916371,4.1719861571221175,-0.10977361938621372,-1.9925510562714843,-0.39582633740051676,-0.26932786625702015,-0.02613359816672435,0.30227687614669224,0.8492291363105375,0
sample_05539.html,-0.3886414712365267,-0.4805110314497277,-0.4993703348891979,-0.43920595112749394,0.13229338187351822,-0.2208167837038328,-0.10977361938621372,-0.1268481045386658,-0.4471929066292876,-0.2651655910545024,-0.02613359816672435,-0.10320609241622336,-0.02373773269279918,1
sample_00708.html,-0.4477397239650031,-0.4805110314497277,-0.5789898120788778,-0.4647690522421103,-0.40840153669158796,-0.30002127500860026,-0.10977361938621372,-1.9925510562714843,-0.09227450750738725,-0.2694943572651209,-0.02613359816672435,-0.1034955163766537,-0.3955148667015103,1
sample_06963.html,-0.3461981806406209,-0.3319482406339941,-0.4993703348891979,-0.28071472421687294,-1.4096055857239305,-0.2817433154767308,0.22932624812042704,0.40468498024384036,-0.022158394483070748,-0.26736327236143176,-0.013277460581056975,-0.09958829291084402,-0.7478660077277473,1
sample_08814.html,-0.43054750498944633,-0.4717720437546845,-0.4993703348891979,-0.44840866752875586,-0.4802532427832406,-0.30002127500860026,-0.10977361938621372,0.15641832936714456,1.0097295232428287,-0.25876123694289505,-0.011991846822490236,-0.10364022835686888,0.526540205527383,1
sample_01210.html,-0.4310847618324325,-0.4717720437546845,-0.34013138050983827,-0.42182304236955487,1.182785332137155,-0.2817433154767308,-0.10977361938621372,0.6991622601543741,0.6240075333251542,-0.24177915411662249,-0.014563074339623712,-0.10291666845579302,-0.08597676072304372,1
sample_07804.html,0.7584018885389017,1.4245882860696797,0.13758548262824066,1.7980766584237247,0.8664084443298207,0.8941387477402019,-0.10977361938621372,0.639573829286754,-0.24952628310034866,-0.11908638054693847,-0.02613359816672435,0.15351296048549407,0.3878260439404783,0
sample_08104.html,-0.4477397239650031,-0.4805110314497277,-0.5789898120788778,-0.4688591484204489,-0.6502400691274753,-0.30002127500860026,-0.10977361938621372,-1.9925510562714843,-0.14469037377730304,-0.2694943572651209,-0.02613359816672435,-0.1034955163766537,-0.6095858697734594,1
sample_03736.html,-0.3805826185917345,-0.2882533021587783,-0.5789898120788778,-0.36660674396198367,0.871221756055918,-0.31220658136317986,-0.10977361938621372,-1.9925510562714843,0.19058544049151455,-0.2694943572651209,-0.02613359816672435,-0.1019036845942868,0.08132898471273364,1
sample_05636.html,0.006242308358292884,-0.24455836368356254,3.1631256158360737,0.22747972594169913,0.3781724348789343,0.3397073086068294,-0.10977361938621372,0.3897476498776014,-0.505548467639066,-0.11398065629851666,-0.02613359816672435,-0.07223772865017627,0.6052530835788306,0
sample_08859.html,-0.13290721397511973,-0.11347354825791527,0.6153023457663196,-0.25208405096850267,0.8744166854242634,-0.17816821146280412,-0.10977361938621372,0.8097441203210594,1.6527534723161876,0.4391468702142058,-0.02613359816672435,-0.06543626558006313,-1.221658590867449,0
sample_09965.html,3.231395136804146,2.883999231141886,3.481603524594793,2.6038256055564304,0.2555900591815763,-0.1537975987536449,0.9075259831337085,0.6580917116287326,0.8143097026481354,2.643110437849259,-0.0209911431324574,2.0263754084302668,-0.8298554708581494,0
sample_05175.html,1.9398296862654436,3.3122096281990006,0.6153023457663196,1.5260852625642072,0.6882995893494861,0.09600118151523715,1.9248255856536307,0.6625809885515598,0.8023900543343991,0.3635044555337827,-0.02613359816672435,0.005327892745156616,-0.49000048168111154,0
sample_02376.html,0.18890963497358357,0.4370826765298033,1.3318776404734378,0.0015019120884910355,0.30293709220737397,-0.14161229239906528,0.5684261156270678,0.6217035732211187,0.3657998508324463,0.22275295728544153,-0.02613359816672435,-0.056898258747367904,-0.14783677099949438,0
sample_04656.html,0.43658503959019834,0.026350254862775167,1.4114971176631177,0.4677728764190923,1.1181818664079854,0.6260620079394503,0.9075259831337085,0.4404748154366362,0.607829438218063,0.22304154169948276,-0.02613359816672435,0.12167632483815595,-0.3594055606854685,0
sample_02149.html,-0.2145702541090144,-0.31447026524390775,-0.18089242613047862,-0.23265609412139426,0.5923081854426859,-0.025851882030558975,-0.10977361938621372,0.44841199653870545,-0.2628129755644131,-0.26181357209140804,-0.02613359816672435,-0.058634802509949985,0.6037581335695066,0
sample_07929.html,-0.342974639582704,-0.34942621602408036,-0.26051190332015844,-0.3645616958728144,0.48320958801121994,-0.3365771940723391,-0.10977361938621372,0.8009679354243154,1.390256418868832,0.24475196915581549,0.01500604210741125,-0.08873489439470603,-1.1328549045543292,1
sample_05157.html,1.3375647652779703,1.957666535467312,0.2968244370076003,1.5465357434559004,0.9307770313525318,0.26050281730206193,0.5684261156270678,0.4859837189729344,0.43028270131520857,-0.19375204797983736,-0.02613359816672435,0.1338321311762305,0.5473748913742909,0
sample_09328.html,-0.1436523508348427,-0.07851759747774266,-0.4197508576995181,-0.30627782533148923,1.0063139906468357,-0.31829923454046966,-0.44887348689285445,0.1911180863491259,0.3465094857130147,-0.2659203502912256,-0.017134301856757187,-0.04532130033015404,-0.1005051053520458,0
sample_05037.html,-0.36715119751708075,-0.3669041914141667,-0.4197508576995181,-0.37989955654158414,0.560760990732884,-0.29392862183131047,-0.44887348689285445,0.5737373537420137,0.5266768579480771,-0.20420768328856204,-0.02613359816672435,-0.07542139221491008,-1.2402261974892184,1
sample_01869.html,0.2055645971061542,0.4545606519198896,-0.34013138050983827,0.3348447506230876,0.6560095628725762,-0.01975922885326917,-0.10977361938621372,0.3944068171838415,-0.5617703233217183,-0.2532337354739514,-0.02613359816672435,-0.08395939904760531,0.6880503991077861,1
sample_08053.html,-0.4310847618324325,-0.46303305605964135,-0.5789898120788778,-0.4688591484204489,-0.36259086863695095,-0.29392862183131047,-0.44887348689285445,-1.9925510562714843,0.00037260849284860803,-0.26943886026242064,-0.014563074339623712,-0.10277195647557784,-0.20074867158154033,1
sample_08763.html,-0.4520377787088923,-0.4805110314497277,-0.5789898120788778,-0.48828710526755725,-1.4745881252400244,-0.3365771940723391,-0.44887348689285445,-1.9925510562714843,-2.257469615287448,-0.2694943572651209,-0.027419211925291086,-0.10364022835686888,-1.1604855999758212,1
sample_08796.html,-0.45150052186590617,-0.4805110314497277,-0.4993703348891979,-0.4913546774013112,-2.256016803315404,-0.3304845408950493,-0.44887348689285445,0.9393008131787418,2.3175687320238123,-0.21549577363779024,-0.01970552937389066,-0.10364022835686888,-1.505252891833849,1
sample_01326.html,0.5139500249802038,0.8915100366720472,0.13758548262824066,0.09352907610110972,0.9399174127631228,-0.32439188771775945,-0.10977361938621372,0.6665528535176413,-0.18504152190664613,-0.18861302552979542,-0.02613359816672435,-0.001328858344741356,-0.4485006777663831,0
sample_07545.html,-0.4235631660306264,-0.4717720437546845,-0.021653471751118984,-0.3901247969874307,1.6008857265239536,-0.2817433154767308,-0.44887348689285445,-0.11308255496212284,-1.9638342592940652,0.06274399910011813,-0.0107062330639235,-0.10233782053493232,-1.079736565696559,1
sample_09789.html,-0.4520377787088923,-0.4805110314497277,-0.5789898120788778,-0.4872645812229726,-0.7067890193140784,-0.3365771940723391,-0.44887348689285445,-1.9925510562714843,0.22606251694284138,-0.2694943572651209,-0.027419211925291086,-0.10364022835686888,-0.8721332970100784,1
sample_00234.html,-0.4520377787088923,-0.4805110314497277,-0.4993703348891979,-0.49237720144589586,-2.256016803315404,-0.3365771940723391,-0.44887348689285445,0.7697782003725013,1.3594781823317037,2.126588734317613,-0.027419211925291086,-0.10364022835686888,-1.5522331665246654,1
sample_06477.html,0.03579143472253109,0.6642963566009252,0.13758548262824066,0.19884905269332886,1.1069810457012341,0.053352609274208505,-0.10977361938621372,0.6357507516234817,-0.6814628908811171,-0.22516335150817152,-0.02613359816672435,-0.08005217558179563,0.9071219567672789,0
sample_00437.html,-0.3096647153175628,-0.3406872283290372,-0.4993703348891979,-0.37376441227407625,0.06381297614258408,-0.2695580091221512,-0.10977361938621372,0.3316516123233787,-2.6902423213346274,-0.26031515301850167,-0.02613359816672435,-0.0910502860781488,3.566025188243186,1
sample_03650.html,-0.1511739466366488,-0.2532973513786057,-0.021653471751118984,0.8041832870874428,0.840866353974007,0.08381587516065754,-0.10977361938621372,0.567430556037615,-0.5545264679371258,-0.2295809129231104,-0.023562370649590873,-0.0975623251878316,1.6817000228341026,0
sample_03676.html,-0.30268037635874284,-0.3319482406339941,-0.4993703348891979,-0.36660674396198367,0.1450017406474816,-0.2695580091221512,-0.10977361938621372,0.343253371727165,-2.672102515785998,-0.25871683934073486,-0.02613359816672435,-0.0910502860781488,3.5513789440734884,1
sample_05249.html,-0.019008763262056125,0.30599786110415605,0.6153023457663196,-0.16107941100046863,-0.0018006363831665423,-0.245187396412992,-0.10977361938621372,0.6272330682969355,-0.18207557063597524,-0.24064701526153764,-0.02613359816672435,-0.08699835063212395,0.03763184000515484,0
sample_05174.html,-0.3821943891206929,-0.2882533021587783,-0.5789898120788778,-0.37376441227407625,1.0349185882949992,-0.31829923454046966,-0.44887348689285445,-1.9925510562714843,-0.7702275040533052,-0.2694943572651209,-0.02613359816672435,-0.10204839657450197,0.2499703599778838,1
sample_04139.html,-0.3402883553677733,-0.3406872283290372,0.45606339138695995,-0.35433645542696784,1.3233120013371062,-0.29392862183131047,-0.10977361938621372,0.6506771177488276,0.4081104974077809,-0.19225362890693096,-0.02613359816672435,-0.06760694528329073,-0.6053256977046615,1
sample_00107.html,-0.2134957404230421,-0.13969051134304472,1.8095945036115169,-0.2214083296309631,-1.2703510853428797,-0.30002127500860026,-0.44887348689285445,0.7616784152373461,1.4146046109519466,5.915247015256854,-0.02613359816672435,-0.07281657657103696,-1.4404779741471863,0
sample_06550.html,1.3681884053281808,0.533211541175278,-0.18089242613047862,1.2735218235517982,0.957486381187519,2.84378776447294,-0.10977361938621372,0.5997232596390745,-0.38914170745178583,-0.21001266977100683,-0.017134301856757187,0.15756489593151893,0.846458829564469,0
sample_07753.html,-0.38165713227770676,-0.4105991298893824,-0.4993703348891979,-0.42080051832497023,0.1746516527038288,-0.30002127500860026,-0.10977361938621372,0.5766664835670271,0.10555281144675187,-0.21536258083130966,-0.014563074339623712,-0.0959704934054647,-0.06282480066795218,1
sample_02801.html,-0.4031474059971527,-0.4018601421943393,-0.5789898120788778,-0.4535212877516791,-0.7166807109929383,-0.29392862183131047,-0.44887348689285445,-1.9925510562714843,-0.196148165290506,-0.2694610590635007,-0.011991846822490236,-0.09524693350438883,-0.7744649941639622,0
sample_08484.html,0.5349030418566636,-0.3057312775488646,0.21720495981792048,0.37165561622813503,0.8968221058268557,1.3206244701504883,-0.10977361938621372,0.636964006880512,0.6401548742263733,-0.21524048742536914,-0.02613359816672435,0.3248519450602593,-0.021819932323707523,0
sample_06753.html,1.8237822081804353,0.8827710489770041,-0.18089242613047862,2.255144906353064,0.5498314760072235,4.09887431899464,-0.10977361938621372,0.5924146132839817,-0.48617103126759525,-0.20697143402303383,-0.01970552937389066,0.23701177306964907,0.8470379753675477,0
sample_03344.html,2.617847822113964,4.623057782455473,0.05796600543856084,2.419771277531193,0.5875568757843671,-0.30611392818589006,0.5684261156270678,0.6847991759571741,-0.12573606717607969,-0.1966156933191696,-0.022276756891024138,0.8495775853204777,0.8323031403121897,0
sample_03274.html,-0.44666521027903083,-0.4805110314497277,-0.34013138050983827,-0.46579157628669493,-2.031717831017028,-0.2817433154767308,-0.10977361938621372,-0.29279883450924066,-1.6369229735774486,-0.1478671261472814,-0.02613359816672435,-0.1034955163766537,-1.344893428018001,1
sample_06833.html,0.10670933799670276,0.707991295076141,0.7745413001456792,0.3215519380434871,1.7211697077339851,-0.09287106698074685,0.5684261156270678,0.49364206935919475,-1.0840880598066158,-0.23537480000501515,-0.013277460581056975,-0.08063102350265633,1.4118181437878903,0
sample_06848.html,2.254662196255327,3.4782503944048204,0.2968244370076003,1.5271077866087919,0.6518356694237072,-0.12333433286719588,0.22932624812042704,0.5500655027886368,0.14920152219813237,-0.1146688191319996,-0.01584868809819045,-0.03345491795250983,-0.1866759670220096,1
sample_00113.html,-0.40690820389805576,-0.4368160929745119,-0.34013138050983827,-0.4729492445987875,-2.256016803315404,-0.2878359686540206,-0.44887348689285445,0.6167774400983126,1.0790764206088785,-0.23691761668008174,0.0021499045217438758,-0.0883007584540605,-0.8690835280661987,0
sample_03709.html,-0.38380615964965137,-0.46303305605964135,-0.34013138050983827,-0.37989955654158414,-0.023003072536334837,-0.23300209005841238,-0.10977361938621372,-0.18118189164151585,-0.15973967648283247,-0.2554314167808808,-0.02613359816672435,-0.09770703716804677,1.223789575610277,0
sample_05635.html,-0.425712193402571,-0.4368160929745119,-0.4197508576995181,-0.2674219116372724,2.2938261653606493,-0.275650662299441,-0.10977361938621372,0.5785617314069578,-1.280866900595724,-0.2511914457745827,-0.02613359816672435,-0.09076086211771846,1.8083551330916976,0
sample_00926.html,-0.4520377787088923,-0.4805110314497277,-0.5789898120788778,-0.48828710526755725,-0.4857802989613899,-0.3365771940723391,-0.44887348689285445,-1.9925510562714843,-2.374105694263592,-0.2694943572651209,-0.027419211925291086,-0.10364022835686888,-0.06926926283400898,0
sample_04704.html,0.8583316613343254,1.957666535467312,0.45606339138695995,0.8900753068325536,0.015527851467932669,-0.17816821146280412,-0.44887348689285445,0.4586750057185115,-0.027596403997248668,-0.059982072671186035,-0.022276756891024138,-0.05805595458908929,0.5365783546886607,0
sample_07566.html,-0.411206258641945,-0.4717720437546845,-0.4197508576995181,-0.42489061450330884,-0.029519648528953925,-0.22690943688112258,-0.10977361938621372,0.1613053972230111,-0.12569266931695397,-0.261569385279527,-0.023562370649590873,-0.10277195647557784,0.19530712384324556,1
sample_03554.html,-0.4520377787088923,-0.4805110314497277,-0.5789898120788778,-0.4903321533567266,-2.146982581932042,-0.3365771940723391,-0.44887348689285445,-1.9925510562714843,6.619420633361601,-0.2694943572651209,-0.027419211925291086,-0.10364022835686888,-1.2748292628841658,0
sample_08436.html,-0.30268037635874284,-0.3319482406339941,-0.4993703348891979,-0.36660674396198367,0.1450017406474816,-0.2695580091221512,-0.10977361938621372,0.343253371727165,-2.6718430659611387,-0.25871683934073486,-0.02613359816672435,-0.0910502860781488,3.551261852867586,1
sample_00325.html,1.1291091101993445,0.6992523073810979,-0.18089242613047862,1.2939723044434912,0.3562640787190715,2.338097550757886,-0.10977361938621372,0.8451254824329154,1.2120353323333555,-0.19424042160359944,-0.018419915615323922,1.8415782096954907,0.4836607044994657,0
sample_08225.html,-0.2752802773664492,-0.3669041914141667,-0.4993703348891979,-0.42489061450330884,0.6349841154311513,-0.29392862183131047,-0.10977361938621372,0.2999201630763352,2.363684314803294,-0.21804863576200115,-0.02613359816672435,0.16928656632894795,-0.476849317897317,1
sample_02111.html,-0.2704449657795739,-0.1833854498182605,0.13758548262824066,-0.37580946036324553,0.7114586031595885,-0.32439188771775945,-0.44887348689285445,0.6473044639388654,1.1357968533930867,1.119839807133693,-0.009420619305356762,-0.05718768270779825,-0.6436026316911229,0
sample_02604.html,0.3248356162490793,-0.0348226590025269,0.21720495981792048,0.44323229934906067,0.3502356887672508,0.9672505858676795,1.2466258506403491,0.5561488095278472,-0.7957789727885717,-0.23893770757837035,-0.02613359816672435,-0.031284238249282226,0.43228964648267054,0
sample_03139.html,0.39736529005220944,0.22734697184876765,0.13758548262824066,0.6917056421831311,0.9824601031058371,0.40063384037972744,-0.44887348689285445,0.4153480997340105,0.4856072516043192,3.5348140784355873,-0.02613359816672435,0.13991003434526778,-1.0420006032507458,0
sample_05025.html,0.3414905783816499,0.6380793935157958,0.9337802545250389,0.07512364329858598,0.22194687603145818,-0.275650662299441,-0.10977361938621372,0.668352097489366,0.21008888850698604,-0.1404749253876098,-0.02613359816672435,0.07652618701102187,-0.2914322056415064,0
sample_01491.html,-0.3821943891206929,-0.2882533021587783,-0.5789898120788778,-0.37376441227407625,1.0349185882949992,-0.31829923454046966,-0.44887348689285445,-1.9925510562714843,-0.772170434420878,-0.2694943572651209,-0.02613359816672435,-0.10204839657450197,0.2499703599778838,1
sample_07157.html,-0.4520377787088923,-0.4805110314497277,-0.5789898120788778,-0.4903321533567266,-1.4432971508353185,-0.3365771940723391,-0.44887348689285445,-1.9925510562714843,-0.5278368103256079,-0.2694943572651209,-0.027419211925291086,-0.10364022835686888,-0.20984679256813155,0
sample_08062.html,-0.4520377787088923,-0.4805110314497277,-0.5789898120788778,-0.486242057178388,-1.0200836873138628,-0.3365771940723391,-0.44887348689285445,-1.9925510562714843,0.19333343166059386,-0.2694943572651209,-0.027419211925291086,-0.10364022835686888,0.25538278721721513,1
sample_05363.html,-0.30268037635874284,-0.3232092529389509,-0.34013138050983827,-0.36660674396198367,-0.3065179257298357,-0.23909474323570218,-0.10977361938621372,0.3253080328001376,-0.3154662335056684,-0.20439637309774283,-0.02613359816672435,-0.09177384597922467,0.5709116448656412,0
sample_03933.html,-0.4520377787088923,-0.4805110314497277,-0.5789898120788778,-0.4913546774013112,-2.256016803315404,-0.3365771940723391,-0.44887348689285445,-1.9925510562714843,-0.834531934820573,-0.2694943572651209,-0.027419211925291086,-0.10364022835686888,-1.2476211570692826,1
sample_07145.html,-0.3950885533523605,-0.46303305605964135,-0.26051190332015844,-0.36251664778364506,-0.0009308330050949547,-0.2634653559448614,-0.10977361938621372,0.5732362643364298,0.17634110588453422,-0.22950321711933006,0.026576565934511888,-0.10291666845579302,-0.07030679965238253,1
sample_03522.html,0.03203063682162804,-0.38438216680425297,0.13758548262824066,1.3174903574689383,1.1042172905094496,0.7783783373716955,7.689523333266523,0.5090227207587971,-0.4912448288906461,-0.20538421974580706,-0.02613359816672435,0.06668577235639009,0.36960115823281553,0
sample_03658.html,-0.3327667595659672,-0.3232092529389509,-0.1012729489407988,-0.3410436428473674,0.5666846893635782,-0.30002127500860026,-0.10977361938621372,0.6732581510290361,0.7965042637887524,-0.13055206130480743,-0.02613359816672435,-0.07252715261060662,-0.8188983363020902,1
sample_09430.html,-0.4520377787088923,-0.4805110314497277,-0.4993703348891979,-0.49237720144589586,-2.256016803315404,-0.3365771940723391,-0.44887348689285445,0.4414994636101302,0.003415189057522484,-0.26607574189878624,-0.027419211925291086,-0.10364022835686888,-1.3764110403993035,1
sample_00891.html,-0.19630352144748534,-0.026083671307483746,0.05796600543856084,0.5168540305591557,0.7735579011782454,0.2239468982383231,-0.10977361938621372,0.5346401947573739,-1.0338349020138449,-0.2324334588619026,-0.02613359816672435,-0.038664549240256064,1.3744969222786099,0
sample_05964.html,1.0152106594862809,1.5906290522754996,0.3764439141972801,1.403382377214049,0.9055595646379697,0.26050281730206193,0.5684261156270678,0.28264111857276436,0.20459714732909545,-0.07817399015632373,-0.02613359816672435,0.14005474632548295,0.021862870960144026,0
sample_01567.html,-0.45096326502292,-0.4805110314497277,-0.4993703348891979,-0.4913546774013112,-2.256016803315404,-0.3304845408950493,-0.44887348689285445,0.9259479743899193,2.2021646495908085,0.0500462848823039,-0.013277460581056975,-0.10364022835686888,-1.5444713402880013,1
sample_04199.html,-0.4498887513369477,-0.4805110314497277,-0.4993703348891979,-0.4412509992166633,0.08611058634683706,-0.29392862183131047,-0.10977361938621372,0.3760226804219344,-0.06506638801011218,-0.26732997415981163,-0.02613359816672435,-0.1034955163766537,-0.24597381676130536,1
sample_00112.html,-0.41872785444375105,-0.44555508066955507,-0.4993703348891979,-0.41466537405746234,-0.8807664702485071,-0.30002127500860026,-0.10977361938621372,0.40973863008096567,0.42220264208583586,-0.25702973045864763,-0.014563074339623712,-0.10045656479213506,-0.37157295495220827,1
sample_08994.html,-0.4520377787088923,-0.4805110314497277,-0.4993703348891979,-0.49237720144589586,-2.256016803315404,-0.3365771940723391,-0.44887348689285445,-0.004742027525112441,-2.7251547878533584,0.15261584527288197,-0.027419211925291086,-0.10364022835686888,-1.5505431992279672,1
sample_03273.html,-0.4450534397500724,-0.4717720437546845,-0.18089242613047862,-0.4238680904587242,-0.19777370542262548,-0.3304845408950493,-0.10977361938621372,0.7831168500294547,1.6640255750271855,-0.23497522158557343,0.009863587073144301,-0.1034955163766537,-0.20734781252132403,0
sample_03095.html,-0.440218128163197,-0.4805110314497277,-0.5789898120788778,-0.48419700908921864,-2.256016803315404,-0.30611392818589006,-0.44887348689285445,-1.9925510562714843,-0.19975210603412946,-0.26943886026242064,-0.01584868809819045,-0.09437866162309778,-1.2002264804210399,1
sample_06557.html,-0.34780995116957936,-0.31447026524390775,-0.1012729489407988,-0.45045371561792513,-1.694113192674487,-0.3365771940723391,-0.44887348689285445,0.5526132283217479,1.792972176608557,-0.19075520983402458,0.05357445486441338,-0.0612396181538231,-1.4007710307255694,1
sample_09450.html,-0.1280719023882444,-0.1659074744281742,-0.1012729489407988,0.1681733313557893,-0.010208796265245642,0.1569277132881352,-0.44887348689285445,0.510745258256449,0.5321397041293936,0.3095613689091523,-0.02613359816672435,-0.07628966409620112,-0.5299608510976459,0
sample_04554.html,-0.15708377190949643,-0.1833854498182605,0.45606339138695995,-0.1764172716692384,0.6083062995644121,0.10209383469252695,-0.10977361938621372,0.3958560760024663,1.4984565287892597,-0.21519608982320895,-0.022276756891024138,-0.08280170320588393,-0.005735803973462568,0
sample_06185.html,-0.4488142376509754,-0.4805110314497277,-0.5789898120788778,-0.45454381179626374,-1.8050326996321606,-0.31829923454046966,-0.10977361938621372,-1.9925510562714843,0.1671051128879591,-0.2694943572651209,-0.011991846822490236,-0.10364022835686888,-0.3814384203341525,1
sample_02827.html,-0.3316922458799949,-0.4805110314497277,-0.5789898120788778,-0.251061526923918,0.992507393449225,-0.025851882030558975,0.5684261156270678,-1.9925510562714843,-0.7841624734434316,-0.2694943572651209,-0.01584868809819045,-0.10320609241622336,0.18575877341522562,1
sample_08251.html,0.878747421367799,1.5644120891903701,0.3764439141972801,0.3788132845402276,0.2671969274210895,-0.30611392818589006,0.22932624812042704,0.7015079235936027,-0.1160407490548462,-0.21868130159278384,-0.02613359816672435,0.0661069244355294,-0.1696722796200342,0
sample_05896.html,-0.4520377787088923,-0.4805110314497277,-0.5789898120788778,-0.48828710526755725,-0.4857802989613899,-0.3365771940723391,-0.44887348689285445,-1.9925510562714843,-2.374105694263592,-0.2694943572651209,-0.027419211925291086,-0.10364022835686888,-0.06926926283400898,0
sample_05369.html,-0.2699077089365878,-0.3406872283290372,-0.1012729489407988,-0.04655671800698761,0.7092218170953438,0.2848734300112211,-0.44887348689285445,-0.14648692295745683,-0.2968539415876172,-0.1835295000824537,-0.02613359816672435,-0.05776653062865894,0.9247437073812653,1
sample_01051.html,1.8662254987763411,-0.26203633907364887,1.0133997317147188,1.2909047323097373,0.7909258927886845,2.679286128686115,0.5684261156270678,0.38108503872707183,-0.2642761938821106,-0.18527210596724114,-0.02613359816672435,0.29475185317550323,0.5195302088731307,0
sample_04970.html,-0.19522900776151303,-0.27951431446373515,-0.4993703348891979,-0.18459746402591562,-0.4075135590406701,-0.08677841380345704,-0.44887348689285445,0.3637709064192041,0.05631071330058891,-0.25843935432723364,-0.022276756891024138,-0.022746231416587003,0.03260620096374636,0
sample_09849.html,0.07662295478947842,0.39338773805458754,-0.26051190332015844,-0.10279554045914346,0.22933949921264687,-0.30002127500860026,0.5684261156270678,0.6671204377280716,-0.10097240104188822,-0.19693757593483097,-0.02613359816672435,-0.07701322399727699,-0.14307534009611472,0
sample_01536.html,0.1464663443776778,0.19239102106859504,-0.18089242613047862,-0.0680297229432653,-1.5636559245377377,-0.3304845408950493,-0.44887348689285445,0.3139452304375915,0.34476284870599766,0.004805128281070676,-0.009420619305356762,0.08332765008113502,0.8349070865430225,1
sample_04338.html,-0.25325274680401716,-0.13095152364800158,0.3764439141972801,-0.19891280065010075,0.23623552446867022,-0.19035351781738374,0.22932624812042704,0.7032832799695565,0.6926544152149999,-0.21209935707253572,-0.0209911431324574,-0.08410411102782048,-0.7353966482656021,1
sample_09315.html,-0.3526452627564547,-0.4018601421943393,-0.021653471751118984,-0.3349084985798595,-1.61853551235032,-0.3365771940723391,-0.44887348689285445,0.4854838768941978,1.4895262160670109,-0.2038525024712805,0.042003931037312744,-0.08439353498825083,-0.8394997654109041,1
sample_03499.html,0.18299980970073593,0.07004519333799093,-0.34013138050983827,-0.14062893010877558,0.44939616261385407,0.19957628552916384,0.5684261156270678,0.4453767293466076,0.07261157029802996,-0.2602041590131012,-0.02613359816672435,0.04975447067121482,-0.22975632620805533,0
sample_00360.html,-0.4520377787088923,-0.4805110314497277,-0.5789898120788778,-0.48828710526755725,-0.4857802989613899,-0.3365771940723391,-0.44887348689285445,-1.9925510562714843,-2.374105694263592,-0.2694943572651209,-0.027419211925291086,-0.10364022835686888,-0.06926926283400898,0
sample_05394.html,0.6520250336276441,1.2061135936936007,-0.021653471751118984,0.2428175866104689,-0.0794615450034016,-0.31220658136317986,-0.10977361938621372,0.6933125720528691,-0.27121753634339735,-0.21348678214004166,-0.02613359816672435,-0.06688338538221486,-0.09821591425905153,0
sample_09187.html,-0.43592007341930783,-0.4542940683645982,-0.4993703348891979,-0.3553589794715525,-1.482185346766381,-0.3365771940723391,-0.10977361938621372,0.3658551468535765,-0.4372075209566777,-0.25993777340014007,0.04586077231301296,-0.10262724449536266,-0.8044173965973357,1
sample_03526.html,-0.328468704822078,-0.4193381175844256,-0.4993703348891979,-0.1876650361596696,0.374847748106387,-0.06240780109429781,1.58572571814699,-0.2956367458507907,-0.7180539143855277,-0.2688616914343382,-0.02613359816672435,-0.08613007875083291,0.34408248517065476,0
sample_04412.html,-0.4488142376509754,-0.4805110314497277,-0.4993703348891979,-0.46681410033127957,-1.7152960677142615,-0.31220658136317986,-0.10977361938621372,0.3391934432522604,0.2355059044790332,-0.2680514351949147,-0.02613359816672435,-0.10364022835686888,-0.7436898242513591,1
sample_03031.html,-0.1173267655285214,0.131218107203293,1.1726386860940783,-0.07620991529994252,0.1262566224298372,-0.275650662299441,1.2466258506403491,0.6217504623202148,0.32056615900488034,0.04719373894351172,-0.002992550512523074,-0.09900944498998333,-0.18171283051273587,0
sample_03713.html,-0.4079827175840281,-0.44555508066955507,-0.5789898120788778,-0.4729492445987875,-1.1680996285521696,-0.2817433154767308,-0.44887348689285445,-1.9925510562714843,-0.05402684354129743,-0.26943886026242064,-0.002992550512523074,-0.0932209657813764,-0.9258764395490112,1
sample_03358.html,-0.4343083028903494,-0.4717720437546845,-0.4197508576995181,-0.44022847517207864,0.06416672343532498,-0.2817433154767308,-0.10977361938621372,0.3600250372681366,0.7659309085110805,-0.25508733536413936,-0.02613359816672435,-0.10320609241622336,0.4849951218266504,1
sample_02645.html,0.0873680916492014,0.6817743319910116,-0.26051190332015844,0.6027460503042664,0.5685703261900807,-0.32439188771775945,-0.10977361938621372,0.7354087417543408,-0.35031223200447553,-0.23453124556397154,-0.02613359816672435,-0.08757719855298464,0.2872476054669534,0
sample_04326.html,-0.059303026486017305,-0.07851759747774266,1.2522581632837582,-0.06496215080951134,-0.1536440213446724,-0.03803718838513859,0.5684261156270678,0.565000886664674,0.3487872977862613,0.7323153366784779,-0.02613359816672435,0.02225919443033189,0.03226385814172003,0
sample_00324.html,-0.2752802773664492,-0.08725658517278581,-0.26051190332015844,0.043425397916461765,0.9043033717376857,-0.13551963922177548,0.9075259831337085,0.5363196764161308,-0.812702247737333,-0.21001266977100683,-0.02613359816672435,-0.09495750954395848,0.5146237992135272,0
sample_03055.html,-0.0034283148154578,0.19239102106859504,0.7745413001456792,0.011727152534337554,-1.5521291902463437,-0.25128004959028183,-0.44887348689285445,0.5950309320830651,0.9507669458479483,0.05939198013702382,-0.013277460581056975,-0.007262049533563461,-0.9187850227209625,0
sample_01516.html,-0.3698374817320115,-0.4018601421943393,-0.021653471751118984,-0.30730034937607387,-1.4009381896127706,-0.3304845408950493,-0.44887348689285445,0.4822831114240417,1.4385478893957988,-0.20356391805723928,0.009863587073144301,-0.08613007875083291,-0.7888662998540571,1
sample_04060.html,-0.24035858257234954,-0.38438216680425297,-0.18089242613047862,-0.010768376446524789,1.6400111872539445,0.028981996565049278,-0.10977361938621372,-0.14906956538826674,0.7202641393710018,-0.2075486028511163,-0.02613359816672435,-0.08366997508717497,1.1227305560276535,0
sample_09133.html,-0.2951587805569368,-0.27951431446373515,0.7745413001456792,-0.2152731853634552,0.9502366207508993,-0.03803718838513859,0.22932624812042704,0.5225826517334183,-0.33345803363383586,-0.21344238453788147,-0.02613359816672435,-0.08960316627599707,-0.06378385078556417,0
sample_03029.html,-0.33115498903700874,-0.34942621602408036,-0.4993703348891979,-0.4003500374332772,0.4618700726624893,-0.2817433154767308,-0.10977361938621372,0.3316516123233787,0.10399017178312107,-0.26031515301850167,-0.004278164271089811,-0.09582578142524951,-0.3918705153675585,1
sample_07566.html,0.41187122481283545,-0.2969922898538215,-0.4993703348891979,0.936088888838863,1.1826389447585317,0.8636754818537528,-0.10977361938621372,0.45169328426405125,-0.9663629039205925,-0.2418457505198628,-0.02613359816672435,-0.06413385775812656,-0.09247419489328564,0
sample_04489.html,0.1792390117998329,0.35843178727441494,1.3318776404734378,0.26531311559133125,1.0578079191513752,0.4371897594434663,0.22932624812042704,0.6139432823900258,-0.44220444207783893,0.05888140771218164,-0.02613359816672435,-0.05805595458908929,0.9384702099720214,0
sample_02115.html,-0.4235631660306264,-0.4805110314497277,-0.4197508576995181,-0.43613837899374003,-0.038440261133369846,-0.2817433154767308,-0.10977361938621372,0.18812885615078476,-0.5433018265648515,-0.245175570681877,-0.01584868809819045,-0.09958829291084402,1.584727657130836,1
sample_05586.html,-0.3096647153175628,-0.3406872283290372,-0.4993703348891979,-0.37376441227407625,0.06381297614258408,-0.2695580091221512,-0.10977361938621372,0.3316516123233787,-2.6903442224846508,-0.26031515301850167,-0.02613359816672435,-0.0910502860781488,3.5660843661725488,1
sample_00220.html,-0.41281802917090343,-0.4805110314497277,-0.4993703348891979,-0.4453410953950019,-0.04733162896485178,-0.25128004959028183,-0.10977361938621372,-0.037863913618227156,-0.7604689444900576,-0.26883949263325807,-0.0107062330639235,-0.09770703716804677,-0.0645550282523497,1
sample_01452.html,-0.24358212363026646,-0.4542940683645982,0.13758548262824066,-0.15494426673296072,1.9089996487815966,-0.05631514791700801,-0.10977361938621372,0.48834417748560627,0.6948735694924223,-0.2467405861580237,-0.00042132299538959916,-0.10219310855471715,0.40805536525420266,1
sample_05745.html,-0.42195139550166794,-0.4193381175844256,-0.34013138050983827,-0.41057527787912373,0.4564590205484441,-0.3304845408950493,-0.10977361938621372,0.5848007821243616,0.25198773824852444,-0.1925644121220523,0.0021499045217438758,-0.1034955163766537,-0.03879944790787383,1
sample_09927.html,1.310701923128663,0.20986899645868135,0.3764439141972801,1.5618736041246701,0.8989708911051172,2.5391551056084496,-0.44887348689285445,0.13317074433252216,-0.6116781523006146,0.028036173611389895,-0.022276756891024138,-0.0026312661666779156,0.3052765482135288,0
sample_04706.html,5.171966853670116,1.0051168767076082,-0.18089242613047862,15.505011476080984,1.6061189117957777,17.24072722240875,-0.10977361938621372,0.6175481035882012,-1.2101609675847653,-0.2064275633965715,-0.01970552937389066,0.46174947834381325,2.122887861523348,0
sample_02582.html,-0.4498887513369477,-0.4805110314497277,-0.5789898120788778,-0.4790843888662954,-1.3476059645985698,-0.32439188771775945,-0.10977361938621372,-1.9925510562714843,0.27527684025315774,-0.2694943572651209,-0.002992550512523074,-0.10277195647557784,-0.792065571621464,1
sample_07227.html,0.24639611717310153,0.3671707749694581,-0.34013138050983827,0.48413326113244676,0.8833960177052941,0.022889343387759473,-0.10977361938621372,0.6630830043485888,1.1009191170070352,0.360762903600391,-0.018419915615323922,-0.010590425078512447,-0.758743038913461,0
sample_02744.html,0.6278484756932674,1.2498085321688166,-0.021653471751118984,0.3665429960052118,0.8744532035399798,-0.245187396412992,0.22932624812042704,0.6549119142618098,0.8146266592071058,10.284159757628695,-0.02613359816672435,0.11154648622309382,-1.2721743133354957,0
sample_00523.html,-0.2494919489031141,-0.008605695917397443,0.05796600543856084,-0.21629570940803983,-0.04821467091687936,-0.20253882417196337,-0.44887348689285445,0.18301512778918697,-0.9563417323316298,-0.17431699763421435,-0.02613359816672435,-0.08439353498825083,1.6854418828117415,0
sample_06979.html,-0.4310847618324325,-0.4805110314497277,-0.4993703348891979,-0.4463636194395865,0.3146597040998842,-0.2878359686540206,-0.10977361938621372,0.2203667060172605,0.15554046797165738,-0.2662977299095872,-0.0107062330639235,-0.10364022835686888,-0.3697532629590689,1
sample_05989.html,-0.4450534397500724,-0.4717720437546845,-0.4197508576995181,-0.44431857135041725,-1.2567046833686406,-0.3304845408950493,-0.10977361938621372,0.2937847259405157,-0.13952213244207742,-0.26673060653064906,0.009863587073144301,-0.1034955163766537,-0.4398808432610943,1
sample_02408.html,-0.3821943891206929,-0.2882533021587783,-0.5789898120788778,-0.37376441227407625,1.0298242566479083,-0.31829923454046966,-0.44887348689285445,-1.9925510562714843,-0.2285732750027962,-0.2694943572651209,-0.02613359816672435,-0.10204839657450197,0.2305492430794769,1
sample_02250.html,0.5628403976919434,0.8827710489770041,1.0930192089043984,0.030132585336861292,0.2869615975155319,-0.2573727027675716,0.5684261156270678,0.7130324458389081,0.37460659823871856,-0.10894152845333514,-0.02613359816672435,0.012418779775700108,-0.1880456381762474,0
sample_04050.html,-0.31396277006145196,-0.3406872283290372,-0.4993703348891979,-0.37376441227407625,0.05687775598690603,-0.2695580091221512,-0.10977361938621372,0.3316516123233787,-2.6987916120296087,-0.26031515301850167,-0.02613359816672435,-0.09683876528675574,3.5716534930225863,1
sample_05091.html,-0.42624945024555716,-0.4717720437546845,-0.26051190332015844,-0.3676292680065683,-0.7560174256915088,-0.11724167968990606,0.22932624812042704,0.46469427929052154,-0.057524199060505724,-0.23469773657207224,-0.017134301856757187,-0.10277195647557784,0.2361956441280885,0
sample_03411.html,0.10670933799670276,0.5069945780901485,-0.021653471751118984,0.2775834041263471,0.5920822576110247,-0.245187396412992,0.22932624812042704,0.24165120203211646,-0.8369193063380932,-0.21966914824084807,-0.02613359816672435,-0.08424882300803566,-1.0066424488589034,0
sample_09486.html,-0.014173451675180781,0.07878418103303408,0.6949218229559994,-0.18357493998133098,0.4698940595448026,-0.30611392818589006,-0.44887348689285445,0.5980233551273951,0.425025629946848,-0.158311662055466,-0.02613359816672435,-0.056898258747367904,0.17699137869744164,0
sample_05080.html,-0.42302590918764027,-0.4805110314497277,-0.18089242613047862,-0.0956378721470509,0.6201671110258526,-0.10505637333532646,0.9075259831337085,0.42112699414709426,-0.21140622475409684,-0.13254995340201597,-0.02613359816672435,-0.10320609241622336,0.2500854042714921,1
sample_09507.html,0.14807811490663625,0.5506895165653642,0.6949218229559994,0.03320015747061525,0.3874409143299288,-0.31829923454046966,0.22932624812042704,0.6207614340920158,0.1604720850100175,-0.17332915098615015,-0.02613359816672435,-0.05762181864844377,-0.6541066685210076,0
sample_09114.html,-0.34780995116957936,-0.3232092529389509,-0.021653471751118984,-0.061894578675757386,0.770616806022527,-0.31829923454046966,-0.10977361938621372,0.4779885408139643,0.2942979728107185,-0.2349197245828732,-0.01970552937389066,-0.08743248657276947,-0.15984789589823953,1
sample_06294.html,-0.4520377787088923,-0.4805110314497277,-0.5789898120788778,-0.49237720144589586,-2.256016803315404,-0.3365771940723391,-0.44887348689285445,-1.9925510562714843,-1.2972817976803461,-0.2694943572651209,-0.027419211925291086,-0.10364022835686888,-1.3042592724394466,1
sample_03219.html,0.5918522672131954,1.7566698184813194,-0.26051190332015844,1.0322061490298202,1.118180867156063,-0.03803718838513859,0.22932624812042704,0.5727323870169676,-1.0885521088824235,-0.25832836032183315,-0.02613359816672435,-0.08265699122566875,1.0057523605429637,0
sample_02690.html,-0.3182608248053412,-0.3406872283290372,0.13758548262824066,-0.3850121767645074,0.46783304492177735,-0.3304845408950493,-0.10977361938621372,0.6675505057316139,0.6843723279171707,-0.2327442420770239,-0.00042132299538959916,-0.07382956043254318,-0.4545480259094336,1
sample_04020.html,-0.440218128163197,-0.4805110314497277,-0.5789898120788778,-0.45863390797460235,0.3490342367041085,-0.30002127500860026,-0.44887348689285445,-1.9925510562714843,-1.3142647887836878,-0.2694943572651209,-0.017134301856757187,-0.10364022835686888,1.0188871490283935,1
sample_04364.html,-0.45150052186590617,-0.4805110314497277,-0.4993703348891979,-0.4913546774013112,-2.256016803315404,-0.3304845408950493,-0.44887348689285445,0.9293790811695533,2.2318361158287465,-0.10339182818331144,-0.01970552937389066,-0.10364022835686888,-1.5370096539746319,1
sample_04206.html,1.101709011207051,1.2847644829489893,1.4114971176631177,0.3972187173427513,-0.33223433406952735,-0.17816821146280412,1.2466258506403491,0.6019084903358589,0.5897202967474282,-0.10444627123461594,-0.02613359816672435,0.06625163641574458,-0.5424103411690997,0
sample_02467.html,0.2791687845952566,0.5244725534802348,0.3764439141972801,0.4708404485528463,0.5052618606722248,-0.007573922498689558,-0.44887348689285445,0.5436078003846289,0.8739912867499239,0.6992724212707567,-0.0209911431324574,0.06075258116756799,-0.8042679459244403,0
sample_03727.html,-0.35533154697138547,-0.3669041914141667,-0.4993703348891979,-0.3257057821785976,0.9597891905515219,-0.29392862183131047,-0.10977361938621372,0.3583811095225799,-0.3457548671024653,-0.260859023644964,-0.004278164271089811,-0.10103541271299576,0.5120188360453757,1
sample_04679.html,-0.35533154697138547,-0.3669041914141667,-0.4993703348891979,-0.3257057821785976,0.9597891905515219,-0.29392862183131047,-0.10977361938621372,0.3583811095225799,-0.3456666525139599,-0.260859023644964,-0.004278164271089811,-0.10103541271299576,0.5121214684886306,1
sample_07884.html,-0.4391436144772247,-0.46303305605964135,-0.4993703348891979,-0.4453410953950019,-0.13902459024072258,-0.31220658136317986,-0.10977361938621372,0.3498149853427134,-0.288761666168623,-0.25054768054325993,-0.02613359816672435,-0.10320609241622336,0.4753483631565463,1
sample_02867.html,0.622475907263406,0.8041201597216157,4.83513463681935,0.4473223955273993,0.1336831596156713,0.571228129343842,0.22932624812042704,0.7294314713919523,0.7039983781679006,0.3018250867327393,-0.02613359816672435,-0.004801945869905515,-0.5532691065960481,0
sample_01592.html,-0.24250760994429416,-0.20960241290338993,-0.4993703348891979,-0.31752558982192036,0.8298338557395974,-0.3365771940723391,-0.10977361938621372,0.01660112101228969,0.024221177991065417,-0.2653542808636832,0.0008642907631771383,-0.08395939904760531,-0.14945186302667832,1
sample_03496.html,-0.1366680118760228,-0.3232092529389509,-0.021653471751118984,-0.12017844921708255,-1.511371860285682,0.0472599560969187,-0.44887348689285445,0.08059799192403784,0.36791026711679353,0.04416360259607878,-0.009420619305356762,-0.05110977953876097,1.1582667526762405,1
sample_08821.html,-0.3741355364759007,-0.3669041914141667,0.21720495981792048,-0.4238680904587242,-0.3707932068472659,-0.2878359686540206,-0.44887348689285445,-0.027546981464654282,-0.9508339741428983,-0.19810301299153596,-0.0017069367539563366,-0.084538246968466,1.9887980137913328,0
sample_07175.html,-0.4520377787088923,-0.4805110314497277,-0.4993703348891979,-0.4893096293121419,-1.2220532489725586,-0.3365771940723391,-0.44887348689285445,0.32418795222737506,-0.48658965979427865,-0.2678294471841138,-0.027419211925291086,-0.10364022835686888,0.11082971052464799,1
sample_07561.html,0.2700354182644921,0.646818381210839,0.6153023457663196,0.40642143374401324,0.7964677742317215,-0.20253882417196337,-0.10977361938621372,0.6586483340259203,-0.002376930300590394,-0.14495908320578896,-0.02613359816672435,-0.044742452409293344,-0.5477059770686598,0
sample_04105.html,-0.3096647153175628,-0.3406872283290372,-0.4993703348891979,-0.37376441227407625,0.06381297614258408,-0.2695580091221512,-0.10977361938621372,0.3316516123233787,-2.6903216724904446,-0.26031515301850167,-0.02613359816672435,-0.0910502860781488,3.5660843661725488,1
sample_08224.html,1.8812686903799534,2.5606566864252893,-0.4197508576995181,0.40233133756567463,-0.0005788177490199736,-0.2634653559448614,-0.10977361938621372,0.39615744308375705,-0.2352217816994149,-0.263667171981596,-0.011991846822490236,0.05814776552369487,-0.10534757833714199,1
sample_02523.html,-0.4455906965930585,-0.4805110314497277,-0.4993703348891979,-0.459656432019187,-1.6831451007685423,-0.30002127500860026,-0.10977361938621372,0.3391934432522604,0.2634045528499451,-0.2680514351949147,-0.008135005546790024,-0.10335080439643853,-0.5391840292991381,1
sample_06645.html,-0.12753464554525823,-0.17464646212321733,-0.021653471751118984,0.011727152534337554,0.0017685703628743802,-0.007573922498689558,-0.44887348689285445,0.6579376131120743,0.5592333019991284,0.6488478446173214,-0.02613359816672435,0.031665473144318154,-0.1575351587950167,0
sample_08176.html,0.6939310673805638,1.5731510768854131,-0.4197508576995181,0.27962845221551635,1.8015718187329155,-0.2634653559448614,-0.10977361938621372,0.46386173887264087,-0.15475823418035062,-0.25631936882408457,-0.0017069367539563366,-0.06861992914479693,0.6907378385000269,1
sample_08587.html,0.6853349578927853,1.3983713229845502,0.13758548262824066,0.3195068899543178,0.6855757678981718,-0.013666575675979363,-0.10977361938621372,0.6247256354508762,-0.725323291409107,-0.23523050779799454,-0.02613359816672435,-0.02650874290218151,0.08800958493928804,0
sample_07156.html,-0.27742930473839383,-0.24455836368356254,-0.26051190332015844,-0.3747869363186609,-0.22925128558182062,-0.30611392818589006,-0.10977361938621372,0.17074590480544438,-0.41602546702896676,-0.1730405665721089,-0.02613359816672435,-0.09090557409793362,1.086838887635501,1
sample_00117.html,-0.07058542018872643,0.39338773805458754,1.4911165948527976,0.23668244234296099,-0.30679516666173967,-0.23909474323570218,0.5684261156270678,0.6992870365367652,0.9213321554085157,0.3113483723960999,-0.02613359816672435,-0.06731752132286038,-0.6903941993210048,0
sample_08738.html,-0.094224721280117,-0.008605695917397443,0.2968244370076003,0.12011470126031067,-0.12063628974445384,0.08381587516065754,0.5684261156270678,0.6239700806868805,0.0334889603765273,-0.16390575992764989,-0.02613359816672435,0.03701981641227957,0.02604884571764066,0
sample_00972.html,1.4557612707349232,1.5381951261052407,0.05796600543856084,0.3644979479160425,1.1520373270028947,-0.21472413052654296,0.5684261156270678,0.5220811831288203,-0.5827932062728522,-0.24879397525793245,-0.005563778029656549,-0.051254491518976146,0.35971335934283044,1
sample_00277.html,-0.2408958394153357,-0.3669041914141667,-0.4197508576995181,-0.3533139313823832,0.10904868069703597,-0.31829923454046966,0.22932624812042704,0.7505234479216636,0.9893611334660168,-0.19985671827686344,-0.02613359816672435,0.02529814601485053,0.38304135385534466,1
sample_08205.html,0.2603647950907414,-0.3756431791092098,-0.1012729489407988,1.6037970899526408,1.1158093879887256,3.1118645042736914,0.22932624812042704,0.002000197464157613,0.16720149048681296,-0.1513523379168563,-0.02613359816672435,-0.08584065479040257,0.19753117879720253,0
sample_07135.html,1.0565794363962144,-0.34942621602408036,-0.4993703348891979,1.917711971640129,1.1954624476343383,1.801944071156383,-0.10977361938621372,-0.21791513708123667,0.5030588484283103,-0.269061480644059,-0.02613359816672435,0.027034689777432612,-0.8328596079992608,0
sample_07137.html,-0.411206258641945,-0.4805110314497277,-0.5789898120788778,-0.4064851817007851,0.40527968682949617,-0.25128004959028183,0.22932624812042704,-1.9925510562714843,-0.07061459816401669,-0.2694166614613405,-0.02613359816672435,-0.10320609241622336,-0.44097379012568666,1
sample_05957.html,1.1865955923988625,1.1536796675233418,-0.1012729489407988,0.6344442956863906,1.1471342521737875,0.5468575166346828,-0.44887348689285445,0.6358943942492696,0.964984656680793,-0.11777665128321288,-0.02613359816672435,0.3126961387221847,-0.5934479089336057,0
sample_03695.html,0.1212152727573288,0.31473684879919916,0.21720495981792048,-0.18255241593674632,0.5040708068851494,-0.3304845408950493,-0.44887348689285445,0.6583379496794682,0.4080357453486477,-0.22121196491591466,-0.018419915615323922,-0.07339542449189766,-0.4163213520943072,0
sample_09004.html,0.1948194602464312,0.1661740579834656,2.0484529351805563,-0.16823707931256118,0.9826556233986901,-0.32439188771775945,-0.44887348689285445,0.7393627974760695,1.3087852854889537,2.7079198376025957,-0.005563778029656549,0.04295300760110168,-1.2174381184670597,0
sample_02427.html,-0.22907618886964043,-0.20960241290338993,-0.4993703348891979,-0.14062893010877558,0.6583183616920423,-0.2573727027675716,0.22932624812042704,-0.259914533349282,0.11132592412366674,-0.212399040887117,-0.02613359816672435,-0.09336567776159158,-0.366936972393468,1
sample_02562.html,-0.19361723723255458,-0.2008634252083468,0.3764439141972801,-0.3124129695989971,0.6299691546670757,-0.32439188771775945,0.22932624812042704,0.4788348566920621,0.23025962785495768,-0.1588222344803082,-0.004278164271089811,-0.06225260201532931,0.39911930235572896,1
sample_06398.html,2.3932744617457535,1.2585475198638598,-0.18089242613047862,3.685656044726992,0.9346763424852182,5.786539249103916,-0.10977361938621372,0.5911060654603539,-0.6851631371212958,-0.20630546999063099,-0.022276756891024138,0.2388930288124463,1.3516064454910393,0
sample_02160.html,-0.3273941911361057,-0.3406872283290372,-0.4993703348891979,-0.3931923691211846,0.4911933928541008,-0.2817433154767308,-0.10977361938621372,0.343253371727165,0.014983124928785611,-0.25871683934073486,-0.004278164271089811,-0.09582578142524951,-0.20254721649351112,1
sample_07438.html,0.1846115802296944,0.7516862335513568,0.05796600543856084,0.28065097626010105,-0.14827108009334744,-0.2817433154767308,2.6030253206669123,0.4826498983465206,0.6285747247405711,-0.21494080361078788,-0.017134301856757187,-0.07310600053146732,-0.8915794983623502,0
sample_05337.html,-0.3805826185917345,-0.3232092529389509,-0.4993703348891979,-0.38398965271992275,0.26182505203848216,-0.3365771940723391,-0.10977361938621372,-0.13218023987969355,0.32939277574486214,-0.2689060890364984,0.006006745797444088,-0.08366997508717497,0.07149494008641004,1
sample_03581.html,-0.4036846628401389,-0.4018601421943393,-0.4993703348891979,-0.4064851817007851,0.9518734680729665,-0.3365771940723391,-0.10977361938621372,0.42594168742850946,-0.354148975623084,-0.26529878386098293,0.01629165586597799,-0.10089070073278059,0.4939973378014802,1
sample_05963.html,0.8841199897976605,1.8265817200416645,-0.021653471751118984,0.4115340539669365,1.197615563004265,-0.2695580091221512,1.2466258506403491,0.49026498654358974,-0.10077730251944102,-0.2512913403794431,-0.02613359816672435,-0.02375921527809322,0.16973068091878005,1
sample_03129.html,-0.060914797014975756,0.131218107203293,0.6949218229559994,-0.24185881052265615,1.4517256902828606,-0.1294269860444857,-0.10977361938621372,0.6099448463032676,0.8285691684377086,1.571474415108222,-0.02613359816672435,-0.07397427241275835,-1.3948982698599108,1
sample_06361.html,-0.2016760898773468,-0.1659074744281742,0.6153023457663196,-0.03837652565031039,0.735896017486945,0.10209383469252695,-0.10977361938621372,0.6191079161557708,0.5596466722081054,0.21506107271118868,-0.02613359816672435,-0.09741761320761642,-0.4823751206100409,0
sample_07768.html,-0.4520377787088923,-0.4805110314497277,-0.4993703348891979,-0.49237720144589586,-2.256016803315404,-0.3365771940723391,-0.44887348689285445,0.7697390010992521,1.3592723457167761,2.1264777403122124,-0.027419211925291086,-0.10364022835686888,-1.5522331665246654,1
sample_06071.html,-0.3950885533523605,-0.46303305605964135,-0.26051190332015844,-0.36251664778364506,-0.0009308330050949547,-0.2634653559448614,-0.10977361938621372,0.5720818893155666,0.17318088526786407,-0.22949211771879002,0.026576565934511888,-0.10291666845579302,-0.07068798165739372,1
sample_02818.html,0.1475408580636501,0.17491304567850874,0.05796600543856084,1.615044854443072,1.0467775465983287,3.0082894002597644,-0.10977361938621372,0.5351728950861527,-1.9762440950917763,-0.2324334588619026,-0.02613359816672435,0.33049571228865104,2.777462069791121,0
sample_07704.html,-0.27742930473839383,-0.3669041914141667,-0.18089242613047862,-0.2786696761277036,0.2941107968723056,-0.2573727027675716,-0.10977361938621372,0.7556780564617438,0.34789388849197894,-0.2445873024532545,-0.02613359816672435,-0.06413385775812656,-0.31163795486968665,1
sample_03539.html,-0.43269653236139094,-0.4805110314497277,-0.18089242613047862,-0.44840866752875586,-0.6638100131894559,-0.30611392818589006,-0.10977361938621372,0.3326944576797809,0.2945681169516608,-0.21397515576380374,-0.004278164271089811,-0.0975623251878316,0.26787215948428855,0
sample_00525.html,4.20329276576609,3.4432944436246475,1.729975026421837,4.538441097910592,1.6930708829604582,1.6983689671424562,20.914418166025513,0.5781807514683694,0.8559208745145122,0.2628661908371729,-0.02613359816672435,1.7394115516635782,-0.769907198439851,0
sample_07990.html,0.31247870886039786,0.5769064796504938,1.4114971176631177,-0.08439010765661974,-0.32401416678248446,-0.2634653559448614,0.22932624812042704,0.7011350942489332,0.43465805168707156,-0.07390072094840548,-0.02613359816672435,0.005906740666017309,-0.16113089270253314,0
sample_01499.html,-0.2860254142261722,-0.1484294990380879,-0.18089242613047862,-0.4003500374332772,0.9215519739396283,-0.3365771940723391,-0.44887348689285445,1.0537784965281531,2.836338386446633,0.07803897304430346,-0.011991846822490236,-0.0813545834037322,-0.48220385793542203,0
sample_07464.html,-0.4052964333690973,-0.39312115449929613,-0.34013138050983827,-0.4688591484204489,-1.5435377130570114,-0.3365771940723391,-0.44887348689285445,-0.2832780503498521,-3.0925913770788083,-0.19220923130477077,0.018862883383111463,-0.0975623251878316,4.270488268385549,1
sample_06904.html,-0.4396808713202109,-0.4805110314497277,-0.5789898120788778,-0.36251664778364506,0.7697813102937976,-0.18426086464009395,-0.10977361938621372,-1.9925510562714843,0.11177206997798535,-0.2694610590635007,-0.02613359816672435,-0.10335080439643853,-0.07997250203946457,1
sample_07782.html,-0.31396277006145196,-0.3406872283290372,-0.4993703348891979,-0.37376441227407625,0.05687775598690603,-0.2695580091221512,-0.10977361938621372,0.3316516123233787,-2.6987185569495997,-0.26031515301850167,-0.02613359816672435,-0.09683876528675574,3.5716534930225863,1
sample_02136.html,-0.36715119751708075,-0.3669041914141667,-0.4993703348891979,-0.4003500374332772,1.8452055226050732,-0.29392862183131047,-0.10977361938621372,0.2566391469699681,-0.378266847210388,-0.2213118595207751,-0.02613359816672435,-0.08598536677061773,1.4409560967677957,1
sample_09713.html,0.21093716553601569,-0.07851759747774266,-0.34013138050983827,0.24384011065505357,0.9405664420270243,0.796656296903565,-0.10977361938621372,0.553903892129387,-0.3640588830634019,-0.1728740755640082,-0.02613359816672435,-0.06326558587683553,0.5101568107769249,0
sample_06525.html,-0.34512366695464863,-0.3319482406339941,-0.34013138050983827,-0.3154805417327511,-0.2640833665572897,-0.2817433154767308,-0.44887348689285445,0.5417496310224369,-0.27215437697287126,-0.2547987509500981,-0.02613359816672435,-0.09712818924718608,0.4869514484749365,0
sample_00151.html,-0.26829593840762933,-0.4193381175844256,-0.34013138050983827,-0.3870572248536767,-1.0134449966802312,-0.14161229239906528,-0.10977361938621372,0.37612731167462427,-0.7572151865901218,-0.25881673394559523,-0.00042132299538959916,-0.07831563181921355,0.3074890909155301,0
sample_08887.html,-0.39670032388131893,-0.4105991298893824,-0.5789898120788778,-0.3574040275607218,-0.1709287964662127,-0.3365771940723391,0.22932624812042704,-1.9925510562714843,0.03118647386631825,-0.2694943572651209,0.008577973314577563,-0.0948127975637433,0.5654077845312202,0
sample_01749.html,-0.43592007341930783,-0.4542940683645982,-0.4993703348891979,-0.45863390797460235,0.369692849680643,-0.3304845408950493,-0.10977361938621372,0.4782340486274183,-0.391800067737188,-0.2605371410293026,-0.005563778029656549,-0.10291666845579302,1.380634608353484,1
sample_01523.html,-0.3666139406740946,-0.3057312775488646,0.3764439141972801,-0.25412909905767195,0.11684833855076437,-0.31220658136317986,-0.10977361938621372,0.6275171699275943,-0.04173628039765253,-0.22370933003742532,-0.02613359816672435,-0.09582578142524951,-0.21091057419192583,1
sample_07120.html,-0.43538281657632166,-0.4717720437546845,-0.4197508576995181,-0.4494311915733405,-1.8285293515827974,-0.22690943688112258,-0.10977361938621372,0.4066228702510142,0.20549469220527664,-0.2642110426080583,-0.02613359816672435,-0.10233782053493232,-0.4970429029906451,1
sample_00742.html,0.9598732046587075,1.389632335289507,1.0133997317147188,1.5158600221183607,0.6922914554344931,0.5042089443936542,1.9248255856536307,0.609473636420515,0.7035104876571828,1.1044782367862676,-0.014563074339623712,-0.03490203775466156,-0.49665226868363177,1
sample_01276.html,0.16473307703920687,0.24482494723885398,0.6949218229559994,0.14976789855326558,0.16192296975136716,-0.09896372015803664,-0.44887348689285445,0.6546633830523748,0.9685477746474206,3.881770239916929,-0.02613359816672435,-0.0016182823051717025,-1.032354600764802,0
sample_07685.html,-0.4520377787088923,-0.4805110314497277,-0.5789898120788778,-0.4913546774013112,-2.256016803315404,-0.3365771940723391,-0.44887348689285445,-1.9925510562714843,-0.834531934820573,-0.2694943572651209,-0.027419211925291086,-0.10364022835686888,-1.2476211570692826,1
sample_06100.html,-0.4520377787088923,-0.4805110314497277,-0.5789898120788778,-0.49237720144589586,-2.256016803315404,-0.3365771940723391,-0.44887348689285445,-1.9925510562714843,-0.6525360688677654,-0.2694943572651209,-0.027419211925291086,-0.10364022835686888,-0.8782339952493942,1
sample_07662.html,-0.45150052186590617,-0.4805110314497277,-0.4993703348891979,-0.4913546774013112,-2.256016803315404,-0.3304845408950493,-0.44887348689285445,0.9378910998163329,2.310880648889946,-0.21545137603563005,-0.01970552937389066,-0.10364022835686888,-1.5052910660962793,1
sample_05789.html,-0.3805826185917345,-0.31447026524390775,0.7745413001456792,0.0873939318336018,-0.19321371314301264,-0.2634653559448614,5.994023995733319,0.6761233758667977,0.1677337419373724,0.7348349006010687,-0.02613359816672435,-0.0969834772669709,0.5594728470748751,0
sample_08604.html,0.2700354182644921,0.39338773805458754,0.7745413001456792,0.45038996766115325,1.2421793947902573,0.4189117999115969,-0.10977361938621372,0.6658510527629347,-0.5415810562578255,-0.08230296715722137,-0.02613359816672435,-0.03996695706219262,1.3723625533735795,0
sample_07166.html,-0.4520377787088923,-0.4805110314497277,-0.5789898120788778,-0.4903321533567266,-1.114558160185379,-0.3365771940723391,-0.44887348689285445,-1.9925510562714843,-1.60279190543054,-0.2694943572651209,-0.027419211925291086,-0.10364022835686888,0.2457020263352195,0
sample_06706.html,0.49084798073179936,0.7342082581612704,1.2522581632837582,0.20805176909459072,0.3649815343235168,-0.08068576062616724,0.22932624812042704,0.731021552391969,0.5126645047648831,-0.05155762766129005,-0.02613359816672435,0.04150588779894994,-0.355899864843643,0
sample_01070.html,1.4391063086023526,1.616846015360629,2.3669308439392753,2.0485950493469645,0.48665620774261215,0.2483175109474823,0.22932624812042704,0.6308092636110183,0.991494540083614,4.937600716288938,-0.02613359816672435,0.23860360485201598,-0.6351791703896331,0
sample_05097.html,-0.4520377787088923,-0.4805110314497277,-0.5789898120788778,-0.49237720144589586,-2.256016803315404,-0.3365771940723391,-0.44887348689285445,-1.9925510562714843,-1.2972817976803461,-0.2694943572651209,-0.027419211925291086,-0.10364022835686888,-1.3042592724394466,1
sample_04856.html,-0.31879808164832735,-0.4368160929745119,-0.4197508576995181,-0.2561741471468413,-0.9187274451804192,0.022889343387759473,-0.10977361938621372,0.4940068558976294,-0.9910580908957177,-0.2655984676755642,-0.013277460581056975,-0.10103541271299576,0.5854010068974211,0
sample_05771.html,-0.4482769808079893,-0.4717720437546845,-0.5789898120788778,-0.4872645812229726,-0.5126020616096323,-0.3365771940723391,-0.44887348689285445,-1.9925510562714843,-0.17793025492580794,-0.2694832578645808,0.038147089761612525,-0.10364022835686888,-0.7836184730461403,0
sample_06046.html,0.013226647317112823,-0.4193381175844256,-0.4197508576995181,-0.10075049236997416,0.8893195770463266,0.4493750657980459,-0.10977361938621372,0.419667562501652,-1.2587653749675,-0.26370047018321613,-0.011991846822490236,-0.07614495211598594,1.523281214401704,0
sample_02434.html,-0.4278612207745156,-0.4542940683645982,-0.5789898120788778,-0.45249876370709446,-0.30790964141511107,-0.32439188771775945,-0.10977361938621372,-1.9925510562714843,-0.6068170925125972,-0.2694943572651209,-0.014563074339623712,-0.1019036845942868,-0.30612715850124467,1
sample_07448.html,-0.3623158859302054,-0.3406872283290372,1.0133997317147188,-0.2643543395035185,-0.9560012920978535,-0.23909474323570218,-0.44887348689285445,0.6762473894813894,-0.09534766717234759,-0.14584703524899276,-0.02613359816672435,-0.09307625380116123,0.28799796179401854,0
sample_04819.html,2.308387880553942,4.44827802855461,2.287311366749596,1.4146301417044802,0.07127326987518459,0.1386497537562658,-0.10977361938621372,0.6734742463996227,-0.2432830454043257,0.28772884804687904,-0.02613359816672435,0.00011826145741037708,0.5077118196716215,0
sample_01866.html,-0.43054750498944633,-0.4717720437546845,-0.4993703348891979,-0.44840866752875586,-0.4802532427832406,-0.30002127500860026,-0.10977361938621372,0.15641832936714456,1.0097295232428287,-0.25876123694289505,-0.011991846822490236,-0.10364022835686888,0.526540205527383,1
sample_03401.html,-0.4160415702288203,-0.4805110314497277,-0.18089242613047862,-0.34411121498112135,0.4355708642651104,-0.2208167837038328,0.22932624812042704,0.3781548810348203,0.2031693441159232,-0.23650693886009996,-0.02613359816672435,-0.10219310855471715,-0.17362227276892855,1
sample_04345.html,-0.4520377787088923,-0.4805110314497277,-0.4993703348891979,-0.49237720144589586,-2.256016803315404,-0.3365771940723391,-0.44887348689285445,0.3849328585191046,-0.1664740235422336,-0.26700809154415023,-0.027419211925291086,-0.10364022835686888,-0.686457504583203,1
sample_02415.html,-0.36930022488902536,-0.38438216680425297,-0.5789898120788778,-0.46681410033127957,-1.6504095775041814,-0.2878359686540206,-0.44887348689285445,-1.9925510562714843,-0.49954388082954276,-0.26939446266026046,-0.014563074339623712,-0.08757719855298464,0.5848697223366178,1
sample_02229.html,-0.3800453617487483,-0.4368160929745119,-0.4993703348891979,-0.38398965271992275,0.21339886932879473,-0.2573727027675716,-0.10977361938621372,0.1167592979482619,-0.2910827241711508,-0.26855090821921684,0.0008642907631771383,-0.09119499805836398,-0.268026050369679,1
sample_03561.html,-0.3461981806406209,-0.34942621602408036,-0.4197508576995181,-0.45454381179626374,-1.4640688912416344,-0.3365771940723391,-0.44887348689285445,0.4221311495513305,-0.03873755348164237,-0.2679737393911344,0.05486006862298012,-0.09351038974180675,-0.9099874719003775,0
sample_01996.html,-0.3999238649392358,-0.42807710527946874,-0.26051190332015844,-0.21629570940803983,-1.5640655754334933,-0.19644617099467354,1.58572571814699,0.5507397200923917,0.2115788155765273,-0.13240566119499536,-0.02613359816672435,-0.10306138043600818,-0.731857967149204,1
sample_04350.html,-0.32578242060714724,-0.38438216680425297,-0.021653471751118984,-0.08950272787954298,-1.1271963411940151,-0.10505637333532646,-0.10977361938621372,0.5486317493740029,-1.1053771289974565,-0.23523050779799454,-0.02613359816672435,-0.09929886895041368,0.650782892749193,0
sample_09172.html,-0.4520377787088923,-0.4805110314497277,-0.4993703348891979,-0.48419700908921864,-1.2960171980024677,-0.3365771940723391,-0.44887348689285445,0.013668537611619666,-1.4387164557541914,-0.25157992479348434,-0.027419211925291086,-0.10364022835686888,2.346807042042821,1
sample_05682.html,-0.3064411742596459,-0.3232092529389509,-0.1012729489407988,-0.3533139313823832,-0.208933774819152,-0.23909474323570218,-0.10977361938621372,0.41056725032875585,0.08745279606718141,-0.23581877602661705,-0.02613359816672435,-0.08757719855298464,0.11503397711622555,1
sample_01885.html,-0.436457330262294,-0.4805110314497277,-0.5789898120788778,-0.41466537405746234,0.42914483866489467,-0.23300209005841238,-0.10977361938621372,-1.9925510562714843,-1.0892560410585455,-0.26943886026242064,-0.02613359816672435,-0.10320609241622336,0.2528407698615679,1
sample_02896.html,1.4079454117091559,2.8228263172765837,2.287311366749596,0.5413946076291872,1.3570987739604636,-0.23300209005841238,-0.10977361938621372,0.6551920360021756,0.1517923380792831,-0.006960236291379575,-0.02613359816672435,0.19055922742057843,0.6329754206979393,0
sample_05859.html,-0.38380615964965137,-0.3756431791092098,-0.4993703348891979,-0.36558421991739903,0.15666389477063947,-0.2634653559448614,0.9075259831337085,0.3172216944213166,-0.5283947585207351,-0.26673060653064906,-0.02613359816672435,-0.09929886895041368,-0.28056606090016767,1
sample_09195.html,-0.4520377787088923,-0.4805110314497277,-0.4993703348891979,-0.49237720144589586,-2.256016803315404,-0.3365771940723391,-0.44887348689285445,0.815778468631855,1.612836127672516,-0.267185681952791,-0.027419211925291086,-0.10364022835686888,-1.0168014571092276,1
sample_01136.html,-0.292472496342006,-0.31447026524390775,-0.4993703348891979,-0.15392174268837608,-0.6333229097041471,-0.19644617099467354,-0.44887348689285445,0.4467240826785674,1.4697341657218967,-0.26462172042804005,-0.018419915615323922,-0.08120987142351702,0.20449257106267715,1
sample_09206.html,-0.15977005612442718,0.03508924255781832,-0.021653471751118984,-0.2663993875926878,-0.5811868619141519,-0.31220658136317986,0.22932624812042704,0.6077365738041592,-0.0727601128177862,-0.08997265293039412,-0.006849391788223287,-0.0883007584540605,-0.9003383534141872,0
sample_07971.html,-0.4520377787088923,-0.4805110314497277,-0.4993703348891979,-0.4852195331338033,-1.0508282949915864,-0.3365771940723391,-0.44887348689285445,0.048036619751924636,-1.5137112447033705,-0.2514023343848436,-0.027419211925291086,-0.10364022835686888,2.4659333220486874,1
sample_04731.html,0.5048166586494393,0.6730353442959685,1.2522581632837582,0.027065013203107335,-0.13782397391555176,-0.1598902519309347,0.22932624812042704,0.6010928575329209,0.4939250527162026,0.40396177050225546,-0.02613359816672435,0.04237415968024098,-0.808295695665252,0
sample_01271.html,-0.3096647153175628,-0.3406872283290372,-0.4993703348891979,-0.37376441227407625,0.06381297614258408,-0.2695580091221512,-0.10977361938621372,0.3316516123233787,-2.69021951640729,-0.26031515301850167,-0.02613359816672435,-0.0910502860781488,3.566025188243186,1
sample_03159.html,-0.034051954865668296,-0.11347354825791527,-0.4993703348891979,-0.1467640743762835,0.6996654985859937,0.2239468982383231,-0.10977361938621372,0.6000591046988464,-0.5300859179583577,-0.22990279553877177,-0.02613359816672435,-0.09466808558352813,0.5872286388242421,0
sample_09627.html,0.38124758476262494,0.8128591474166589,0.2968244370076003,0.6651200170239302,1.4449022349407061,-0.013666575675979363,-0.10977361938621372,0.7266826577383549,0.2035484760329094,-0.18512781376022053,-0.018419915615323922,-0.040256381022622974,0.2771377491870399,0
sample_02938.html,3.3732309433524894,0.59438445504058,-0.18089242613047862,3.61919198182899,0.9445856209979155,7.912875207978058,-0.10977361938621372,0.6519183609033891,-0.23354608047981523,-0.1802995745252999,-0.0209911431324574,0.7500157429324384,1.1174764841815865,0
sample_00394.html,-0.4520377787088923,-0.4805110314497277,-0.5789898120788778,-0.483174485044634,-0.8140948376749755,-0.3365771940723391,-0.44887348689285445,-1.9925510562714843,1.6498147654144466,-0.2694943572651209,-0.027419211925291086,-0.10364022835686888,-0.6181559656137309,0
sample_03217.html,0.10026225588086898,0.5157335657851917,0.7745413001456792,0.8328139603358131,1.1252512527884697,0.351892614961409,1.9248255856536307,0.6904134042908049,-0.4911111435019008,-0.1860823622066646,-0.017134301856757187,-0.06804108122393625,0.7076483848737231,0
sample_01813.html,-0.3821943891206929,-0.2882533021587783,-0.5789898120788778,-0.37376441227407625,1.0280751358022484,-0.31829923454046966,-0.44887348689285445,-1.9925510562714843,-0.7311179240473756,-0.2694943572651209,-0.02613359816672435,-0.10204839657450197,0.23322676081403032,1
sample_02685.html,-0.3676884543600669,-0.4542940683645982,-0.5789898120788778,-0.2858273444397962,0.44539417683210375,-0.08068576062616724,-0.10977361938621372,-1.9925510562714843,0.01953895250676549,-0.26928346865485997,-0.02613359816672435,-0.09799646112847712,-0.43245428039819866,1
sample_03084.html,3.281897280044844,1.0925067536580397,2.446550321128955,2.4422668065120554,1.300310645256099,5.067606174183719,-0.10977361938621372,0.4971326812522443,0.9425930429005362,0.12197040038181109,-0.02613359816672435,0.30502640377078055,-0.5302463758063964,0
sample_02358.html,-0.20543688777824987,-0.2008634252083468,-0.4197508576995181,-0.27355705590478036,0.18224244268144735,-0.01975922885326917,-0.10977361938621372,0.5846915669819243,0.15436020997865904,-0.253844202503654,-0.01584868809819045,-0.08048631152244115,-0.07044205231578791,0
sample_03780.html,0.586479698783334,1.3634153722043776,0.5356828685766397,0.9013230713229847,0.45078919852288196,0.29705873636580077,0.22932624812042704,0.6458450269525915,0.005660560246102266,-0.04191224859198885,-0.02613359816672435,0.024864010074205013,0.21979576977800233,0
sample_01899.html,-0.25164097627505866,-0.3319482406339941,-0.26051190332015844,-0.3768319844078302,0.28948140200461503,-0.25128004959028183,-0.10977361938621372,0.1823631992305582,0.616336312160211,-0.2088361333137618,0.011149200831711038,-0.008998593296145541,0.43444478437678946,1
sample_06286.html,-0.4520377787088923,-0.4805110314497277,-0.5789898120788778,-0.48828710526755725,-0.4857802989613899,-0.3365771940723391,-0.44887348689285445,-1.9925510562714843,-2.374105694263592,-0.2694943572651209,-0.027419211925291086,-0.10364022835686888,-0.06926926283400898,0
sample_01467.html,-0.4488142376509754,-0.4805110314497277,-0.4993703348891979,-0.4852195331338033,-1.3384300946045464,-0.31829923454046966,-0.44887348689285445,-0.07134170978834635,-3.039051443683039,0.60635933935002,-0.017134301856757187,-0.10364022835686888,4.626342628098604,1
sample_03715.html,0.7965471243909182,1.4333272737647227,1.4114971176631177,0.6150163388392822,0.6608765677353139,-0.14161229239906528,0.22932624812042704,0.6815528692195012,-0.045153337130821806,-0.0821253767485806,-0.02613359816672435,-0.008853881315930368,-0.22420628648923258,0
sample_07999.html,-0.29945683530082595,-0.17464646212321733,-0.26051190332015844,-0.3768319844078302,-1.5480399546315708,-0.31220658136317986,-0.44887348689285445,0.7070860080949525,0.5070036090169997,-0.23279973907972415,-0.0209911431324574,-0.10016714083170472,-1.101985315922969,1
sample_00693.html,-0.44397892606410005,-0.4717720437546845,-0.4993703348891979,-0.4412509992166633,0.9408296994880847,-0.31220658136317986,-0.10977361938621372,0.5778393786483206,0.3218779032664842,-0.2597601829914993,-0.02613359816672435,-0.10320609241622336,-1.3239339717846665,1
sample_06005.html,0.19105866234552818,1.0225948520976944,0.13758548262824066,0.6078586705271897,1.034700951226259,0.26050281730206193,-0.10977361938621372,0.6371316448897549,-1.1118303363152235,-0.22582931554057437,-0.02613359816672435,-0.047781403993811984,1.636517106628385,0
sample_04573.html,-0.4520377787088923,-0.4805110314497277,-0.26051190332015844,-0.48419700908921864,-2.256016803315404,-0.3365771940723391,-0.44887348689285445,0.21327366076310508,-1.1416429634053273,-0.1890792003524774,-0.027419211925291086,-0.10364022835686888,-1.4607928746475884,1
sample_00054.html,-0.17158970667012247,0.061306205642947774,0.21720495981792048,-0.03939904969489504,0.43605671266201734,-0.22690943688112258,-0.10977361938621372,0.4055191836023401,-0.23881821350355004,-0.22746092741996135,-0.02613359816672435,-0.08092044746308667,0.4752777642388346,0
sample_06891.html,-0.3821943891206929,-0.2882533021587783,-0.5789898120788778,-0.37376441227407625,1.0455802247764663,-0.31829923454046966,-0.44887348689285445,-1.9925510562714843,0.02507780481221077,-0.2694943572651209,-0.02613359816672435,-0.10204839657450197,0.23395628296371732,1
sample_04852.html,-0.4423671555351416,-0.4717720437546845,-0.5789898120788778,-0.45454381179626374,-1.0294705205849974,-0.29392862183131047,-0.10977361938621372,-1.9925510562714843,0.06261903104726524,-0.2694943572651209,-0.017134301856757187,-0.10219310855471715,-0.689737323001325,1
sample_00275.html,-0.4520377787088923,-0.4805110314497277,-0.5789898120788778,-0.4872645812229726,-0.7067890193140784,-0.3365771940723391,-0.44887348689285445,-1.9925510562714843,0.22606251694284138,-0.2694943572651209,-0.027419211925291086,-0.10364022835686888,-0.8721332970100784,1
sample_00818.html,-0.35533154697138547,-0.44555508066955507,-0.4993703348891979,-0.4617014801083563,0.21973600390040593,-0.31220658136317986,-0.10977361938621372,0.23905328288199645,2.3864346503995795,-0.22000213025704948,-0.02613359816672435,0.137594642661825,-0.5038159010989761,1
sample_01554.html,-0.44344166922111394,-0.4805110314497277,-0.5789898120788778,-0.4729492445987875,0.4127608013385202,-0.31220658136317986,-0.44887348689285445,-1.9925510562714843,-1.3410129728618396,-0.2694943572651209,-0.017134301856757187,-0.10364022835686888,0.5851104626903658,1
sample_05530.html,-0.08347958442039402,0.03508924255781832,1.3318776404734378,0.015817248712676164,0.29451761352624417,-0.31829923454046966,1.58572571814699,0.6330768877960281,1.2883378355406065,0.03331948826845246,-0.022276756891024138,-0.08280170320588393,-0.5578142036413317,0
sample_03958.html,-0.3085902016315905,-0.2358193759885194,-0.4993703348891979,-0.049624290140741566,0.15339476640498773,-0.19035351781738374,0.22932624812042704,0.5648423941005405,-1.280041530121464,-0.2047626533155644,-0.004278164271089811,-0.0883007584540605,2.4130021778835316,1
sample_07168.html,-0.3171863111193689,-0.3756431791092098,-0.4993703348891979,-0.24799395479016403,-0.711990398094403,-0.19035351781738374,-0.44887348689285445,0.2250093099494048,-0.9097931494921006,-0.26785164598519384,-0.011991846822490236,-0.09741761320761642,0.7852206764584881,0
sample_05943.html,-0.4343083028903494,-0.4717720437546845,-0.4197508576995181,-0.44022847517207864,0.06416672343532498,-0.2817433154767308,-0.10977361938621372,0.3600250372681366,0.759144570543486,-0.25508733536413936,-0.02613359816672435,-0.10320609241622336,0.48401676293763846,1
sample_02490.html,-0.4520377787088923,-0.4805110314497277,-0.5789898120788778,-0.4913546774013112,-0.9465957758438026,-0.3365771940723391,-0.44887348689285445,-1.9925510562714843,-1.96724321996902,-0.2694943572651209,-0.027419211925291086,-0.10364022835686888,-0.051858005207364145,0
sample_01196.html,0.00248151045738984,-0.10473456056287211,0.05796600543856084,-0.0025881840898475724,-0.13032393418072116,0.06553791562878812,-0.10977361938621372,0.5861381393624631,0.45908277521107144,-0.22000213025704948,-0.02613359816672435,-0.025061623100029778,0.18704596834537388,0
sample_07762.html,-0.060914797014975756,0.20986899645868135,0.3764439141972801,-0.04757924205157226,-0.14435178392220963,-0.25128004959028183,1.58572571814699,0.7571995019546687,0.3173082191715657,-0.19541695806084447,-0.02613359816672435,-0.08424882300803566,-0.06222317794259597,0
sample_07914.html,-0.267221424721657,-0.08725658517278581,0.05796600543856084,0.17839857180163582,0.6870044680167275,-0.14161229239906528,-0.10977361938621372,0.5345850467911453,-1.037551533501614,-0.23244455826244262,-0.02613359816672435,-0.07846034379942872,1.840653192714577,0
sample_05332.html,0.8400649286727963,0.6293404058207527,2.128072412370236,0.3931286211644127,0.7772377644765868,1.2292346724911412,0.5684261156270678,0.5885764837018396,0.024469531787028532,0.08179057042683949,-0.02613359816672435,0.05076745453272103,0.23794136045011138,0
sample_05533.html,-0.2586253152338786,-0.3057312775488646,-0.4993703348891979,-0.2940075367964734,0.22225560853910453,-0.03194453520784878,-0.10977361938621372,0.386643916142889,0.188602503647982,-0.21955815423544758,-0.0107062330639235,-0.09133971003857914,-0.312554176280986,1
sample_09240.html,-0.3456609237976348,-0.4805110314497277,1.2522581632837582,-0.1958452285163468,-0.23994730238549689,0.016796690210469666,-0.10977361938621372,0.08917376844244689,-1.2773046143806246,0.23354157461036762,-0.02613359816672435,-0.09466808558352813,2.7261289252835983,1
sample_00470.html,-0.44720246712201694,-0.4717720437546845,-0.5789898120788778,-0.4903321533567266,-1.120503254919361,-0.3365771940723391,-0.44887348689285445,-1.9925510562714843,0.14307095979576348,-0.2694943572651209,0.03686147600304579,-0.10306138043600818,-0.8015784465822459,1
sample_00656.html,-0.28817444159811684,-0.44555508066955507,-0.4993703348891979,0.950404225463048,0.8696769610321742,0.4250044530888867,-0.44887348689285445,0.10106033009683774,-1.348437555235518,-0.26877289623001777,-0.02613359816672435,-0.10175897261407163,1.21325091076092,0
sample_09268.html,-0.22746441834068198,-0.4018601421943393,-0.4197508576995181,-0.2152731853634552,0.2540946756513864,0.17520567282000463,-0.10977361938621372,0.5279218573638752,-1.2688426910721289,-0.26065923443524314,-0.02613359816672435,-0.0969834772669709,0.9205053733895066,0
sample_07505.html,-0.3273941911361057,-0.3406872283290372,-0.4993703348891979,-0.3931923691211846,0.4911933928541008,-0.2817433154767308,-0.10977361938621372,0.343253371727165,0.015596501766747371,-0.25871683934073486,-0.004278164271089811,-0.09582578142524951,-0.20254721649351112,1
sample_08914.html,-0.4520377787088923,-0.4805110314497277,-0.5789898120788778,-0.49237720144589586,-2.256016803315404,-0.3365771940723391,-0.44887348689285445,-1.9925510562714843,-1.3950323556491044,-0.2694943572651209,-0.027419211925291086,-0.10364022835686888,-1.3133725301468988,1
sample_04777.html,0.13464669383198252,0.131218107203293,1.0930192089043984,1.4401932428190964,1.7236309439482602,1.3449950828596475,0.22932624812042704,0.7357483336499542,-0.5272412298802416,-0.0802273792562325,-0.022276756891024138,-0.08482767092889634,1.085536086628806,0
sample_09551.html,-0.4520377787088923,-0.4805110314497277,-0.26051190332015844,-0.4617014801083563,-0.6935759838145575,-0.3365771940723391,-0.10977361938621372,0.8161674607882816,2.429425476593477,-0.22467497788440943,-0.027419211925291086,-0.10364022835686888,-1.4336773362040354,0
sample_00124.html,-0.38434341649263754,-0.4717720437546845,-0.34013138050983827,-0.38092208058616883,0.18613871972193227,-0.1598902519309347,0.22932624812042704,0.4668892244737018,0.7026241237876061,-0.26295681034703294,0.012434814590277775,-0.06196317805489897,-0.1095407498818181,1
sample_07032.html,-0.27796656158138,-0.17464646212321733,0.2968244370076003,-0.342066166891952,0.9268620834412753,-0.31220658136317986,0.22932624812042704,0.7269632193689984,0.6825189074044141,-0.17246339774402644,-0.02613359816672435,-0.07310600053146732,-0.7766524002614672,0
sample_03701.html,-0.3569433175003439,-0.38438216680425297,0.21720495981792048,-0.0036107081344322243,1.6211676639181778,-0.06240780109429781,-0.44887348689285445,0.6844481119561747,0.10921326494278454,-0.2021431947881132,-0.02613359816672435,-0.08844547043427568,0.8477841205311002,0
sample_04638.html,-0.23713504151443265,-0.19212443751330363,-0.26051190332015844,-0.2663993875926878,0.5557310290778249,-0.18426086464009395,-0.10977361938621372,0.427758481371509,-0.4373593323485308,-0.2553426215765604,-0.02613359816672435,-0.07498725627426457,0.2393479542516177,0
sample_01685.html,-0.4117435154849311,-0.4368160929745119,-0.4993703348891979,-0.35433645542696784,-1.2565669682854912,-0.2878359686540206,-0.10977361938621372,0.09187176894261705,-0.018504360666784788,-0.2590054237547761,-0.014563074339623712,-0.10118012469321093,-1.1250189331569955,1
sample_03415.html,-0.28495090054019995,-0.3756431791092098,0.05796600543856084,0.5761604251450655,1.0690987997086774,0.9246020136266508,-0.10977361938621372,0.37553410312722746,-0.32830832001452914,-0.2346200407682919,-0.02613359816672435,0.007209148487953869,0.12058430366352273,1
sample_00444.html,-0.4332337892043771,-0.4805110314497277,-0.4993703348891979,-0.4300032347262321,-0.6901165009856889,-0.2208167837038328,-0.44887348689285445,0.23918846223247617,0.1637186841816362,-0.2634895815729552,-0.013277460581056975,-0.09495750954395848,-0.48493885870380565,1
sample_06015.html,-0.3241706500781888,-0.4368160929745119,-0.1012729489407988,-0.28889491657355015,0.8921061757426687,0.004611383855890054,0.22932624812042704,0.504189165603756,0.469085370157553,-0.22849317167018574,-0.018419915615323922,-0.09987771687127438,0.7922803726647841,1
sample_02929.html,-0.3821943891206929,-0.2882533021587783,-0.5789898120788778,-0.37376441227407625,1.0455802247764663,-0.31829923454046966,-0.44887348689285445,-1.9925510562714843,0.02507780481221077,-0.2694943572651209,-0.02613359816672435,-0.10204839657450197,0.23395628296371732,1
sample_09535.html,-0.4203396249727095,-0.4805110314497277,-0.5789898120788778,-0.38807974889826136,0.047958245587641175,-0.2634653559448614,-0.44887348689285445,-1.9925510562714843,-1.779126690229549,-0.2694943572651209,-0.011991846822490236,-0.0959704934054647,1.8655770617464806,0
sample_00890.html,-0.40744546074104193,-0.4105991298893824,-0.4993703348891979,-0.45863390797460235,-0.3841399240858122,-0.3365771940723391,-0.10977361938621372,0.3629670943322689,0.102500533122777,-0.2670524891463104,-0.00042132299538959916,-0.09712818924718608,-0.6704414979956622,1
sample_03975.html,0.13303492330302408,-0.46303305605964135,2.526169798318635,0.06796597498649341,-2.0019035208231624,0.3640779213159886,-0.10977361938621372,0.4756042228662675,1.8480514812258333,-0.25920521296449694,-0.02613359816672435,19.993959583926397,-1.4299377969295086,1
sample_04443.html,1.9623944736708618,2.6305685879856346,-0.4993703348891979,0.7458994165461177,0.7926728516165482,0.6687105801804789,0.22932624812042704,0.1652480128843414,0.3985361823958061,-0.2683844172111161,-0.022276756891024138,0.4161652045760336,-0.5324567412195229,0
sample_09721.html,-0.06252656754393421,-0.06977860978269951,3.083506138646394,0.0638758788081548,0.6164068291439959,0.035074649742339085,-0.44887348689285445,0.528649552410288,0.07919102616735267,0.04611709709112712,-0.02613359816672435,0.04049290393744373,0.19816216232822545,0
sample_05953.html,-0.4343083028903494,-0.4717720437546845,-0.4197508576995181,-0.44022847517207864,0.06416672343532498,-0.2817433154767308,-0.10977361938621372,0.3600250372681366,0.7594045276595257,-0.25508733536413936,-0.02613359816672435,-0.10320609241622336,0.4866278016543872,1
sample_03824.html,-0.4477397239650031,-0.4805110314497277,-0.5789898120788778,-0.4688591484204489,-0.6502400691274753,-0.30002127500860026,-0.10977361938621372,-1.9925510562714843,-0.14469037377730304,-0.2694943572651209,-0.02613359816672435,-0.1034955163766537,-0.6095858697734594,1
sample_05758.html,-0.33921384168180096,-0.4805110314497277,-0.5789898120788778,-0.37580946036324553,-0.25805715073541,0.016796690210469666,-0.10977361938621372,-1.9925510562714843,-0.8403245151183862,-0.2694943572651209,-0.02613359816672435,-0.08569594281018739,1.1018064970356094,0
sample_09254.html,-0.19093095301762383,-0.2008634252083468,-0.1012729489407988,-0.298097632974812,0.11808157893718979,-0.08068576062616724,-0.10977361938621372,-1.9925510562714843,-0.14117361758933267,-0.26921687225161967,-0.02613359816672435,-0.1019036845942868,-0.05977097701245498,0
sample_07661.html,-0.4079827175840281,-0.4193381175844256,0.13758548262824066,-0.13551630988585234,0.9579437115401627,-0.3304845408950493,-0.10977361938621372,0.7638468995151846,1.5624906068339315,9.488987603539158,0.01629165586597799,-0.0910502860781488,-1.2565683541276316,1
sample_06842.html,-0.41013174495597265,-0.4193381175844256,-0.1012729489407988,-0.31036792150982784,0.9790752553114778,-0.31220658136317986,-0.44887348689285445,0.5126051260029578,1.4911477066576233,-0.24825010463147013,-0.02613359816672435,0.05235928631508794,-0.29724684462809614,1
sample_03229.html,-0.41228077232791727,-0.46303305605964135,-0.34013138050983827,-0.37989955654158414,0.12588535492005357,-0.23909474323570218,-0.10977361938621372,0.280026188875319,0.02287579543160619,-0.24907146027143365,-0.002992550512523074,-0.10291666845579302,0.7651007019818548,1
sample_08691.html,0.0588934789709355,0.12247911950824984,-0.4993703348891979,0.12931741766157254,0.8303866903517513,0.016796690210469666,-0.10977361938621372,0.38098458983072986,-0.484064464731032,-0.15816736984844537,-0.02613359816672435,-0.055451138945216166,0.06750838934466931,0
sample_00914.html,-0.3886414712365267,-0.4805110314497277,-0.4993703348891979,-0.43920595112749394,0.13229338187351822,-0.2208167837038328,-0.10977361938621372,-0.1268481045386658,-0.4471929066292876,-0.2651655910545024,-0.02613359816672435,-0.10320609241622336,-0.02373773269279918,1
sample_05938.html,0.302270828843661,0.05256721794790462,-0.18089242613047862,0.28065097626010105,0.4169949829867188,0.9063240540947815,-0.10977361938621372,0.5935264345040814,-0.42470162944537787,-0.21171087805363406,-0.01970552937389066,-0.05024150765746993,0.5202037994702817,0
sample_06140.html,-0.3886414712365267,-0.38438216680425297,-0.5789898120788778,-0.46272400415294096,-0.20730834319329128,-0.3365771940723391,-0.44887348689285445,-1.9925510562714843,-1.298336360764447,-0.2694943572651209,0.040718317278746,-0.10146954865364127,1.9916220748010625,1
sample_08585.html,-0.44720246712201694,-0.4717720437546845,-0.4993703348891979,-0.4872645812229726,-2.256016803315404,-0.3304845408950493,-0.44887348689285445,0.729721344033472,2.0515331449189187,-0.2640112533983374,0.0008642907631771383,-0.10219310855471715,-1.298615270319895,1
sample_01343.html,-0.38434341649263754,-0.46303305605964135,-0.4197508576995181,-0.41875547023580095,-0.4921122616472927,-0.19035351781738374,-0.44887348689285445,0.4972049674602165,0.130321671521598,-0.2640889492021178,-0.01970552937389066,-0.09336567776159158,-0.4594749698802831,0
sample_07859.html,-0.4520377787088923,-0.4805110314497277,-0.4993703348891979,-0.49237720144589586,-2.256016803315404,-0.3365771940723391,-0.44887348689285445,0.7581825916641196,1.3426416438743045,-0.267185681952791,-0.027419211925291086,-0.10364022835686888,-1.0168014571092276,1
sample_00917.html,-0.37897084806277603,-0.3319482406339941,-0.1012729489407988,-0.4044401336116158,-0.6325823065716303,-0.29392862183131047,-0.44887348689285445,0.5513128456579419,-0.6303990148314046,-0.2608146260428038,-0.011991846822490236,-0.09741761320761642,0.6927274763643337,0
sample_07255.html,-0.4450534397500724,-0.4717720437546845,-0.4993703348891979,-0.4678366243758642,-0.5478938590302147,-0.32439188771775945,-0.44887348689285445,-0.010138106695800958,0.3792103326446329,-0.26769625437763317,-0.017134301856757187,-0.10364022835686888,-0.29811306662121934,1
sample_03902.html,-0.44075538500618316,-0.4805110314497277,-0.4993703348891979,-0.4790843888662954,-1.0800804442220207,-0.30611392818589006,-0.44887348689285445,0.5169676441239648,0.3822093917462401,-0.2527897594523495,-0.013277460581056975,-0.10118012469321093,-1.082106212176663,1
sample_03242.html,-0.44182989869215544,-0.46303305605964135,-0.4993703348891979,-0.45863390797460235,0.05732757075387739,-0.3304845408950493,-0.44887348689285445,-0.045924347023679084,-0.332093345683652,-0.2690836794451391,0.0034355182803106135,-0.1034955163766537,0.10747884990844453,0
sample_07968.html,-0.4520377787088923,-0.4805110314497277,-0.5789898120788778,-0.4903321533567266,-1.191212888736362,-0.3365771940723391,-0.44887348689285445,-1.9925510562714843,-1.8538328665487538,-0.2694943572651209,-0.027419211925291086,-0.10364022835686888,-0.2569277440535126,0
sample_05094.html,0.8658532571361315,1.739191843091233,-0.021653471751118984,0.22850224998628377,1.0674059034378611,-0.30611392818589006,0.22932624812042704,0.44803257466623286,-0.7362531193536366,-0.2583727579239934,-0.02613359816672435,-0.04676842013230577,0.62348493139583,0
sample_06224.html,0.04599931473926792,-0.026083671307483746,-0.021653471751118984,0.3788132845402276,0.170497138686186,0.004611383855890054,-0.44887348689285445,0.6589608105216062,1.735584027603294,-0.2380830537367867,-0.0209911431324574,0.32224712941638617,-0.8674953066520164,0
sample_06732.html,-0.4520377787088923,-0.4805110314497277,-0.5789898120788778,-0.48828710526755725,-0.4857802989613899,-0.3365771940723391,-0.44887348689285445,-1.9925510562714843,-2.374105694263592,-0.2694943572651209,-0.027419211925291086,-0.10364022835686888,-0.06926926283400898,0
sample_09741.html,-0.4520377787088923,-0.4805110314497277,-0.5789898120788778,-0.4872645812229726,-0.7067890193140784,-0.3365771940723391,-0.44887348689285445,-1.9925510562714843,0.22606251694284138,-0.2694943572651209,-0.027419211925291086,-0.10364022835686888,-0.8721332970100784,1
sample_07171.html,1.4632828665367292,2.4470498463897283,-0.021653471751118984,2.100743775620782,0.2399181493359612,-0.2573727027675716,0.22932624812042704,0.600941703756366,-0.2826831204252662,-0.20688263881871344,-0.022276756891024138,0.07160597968370598,0.3820727340968092,0
sample_00863.html,-0.3821943891206929,-0.2882533021587783,-0.5789898120788778,-0.37376441227407625,1.0272830076069597,-0.31829923454046966,-0.44887348689285445,-1.9925510562714843,-0.8838736165428407,-0.2694943572651209,-0.02613359816672435,-0.10204839657450197,0.6915772289931224,1
sample_06731.html,-0.23767229835741882,-0.22708038829347624,0.05796600543856084,-0.36660674396198367,0.008246641848076485,-0.23300209005841238,-0.10977361938621372,0.352041222455808,0.4021388664993517,-0.2344313509591111,-0.0017069367539563366,-0.001328858344741356,-0.2813500543847021,1
sample_09742.html,0.36674165000199893,0.4720386273099759,1.0133997317147188,0.1129570329482181,0.8809068145493314,-0.29392862183131047,1.2466258506403491,0.7332177550981288,0.14446420025659495,-0.19685988013105063,-0.02613359816672435,0.04816263888884791,0.29261704754807677,0
sample_02934.html,1.8124998144777262,6.292204432208715,0.13758548262824066,3.398326788198705,1.8161265043683539,0.571228129343842,-0.10977361938621372,0.6381606778856518,-2.313187069032773,-0.22589591194381464,-0.02613359816672435,0.1624851032588348,3.1083880103296537,0
sample_07726.html,-0.436457330262294,-0.4805110314497277,-0.5789898120788778,-0.41466537405746234,0.42914483866489467,-0.23300209005841238,-0.10977361938621372,-1.9925510562714843,-1.089610874500559,-0.26943886026242064,-0.02613359816672435,-0.10320609241622336,0.25224883411605653,1
sample_01516.html,0.42798893010241995,0.3322148241892855,0.3764439141972801,0.8225887198899666,1.8641575041389102,0.19348363235187405,0.5684261156270678,0.5804635227361508,0.19886085575154813,0.778455544723455,-0.02613359816672435,0.05018860661186034,0.36419105169659627,0
sample_09685.html,-0.2951587805569368,-0.2008634252083468,0.5356828685766397,0.3900610490306588,0.430232194326694,-0.275650662299441,9.724122538306368,0.6550115421267393,-0.12317242356155773,0.05991365196240605,-0.02613359816672435,-0.0671728093426452,-0.14709039115809897,0
sample_05830.html,-0.4391436144772247,-0.46303305605964135,-0.4993703348891979,-0.4453410953950019,-0.13902459024072258,-0.31220658136317986,-0.10977361938621372,0.3498149853427134,-0.288761666168623,-0.25054768054325993,-0.02613359816672435,-0.10320609241622336,0.4753483631565463,1
sample_06597.html,0.4183183069286692,0.2623029226289403,0.9337802545250389,0.5056062660687245,0.05536866756519634,0.5163942507482338,-0.10977361938621372,0.7172129222144953,0.5050503165189388,0.22032218856717115,-0.02613359816672435,0.02573228195549605,-0.9219193017635693,0
sample_02745.html,-0.44666521027903083,-0.4717720437546845,-0.4993703348891979,-0.4709041965096182,-1.4485405042524644,-0.32439188771775945,-0.10977361938621372,0.3391934432522604,0.1409168417925993,-0.2680514351949147,-0.005563778029656549,-0.10335080439643853,-0.39496620294268125,1
sample_05897.html,-0.24895469206012794,-0.46303305605964135,-0.5789898120788778,-0.47806186482171076,-0.4722282445368599,-0.32439188771775945,-0.44887348689285445,-1.9925510562714843,2.275925863471504,-0.2694943572651209,0.03557586224447905,0.3950372554646183,-1.5051251358237554,1
sample_02154.html,-0.31664905427638274,-0.31447026524390775,0.21720495981792048,-0.18868756020425423,-0.2469733212325406,-0.2208167837038328,-0.44887348689285445,0.4125798386574771,-0.20783947334658384,1.6212552265303346,-0.02613359816672435,-0.08120987142351702,-0.5366113734473467,0
sample_04418.html,-0.3456609237976348,-0.34942621602408036,-0.26051190332015844,-0.36660674396198367,0.8006156810745307,-0.3365771940723391,-0.10977361938621372,0.7934178626218544,1.3865696274327786,0.2426874806553667,0.01500604210741125,-0.08569594281018739,-1.0880828831760543,1
sample_05413.html,0.35384748577033137,0.1486960825933793,0.05796600543856084,0.2520203030117308,0.47359084956510544,0.29096608318851097,-0.44887348689285445,0.5803861875005882,-0.9104363535063665,-0.24326647378898886,-0.01584868809819045,-0.08584065479040257,1.0251654201687677,0
sample_06462.html,-0.44182989869215544,-0.46303305605964135,-0.4993703348891979,-0.45863390797460235,-0.0021684277074738383,-0.3304845408950493,-0.44887348689285445,-0.045924347023679084,-0.36048315749466897,-0.2690836794451391,0.0034355182803106135,-0.1034955163766537,0.11108531380844065,0
sample_04127.html,-0.043185321196432834,0.1486960825933793,-0.021653471751118984,-0.16107941100046863,0.596766944418432,-0.31829923454046966,0.22932624812042704,0.6940853369170641,-0.07818620742695158,-0.19537256045868429,-0.0209911431324574,-0.03533617369530708,0.21761777686952555,0
sample_07579.html,-0.4310847618324325,-0.46303305605964135,-0.5789898120788778,-0.4688591484204489,-0.36259086863695095,-0.29392862183131047,-0.44887348689285445,-1.9925510562714843,0.00037260849284860803,-0.26943886026242064,-0.014563074339623712,-0.10277195647557784,-0.20074867158154033,1
sample_01754.html,-0.07434621808962948,-0.2008634252083468,-0.26051190332015844,0.45448006383949185,-1.8126540182700321,0.19957628552916384,1.58572571814699,0.29642399380567214,0.2855725954246528,-0.19844709440827743,-0.02613359816672435,-0.09669405330654056,-0.4718925828780889,1
sample_03106.html,1.1473758428608736,0.6031234427356232,2.0484529351805563,1.3870219925006946,1.2627921330194367,1.2170493661365616,0.22932624812042704,0.5583731273404262,0.3899610069752621,0.2040837655770818,-0.02613359816672435,0.170154838210239,0.10668709901743922,0
sample_07100.html,0.6316092735941704,0.6293404058207527,1.0133997317147188,0.3389348468014262,-2.2317091766726116,0.39454118720243764,0.22932624812042704,0.6907179579061926,1.5771753834883155,0.4550745099891738,-0.02613359816672435,0.0018548052199924567,-1.0029659857734607,1
sample_09394.html,-0.3795081049057622,-0.4018601421943393,-0.18089242613047862,-0.38398965271992275,0.6171534156759035,-0.2634653559448614,-0.10977361938621372,0.22511151500814644,0.5287533140493014,-0.23954817460807296,-0.024847984408157612,-0.09872002102955299,0.5071087106532609,0
sample_06669.html,-0.16729165192623327,0.00013329177764570985,0.45606339138695995,-0.19277765638259284,0.5345262976732705,-0.11114902651261627,-0.10977361938621372,0.6929211104903146,0.5444709509955995,-0.1495542350293686,-0.01970552937389066,-0.02375921527809322,-0.26047358284411637,0
sample_02485.html,-0.25647628786193405,-0.4018601421943393,-0.5789898120788778,0.09352907610110972,-0.6386919084524323,0.12037179422439637,-0.44887348689285445,-1.9925510562714843,-0.0765490886628953,-0.2694943572651209,-0.0107062330639235,-0.08743248657276947,0.9161557499496246,0
sample_05872.html,-0.4520377787088923,-0.4805110314497277,-0.4993703348891979,-0.4893096293121419,-1.2220532489725586,-0.3365771940723391,-0.44887348689285445,0.3562333748594264,-0.3716173568323946,-0.2678294471841138,-0.027419211925291086,-0.10364022835686888,0.11082971052464799,1
sample_06139.html,0.9297868214514832,-0.3057312775488646,12.637843401407974,0.18044361989080512,1.2074056822392119,-0.25128004959028183,-0.44887348689285445,0.2741955636569047,1.869969467875289,-0.25291185285829004,-0.01970552937389066,0.08245937819984399,-1.3375302542479794,1
sample_04916.html,-0.43054750498944633,-0.4805110314497277,-0.4197508576995181,-0.4300032347262321,0.17963274185576503,-0.2573727027675716,-0.44887348689285445,0.3644378975783652,-0.4855462519659636,-0.18052156253610085,-0.01970552937389066,-0.10364022835686888,2.0575270445267972,1
sample_03020.html,-0.018471506419069975,0.131218107203293,0.45606339138695995,0.21623196145126794,0.623164158233164,-0.05631514791700801,0.22932624812042704,0.6239532167696482,1.0210058362131087,0.363582151337563,-0.014563074339623712,-0.06644924944156934,-0.44580781470844166,0
sample_05006.html,-0.180723073000887,-0.10473456056287211,-0.34013138050983827,-0.1426739781979449,-0.4919123143656189,-0.2208167837038328,-0.10977361938621372,0.42958704504985107,-0.8666033827532191,-0.2561972754181441,-0.0209911431324574,0.003012501061713843,0.9952402273275021,0
sample_02771.html,-0.4520377787088923,-0.4805110314497277,-0.4993703348891979,-0.49237720144589586,-2.256016803315404,-0.3365771940723391,-0.44887348689285445,0.8010555061200795,1.4454906224014339,-0.26707468794739053,-0.027419211925291086,-0.10364022835686888,-1.0345429846866518,1
sample_03993.html,-0.28280187316825534,-0.26203633907364887,-0.5789898120788778,-0.38092208058616883,0.6666130065557152,-0.29392862183131047,-0.44887348689285445,-1.9925510562714843,0.43743808975325127,-0.2694166614613405,-0.004278164271089811,-0.04271648468628092,-0.8598296461802722,1
sample_06310.html,0.251768685602963,0.3671707749694581,0.05796600543856084,-0.2152731853634552,0.5253377644321559,-0.31829923454046966,-0.10977361938621372,0.6843743774118912,0.6647250976159265,-0.17585981430928094,-0.022276756891024138,-0.06355500983726588,-0.6221689045751296,0
sample_04152.html,-0.45150052186590617,-0.4805110314497277,-0.4993703348891979,-0.4913546774013112,-2.256016803315404,-0.3304845408950493,-0.44887348689285445,0.934585456444192,2.279605498754318,-0.19098829724536556,-0.01970552937389066,-0.10364022835686888,-1.5198422527019813,1
sample_00315.html,-0.3768218206908314,-0.46303305605964135,-0.34013138050983827,-0.2858273444397962,0.1826567143603359,-0.05631514791700801,-0.10977361938621372,0.512206597064155,0.12050313572047658,-0.21393075816164356,-0.02613359816672435,-0.08468295894868118,0.15906738909723364,0
sample_00445.html,-0.15063668979366265,-0.3232092529389509,-0.26051190332015844,-0.30730034937607387,1.76830199243751,-0.2634653559448614,-0.10977361938621372,0.14985568400011728,0.11998012366459548,-0.25677444424622653,-0.01584868809819045,0.5497343623146386,1.805205456575071,1
sample_03643.html,0.16365856335323456,0.6031234427356232,-0.34013138050983827,0.3471150391581034,1.1035658872652223,-0.2634653559448614,-0.44887348689285445,0.5783731937542267,-0.2832705764865147,-0.23978126201941397,-0.02613359816672435,-0.031428950229497404,-0.2413928791943617,0
sample_06439.html,-0.3096647153175628,-0.3406872283290372,-0.4993703348891979,-0.37376441227407625,0.06381297614258408,-0.2695580091221512,-0.10977361938621372,0.3316516123233787,-2.6902040839400905,-0.26031515301850167,-0.02613359816672435,-0.0910502860781488,3.566025188243186,1
sample_08125.html,-0.24895469206012794,-0.46303305605964135,-0.5789898120788778,-0.47806186482171076,-0.4722282445368599,-0.32439188771775945,-0.44887348689285445,-1.9925510562714843,2.275925863471504,-0.2694943572651209,0.03557586224447905,0.3950372554646183,-1.5051251358237554,1
sample_02593.html,-0.4047591765261112,-0.39312115449929613,-0.4197508576995181,-0.3676292680065683,-0.3861696106470465,-0.31829923454046966,-0.10977361938621372,0.1799890851836058,-0.12128653126315084,-0.26836221841003605,0.020148497141678202,-0.10146954865364127,-0.22124812012999576,1
sample_01084.html,-0.4085199744270142,-0.4368160929745119,8.5772500647343,-0.3512688832932139,-1.8412173316736125,-0.30002127500860026,-0.44887348689285445,0.5985263376148688,0.44015018942760853,4.962319081291624,-0.00042132299538959916,-0.0932209657813764,-0.8822889806576295,0
sample_02232.html,-0.4520377787088923,-0.4805110314497277,-0.4993703348891979,-0.49237720144589586,-2.256016803315404,-0.3365771940723391,-0.44887348689285445,0.18248710748511635,-1.3173695009299775,-0.259449399776378,-0.027419211925291086,-0.10364022835686888,-1.4582175330382625,1
sample_07974.html,-0.024381331691917616,0.061306205642947774,-0.34013138050983827,-0.2469714307455794,-0.33321274099140347,-0.32439188771775945,-0.44887348689285445,0.6794472562353159,-0.21728487202191812,-0.2318784888349002,-0.02613359816672435,0.005617316705586963,-0.008808688684858937,0
sample_00445.html,0.9824379920641259,1.8091037446515783,0.5356828685766397,0.6405794399538985,-0.11447458141794332,-0.11114902651261627,2.942125188173553,0.5866993262281935,0.07584555929246084,0.013473760102847699,-0.02613359816672435,-0.06254202597575965,0.005827933693283364,0
sample_06256.html,-0.45096326502292,-0.4805110314497277,-0.5789898120788778,-0.47806186482171076,-1.5106540643212891,-0.3304845408950493,-0.44887348689285445,-1.9925510562714843,-0.6223662289597627,-0.2694943572651209,-0.004278164271089811,-0.10364022835686888,-0.8307365818566329,1
sample_09067.html,2.808574001374047,-0.4805110314497277,-0.4993703348891979,3.3001644799185783,1.6425691631664705,6.676066612988228,0.22932624812042704,0.6352980278140516,-1.1085684231301818,-0.24232302474308481,-0.02613359816672435,0.07146126770349082,0.4583138156182414,1
sample_00875.html,1.040998987949616,0.39338773805458754,2.128072412370236,0.5741153770558961,1.1063524859615643,0.8819534413856223,-0.10977361938621372,0.6380437598080549,-0.07666276823857603,-0.08756408301320384,-0.02613359816672435,-0.07614495211598594,0.8339690792053155,0
sample_07600.html,-0.4520377787088923,-0.4805110314497277,-0.5789898120788778,-0.486242057178388,-1.0200836873138628,-0.3365771940723391,-0.44887348689285445,-1.9925510562714843,0.19333343166059386,-0.2694943572651209,-0.027419211925291086,-0.10364022835686888,0.25538278721721513,1
sample_03214.html,-0.4477397239650031,-0.4805110314497277,-0.4993703348891979,-0.345133739025706,-0.4108072871718341,-0.31220658136317986,0.5684261156270678,0.27950542676082935,0.6234931941458864,-0.18521660896454092,-0.01584868809819045,-0.09987771687127438,-0.9269387479174592,1
sample_05785.html,-0.4058336902120835,-0.42807710527946874,-0.4993703348891979,-0.40750770574536976,0.001572262780627961,-0.25128004959028183,-0.10977361938621372,0.09410549487209399,-0.21428561978915356,-0.26715238375117084,-0.02613359816672435,-0.09872002102955299,-0.18532518743411805,0
sample_04222.html,-0.28817444159811684,-0.34942621602408036,1.2522581632837582,-0.34411121498112135,-0.06379506139852963,-0.17207555828551432,-0.10977361938621372,0.6223135179913302,0.9824765561151905,-0.13492522511758612,-0.02613359816672435,0.011984643835054588,-0.4938974115622151,1
sample_04027.html,-0.3273941911361057,-0.3406872283290372,-0.4993703348891979,-0.3931923691211846,0.4911933928541008,-0.2817433154767308,-0.10977361938621372,0.343253371727165,0.01518725426425972,-0.25871683934073486,-0.004278164271089811,-0.09582578142524951,-0.20254721649351112,1
sample_00551.html,-0.3821943891206929,-0.2882533021587783,-0.5789898120788778,-0.37376441227407625,1.0455802247764663,-0.31829923454046966,-0.44887348689285445,-1.9925510562714843,0.02507780481221077,-0.2694943572651209,-0.02613359816672435,-0.10204839657450197,0.23395628296371732,1
sample_00521.html,-0.4117435154849311,-0.4368160929745119,-0.5789898120788778,-0.37989955654158414,2.014290557397569,-0.2878359686540206,-0.10977361938621372,-1.9925510562714843,-1.2728974746198747,-0.2694943572651209,-0.014563074339623712,-0.10118012469321093,1.4883033293788175,1
sample_02647.html,2.011284846382601,1.503239175325068,-0.1012729489407988,3.4116196007783057,1.4854595570589721,3.745500434711831,0.22932624812042704,0.618261338091415,-0.5517504624495626,-0.22187792894831748,-0.01970552937389066,0.09070796107210886,1.1779301744473474,0
sample_06405.html,-0.45096326502292,-0.4805110314497277,-0.4993703348891979,-0.48419700908921864,-1.091387524772613,-0.3304845408950493,-0.44887348689285445,0.19867672293162741,-0.33585272868493177,-0.2687173992273175,-0.0017069367539563366,-0.10364022835686888,-0.8852200678013379,1
sample_08489.html,-0.3494217216985378,-0.24455836368356254,-0.4993703348891979,-0.1743722235800691,0.9634186915529644,-0.2878359686540206,-0.10977361938621372,0.21379681702655573,-0.45444905545596725,-0.26284581634163245,0.0008642907631771383,-0.10364022835686888,0.2911777422628147,1
sample_05012.html,-0.24895469206012794,-0.46303305605964135,-0.5789898120788778,-0.47806186482171076,-0.4722282445368599,-0.32439188771775945,-0.44887348689285445,-1.9925510562714843,2.275925863471504,-0.2694943572651209,0.03557586224447905,0.3950372554646183,-1.5051251358237554,1
sample_03725.html,-0.4477397239650031,-0.4717720437546845,-0.4197508576995181,-0.45147623966250977,-0.000991520905193659,-0.3365771940723391,-0.10977361938621372,0.7754353913232462,1.857509992219371,-0.24336636839384926,0.0304334072102121,-0.1034955163766537,-0.2155410157460444,0
sample_09581.html,-0.440218128163197,-0.4805110314497277,-0.5789898120788778,-0.48419700908921864,-2.256016803315404,-0.30611392818589006,-0.44887348689285445,-1.9925510562714843,-0.22645869738572902,-0.26943886026242064,-0.011991846822490236,-0.0959704934054647,-1.2020031351053397,1
sample_06328.html,-0.33921384168180096,-0.3406872283290372,-0.26051190332015844,-0.3553589794715525,0.3659872056826991,-0.3365771940723391,-0.10977361938621372,0.7985280456426058,1.40815835635593,0.23945755509821287,0.01500604210741125,-0.08381468706739013,-1.1430568066992557,1
sample_07172.html,-0.3666139406740946,-0.3057312775488646,0.3764439141972801,-0.25412909905767195,0.11684833855076437,-0.31220658136317986,-0.10977361938621372,0.6275171699275943,-0.04173628039765253,-0.22370933003742532,-0.02613359816672435,-0.09582578142524951,-0.21091057419192583,1
sample_02581.html,0.08468180743427066,0.34969279957937177,-0.4993703348891979,0.2090742931391754,0.6718038659385278,-0.06850045427158762,-0.10977361938621372,0.2880335023738023,0.19518387022824496,-0.2652654856593628,-0.02613359816672435,-0.08584065479040257,-0.9495033223696582,1
sample_06284.html,0.022897270490863507,0.39338773805458754,-0.18089242613047862,-0.15187669459920677,1.2431505707618578,-0.22690943688112258,-0.10977361938621372,0.6073870649560952,1.1380973622402215,-0.19815850999423618,-0.011991846822490236,-0.0693434890458728,-1.1467530218364683,1
sample_02533.html,-0.26023708576283705,-0.31447026524390775,-0.4993703348891979,-0.3297958783569362,0.6871664316131983,-0.09287106698074685,-0.10977361938621372,0.2637548557984933,-0.33283185606260896,-0.26625333230742704,-0.02613359816672435,-0.06529155359984795,0.23078744108992805,1
sample_07977.html,-0.31933533849131346,-0.3756431791092098,0.05796600543856084,0.5761604251450655,1.075870699707698,0.9246020136266508,-0.10977361938621372,0.37553410312722746,-0.4376322601532542,-0.2346200407682919,-0.02613359816672435,-0.08699835063212395,0.16590729646608116,1
sample_06822.html,-0.2199428225388759,-0.19212443751330363,-0.26051190332015844,-0.35433645542696784,0.3043173619160814,-0.21472413052654296,-0.10977361938621372,0.6156810558224591,0.7098518668833179,-0.20297564982861677,-0.01584868809819045,-0.0036442500281841286,-0.8652494136210201,0
sample_03236.html,0.18568609391566668,-0.4105991298893824,-0.1012729489407988,0.07819121543233994,1.110126394006002,1.0586403835270266,-0.44887348689285445,0.3908085642369635,-0.39855254079969693,4.88164863816656,-0.02613359816672435,0.036440968491418875,-0.36972920848018104,0
sample_08403.html,-0.4423671555351416,-0.4717720437546845,-0.5789898120788778,-0.4729492445987875,-0.98619520295693,-0.31220658136317986,-0.10977361938621372,-1.9925510562714843,-3.805465919883044,-0.2694943572651209,-0.0107062330639235,-0.1034955163766537,4.85068853116225,1
sample_00779.html,-0.41819059760076494,-0.4368160929745119,-0.5789898120788778,-0.412620325968293,0.2842599897372601,-0.3304845408950493,-0.10977361938621372,-1.9925510562714843,-0.09139593841141598,-0.2694943572651209,-0.009420619305356762,-0.0910502860781488,-0.3734503776946788,1
sample_05899.html,-0.043185321196432834,0.04382823025286147,-0.021653471751118984,-0.36558421991739903,-0.08448231959684503,-0.3365771940723391,-0.44887348689285445,0.7548590914656762,0.5145566776886017,-0.23160100382139903,-0.01584868809819045,-0.028534710625193936,-0.9061241922144012,0
sample_08079.html,0.2850786098681043,0.46329963961493276,-0.18089242613047862,0.19680400460415956,0.9785762167891922,-0.17816821146280412,-0.44887348689285445,0.29671289490144603,-0.2482294820403427,-0.21991333505272911,-0.02613359816672435,-0.007551473493993808,-0.018490231826330736,0
sample_01476.html,-0.18770741195970694,-0.15716848673313102,-0.5789898120788778,-0.34308869093653666,1.100821226869268,-0.30611392818589006,-0.10977361938621372,-1.9925510562714843,0.3163179842141385,-0.2694943572651209,0.0008642907631771383,-0.058345378549519634,-0.20849749927324426,1
sample_09337.html,0.14270554647677475,0.419604701139717,0.05796600543856084,-0.009745852401940137,0.23276233069220928,-0.17816821146280412,-0.10977361938621372,0.25356619050325596,-0.36649105843489016,-0.1933857677620158,-0.02613359816672435,-0.08945845429578189,0.5578853296942212,0
sample_02090.html,0.5515580039892343,-0.06977860978269951,-0.1012729489407988,0.3900610490306588,0.0035521744839726106,1.0038065049314184,0.22932624812042704,0.529443686425585,-0.9997449630787058,-0.2267949633875585,-0.02613359816672435,-0.0758555281555556,0.9767339368109957,0
sample_07811.html,-0.4332337892043771,-0.46303305605964135,-0.5789898120788778,-0.40750770574536976,-0.24129985345147925,-0.29392862183131047,-0.10977361938621372,-1.9925510562714843,-0.46118687372607775,-0.2694166614613405,-0.018419915615323922,-0.10291666845579302,-0.038778665881127224,1
sample_01722.html,-0.43806910079125244,-0.4542940683645982,-0.4993703348891979,-0.4576113839300177,0.07542885581761738,-0.3304845408950493,-0.44887348689285445,-0.07265869709630711,-0.19816011300930886,-0.269061480644059,0.0034355182803106135,-0.1034955163766537,0.031855505657574765,0
sample_02753.html,0.07339941373156152,-0.026083671307483746,0.21720495981792048,0.07001102307566272,-0.4730893211148072,0.2787807768339313,-0.44887348689285445,0.47049951468301143,0.5033634754940477,-0.2096130913515651,-0.02613359816672435,-0.05602998686607686,-0.36634648382798723,0
sample_02691.html,-0.43538281657632166,-0.4717720437546845,-0.4197508576995181,-0.4494311915733405,-1.8285293515827974,-0.22690943688112258,-0.10977361938621372,0.4066228702510142,0.20549469220527664,-0.2642110426080583,-0.02613359816672435,-0.10233782053493232,-0.4970429029906451,1
sample_03352.html,0.10563482431073047,0.03508924255781832,0.21720495981792048,0.10068674441320227,-0.2206819554487363,0.2787807768339313,-0.44887348689285445,0.4717903333747548,0.5644224092248477,-0.20990167576560634,-0.02613359816672435,-0.043729468547787136,-0.3927763848784584,0
sample_03489.html,0.3844711258205419,-0.1484294990380879,0.05796600543856084,0.035245205559784554,-0.038848567581084105,0.30315138954309057,-0.10977361938621372,0.591530910130997,-0.24508321836881108,-0.25069197275028055,-0.02613359816672435,-0.040256381022622974,0.21401416821661687,0
sample_06158.html,-0.4321592755184048,-0.4717720437546845,-0.5789898120788778,-0.4300032347262321,-1.5966863542967797,-0.2878359686540206,-0.10977361938621372,-1.9925510562714843,0.9895037518146691,-0.2694943572651209,-0.02613359816672435,0.009958676112042162,-1.2920741730332326,1
sample_01711.html,-0.42195139550166794,-0.44555508066955507,-0.5789898120788778,-0.4719267205542028,-0.986972481663042,-0.2878359686540206,-0.44887348689285445,-1.9925510562714843,0.290562182711909,-0.2694166614613405,0.0021499045217438758,-0.10175897261407163,-0.6386539278691816,0
sample_07465.html,0.29260020566991035,1.3546763845093344,0.13758548262824066,0.7694174695715646,1.2473429594554026,0.2726881236566415,-0.10977361938621372,0.6374808633908147,-1.2454742250362691,-0.22582931554057437,-0.02613359816672435,-0.046334284191660254,1.7450389468006187,0
sample_04816.html,0.3167767636042871,-0.3319482406339941,1.3318776404734378,0.19271390842582095,1.0925271815567483,1.1195669152999246,-0.44887348689285445,0.25420644109173285,-0.517683786806379,-0.0325110563345687,-0.02613359816672435,-0.0019077062656020492,0.9615359259198807,0
sample_08183.html,-0.4520377787088923,-0.4805110314497277,-0.4993703348891979,-0.48828710526755725,-2.256016803315404,-0.3365771940723391,-0.44887348689285445,0.6948797331186194,1.4991963936614143,-0.23345460371158694,-0.027419211925291086,-0.10364022835686888,-1.3340155493845216,1
sample_00521.html,0.5042794018064531,1.1187237167431694,0.3764439141972801,0.9923277112910188,1.2677208189781235,0.10818648786981676,-0.10977361938621372,0.730812786098359,0.014430715735317158,-0.16484920897355393,-0.018419915615323922,-0.048070827954242334,0.48624203039378333,0
sample_02662.html,-0.11893853605747985,-0.3057312775488646,-0.021653471751118984,0.02501996511393803,0.1685835530862119,0.4737456785072051,0.22932624812042704,0.633776952780599,-0.3741724460240818,-0.2415460667052815,-0.02613359816672435,-0.08207814330480806,0.6004480286720045,0
sample_05849.html,-0.39240226913742976,-0.34942621602408036,-0.4197508576995181,-0.38807974889826136,0.14666403558517738,-0.3304845408950493,-0.10977361938621372,0.5397037455244563,0.411841199144305,-0.19099939664590562,-0.0209911431324574,-0.08526180686954186,-1.1040198163682264,1
sample_01667.html,-0.4520377787088923,-0.4805110314497277,-0.4993703348891979,-0.483174485044634,-1.100992715785086,-0.3365771940723391,-0.44887348689285445,-0.004262879710628219,-1.7662837565186684,-0.24911585787359383,-0.027419211925291086,-0.10364022835686888,2.7985966999964553,1
sample_00779.html,0.7594764022248739,1.109984729048126,1.0930192089043984,1.0669719665456985,0.920370912671779,0.26050281730206193,0.22932624812042704,0.6049600339537593,0.6661404451568401,2.120195479606546,-0.02613359816672435,0.09722000018179167,-0.6856155065585207,0
sample_03211.html,-0.436457330262294,-0.4805110314497277,-0.5789898120788778,-0.41466537405746234,0.42914483866489467,-0.23300209005841238,-0.10977361938621372,-1.9925510562714843,-1.0887089365342655,-0.26943886026242064,-0.02613359816672435,-0.10320609241622336,0.25224883411605653,1
sample_00189.html,-0.1366680118760228,-0.3232092529389509,-0.021653471751118984,-0.12017844921708255,-1.511371860285682,0.0472599560969187,-0.44887348689285445,0.08059799192403784,0.3678670520884981,0.04416360259607878,-0.009420619305356762,-0.051254491518976146,1.15830025945713,1
sample_09380.html,0.3054943699015779,0.7254692704662273,0.3764439141972801,0.47595306877576954,1.4743382162445362,-0.0502224947397182,-0.10977361938621372,0.7311786053593329,0.32548818643739325,-0.16481591077193378,-0.018419915615323922,-0.05762181864844377,0.14008127365578885,0
sample_03045.html,-0.4520377787088923,-0.4805110314497277,-0.5789898120788778,-0.486242057178388,-1.0200836873138628,-0.3365771940723391,-0.44887348689285445,-1.9925510562714843,0.19333343166059386,-0.2694943572651209,-0.027419211925291086,-0.10364022835686888,0.25538278721721513,1
sample_04153.html,0.10670933799670276,0.10500114411816354,-0.34013138050983827,0.5822955694125733,0.562175574147006,0.3397073086068294,-0.10977361938621372,0.5758890993693871,-0.6308113060809694,-0.21840381657928265,-0.01970552937389066,-0.018260160029916633,1.0229911690681177,0
sample_04306.html,-0.4455906965930585,-0.4805110314497277,-0.4993703348891979,-0.3911473210320153,0.9524247765549114,-0.29392862183131047,0.22932624812042704,0.2819067950693202,-0.03223336726296023,-0.26799593819221446,-0.02613359816672435,-0.10364022835686888,0.22635023066404644,1
sample_00505.html,-0.042110807510460535,0.39338773805458754,0.13758548262824066,-0.018948568803202004,0.6111895652861381,-0.2573727027675716,0.22932624812042704,0.5314793238395815,0.12354652743602199,-0.031933887506486236,-0.02613359816672435,-0.09958829291084402,-0.15627007573272395,0
sample_04710.html,-0.3864924438645821,-0.4018601421943393,-0.4993703348891979,-0.4709041965096182,-0.7144711348613493,-0.3365771940723391,-0.44887348689285445,0.3890982383070516,-0.0593825740312797,-0.2633008917637744,0.0021499045217438758,-0.09915415697019851,-0.9589369283702025,0
sample_04329.html,-0.44612795343604467,-0.4805110314497277,-0.4993703348891979,-0.4647690522421103,-1.4883456743084167,-0.29392862183131047,-0.10977361938621372,0.3391934432522604,-0.09469342893115697,-0.2680514351949147,-0.02613359816672435,-0.10364022835686888,-0.7941082466782456,1
sample_06301.html,-0.40959448811298654,-0.4805110314497277,-0.4197508576995181,-0.34002111880278274,-2.0803572480309236,-0.11724167968990606,-0.10977361938621372,0.2230739354737191,1.0217614502875658,-0.2649436030437014,-0.02613359816672435,-0.10074598875256541,-0.8145791818687997,1
sample_07731.html,-0.31396277006145196,-0.3669041914141667,0.9337802545250389,3.083389382466632,-0.03630030560846009,-0.08677841380345704,0.22932624812042704,0.5037786557240144,-0.24946013181552779,-0.1454807550311712,-0.02613359816672435,-0.09712818924718608,0.14824924901240696,0
sample_06197.html,-0.36930022488902536,-0.3581652037191235,-0.18089242613047862,-0.23674619029973287,-0.9676253838068689,-0.30611392818589006,-0.10977361938621372,0.5236917636955168,0.6004927691482812,1.089149964640462,-0.022276756891024138,-0.07006704894694868,-0.6576273446317991,0
sample_01775.html,-0.3821943891206929,-0.2882533021587783,-0.5789898120788778,-0.37376441227407625,0.9967473344221405,-0.31829923454046966,-0.44887348689285445,-1.9925510562714843,-0.08055213108541676,-0.2694943572651209,-0.02613359816672435,-0.10204839657450197,0.24826405649579475,1
sample_08575.html,-0.2951587805569368,-0.2882533021587783,0.5356828685766397,-0.33286345049069016,0.7720193257407109,-0.23909474323570218,-0.10977361938621372,0.6677934557724604,0.4792222247360919,-0.1651932903902954,-0.02613359816672435,-0.0634102978570507,-0.7683196940968551,1
sample_07292.html,-0.24895469206012794,-0.46303305605964135,-0.5789898120788778,-0.47806186482171076,-0.4722282445368599,-0.32439188771775945,-0.44887348689285445,-1.9925510562714843,2.275925863471504,-0.2694943572651209,0.03557586224447905,0.3950372554646183,-1.5051251358237554,1
sample_06759.html,-0.2441193804732526,-0.44555508066955507,-0.26051190332015844,-0.21629570940803983,-0.03453519673203849,0.18739097917458425,0.22932624812042704,0.21571327864795434,0.06896176734168263,-0.25633046822462463,-0.023562370649590873,-0.05617469884629204,0.18592302182987594,0
sample_00993.html,-0.40690820389805576,-0.4368160929745119,1.729975026421837,-0.4422735232612479,-1.7513441171580757,-0.3304845408950493,0.22932624812042704,0.6615371512571474,1.1578354955157124,0.25936987966705793,0.06643059245008076,-0.09003730221664259,-1.1451534967728572,1
sample_00618.html,-0.3612413722442331,-0.4105991298893824,-0.18089242613047862,-0.4494311915733405,-0.4360572628822781,-0.29392862183131047,-0.44887348689285445,0.4113154803855459,0.5723937742375429,-0.2111559080266317,-0.02613359816672435,0.021535634529256026,-1.0009073786986837,0
sample_02041.html,-0.4520377787088923,-0.4805110314497277,-0.5789898120788778,-0.48828710526755725,-0.5884027022900539,-0.3365771940723391,-0.44887348689285445,-1.9925510562714843,-2.372239040403773,-0.2694943572651209,-0.027419211925291086,-0.10364022835686888,-0.10396695555023992,0
sample_03737.html,-0.22585264781172354,-0.13095152364800158,0.45606339138695995,-0.3083228734206585,0.18292577353861922,-0.2817433154767308,-0.44887348689285445,0.4096712715180568,-0.4780945539774635,-0.1373559938358565,-0.02613359816672435,-0.07093532082823971,0.8482456014713257,0
sample_01647.html,-0.28280187316825534,-0.44555508066955507,-0.5789898120788778,-0.07620991529994252,-0.6466907384105856,0.2239468982383231,-0.44887348689285445,-1.9925510562714843,1.183024150629447,-0.26943886026242064,-0.02613359816672435,0.021680346509471198,0.4341428061437263,1
sample_09163.html,-0.3574805743433301,-0.4193381175844256,0.7745413001456792,-0.34308869093653666,0.023111458943852848,-0.20863147734925316,-0.10977361938621372,0.6150972301443942,0.6951859578556969,0.034329533717596776,-0.0017069367539563366,-0.09915415697019851,-0.8009287800874034,1
sample_08040.html,0.3839338689775557,0.34095381188432866,-0.18089242613047862,0.17635352371246651,0.5784043640610436,0.028981996565049278,-0.44887348689285445,0.503150772558442,-0.6514275526628935,-0.2568965376521671,-0.02613359816672435,-0.06587040152070865,0.20127120046507266,0
sample_07544.html,-0.4278612207745156,-0.46303305605964135,-0.26051190332015844,-0.43716090303832467,-0.27363344125614186,-0.2695580091221512,-0.10977361938621372,0.37880984609874235,-0.48928202146411676,-0.268118031598155,-0.02613359816672435,-0.10320609241622336,-0.6327267217439914,1
sample_01560.html,0.7584018885389017,1.0662897905729103,2.446550321128955,0.5260567469604175,0.9668343950354796,-0.19644617099467354,0.5684261156270678,0.2573444984063523,-0.15526702663271255,0.07220068836023852,-0.0209911431324574,-0.034467901814016044,0.3662046788515014,0
sample_00966.html,0.18729786444462512,-0.3319482406339941,-0.34013138050983827,0.29905640906262476,1.0761430109967844,0.8088416032581446,0.22932624812042704,0.4377800131232856,-0.6525161660579877,-0.25480985035063813,-0.02613359816672435,-0.0872877745925543,0.11863755969381838,1
sample_06855.html,-0.02545584537788991,-0.4105991298893824,-0.021653471751118984,-0.1171108770833286,-0.011732346587507827,0.4250044530888867,0.9075259831337085,0.48067560474845766,0.0650589986172789,-0.24053602125613718,-0.02613359816672435,-0.06630453746135417,-0.02065904622362206,0
sample_01090.html,-0.39455129650937437,-0.34942621602408036,-0.4993703348891979,-0.38807974889826136,-0.005003941299444713,-0.3304845408950493,-0.10977361938621372,0.5285153004223141,0.4200919940440984,-0.19315268035067482,-0.0209911431324574,-0.08366997508717497,-1.1002880996884603,1
sample_05777.html,-0.40099837862520815,-0.3581652037191235,-0.5789898120788778,-0.10688563663748207,0.39163792986267915,-0.2878359686540206,0.22932624812042704,-1.9925510562714843,0.24808378498633923,-0.2694943572651209,-0.02613359816672435,-0.1003118528119199,-0.3209684199583164,1
sample_08672.html,3.5859846531750046,4.457017016249654,0.05796600543856084,1.2724992995072135,1.724207142887186,-0.19035351781738374,0.9075259831337085,-0.10544156567592561,-0.8393777089210706,0.158942503580709,-0.02613359816672435,0.14931631305925405,1.9082868515810731,0
sample_09834.html,0.518248079724093,1.5381951261052407,2.0484529351805563,0.8307689122466438,0.36291993831755476,-0.11114902651261627,-0.10977361938621372,0.5353447965352719,0.550971977588506,0.10980545738991913,-0.009420619305356762,-0.006538489632487595,-0.6852471796842323,0
sample_09005.html,-0.22638990465470968,-0.11347354825791527,-0.34013138050983827,-0.34717878711487526,-0.10299202617367229,-0.3304845408950493,-0.44887348689285445,0.6391445861988644,0.5738956368127531,-0.2572295196683685,-0.008135005546790024,-0.03779627735896503,-0.6141891017354699,1
sample_00578.html,0.04761108526822636,0.4545606519198896,0.854160777335359,0.010704628489752904,0.5916513620137878,-0.18426086464009395,0.22932624812042704,0.27016997818311134,-0.0015396062950849844,0.08422133914510986,-0.02613359816672435,-0.06919877706565764,0.48228371921912705,0
sample_02201.html,-0.40099837862520815,-0.4105991298893824,-0.34013138050983827,-0.3154805417327511,0.8548374098698591,-0.22690943688112258,-0.44887348689285445,0.5410270840517568,-0.03485541631525748,-0.1516853199330577,-0.02613359816672435,-0.09524693350438883,-1.1399139749530443,0
sample_08100.html,-0.37628456384784525,-0.4805110314497277,-0.1012729489407988,3.7091740977524394,0.8334666209639869,-0.08677841380345704,1.2466258506403491,0.2759784904182983,0.13124520927679117,-0.24518667008241704,-0.006849391788223287,-0.04561072429058439,0.05092490565790096,1
sample_04050.html,-0.11625225184254911,-0.26203633907364887,0.2968244370076003,0.0577407345406469,-0.11150464724613154,0.3579852681386988,-0.10977361938621372,0.5252801710732521,-0.440881511659466,-0.20543971674850728,-0.014563074339623712,-0.09857530904933781,0.5008114827582507,0
sample_03305.html,-0.3273941911361057,-0.3406872283290372,-0.4993703348891979,-0.3931923691211846,0.4911933928541008,-0.2817433154767308,-0.10977361938621372,0.343253371727165,0.01189054399440673,-0.25871683934073486,-0.004278164271089811,-0.09582578142524951,-0.202201092750684,1
sample_02167.html,-0.44344166922111394,-0.4717720437546845,-0.26051190332015844,-0.483174485044634,-1.3476059645985698,-0.3304845408950493,-0.44887348689285445,0.5884817616331184,0.15390734058490246,-0.2543325761274161,-0.0107062330639235,-0.10320609241622336,0.4915389048708472,1
sample_02114.html,-0.4300102481464602,-0.4542940683645982,-0.4197508576995181,-0.43716090303832467,-1.5884182895342476,-0.29392862183131047,-0.10977361938621372,0.5781473533088476,0.4610566091392784,-0.21486310780700754,-0.01970552937389066,-0.10060127677235024,-0.8318669989501272,1
sample_03240.html,-0.4520377787088923,-0.4805110314497277,-0.4993703348891979,-0.4893096293121419,-1.2220532489725586,-0.3365771940723391,-0.44887348689285445,0.36106848613846265,-0.3288607317830799,-0.2678294471841138,-0.027419211925291086,-0.10364022835686888,0.11082971052464799,1
sample_08779.html,-0.3424373827397179,-0.3406872283290372,-0.26051190332015844,-0.35433645542696784,0.28513245778712515,-0.3365771940723391,-0.10977361938621372,0.7949182657254398,1.408119094078703,0.24167743520622237,0.01500604210741125,-0.08251227924545358,-1.1425297072266491,1
sample_08555.html,-0.053393201213169664,0.17491304567850874,-0.26051190332015844,-0.10586311259289742,0.7673319621493655,-0.275650662299441,-0.44887348689285445,0.6264194290806192,0.045224351263579064,-0.22507455630385115,-0.02613359816672435,-0.06601511350092382,-0.13246314285601085,0
sample_08059.html,0.09435243060802134,0.2186079841537245,-0.4197508576995181,-0.03428642947197178,2.143058157150016,-0.31220658136317986,0.22932624812042704,0.41768462306896037,1.270485882972722,-0.26211325590598933,0.0008642907631771383,-0.08526180686954186,-0.8045285556688795,1
sample_02003.html,-0.39455129650937437,-0.34942621602408036,-0.4993703348891979,-0.38807974889826136,-0.15398560804431902,-0.3304845408950493,-0.10977361938621372,0.6167980940635666,0.5736606734438635,-0.19000045059730133,-0.0209911431324574,-0.08555123082997222,-1.0977399024829524,1
sample_04664.html,-0.44129264184916933,-0.4805110314497277,-0.5789898120788778,-0.4749942926879568,-1.482901198731579,-0.2817433154767308,-0.44887348689285445,-1.9925510562714843,0.5307527391437091,-0.2693500650581003,-0.013277460581056975,-0.08873489439470603,-0.988225766165376,0
sample_01519.html,-0.3821943891206929,-0.2882533021587783,-0.5789898120788778,-0.37376441227407625,1.0349185882949992,-0.31829923454046966,-0.44887348689285445,-1.9925510562714843,-0.764110025643234,-0.2694943572651209,-0.02613359816672435,-0.10204839657450197,0.24590186755602889,1
sample_03558.html,-0.4520377787088923,-0.4805110314497277,-0.4993703348891979,-0.4913546774013112,-2.256016803315404,-0.3365771940723391,-0.44887348689285445,0.7003484728409931,1.344463712762136,0.5716404144607516,-0.027419211925291086,-0.10364022835686888,-1.5509817338902292,1
sample_09756.html,-0.1850211277447762,-0.008605695917397443,-0.26051190332015844,-0.3574040275607218,0.7607960612301707,-0.32439188771775945,-0.44887348689285445,0.535143930302045,0.6622708280397679,-0.25401069351175476,-0.008135005546790024,-0.05067564359811545,-0.37166059408883945,0
sample_04017.html,-0.3940140396663882,-0.4805110314497277,-0.4993703348891979,-0.4320482828154014,0.06566008423738039,-0.23300209005841238,-0.10977361938621372,-0.03181234889534068,-0.46061360636736265,-0.26428873841183864,-0.0017069367539563366,-0.10320609241622336,0.22510993218948608,1
sample_03828.html,-0.4375318439482663,-0.4805110314497277,-0.5789898120788778,-0.4811294369554647,-2.256016803315404,-0.30002127500860026,-0.44887348689285445,-1.9925510562714843,2.8277713431354514,-0.2694610590635007,-0.011991846822490236,-0.09307625380116123,-1.4504961496165092,1
sample_07292.html,-0.4520377787088923,-0.4805110314497277,-0.5789898120788778,-0.48828710526755725,-0.5884027022900539,-0.3365771940723391,-0.44887348689285445,-1.9925510562714843,-2.372239040403773,-0.2694943572651209,-0.027419211925291086,-0.10364022835686888,-0.10396695555023992,0
sample_00255.html,0.022897270490863507,-0.4717720437546845,-0.5789898120788778,-0.09257030001329694,0.8201609154467728,1.2231420193138514,-0.10977361938621372,-1.9925510562714843,-1.215517617379066,-0.2694832578645808,-0.02613359816672435,-0.03620444557659812,1.1076968457018208,0
sample_05407.html,-0.007189112716360844,-0.008605695917397443,0.13758548262824066,0.2642905915467466,0.5182682872105876,0.2300395514156129,0.22932624812042704,0.48684736584822846,-0.18038837424975054,0.21720325701541784,-0.02613359816672435,0.016181291261294615,0.4489701303444667,0
sample_03774.html,0.5811071303534724,0.8041201597216157,0.7745413001456792,-0.08030001147828113,0.03680744198166938,-0.17816821146280412,-0.10977361938621372,0.5091881874773979,-0.08327274913146057,-0.1784681734361921,-0.02613359816672435,-0.08092044746308667,0.15719722833023245,0
sample_01494.html,-0.33115498903700874,-0.34942621602408036,-0.4993703348891979,-0.4003500374332772,0.4618700726624893,-0.2817433154767308,-0.10977361938621372,0.3316516123233787,0.10413319956983151,-0.26031515301850167,-0.004278164271089811,-0.09582578142524951,-0.3917082617145721,1
sample_06934.html,-0.4450534397500724,-0.4805110314497277,-0.5789898120788778,-0.42898071068164745,0.2621742996695351,-0.30002127500860026,-0.10977361938621372,-1.9925510562714843,-0.5062334884120299,-0.26943886026242064,-0.008135005546790024,-0.10364022835686888,0.036300929807954324,1
sample_06537.html,-0.29623329424290906,-0.17464646212321733,0.2968244370076003,-0.30627782533148923,0.5610837188235187,-0.2634653559448614,-0.10977361938621372,0.4533493225870858,0.43895600796553985,0.285375775132389,-0.02613359816672435,-0.058345378549519634,-1.2340806105936366,0
sample_04743.html,-0.3574805743433301,-0.4193381175844256,0.7745413001456792,-0.3492238352040446,0.042240834946274584,-0.20863147734925316,-0.10977361938621372,0.6150972301443942,0.6935705599094011,0.034329533717596776,-0.0017069367539563366,-0.09915415697019851,-0.7991521645160773,1
sample_03014.html,-0.33437853009492563,-0.34942621602408036,-0.4197508576995181,-0.37989955654158414,1.3513702504265037,-0.245187396412992,-0.10977361938621372,0.4019905556729134,0.6923823655132821,-0.2623130451157102,-0.011991846822490236,-0.08989259023642741,-0.20014674899005164,1
sample_03958.html,-0.2591625720768648,-0.19212443751330363,-0.34013138050983827,-0.3297958783569362,-0.13320626726731924,-0.30611392818589006,-0.10977361938621372,0.5300954523316276,0.11578176641272837,-0.26151388827682676,-0.022276756891024138,-0.007406761513778635,-0.2629984165666066,0
sample_05082.html,0.5456481787163866,0.9177269997571766,-0.26051190332015844,0.44834491957198397,1.017737989728443,0.5042089443936542,0.5684261156270678,0.6138458122208947,-0.6898292245658916,-0.14921015361262713,-0.02613359816672435,-0.0796180396411501,1.2555780844481286,0
sample_01073.html,-0.19200546670359614,-0.3057312775488646,0.5356828685766397,-0.18357493998133098,0.24983758388183552,-0.06240780109429781,-0.44887348689285445,0.591246109336983,0.7442692815879293,-0.049348846953820615,-0.02613359816672435,-0.014931784484967646,-0.7851520275606063,0
sample_00880.html,-0.07219719071768489,0.07878418103303408,-0.021653471751118984,-0.03735400160572574,0.3457565087158504,-0.2208167837038328,-0.10977361938621372,0.5787572893395168,0.2595489956813005,-0.17769121539838878,-0.02613359816672435,-0.025351047060460125,-0.6013861216444563,0
sample_09871.html,0.48708718283089636,0.6730353442959685,1.5707360720424772,0.09966422036861762,0.7952027818584473,-0.23300209005841238,1.58572571814699,0.6795129465167741,0.47253170814961337,-0.08827444464776688,-0.02613359816672435,0.12399171652159872,-0.22757260976774554,0
sample_07125.html,-0.4520377787088923,-0.4805110314497277,-0.5789898120788778,-0.4872645812229726,-0.7067890193140784,-0.3365771940723391,-0.44887348689285445,-1.9925510562714843,0.22606251694284138,-0.2694943572651209,-0.027419211925291086,-0.10364022835686888,-0.8721332970100784,1
sample_03172.html,-0.4520377787088923,-0.4805110314497277,-0.5789898120788778,-0.4913546774013112,-2.256016803315404,-0.3365771940723391,-0.44887348689285445,-1.9925510562714843,-0.8966850595743611,-0.2694943572651209,-0.027419211925291086,-0.10364022835686888,-1.2691682726963263,1
sample_08333.html,0.723480193744802,0.27104191032398345,0.21720495981792048,1.2408010541250893,1.5329626005622108,1.3206244701504883,0.22932624812042704,0.5917986042427246,0.7697945874887605,1.9378101299324866,-0.02613359816672435,0.20343859365972886,-0.30076295755861066,0
sample_06217.html,-0.31396277006145196,-0.3406872283290372,-0.4993703348891979,-0.37376441227407625,0.05687775598690603,-0.2695580091221512,-0.10977361938621372,0.3316516123233787,-2.6988350356395556,-0.26031515301850167,-0.02613359816672435,-0.09683876528675574,3.571712814366185,1
sample_02248.html,-0.4391436144772247,-0.4717720437546845,-0.5789898120788778,-0.4259131385478935,1.22955226005742,-0.30002127500860026,-0.10977361938621372,-1.9925510562714843,-0.7809679553078791,-0.2694610590635007,-0.008135005546790024,-0.10320609241622336,0.5392531214773897,1
sample_06012.html,0.052446396855101704,-0.4018601421943393,-0.4197508576995181,0.031155109381445945,-0.4225529181949976,0.6930811928896381,-0.44887348689285445,0.4572260809446005,-1.2873525256224168,-0.2597157853893391,-0.024847984408157612,-0.10291666845579302,1.0797535724313652,0
sample_07738.html,-0.3886414712365267,-0.39312115449929613,-0.5789898120788778,-0.4494311915733405,0.06108910624269174,-0.31220658136317986,-0.10977361938621372,-1.9925510562714843,-0.2891821796554278,-0.26930566745594003,-0.011991846822490236,-0.09872002102955299,-0.3518076178090327,1
sample_02603.html,-0.41550431338583416,-0.4368160929745119,-0.4197508576995181,-0.4023950855224465,-1.371918666229915,-0.30002127500860026,0.22932624812042704,0.29933471621324054,1.7484192952946749,-0.2481058124244495,-0.013277460581056975,-0.10002242885148954,-0.7526887025857579,1
sample_02885.html,-0.328468704822078,-0.4105991298893824,-0.4993703348891979,-0.4535212877516791,0.2100292404440199,-0.31829923454046966,-0.44887348689285445,0.6144202191003992,2.754867139763141,-0.20818126868189898,-0.02613359816672435,0.13947589840462227,-1.1669709091241849,1
sample_09693.html,-0.4396808713202109,-0.4805110314497277,-0.5789898120788778,-0.37580946036324553,0.27458627426718646,-0.21472413052654296,-0.10977361938621372,-1.9925510562714843,-0.35060834584869327,-0.2694943572651209,-0.02613359816672435,-0.10320609241622336,0.1721721909694155,1
sample_04334.html,-0.4520377787088923,-0.4805110314497277,-0.4993703348891979,-0.49237720144589586,-2.256016803315404,-0.3365771940723391,-0.44887348689285445,0.32146681233332947,-0.8329860769671793,-0.2532337354739514,-0.027419211925291086,-0.10364022835686888,0.7857714262425866,0
sample_02739.html,-0.16729165192623327,-0.12221253595295842,-0.4993703348891979,-0.2060704689621933,-0.2236139604399955,-0.11724167968990606,-0.44887348689285445,-0.03705467087703682,-1.098011639608484,-0.25542031738034077,-0.024847984408157612,-0.0975623251878316,1.2418423120825817,0
sample_09322.html,0.09972499903788283,0.4720386273099759,1.4114971176631177,0.02092986893559942,0.5473669755700015,-0.19644617099467354,0.5684261156270678,0.581565343978151,0.3911331998110296,0.07328842961316318,-0.02613359816672435,-0.03548088567552225,-0.9013476767407921,0
sample_07341.html,-0.1619190834963718,-0.38438216680425297,1.0133997317147188,-0.045534193962402957,-0.10494265071157666,0.19957628552916384,-0.10977361938621372,0.5758067160772945,-0.30263866788493565,-0.15851145126518684,-0.023562370649590873,-0.08265699122566875,0.13117041255010098,0
sample_02974.html,-0.4455906965930585,-0.4717720437546845,-0.5789898120788778,-0.4760168167325414,-0.5084934647318502,-0.3304845408950493,-0.44887348689285445,-1.9925510562714843,1.5192034685144944,-0.2694943572651209,0.008577973314577563,-0.10320609241622336,0.43589955232436123,1
sample_00520.html,-0.1366680118760228,-0.3232092529389509,-0.021653471751118984,-0.12017844921708255,-1.511371860285682,0.0472599560969187,-0.44887348689285445,0.08059799192403784,0.37259706337187154,0.04416360259607878,-0.009420619305356762,-0.051254491518976146,1.095161046334845,1
sample_08807.html,-0.24680566468818335,-0.13095152364800158,0.45606339138695995,-0.39523741721035394,-1.9191444167817358,-0.2878359686540206,-0.44887348689285445,0.6114666913874713,0.9289725219393868,-0.1948619880338421,-0.013277460581056975,-0.07122474478867005,-1.0610242280340665,0
sample_09444.html,-0.02115779063400072,0.11374013181320669,-0.1012729489407988,0.27553835603717775,0.683755451867045,0.19348363235187405,0.22932624812042704,0.520317043954946,0.24730966379661737,-0.15270646478274205,-0.02613359816672435,-0.06818579320415143,0.5013670434381267,0
sample_04377.html,-0.3435118964256902,-0.4717720437546845,-0.4993703348891979,-0.2254984258093017,-0.2750682943441117,0.163020366465425,-0.10977361938621372,0.11208640033610498,-0.6131217871187197,-0.2664975191193081,-0.02613359816672435,-0.10175897261407163,0.40187616727646747,1
sample_04430.html,-0.08294232757740787,-0.38438216680425297,0.05796600543856084,0.09557412419027901,1.277390216468677,0.26050281730206193,0.5684261156270678,0.5526742885880983,-0.20060070632427682,-0.21683880110313597,-0.02613359816672435,-0.029692406466915323,0.381114505351647,0
sample_02182.html,1.2467683588133112,0.34969279957937177,0.13758548262824066,1.244891150303428,0.7933568123052349,2.1979665276802205,-0.10977361938621372,0.5722906769725018,1.5808989136211082,-0.23778336992220542,-0.02613359816672435,0.02920536948066021,-0.3924380576550757,0
sample_09498.html,-0.1323699571321336,-0.11347354825791527,0.6153023457663196,-0.25208405096850267,0.701891111196922,-0.17816821146280412,-0.10977361938621372,0.8127743967491798,1.6550669389765966,0.4410448677065539,-0.02613359816672435,-0.06630453746135417,-1.2239809367245693,0
sample_06917.html,0.07232490004558922,0.27978089801902656,0.7745413001456792,-0.08030001147828113,0.4186236122187318,-0.31220658136317986,-0.10977361938621372,0.6783577091944393,0.0014253381184723562,-0.17302946717156886,-0.01584868809819045,-0.03331020597229466,-0.67852801406551,0
sample_07063.html,-0.4520377787088923,-0.4805110314497277,-0.5789898120788778,-0.48828710526755725,-0.4857802989613899,-0.3365771940723391,-0.44887348689285445,-1.9925510562714843,-2.374105694263592,-0.2694943572651209,-0.027419211925291086,-0.10364022835686888,-0.06926926283400898,0
sample_05642.html,-0.4520377787088923,-0.4805110314497277,-0.5789898120788778,-0.49237720144589586,-2.256016803315404,-0.3365771940723391,-0.44887348689285445,-1.9925510562714843,-1.2972817976803461,-0.2694943572651209,-0.027419211925291086,-0.10364022835686888,-1.3042592724394466,1
sample_03738.html,0.5300677302697883,-0.13969051134304472,-0.18089242613047862,0.7039759307181469,1.27121564504469,2.0395575450706853,-0.10977361938621372,0.6031910239418438,-0.668125417797462,-0.21335358933356108,-0.018419915615323922,-0.06427856973834174,1.0345118042377348,0
sample_00068.html,-0.07380896124664334,-0.3232092529389509,0.3764439141972801,-0.12835864157375976,0.49161660329564233,0.3640779213159886,-0.44887348689285445,0.6869359711414699,1.3711029528406438,-0.23537480000501515,-0.018419915615323922,-0.08714306261233912,-0.07894265743927209,1
sample_00662.html,-0.4520377787088923,-0.4805110314497277,-0.5789898120788778,-0.4872645812229726,-0.7067890193140784,-0.3365771940723391,-0.44887348689285445,-1.9925510562714843,0.22606251694284138,-0.2694943572651209,-0.027419211925291086,-0.10364022835686888,-0.8721332970100784,1
sample_05505.html,0.15774873808038692,0.03508924255781832,-0.4197508576995181,0.8941654030108922,0.07620901115805208,1.2109567129592718,-0.44887348689285445,0.5160649159592379,-0.8832841107162169,-0.2618246714919481,-0.02613359816672435,0.028192385619153996,1.2629370209793216,0
sample_00743.html,0.4838636417729794,0.6380793935157958,0.7745413001456792,0.3726781402727197,0.31765022891737343,-0.23300209005841238,0.22932624812042704,0.6443353036130581,0.5424128603801204,-0.0648214113066467,-0.02613359816672435,-0.01985199181228354,-0.6149899920246867,0
sample_02209.html,-0.30268037635874284,-0.3319482406339941,-0.4993703348891979,-0.36660674396198367,0.1450017406474816,-0.2695580091221512,-0.10977361938621372,0.343253371727165,-2.671897459420956,-0.25871683934073486,-0.02613359816672435,-0.0910502860781488,3.551261852867586,1
sample_00605.html,-0.45042600817993383,-0.4805110314497277,-0.4993703348891979,-0.48419700908921864,-1.091387524772613,-0.3304845408950493,-0.44887348689285445,0.19867672293162741,-0.33425918288558676,-0.2687173992273175,0.0008642907631771383,-0.10364022835686888,-0.887651317215179,1
sample_05045.html,-0.44129264184916933,-0.4805110314497277,-0.5789898120788778,-0.204025420873024,0.5784027592018952,0.028981996565049278,0.5684261156270678,-1.9925510562714843,-0.308175277293846,-0.2694943572651209,-0.02613359816672435,-0.10291666845579302,0.42426518966458765,1
sample_05689.html,-0.02867938643580681,0.09626215642312039,1.3318776404734378,0.059785782629816195,0.5347442799381292,0.1508350601108454,0.22932624812042704,0.6142299374235213,-0.20405658499562904,0.05964726634944491,-0.02613359816672435,-0.07788149587856803,0.6013338593026599,0
sample_08834.html,-0.4520377787088923,-0.4805110314497277,-0.5789898120788778,-0.4913546774013112,-2.256016803315404,-0.3365771940723391,-0.44887348689285445,-1.9925510562714843,-1.6241803805168198,-0.2694943572651209,-0.027419211925291086,-0.10364022835686888,-1.0836151124799762,1
sample_01612.html,-0.29623329424290906,-0.2969922898538215,0.45606339138695995,-0.22958852198764032,0.47121124314879775,-0.0014812693213997515,-0.10977361938621372,0.7007702586719574,0.8333621765302919,-0.11212705640832875,-0.02613359816672435,-0.09568106944503435,-0.6890842276024459,0
sample_03122.html,0.7277782484886911,2.080012363197916,0.21720495981792048,1.5322204068317151,0.9890009821164282,-0.29392862183131047,0.22932624812042704,0.2954691585497812,0.11382435893342507,-0.13219477258473444,-0.02613359816672435,-0.06760694528329073,-0.11728578361506328,0
sample_09272.html,-0.32578242060714724,-0.31447026524390775,-0.1012729489407988,-0.32263821004484367,0.7408024594922274,-0.30611392818589006,-0.10977361938621372,0.6809883501606412,0.8479444855165854,-0.13116252833451006,-0.02613359816672435,-0.06326558587683553,-0.7804928640460596,1
sample_07273.html,-0.28548815738318606,-0.4542940683645982,-0.5789898120788778,-0.4300032347262321,-0.5809329853090196,-0.2878359686540206,-0.10977361938621372,-1.9925510562714843,2.5068779213518155,-0.26943886026242064,-0.0107062330639235,0.3355606315961821,-1.0184172662075979,1
sample_03428.html,-0.4343083028903494,-0.46303305605964135,-0.4993703348891979,-0.4300032347262321,0.20180473095316806,-0.3304845408950493,-0.10977361938621372,0.5766664835670271,0.43542296953326326,-0.21536258083130966,-0.013277460581056975,-0.10089070073278059,-0.43614535869818505,1
sample_07375.html,-0.41872785444375105,-0.44555508066955507,-0.4993703348891979,-0.41466537405746234,-0.8807664702485071,-0.30002127500860026,-0.10977361938621372,0.40973863008096567,0.42220264208583586,-0.25702973045864763,-0.014563074339623712,-0.10045656479213506,-0.37157295495220827,1
sample_09620.html,-0.4310847618324325,-0.46303305605964135,-0.4197508576995181,-0.48010691291088003,-1.4148956556824754,-0.31829923454046966,-0.44887348689285445,0.5862183329137697,0.5331752373565575,-0.21405285156758408,-0.011991846822490236,-0.10089070073278059,-0.8953369904918514,1
sample_02921.html,0.25875302456178295,0.08752316872807724,-0.021653471751118984,0.41357910205610576,1.38226175419292,0.4493750657980459,0.22932624812042704,0.21898862397031132,-0.8239904292611456,-0.20956869374940493,-0.02613359816672435,0.06147614106864385,1.3128093741413078,0
sample_01194.html,0.09112888955010444,0.3322148241892855,0.05796600543856084,0.48720083326620073,1.216729810938186,-0.11724167968990606,0.5684261156270678,0.4267418138563966,-0.5299677628899364,-0.23642924305631965,-0.02613359816672435,-0.08685363865190877,-0.4179360138787794,1
sample_03255.html,-0.1490249192647042,-0.2008634252083468,0.3764439141972801,-0.2152731853634552,-1.6658448463263107,0.06553791562878812,0.22932624812042704,0.7111049180152941,1.2011140098850985,0.23586134932323752,-0.02613359816672435,-0.04300590864671126,-0.638201534176536,1
sample_02972.html,-0.4310847618324325,-0.46303305605964135,-0.5789898120788778,-0.4688591484204489,-0.36259086863695095,-0.29392862183131047,-0.44887348689285445,-1.9925510562714843,0.00037260849284860803,-0.26943886026242064,-0.014563074339623712,-0.10277195647557784,-0.20074867158154033,1
sample_07309.html,-0.4520377787088923,-0.4805110314497277,-0.5789898120788778,-0.48215196100004937,-0.6304395107488315,-0.3365771940723391,-0.44887348689285445,-1.9925510562714843,-1.211841883345676,-0.2694943572651209,-0.027419211925291086,-0.10364022835686888,0.6629541070497076,0
sample_08489.html,-0.4138925428568757,-0.44555508066955507,-0.5789898120788778,-0.415687898102047,0.9675940445152477,-0.2573727027675716,-0.10977361938621372,-1.9925510562714843,-0.8111118770142531,-0.2694832578645808,-0.01584868809819045,-0.10291666845579302,0.6079729867393266,0
sample_06961.html,-0.4520377787088923,-0.4805110314497277,-0.5789898120788778,-0.49237720144589586,-2.256016803315404,-0.3365771940723391,-0.44887348689285445,-1.9925510562714843,-0.9559172480681847,-0.2694943572651209,-0.027419211925291086,-0.10364022835686888,-1.2396918230034848,1
sample_00335.html,-0.04533434856837743,0.2535639349338971,0.21720495981792048,-0.1978902766055161,-0.3933883639937045,-0.3304845408950493,-0.10977361938621372,0.6348670086570284,0.33673171603708235,-0.0694831595334666,-0.017134301856757187,-0.07426369637318869,-0.38671010605608813,0
sample_08804.html,-0.28495090054019995,-0.3756431791092098,0.05796600543856084,0.5761604251450655,1.0718280352885905,0.9246020136266508,-0.10977361938621372,0.37553410312722746,-0.3301553414481932,-0.2346200407682919,-0.02613359816672435,0.007209148487953869,0.12501974096792517,1
sample_04651.html,-0.4224886523446541,-0.4717720437546845,-0.4197508576995181,-0.46272400415294096,-0.7878780766453184,-0.2878359686540206,-0.44887348689285445,0.6315952873313954,0.5407018779602658,-0.24393243782139168,-0.00042132299538959916,-0.09828588508890747,-1.1380848828085346,0
sample_05769.html,-0.1828721003728316,-0.1659074744281742,-0.18089242613047862,-0.06905224698784995,0.1383207301809104,-0.08068576062616724,1.9248255856536307,0.575959605138454,0.19973975188294946,-0.16794594172422714,-0.011991846822490236,-0.07151416874910041,-0.1832042473167597,0
sample_06040.html,-0.4300102481464602,-0.4717720437546845,-0.4993703348891979,-0.3349084985798595,0.3654015895514117,-0.2208167837038328,-0.10977361938621372,0.5286884336613167,-0.42225186626294337,-0.2651544916539623,-0.02613359816672435,-0.10103541271299576,0.607016439852038,0
sample_07931.html,-0.4520377787088923,-0.4805110314497277,-0.5789898120788778,-0.4872645812229726,-0.7067890193140784,-0.3365771940723391,-0.44887348689285445,-1.9925510562714843,0.22606251694284138,-0.2694943572651209,-0.027419211925291086,-0.10364022835686888,-0.8721332970100784,1
sample_03403.html,-0.24895469206012794,-0.3232092529389509,0.05796600543856084,-0.08848020383495833,0.404384030078955,-0.1537975987536449,-0.10977361938621372,0.2743070389419935,-0.578610920108553,-0.2269836531967393,-0.02613359816672435,-0.07354013647211283,0.570763132904117,0
sample_03424.html,-0.4520377787088923,-0.4805110314497277,-0.26051190332015844,-0.4617014801083563,-0.6935759838145575,-0.3365771940723391,-0.10977361938621372,0.8148129570544249,2.4283626449206586,-0.2248525682930502,-0.027419211925291086,-0.10364022835686888,-1.4335725264719053,0
sample_04132.html,-0.4337710460473632,-0.4805110314497277,-0.5789898120788778,-0.41773294619121626,0.2196739715522663,-0.23909474323570218,-0.10977361938621372,-1.9925510562714843,-0.05100135894687903,-0.2694166614613405,-0.013277460581056975,-0.10364022835686888,-0.3081360920992937,1
sample_05723.html,-0.44129264184916933,-0.4717720437546845,-0.5789898120788778,-0.42489061450330884,0.2621742996695351,-0.30002127500860026,-0.10977361938621372,-1.9925510562714843,-0.5949674735573716,-0.26943886026242064,-0.008135005546790024,-0.10146954865364127,0.04913617810235424,1
sample_05720.html,-0.18770741195970694,-0.15716848673313102,-0.5789898120788778,-0.34308869093653666,1.100821226869268,-0.30611392818589006,-0.10977361938621372,-1.9925510562714843,0.3163179842141385,-0.2694943572651209,0.0008642907631771383,-0.058345378549519634,-0.20849749927324426,1
sample_02470.html,-0.3972375807243051,-0.4105991298893824,0.13758548262824066,-0.3318409264461055,-0.6799488159258102,-0.2573727027675716,-0.10977361938621372,0.4974905242246083,0.3953544186420411,-0.18672612743798736,-0.018419915615323922,-0.08149929538394736,-0.8374219147530171,1
sample_07275.html,-0.342974639582704,-0.2969922898538215,-0.4197508576995181,-0.23879123838890218,-0.26305895165446885,-0.22690943688112258,-0.44887348689285445,0.5440773701466776,-0.9249051837733837,-0.2641999432075183,-0.02613359816672435,-0.10016714083170472,1.3155862649046328,0
sample_05197.html,-0.13183270028914743,-0.11347354825791527,0.6153023457663196,-0.25208405096850267,0.701891111196922,-0.17816821146280412,-0.10977361938621372,0.812806636919395,1.6487115023771164,0.4409338737011534,-0.02613359816672435,-0.06688338538221486,-1.2238269750220288,0
sample_04414.html,-0.3821943891206929,-0.2882533021587783,-0.5789898120788778,-0.37376441227407625,1.0298242566479083,-0.31829923454046966,-0.44887348689285445,-1.9925510562714843,-0.2285732750027962,-0.2694943572651209,-0.02613359816672435,-0.10204839657450197,0.2305492430794769,1
sample_09610.html,-0.12108756342942445,-0.17464646212321733,-0.18089242613047862,-0.14574155033169886,0.515427208088212,0.04116730291962889,-0.10977361938621372,0.5787638726422478,-0.14231876691257705,-0.21811523216524142,-0.017134301856757187,-0.08815604647384534,-0.22127448227433802,0
sample_01402.html,0.10563482431073047,-0.2532973513786057,0.13758548262824066,1.1733144671825024,0.6153166452964516,0.8880460945629121,-0.10977361938621372,0.6038245780990746,-1.3702038901482099,-0.21152218824445326,-0.02613359816672435,0.12326815662052286,1.830285699276233,0
sample_01572.html,1.3601295526833885,1.2847644829489893,0.5356828685766397,1.4197427619274035,-0.1959035539728869,0.08990852833794734,0.5684261156270678,0.5636377807938981,0.4251556535688065,0.15010738075083127,-0.02613359816672435,0.3620429239755588,-0.2853140890911912,0
sample_07419.html,0.2915256919839381,0.7342082581612704,0.3764439141972801,-0.0169035207140327,0.03550904431381912,-0.29392862183131047,0.22932624812042704,0.5980197141371173,0.18402641017364388,-0.062290747983515894,-0.02613359816672435,-0.023325079337447697,-0.6826365712101954,0
sample_01573.html,-0.4520377787088923,-0.4805110314497277,-0.5789898120788778,-0.48828710526755725,-0.4857802989613899,-0.3365771940723391,-0.44887348689285445,-1.9925510562714843,-2.374105694263592,-0.2694943572651209,-0.027419211925291086,-0.10364022835686888,-0.06926926283400898,0
sample_02752.html,-0.4520377787088923,-0.4805110314497277,-0.5789898120788778,-0.3972824652995232,0.010028410979280297,-0.3365771940723391,-0.44887348689285445,-1.9925510562714843,-0.9343524571085078,-0.2694943572651209,-0.027419211925291086,-0.10364022835686888,1.580252715722894,0
sample_03501.html,1.2075486092753223,2.648046563375721,0.5356828685766397,1.9514552651114225,1.0624123024406402,0.3457999617841192,0.9075259831337085,0.5809334925750083,0.3390799437311566,2.555058893365063,-0.02613359816672435,-0.04141407686434436,-0.1596810138766865,0
sample_01576.html,0.2539177129749076,0.6031234427356232,0.6153023457663196,0.028087537247691988,0.4851909652840509,-0.1598902519309347,0.9075259831337085,0.7026862498146815,0.1599403022244055,-0.15863354467112736,-0.02613359816672435,-0.07296128855125214,-0.2859998177478786,0
sample_09617.html,-0.0023538011294855017,0.1486960825933793,-0.021653471751118984,-0.2531065750130873,-0.06903807567562917,-0.30611392818589006,-0.44887348689285445,0.6950556707795245,0.19007350128879322,-0.18216427381602787,-0.0209911431324574,-0.06471270567898726,0.0019021384375142955,0
sample_01773.html,-0.252715489961031,-0.12221253595295842,0.21720495981792048,-0.2081155170513626,-0.29368960222051155,-0.30611392818589006,0.5684261156270678,0.4686404873891188,-0.5577391043505392,-0.11947485956584013,-0.02613359816672435,-0.08063102350265633,0.7520746736389092,0
sample_07187.html,-0.3940140396663882,-0.4105991298893824,-0.34013138050983827,-0.2684444356818571,-1.9490959575729705,-0.31220658136317986,0.5684261156270678,0.45417861335195514,0.28003525726749906,-0.24973742430383647,-0.013277460581056975,-0.09929886895041368,-0.7644642239679809,1
sample_02139.html,0.511263740765273,0.4458216642248465,-0.1012729489407988,0.5199216026929095,-0.03594393603643164,0.6504326206486095,-0.10977361938621372,0.6280781373337164,-0.6658161794219093,-0.19871348002123856,-0.022276756891024138,-0.07773678389835285,0.648016705903032,0
sample_07622.html,3.437701764510827,1.2585475198638598,4.357417773681271,7.852441526409449,1.473364078853602,9.704115242101262,0.22932624812042704,0.20645299158750646,-0.9622231684133992,-0.1031032437692702,-0.02613359816672435,1.7498308142390708,1.8204544186333909,0
sample_09528.html,0.38769466687845877,0.6817743319910116,-0.5789898120788778,-0.04348914587323365,0.5039505756826093,-0.23300209005841238,0.22932624812042704,-1.9925510562714843,-0.7431910987576632,-0.26930566745594003,-0.011991846822490236,-0.0693434890458728,0.5926312617448074,0
sample_03901.html,-0.16997793614116402,-0.1833854498182605,0.21720495981792048,-0.3727418882294916,0.6475794860649949,-0.31220658136317986,-0.10977361938621372,0.6102400845380078,0.9787634190138715,0.493755920871239,-0.02613359816672435,-0.05791124260887411,-1.1630160659665392,1
sample_04552.html,-0.37252376594694225,-0.46303305605964135,-0.5789898120788778,-0.3563815035161372,0.06986602036456717,-0.16598290510822453,-0.10977361938621372,-1.9925510562714843,0.16742979726840093,-0.26943886026242064,-0.005563778029656549,-0.10016714083170472,-0.6857091169424857,1
sample_00181.html,-0.3805826185917345,-0.2882533021587783,-0.5789898120788778,-0.36660674396198367,0.8613557966280829,-0.31220658136317986,-0.10977361938621372,-1.9925510562714843,-0.04838916473389193,-0.2694943572651209,-0.02613359816672435,-0.1019036845942868,0.07230052393248308,1
sample_05766.html,-0.36446491330215,-0.2969922898538215,-0.4993703348891979,-0.30525530128690453,0.6661439395350356,-0.3304845408950493,-0.10977361938621372,0.5518192224863991,0.563300695724062,-0.18388468089973523,-0.0209911431324574,-0.07513196825447974,-1.040814202454084,1
sample_02731.html,-0.1946917509185269,-0.10473456056287211,-0.4197508576995181,-0.21118308918511658,0.504233818182121,-0.32439188771775945,0.22932624812042704,0.3071057654204615,0.298930365305652,-0.2612586020644057,-0.02613359816672435,-0.05487229102435548,-0.23537456591552985,1
sample_02388.html,0.04546205789628177,0.31473684879919916,0.13758548262824066,0.004569484222244991,-0.17768364256575492,-0.20863147734925316,-0.10977361938621372,0.1789002994539386,-1.3333395912029895,-0.18948987817245916,-0.01584868809819045,-0.06644924944156934,1.6528413104118238,1
sample_00756.html,1.0023164952546133,1.5644120891903701,2.526169798318635,0.3563177555593653,0.3368822674567148,-0.17816821146280412,-0.10977361938621372,0.6468058502513013,0.435236850322203,0.020033505822015716,-0.02613359816672435,0.14946102503946923,-0.3534176642625963,0
sample_02153.html,-0.23391150045651576,-0.3581652037191235,-0.4197508576995181,-0.3512688832932139,0.8240346699545295,-0.31829923454046966,0.22932624812042704,0.7511228751386809,0.9441234013345918,-0.20004540808604424,-0.02613359816672435,0.028915945520229865,0.45145423442357163,1
sample_00941.html,1.995704397936003,-0.052300634392613204,-0.18089242613047862,1.6866215375639977,0.7503095481901916,3.398219203606312,-0.10977361938621372,0.6042554525681259,-0.7382338055753894,-0.1561361795496167,-0.02613359816672435,-0.07932861568071976,0.6165594839532789,0
sample_02501.html,0.28400409618213196,0.34969279957937177,0.05796600543856084,0.005592008266829643,0.14169944317407265,-0.11114902651261627,-0.44887348689285445,0.3206577482672185,0.011027203934148222,-0.23732829450006349,-0.02613359816672435,-0.054004019143064436,-0.4145313338106252,0
sample_08576.html,-0.04533434856837743,0.19239102106859504,1.2522581632837582,-0.09154777596871229,-0.41427500625897357,-0.20863147734925316,1.2466258506403491,0.624927712596192,0.36135640241367173,0.05703890722253377,-0.01584868809819045,-0.07440840835340387,-0.29966029763885776,0
sample_01923.html,0.5719737640227079,1.0750287782679535,1.4911165948527976,0.8491743450491676,0.10909476135084772,-0.1294269860444857,0.22932624812042704,0.6341641324531335,-0.31593613964279565,0.186568911524887,-0.02613359816672435,0.005906740666017309,0.9404052591625595,0
sample_00973.html,-0.3236333932352027,-0.3406872283290372,0.5356828685766397,-0.342066166891952,-0.46661340559132924,-0.32439188771775945,-0.10977361938621372,0.829970592337285,1.4075456361639105,0.024284576228853872,-0.02613359816672435,-0.043440044587356785,-0.5911228512436353,1
sample_07739.html,0.9475162972700261,1.1886356183035145,0.7745413001456792,1.2581839628830285,1.4279246116919533,1.0525477303497368,-0.10977361938621372,0.6361286465037659,0.6179340321676876,1.3588210001614538,-0.01970552937389066,0.509938567755466,-0.18200669932256425,0
sample_04183.html,-0.3676884543600669,-0.4542940683645982,-0.5789898120788778,-0.2858273444397962,0.44539417683210375,-0.08068576062616724,-0.10977361938621372,-1.9925510562714843,0.01953895250676549,-0.26928346865485997,-0.02613359816672435,-0.09799646112847712,-0.43245428039819866,1
sample_09589.html,-0.0877776391642832,0.15743507028842244,-0.34013138050983827,-0.05269186227449552,0.478504165212401,-0.30002127500860026,-0.10977361938621372,0.6687406424725634,-0.1304405336447298,-0.24827230343255022,-0.02613359816672435,-0.05950307439124102,0.6465385092841531,0
sample_02299.html,-0.3542570332854132,-0.46303305605964135,-0.021653471751118984,-0.43716090303832467,-0.9296869314076848,-0.29392862183131047,-0.10977361938621372,0.6615428984770326,1.783866168607705,1.698362762082044,-0.009420619305356762,0.0661069244355294,-1.1810181120247971,1
sample_08584.html,-0.4520377787088923,-0.4805110314497277,-0.4993703348891979,-0.49237720144589586,-2.256016803315404,-0.3365771940723391,-0.44887348689285445,0.20682496542812615,-1.3166045058313225,-0.26021525841364124,-0.027419211925291086,-0.10364022835686888,2.0625233488378543,1
sample_03534.html,-0.43162201867541866,-0.42807710527946874,-0.4197508576995181,-0.412620325968293,-1.43206139264771,-0.32439188771775945,-0.10977361938621372,0.5729840042557676,0.35432410032633127,-0.19213153550099044,-0.02613359816672435,-0.1019036845942868,-0.7369374517178793,1
sample_05461.html,-0.2408958394153357,-0.4368160929745119,-0.4197508576995181,-0.2612867673697645,0.006051606345979112,-0.2878359686540206,0.5684261156270678,0.34635009780583204,-7.851757030852685e-05,-0.2530894432669308,-0.02613359816672435,-0.002341842206247569,-0.7872033074716241,1
sample_04715.html,1.1989524997875438,2.298487055573995,1.5707360720424772,1.2029676644754572,0.46063680805177487,0.10818648786981676,0.22932624812042704,0.5799459636637818,-0.02828785990045555,0.0592476879300032,-0.02613359816672435,-0.006393777652272422,0.11193191412637327,0
sample_02839.html,-0.4047591765261112,-0.4193381175844256,-0.5789898120788778,-0.342066166891952,0.6421763552934635,-0.2878359686540206,0.22932624812042704,-1.9925510562714843,0.08014935070703216,-0.2693500650581003,-0.005563778029656549,-0.08931374231556673,0.024600335845877085,1
sample_08231.html,-0.19415449407554072,-0.27951431446373515,-0.5789898120788778,3.462745803007538,1.7868819070600253,0.2726881236566415,-0.10977361938621372,-1.9925510562714843,-1.7328567261262486,-0.2694832578645808,-0.02613359816672435,-0.08338055112674461,1.549352957951075,1
sample_06123.html,-0.4423671555351416,-0.4805110314497277,-0.5789898120788778,-0.44329604730583255,-0.9174108550715054,-0.30002127500860026,-0.44887348689285445,-1.9925510562714843,0.1560494587053414,-0.2694943572651209,-0.014563074339623712,-0.10364022835686888,-0.6434973526033071,1
sample_02063.html,1.1554346955056658,1.1973746059985577,-0.26051190332015844,0.17942109584622049,1.299342327750605,0.04116730291962889,0.5684261156270678,0.27580847476811804,-0.025453085888536543,-0.26262382833083153,-0.0209911431324574,-0.0007500104238806627,0.3678238516656186,1
sample_01524.html,-0.02706761590684836,-0.07851759747774266,0.05796600543856084,0.4381196791261374,0.15793677820606614,0.6687105801804789,-0.10977361938621372,0.4697778999301378,-0.9287636121586021,-0.24073581046585804,-0.0209911431324574,-0.0883007584540605,1.2212083800925388,0
sample_03123.html,-0.4450534397500724,-0.4805110314497277,-0.5789898120788778,-0.47397176864337215,-0.5826284190741118,-0.30611392818589006,-0.10977361938621372,-1.9925510562714843,-0.29753131694173995,-0.2694943572651209,-0.014563074339623712,-0.1034955163766537,-0.5648942516316624,1
sample_00401.html,-0.33330401640895335,-0.3581652037191235,-0.26051190332015844,-0.16721455526797654,-0.3266725281487608,-0.04412984156242839,-0.44887348689285445,0.08499713406660203,-0.39330268996162754,-0.23586317362877723,-0.02613359816672435,-0.0948127975637433,0.8052933763874538,0
sample_03741.html,0.3710397047458881,0.34969279957937177,-0.18089242613047862,0.9626745139980639,0.9846173608291882,1.1987714066046922,-0.10977361938621372,0.6007403442245498,-0.7724058741799621,-0.2110116158196111,-0.017134301856757187,-0.07730264795770733,1.1107424165198458,0
sample_03313.html,-0.2790410752673523,-0.2183414005984331,0.05796600543856084,-0.27355705590478036,-0.5296407240106747,-0.32439188771775945,-0.44887348689285445,0.530915588426315,0.6334076131300931,-0.22203332055587816,-0.006849391788223287,-0.06500212963941761,-0.22053394330369694,0
sample_04906.html,-0.42302590918764027,-0.44555508066955507,-0.5789898120788778,-0.4749942926879568,-0.6596462939419805,-0.3365771940723391,-0.44887348689285445,-1.9925510562714843,-0.43554962385491824,-0.2694943572651209,0.02529095217594515,-0.10146954865364127,0.044188243502231335,0
sample_05711.html,0.5515580039892343,0.6730353442959685,1.2522581632837582,0.04649297005021572,-0.1827408444338307,-0.275650662299441,1.2466258506403491,0.6637025519332711,1.144969205809919,-0.07568772443535311,-0.02613359816672435,-0.019707279832068363,-0.6582095412468341,0
sample_04353.html,0.03794046209447568,0.12247911950824984,-0.021653471751118984,-0.36558421991739903,-1.989397271348669,-0.11724167968990606,-0.44887348689285445,0.6174202329224335,0.5860117484424637,0.11376794338271606,-0.002992550512523074,-0.05964778637145619,-1.0741790423620823,0
sample_01934.html,-0.19630352144748534,-0.11347354825791527,2.207691889559916,-0.18561998807050029,-1.3335687097768643,-0.2878359686540206,-0.44887348689285445,0.8047766957757698,1.6241572341964348,4.984318093161998,-0.02613359816672435,-0.07484254429404939,-1.4072863656001544,0
sample_09059.html,0.11584270432746731,0.3846487503595444,0.45606339138695995,-0.10995320877123603,0.7023345428637334,-0.30002127500860026,0.22932624812042704,0.4990655664150677,0.4444527139017726,-0.1769697543632857,-0.0209911431324574,-0.042137636765420226,-0.9941930109380812,0
sample_01778.html,0.47311850491325647,0.7516862335513568,2.207691889559916,0.012749676578922207,0.2790691727469535,-0.16598290510822453,0.22932624812042704,-0.03199210282289231,-1.7901052593286235,1.0959094995693508,-0.02613359816672435,-0.04864967587510303,2.9031269960039583,0
sample_01209.html,1.37947079903089,1.9838834985524414,-0.26051190332015844,3.0414658966386616,-0.23296239215694114,1.0403624239951572,-0.10977361938621372,0.5053850180051341,-0.555614648718423,-0.2237537276395855,-0.022276756891024138,0.40198343051494667,1.1366840963936693,0
sample_00089.html,-0.07434621808962948,0.061306205642947774,-0.1012729489407988,-0.1743722235800691,0.9047277873376067,-0.11724167968990606,-0.10977361938621372,0.5588505398703054,0.2118508936041486,-0.24402123302571208,-0.02613359816672435,-0.07628966409620112,-0.09821652702897428,0
sample_08303.html,-0.32793144797909185,-0.4105991298893824,-0.5789898120788778,-0.40546265765620043,0.49021304193303,-0.31220658136317986,0.22932624812042704,-1.9925510562714843,-0.34365851076654347,-0.2694943572651209,-0.0107062330639235,-0.08366997508717497,-0.3290101647108196,1
sample_08295.html,0.022360013647877357,0.6642963566009252,-0.34013138050983827,0.0853488837444325,0.4953623324358629,-0.31829923454046966,-0.10977361938621372,0.4243856974394784,-0.12264718148455567,-0.2614250930725064,-0.014563074339623712,-0.07194830468974593,0.4062679545021073,0
sample_04925.html,-0.44720246712201694,-0.4717720437546845,-0.4993703348891979,-0.4749942926879568,-0.5379821217521806,-0.3304845408950493,-0.44887348689285445,0.2641027143297212,-0.16764585844158522,-0.2634562833713351,-0.0107062330639235,-0.10320609241622336,0.015187120742341359,1
sample_00597.html,-0.19576626460449917,-0.3406872283290372,-0.26051190332015844,-0.3277508302677669,0.5166617747544617,-0.1598902519309347,-0.10977361938621372,0.6459968536738757,0.5796973432016331,-0.20293125222645658,-0.02613359816672435,0.006630300567093176,-0.13647180546560747,0
sample_07582.html,-0.4498887513369477,-0.4805110314497277,-0.18089242613047862,-0.48215196100004937,-1.1074513775587007,-0.3304845408950493,-0.44887348689285445,-0.3655733857504648,-4.038746444277169,-0.07574322143805334,-0.0017069367539563366,-0.10364022835686888,-1.5031508302451788,1
sample_05203.html,-0.33115498903700874,-0.34942621602408036,-0.4993703348891979,-0.4003500374332772,0.4618700726624893,-0.2817433154767308,-0.10977361938621372,0.3316516123233787,0.10391666606374096,-0.26031515301850167,-0.004278164271089811,-0.09582578142524951,-0.3918705153675585,1
sample_06860.html,-0.30268037635874284,-0.3319482406339941,-0.4993703348891979,-0.36660674396198367,0.1450017406474816,-0.2695580091221512,-0.10977361938621372,0.343253371727165,-2.6718526632922326,-0.25871683934073486,-0.02613359816672435,-0.0910502860781488,3.551261852867586,1
sample_09355.html,0.47634204597117336,0.7167302827711842,-0.26051190332015844,0.18453371606914373,-0.31268087555115903,-0.16598290510822453,-0.10977361938621372,0.5810661753296734,0.17434976912309602,-0.21446352938756583,-0.011991846822490236,-0.014931784484967646,-0.12797285612468112,0
sample_01587.html,-0.3075156879456182,-0.09599557286782896,-0.021653471751118984,-0.33593102262444413,0.7984582658933008,-0.31220658136317986,-0.10977361938621372,0.512825015791337,-0.19650218243148349,-0.2595048967790782,-0.013277460581056975,-0.09857530904933781,0.10264187881499624,0
sample_03927.html,1.0329401353048238,1.73045285539619,0.21720495981792048,0.6497821563551603,-0.3450353265247508,-0.03803718838513859,-0.44887348689285445,0.6236613976379268,0.2737381746041518,-0.22219981156397886,-0.011991846822490236,-0.05631941082650721,-0.052450501572166776,0
sample_06650.html,0.4946087786327024,0.7866421843315294,-0.021653471751118984,0.4514124917057379,1.0603162776638904,0.3579852681386988,0.22932624812042704,0.5601654476528146,0.5784894906285385,0.636583007020569,-0.02613359816672435,0.15799903187216444,-0.3711864535827602,0
sample_08144.html,-0.4520377787088923,-0.4805110314497277,-0.5789898120788778,-0.4913546774013112,-2.256016803315404,-0.3365771940723391,-0.44887348689285445,-1.9925510562714843,-1.6241803805168198,-0.2694943572651209,-0.027419211925291086,-0.10364022835686888,-1.0836151124799762,1
sample_08566.html,1.0216577416021146,1.3197204337291617,0.6949218229559994,0.23361487020920704,0.16402340940479285,-0.30002127500860026,-0.44887348689285445,0.6938513866622948,-0.09592119203927638,-0.15736821300956197,-0.02613359816672435,-0.03808570131939537,-0.6524662052114845,0
sample_08353.html,-0.4520377787088923,-0.4805110314497277,-0.5789898120788778,-0.48828710526755725,-0.4857802989613899,-0.3365771940723391,-0.44887348689285445,-1.9925510562714843,-2.374105694263592,-0.2694943572651209,-0.027419211925291086,-0.10364022835686888,-0.06926926283400898,0
sample_03776.html,-0.24680566468818335,-0.4105991298893824,-0.4197508576995181,-0.18357493998133098,0.48092635187275545,0.18129832599729442,0.5684261156270678,0.38213579919529084,0.09041102981671023,-0.22415330605902722,-0.02613359816672435,-0.08526180686954186,0.45151843185123797,0
sample_07679.html,-0.02653035906386221,0.11374013181320669,-0.4993703348891979,0.38392590476315086,-0.594054598341732,0.32752200225224976,-0.44887348689285445,0.5452926932764366,-1.5171108964564284,-0.2650989946512621,-0.02613359816672435,-0.0997330048910592,1.3065386518048774,0
sample_08039.html,-0.3993866080962497,-0.3669041914141667,-0.021653471751118984,-0.4300032347262321,-0.20163649238352285,-0.3304845408950493,-0.44887348689285445,0.6265758731932282,1.206730021951468,1.1759472768636328,-0.013277460581056975,-0.10060127677235024,-1.0605675840649345,1
sample_09827.html,-0.00933814008830544,0.13995709489833613,0.45606339138695995,0.22952477403086843,0.533561837885805,-0.05631514791700801,0.22932624812042704,0.625302633604566,1.0172051308688999,0.384659912963113,-0.014563074339623712,-0.06644924944156934,-0.4330470896667915,0
sample_01876.html,0.40649865638297394,0.061306205642947774,-0.021653471751118984,0.260200495368408,0.8910169305863244,0.26050281730206193,0.22932624812042704,0.5084948815574569,0.13617111735807164,1.4688160595133235,-0.02613359816672435,0.020956786608395332,-0.6232807821190418,0
sample_07320.html,-0.16406811086831638,-0.13969051134304472,-0.26051190332015844,-0.2725345318601957,0.23274307843850062,-0.1477049455763551,-0.10977361938621372,0.552254774066978,0.3594350048828667,-0.10108315287098157,0.00472113203887735,-0.10016714083170472,-0.2196393644045676,1
sample_05647.html,-0.1366680118760228,0.09626215642312039,-0.021653471751118984,-0.1876650361596696,0.6378537973828023,-0.2695580091221512,-0.10977361938621372,0.7256288593082522,-0.06770448239915612,-0.21211045647307578,-0.022276756891024138,-0.07136945676888523,0.5040202720159491,0
sample_07621.html,-0.34780995116957936,-0.3756431791092098,-0.5789898120788778,-0.4637465281975256,-1.400267461441968,-0.29392862183131047,-0.44887348689285445,-1.9925510562714843,-0.011879240866062603,-0.26937226385918034,0.0034355182803106135,-0.07990746360158046,-0.30740534440976086,0
sample_06635.html,-0.4498887513369477,-0.4805110314497277,-0.4993703348891979,-0.4709041965096182,-1.4485405042524644,-0.32439188771775945,-0.10977361938621372,0.3391934432522604,0.1393958154561796,-0.2680514351949147,-0.009420619305356762,-0.10320609241622336,-0.4000954652893477,1
sample_08633.html,0.3049571130585918,-0.27951431446373515,-0.1012729489407988,0.10886693676987949,0.5917465937500468,0.601691395230291,0.22932624812042704,0.5972290351540666,-0.4393817143001205,-0.1431831791193814,-0.02613359816672435,-0.07730264795770733,0.3596529037229913,0
sample_08260.html,-0.4520377787088923,-0.4805110314497277,-0.4993703348891979,-0.49237720144589586,-2.256016803315404,-0.3365771940723391,-0.44887348689285445,0.7779034729251324,1.30833839801098,-0.267185681952791,-0.027419211925291086,-0.10364022835686888,-1.0168014571092276,1
sample_04539.html,10.156098586052622,3.058778985042749,-0.4993703348891979,10.239012646470027,1.649265404654771,14.090825529749921,0.5684261156270678,0.24156036226213687,-0.4937694033591008,-0.2673188747592716,-0.02613359816672435,4.199081079380878,0.8652488847059056,0
sample_08463.html,1.1608072639355274,2.3421819940492106,0.2968244370076003,0.8634896816733526,0.8961875324074337,0.10818648786981676,-0.10977361938621372,0.7430734700640964,0.34923124967060487,-0.2340095737385893,-0.02613359816672435,0.2836090306989349,-0.1649607699088831,1
sample_02368.html,-0.04264806435344669,0.42834368883476015,-0.34013138050983827,0.17635352371246651,0.31231204952081026,-0.30002127500860026,-0.10977361938621372,0.6706376052048346,-1.387879168906284,-0.2481724088276898,-0.02613359816672435,-0.06876464112501211,2.048309681120743,0
sample_00567.html,-0.4498887513369477,-0.4805110314497277,-0.5789898120788778,-0.48010691291088003,-0.41798708786172795,-0.3304845408950493,-0.44887348689285445,-1.9925510562714843,-1.2386259151421526,-0.2694943572651209,-0.00042132299538959916,-0.10364022835686888,1.7705290804295617,1
sample_03026.html,-0.39025324176548515,-0.4105991298893824,-0.4197508576995181,-0.4565888598854331,-1.0212836253589406,-0.32439188771775945,-0.10977361938621372,0.5778486925723775,0.45071559689935964,-0.16101991578723757,-0.01584868809819045,-0.09568106944503435,-0.6853111163587399,1
sample_07710.html,-0.24895469206012794,-0.46303305605964135,-0.5789898120788778,-0.47806186482171076,-0.4722282445368599,-0.32439188771775945,-0.44887348689285445,-1.9925510562714843,2.275925863471504,-0.2694943572651209,0.03557586224447905,0.3950372554646183,-1.5051251358237554,1
sample_06104.html,0.5392010966005528,1.162418655218385,-0.021653471751118984,2.792992553804591,1.7424339400484752,0.4615603721526255,1.9248255856536307,0.5548360341935713,0.5505959383451591,-0.22113426911213432,-0.02613359816672435,0.13050375563128153,-0.2975533730037781,1
sample_02709.html,0.34954943102644215,0.8827710489770041,0.3764439141972801,0.15488051877618883,0.7858920431352355,-0.31220658136317986,-0.10977361938621372,0.6092303115504254,0.3070470550783149,-0.20981288056128597,-0.011991846822490236,0.06075258116756799,-0.12575009189885944,0
sample_01807.html,-0.28548815738318606,-0.270775326768692,-0.1012729489407988,-0.10381806450372812,-0.07120372105905776,0.004611383855890054,-0.44887348689285445,0.2753315866107551,-0.41457685200202316,-0.09456780475397375,-0.02613359816672435,-0.09003730221664259,1.1187917231139506,0
sample_05460.html,-0.43484555973333555,-0.4542940683645982,-0.4993703348891979,-0.43511585494915533,1.5886253838635007,-0.3304845408950493,-0.10977361938621372,0.4238608476470115,-1.1755653520466403,-0.26017086081148105,-0.005563778029656549,-0.10291666845579302,2.141937639848484,1
sample_04714.html,-0.36177862908721925,-0.38438216680425297,-0.34013138050983827,-0.3983049893441079,0.4013557698752253,-0.31220658136317986,-0.10977361938621372,0.48022527460245884,0.036871467232767484,-0.25825066451805284,-0.02613359816672435,-0.08164400736416254,0.12160967634704425,1
sample_00684.html,-0.4036846628401389,-0.4018601421943393,-0.4993703348891979,-0.4064851817007851,0.9518734680729665,-0.3365771940723391,-0.10977361938621372,0.42594168742850946,-0.354148975623084,-0.26529878386098293,0.01629165586597799,-0.10089070073278059,0.4939973378014802,1
sample_08661.html,-0.3907904986084713,-0.4018601421943393,-0.4993703348891979,-0.43920595112749394,0.2239584852170019,-0.31220658136317986,-0.10977361938621372,0.5802459280485912,0.7971708160726843,-0.2152737856269893,-0.01970552937389066,-0.09611520538567987,-0.4483676023918526,1
sample_04591.html,-0.3993866080962497,-0.3581652037191235,-0.34013138050983827,-0.060872054631172734,0.44546640760592643,-0.2634653559448614,0.22932624812042704,0.17362252406377476,0.3035774615195415,-0.2573294142732289,-0.017134301856757187,-0.1003118528119199,-0.27995243049185425,1
sample_06074.html,-0.41335528601388954,-0.42807710527946874,-0.4197508576995181,-0.3850121767645074,0.6252261418277504,-0.2634653559448614,-0.44887348689285445,0.5747869421405523,0.7322185873446314,-0.21318709832546037,-0.02613359816672435,-0.07064589686780937,-1.2470415679858344,1
sample_04887.html,-0.20113883303436067,-0.3232092529389509,-0.34013138050983827,-0.21220561322970122,0.36341210319782713,0.16911301964271483,-0.10977361938621372,0.5072234874687344,0.6602485053150674,-0.2614028942714263,-0.02613359816672435,-0.09336567776159158,-0.41641762216049055,0
sample_08964.html,1.2875998788802585,0.4720386273099759,-0.18089242613047862,1.4954095412266677,0.8918591909477661,3.0874938915645322,-0.10977361938621372,0.599792083046318,-0.20492885029054528,-0.2038747012723606,-0.017134301856757187,0.11169119820330899,0.6474872335766816,0
sample_01033.html,-0.400461121782222,-0.4805110314497277,-0.5789898120788778,-0.36558421991739903,0.03349143356066756,-0.245187396412992,-0.10977361938621372,-1.9925510562714843,-1.3355601875264023,-0.26939446266026046,-0.0017069367539563366,-0.1034955163766537,1.0061440378626116,1
sample_00274.html,-0.40099837862520815,-0.46303305605964135,-0.4197508576995181,-0.3717193641849069,-0.2493545203958525,-0.19035351781738374,-0.10977361938621372,0.16009734296449504,0.6708293143530322,-0.24453180545055425,-0.02613359816672435,-0.08598536677061773,0.575423613222115,0
sample_07810.html,-0.39455129650937437,-0.4105991298893824,0.3764439141972801,-0.3972824652995232,-0.2743177653091639,-0.30002127500860026,-0.44887348689285445,0.40391237026375,-0.188166708530948,-0.11136119777106547,-0.01584868809819045,-0.09987771687127438,1.239091613974046,1
sample_01799.html,-0.3709119954179838,-0.42807710527946874,-0.4993703348891979,-0.3461562630702906,0.6035824239134224,-0.1294269860444857,-0.10977361938621372,-0.2075734676542043,0.42092061942216935,-0.2606037374325429,-0.02613359816672435,-0.09857530904933781,0.6691474248109852,1
sample_07625.html,0.19052140550254204,-0.3232092529389509,-0.021653471751118984,0.13749761001824976,-0.17635093119249012,0.2239468982383231,0.22932624812042704,0.08186296876132619,-0.06380993333690776,-0.21544027663509,-0.02613359816672435,-0.049517947756394065,0.09468288407739898,0
sample_05276.html,-0.43054750498944633,-0.4717720437546845,-0.4197508576995181,-0.31854811386650506,0.7566485843684918,-0.11114902651261627,0.22932624812042704,0.20140659945443204,-0.9136773518743525,-0.25586429340194267,-0.02613359816672435,-0.1034955163766537,0.6252879873374461,1
sample_07678.html,-0.10765614235477072,-0.39312115449929613,-0.4197508576995181,-0.23265609412139426,0.06316770164348198,0.21785424506103326,-0.10977361938621372,0.3552676292564845,-0.45363212610092574,-0.2598933757979799,-0.02613359816672435,-0.06890935310522729,0.24378522986578893,0
sample_09035.html,-0.4445161829070862,-0.4717720437546845,-0.5789898120788778,-0.4647690522421103,-0.5980806691228527,-0.32439188771775945,-0.10977361938621372,-1.9925510562714843,0.03350204951899192,-0.2694832578645808,-0.0017069367539563366,-0.10364022835686888,-0.29189715459874244,1
sample_08062.html,0.2931374625128965,0.07004519333799093,0.45606339138695995,0.3593853276931192,0.5738741797690853,0.8332122159673038,-0.44887348689285445,0.27229657286537334,-0.5324594252336946,-0.16551517300595678,-0.02613359816672435,-0.03692800547767399,0.6086061866721986,0
sample_02053.html,-0.3273941911361057,-0.3406872283290372,-0.4993703348891979,-0.3931923691211846,0.4911933928541008,-0.2817433154767308,-0.10977361938621372,0.343253371727165,0.015338298281638785,-0.25871683934073486,-0.004278164271089811,-0.09582578142524951,-0.20254721649351112,1
sample_03049.html,-0.4224886523446541,-0.4368160929745119,-0.5789898120788778,-0.44431857135041725,0.4572772201348041,-0.3365771940723391,-0.10977361938621372,-1.9925510562714843,-0.25029871503619344,-0.2694943572651209,0.012434814590277775,-0.09900944498998333,0.12857606203550778,1
sample_02783.html,-0.4520377787088923,-0.4805110314497277,-0.5789898120788778,-0.49237720144589586,-2.256016803315404,-0.3365771940723391,-0.44887348689285445,-1.9925510562714843,0.00887839317525489,-0.2694943572651209,-0.027419211925291086,-0.10364022835686888,-1.280977744139809,1
sample_06181.html,-0.4520377787088923,-0.4805110314497277,-0.5789898120788778,-0.48828710526755725,-1.4745881252400244,-0.3365771940723391,-0.44887348689285445,-1.9925510562714843,-2.257469615287448,-0.2694943572651209,-0.027419211925291086,-0.10364022835686888,-1.1604855999758212,1
sample_03899.html,-0.16836616561220558,-0.17464646212321733,1.4911165948527976,-0.18561998807050029,-0.536358870312333,-0.12333433286719588,-0.10977361938621372,0.634849856820442,0.6690381490258349,0.4131964717515749,-0.02613359816672435,-0.08092044746308667,-0.283310122840815,0
sample_03210.html,-0.3096647153175628,-0.3406872283290372,-0.4993703348891979,-0.37376441227407625,0.06381297614258408,-0.2695580091221512,-0.10977361938621372,0.3316516123233787,-2.6903216724904446,-0.26031515301850167,-0.02613359816672435,-0.0910502860781488,3.5660843661725488,1
sample_03845.html,0.19696848761837582,0.13995709489833613,-0.5789898120788778,-0.06393962676492669,0.6169032029944873,-0.10505637333532646,-0.44887348689285445,-1.9925510562714843,0.01616044475307371,-0.26937226385918034,-0.018419915615323922,-0.0655809775602783,0.03007469196039405,0
sample_08084.html,-0.4520377787088923,-0.4805110314497277,-0.5789898120788778,-0.4893096293121419,-1.2178329902344815,-0.3365771940723391,-0.44887348689285445,-1.9925510562714843,-0.1786553027753926,-0.2694943572651209,-0.027419211925291086,-0.10364022835686888,-0.7765445397173807,1
sample_04657.html,-0.3999238649392358,-0.42807710527946874,-0.26051190332015844,-0.21629570940803983,-0.33063531297478427,-0.19644617099467354,1.58572571814699,0.551840208068716,0.10811903529356591,-0.13236126359283518,-0.02613359816672435,-0.10306138043600818,-0.3067778810463797,1
sample_00065.html,0.011077619945168225,0.2535639349338971,-0.021653471751118984,-0.053714386319080175,0.14473203346946684,-0.31220658136317986,-0.10977361938621372,0.7488597188017223,-0.2866866649888033,-0.22818238845506442,-0.02613359816672435,-0.06080548221317758,-0.8345594056900407,0
sample_08565.html,0.7594764022248739,1.7129748800061035,1.0133997317147188,0.4238043425019523,0.5784503357055547,-0.23300209005841238,-0.10977361938621372,0.710106868152163,0.9506889079840184,0.47742870267682924,-0.02613359816672435,-0.05791124260887411,-0.7039810164446579,0
sample_08226.html,-0.13290721397511973,-0.11347354825791527,0.6153023457663196,-0.25208405096850267,0.8744166854242634,-0.17816821146280412,-0.10977361938621372,0.811106585292093,1.656381397374763,0.43872509299368395,-0.02613359816672435,-0.06673867340199968,-1.220558916571363,0
sample_04062.html,-0.4391436144772247,-0.46303305605964135,-0.4993703348891979,-0.4453410953950019,-0.13902459024072258,-0.31220658136317986,-0.10977361938621372,0.3498149853427134,-0.288761666168623,-0.25054768054325993,-0.02613359816672435,-0.10320609241622336,0.4753483631565463,1
sample_01155.html,-0.4520377787088923,-0.4805110314497277,-0.5789898120788778,-0.4903321533567266,-1.114558160185379,-0.3365771940723391,-0.44887348689285445,-1.9925510562714843,-1.60279190543054,-0.2694943572651209,-0.027419211925291086,-0.10364022835686888,0.2457020263352195,0
sample_00302.html,0.7949353538619598,-0.12221253595295842,5.631329408716148,1.1232107889978544,0.9649067411796497,1.2596979383775901,0.5684261156270678,0.30896097887535745,-0.30948782498107436,0.658837305103364,-0.011991846822490236,-0.07064589686780937,-0.04963109500631971,1
sample_02836.html,-0.4289357344604879,-0.46303305605964135,-0.4993703348891979,-0.47397176864337215,-1.5435377130570114,-0.31829923454046966,-0.10977361938621372,0.43619300261567,-0.22157088764455046,-0.26772955257925335,-0.006849391788223287,-0.10089070073278059,0.5328237178062468,0
sample_05522.html,-0.4085199744270142,-0.4805110314497277,-0.4993703348891979,-0.20913804109594727,1.5898663154616934,-0.22690943688112258,-0.10977361938621372,0.3930050801100429,-1.6204315424768607,-0.24729555618502605,-0.005563778029656549,-0.10320609241622336,1.8815774101068428,1
sample_08289.html,0.18622335075865284,0.8652930735869178,-0.26051190332015844,-0.044511669917818304,-0.20323190405919997,-0.2817433154767308,0.5684261156270678,0.22618872618557553,-0.42950149755675415,-0.2323224648565021,-0.02613359816672435,0.005906740666017309,-0.04985293075606364,0
sample_08069.html,0.011614876788154375,0.1661740579834656,-0.26051190332015844,-0.13756135797502164,1.2845693207102615,-0.17816821146280412,0.22932624812042704,0.3872052520663628,-0.475053714168309,-0.254077289914995,-0.02613359816672435,-0.02433806319895391,0.6701357705459743,1
sample_05628.html,-0.33115498903700874,-0.34942621602408036,-0.4993703348891979,-0.4003500374332772,0.4618700726624893,-0.2817433154767308,-0.10977361938621372,0.3316516123233787,0.10189476822759043,-0.26031515301850167,-0.004278164271089811,-0.09582578142524951,-0.3917082617145721,1
sample_05454.html,-0.4235631660306264,-0.4717720437546845,-0.4197508576995181,-0.42080051832497023,-1.8161903284315672,-0.1537975987536449,-0.10977361938621372,0.40139478109889704,0.3105670867707527,-0.2675630615711526,-0.02613359816672435,-0.09857530904933781,-0.6382926022172037,1
sample_02200.html,-0.12646013185928595,-0.4542940683645982,-0.4993703348891979,-0.30321025319773526,-1.3604004831125494,0.5834134356984216,-0.44887348689285445,0.2180625117045351,0.12305008250246953,-0.256885438251627,-0.01584868809819045,0.09939067988501926,-0.8465172326431524,1
sample_01867.html,-0.1973780351334576,-0.2008634252083468,-0.1012729489407988,0.038312777693538504,-0.13751653135129657,-0.19035351781738374,0.5684261156270678,0.5983945977596729,0.9641285397259081,0.06338776433144089,-0.02613359816672435,-0.07079060884802454,-0.582547018833873,0
sample_06349.html,-0.11195419709865992,-0.04356164669757005,-0.34013138050983827,-0.32161568600025897,-0.15870336100625568,-0.3365771940723391,-0.44887348689285445,0.6496661867719381,-0.0045968262016655255,-0.2213451577223952,-0.01584868809819045,-0.055306426965000995,-0.8009706831200027,1
sample_05000.html,0.2678863908925475,0.533211541175278,0.7745413001456792,-0.0169035207140327,-0.35645942250351426,-0.23909474323570218,0.5684261156270678,0.6532609958537616,0.12333261536353644,-0.11432473771525813,-0.02613359816672435,-0.03490203775466156,-0.3070316981710354,0
sample_02484.html,0.2743334730083813,0.2885198857140697,-0.1012729489407988,0.31439426973139456,1.3719411048599457,0.29705873636580077,0.22932624812042704,0.6302437613536898,-0.8153442536761303,-0.2499261141130173,-0.02613359816672435,-0.08786662251341498,0.7482682120662082,0
sample_02491.html,-0.30268037635874284,-0.3319482406339941,-0.4993703348891979,-0.36660674396198367,0.1450017406474816,-0.2695580091221512,-0.10977361938621372,0.343253371727165,-2.672011834268812,-0.25871683934073486,-0.02613359816672435,-0.0910502860781488,3.551320391951708,1
sample_08882.html,-0.4520377787088923,-0.4805110314497277,-0.5789898120788778,-0.49237720144589586,-2.256016803315404,-0.3365771940723391,-0.44887348689285445,-1.9925510562714843,-0.9265186040566029,-0.2694943572651209,-0.027419211925291086,-0.10364022835686888,-1.24702550559126,1
sample_08901.html,-0.4477397239650031,-0.4717720437546845,-0.5789898120788778,-0.48828710526755725,-2.256016803315404,-0.3365771940723391,-0.44887348689285445,-1.9925510562714843,0.24535345888066964,-0.2694943572651209,0.06643059245008076,-0.10089070073278059,-1.311715091806746,1
sample_07627.html,-0.4391436144772247,-0.46303305605964135,-0.4993703348891979,-0.4453410953950019,-1.6220478041292792,-0.31220658136317986,-0.10977361938621372,0.35058442772438086,-0.07869665565712017,-0.25056987934434005,-0.02613359816672435,-0.10320609241622336,0.05687185079720298,1
sample_03419.html,0.3500866878694283,-0.017344683612440594,0.3764439141972801,0.24997525492256148,1.3633380302922395,0.48593098486178476,0.22932624812042704,0.6290443820616091,0.6533470328503901,1.9834175667515415,-0.014563074339623712,0.03282316898603954,-0.9028858335485086,0
sample_05835.html,-0.4520377787088923,-0.4805110314497277,-0.4993703348891979,-0.48828710526755725,-2.256016803315404,-0.3365771940723391,-0.44887348689285445,0.6948797331186194,1.5085448430696606,-0.23345460371158694,-0.027419211925291086,-0.10364022835686888,-1.3340155493845216,1
sample_05171.html,-0.4520377787088923,-0.4805110314497277,-0.5789898120788778,-0.48215196100004937,-0.013027080331642012,-0.3365771940723391,-0.44887348689285445,-1.9925510562714843,-0.7443845669219825,-0.2694943572651209,-0.027419211925291086,-0.10364022835686888,1.3452905867828415,0
sample_00318.html,0.12067801591434264,0.3671707749694581,0.6153023457663196,-0.10177301641455881,-0.09532300385462326,-0.31220658136317986,0.5684261156270678,0.6892187506632629,0.38729214292985437,-0.0962438142355209,-0.01584868809819045,-0.07556610419512526,-0.4905027965659858,0
sample_06547.html,0.21254893606497413,0.533211541175278,0.13758548262824066,0.0873939318336018,-0.3087331037282634,-0.22690943688112258,0.22932624812042704,0.7256122114519176,-0.159491451440975,-0.21015696197802744,-0.02613359816672435,0.18766498781627497,0.3321367180511322,0
sample_09811.html,-0.22477813412575123,-0.2882533021587783,-0.021653471751118984,-0.40546265765620043,-0.5493055294735809,-0.2208167837038328,-0.44887348689285445,0.43687503792522003,-0.01986046329314803,0.9508736327125514,-0.018419915615323922,-0.07889447974007424,-1.4271240095942312,0
sample_08327.html,-0.15708377190949643,-0.0348226590025269,0.6949218229559994,-0.1764172716692384,-1.2741405817173097,-0.17816821146280412,0.22932624812042704,0.7094589860014527,0.8449250214641872,-0.19714846454509188,-0.0209911431324574,0.02341689027205328,-0.9853513667583642,1
sample_01398.html,0.26197656561969984,0.5419505288703211,0.13758548262824066,-0.10893068472665138,0.20206116927686538,-0.2208167837038328,-0.10977361938621372,0.7188055148617597,0.287690250264863,-0.13067415471074795,-0.02613359816672435,-0.07686851201706182,-0.25470125105752206,0
sample_01337.html,-0.16567988139727483,-0.026083671307483746,0.05796600543856084,-0.17743979571382307,-0.08488545415885089,-0.1537975987536449,-0.44887348689285445,0.5160178787734593,0.2905739019106795,-0.2424784163506455,-0.02613359816672435,-0.08989259023642741,-0.20085134313776926,1
sample_03605.html,0.5606913703199987,0.4807776150050191,1.8095945036115169,0.46572782832992304,1.1375540242911624,0.44328241262075607,0.22932624812042704,0.3209455797401653,-0.2701779962884404,0.5486313571412333,-0.005563778029656549,0.006196164626447656,1.1084904479402524,0
sample_04420.html,-0.2408958394153357,-0.4368160929745119,-0.4197508576995181,-0.2612867673697645,0.006051606345979112,-0.2878359686540206,0.5684261156270678,0.34635009780583204,-7.851757030852685e-05,-0.2530894432669308,-0.02613359816672435,-0.002341842206247569,-0.7872033074716241,1
sample_01606.html,-0.4369945871052801,-0.44555508066955507,-0.4993703348891979,-0.4576113839300177,-0.08497203176785267,-0.3365771940723391,-0.10977361938621372,0.13349472740623206,-1.4902129172757306,-0.22837107826424521,-0.00042132299538959916,-0.1034955163766537,2.2583223089933946,0
sample_01454.html,-0.3821943891206929,-0.39312115449929613,0.13758548262824066,0.4074439577885979,-0.5771168482727262,-0.2878359686540206,-0.44887348689285445,0.6718244990901947,0.08721041646175866,-0.20979068176020588,-0.02613359816672435,-0.08598536677061773,-0.11711114418703975,0
sample_09725.html,-0.18018581615790086,0.08752316872807724,-0.4197508576995181,-0.09461534810246625,0.5651208843290161,-0.30611392818589006,0.9075259831337085,0.05015380340410824,-1.1600344368806246,-0.2679737393911344,-0.014563074339623712,-0.09770703716804677,1.4204898551340976,0
sample_00614.html,-0.4450534397500724,-0.4717720437546845,-0.5789898120788778,-0.36967431609573764,0.009447766883317051,-0.29392862183131047,-0.10977361938621372,-1.9925510562714843,-0.39907873565708796,-0.2694610590635007,-0.018419915615323922,-0.10364022835686888,-0.034784983540496646,1
sample_08677.html,-0.3096647153175628,-0.3406872283290372,-0.4993703348891979,-0.37376441227407625,0.06381297614258408,-0.2695580091221512,-0.10977361938621372,0.3316516123233787,-2.6902423213346274,-0.26031515301850167,-0.02613359816672435,-0.0910502860781488,3.566025188243186,1
sample_03661.html,-0.4058336902120835,-0.4542940683645982,-0.1012729489407988,-0.39523741721035394,0.8710873657564383,-0.2634653559448614,-0.10977361938621372,0.2401301362237358,0.12272319900189024,-0.22626219216163623,-0.02613359816672435,-0.0948127975637433,0.7679674482836596,0
sample_04729.html,-0.08133055704844942,-0.4368160929745119,-0.26051190332015844,0.1109119848590488,1.0039353895385228,0.7905636437262752,-0.10977361938621372,0.6527024837733943,-0.5578816711975468,-0.25953819498069836,-0.02613359816672435,-0.06080548221317758,0.2970083132673991,0
sample_07061.html,-0.32202162270624424,-0.22708038829347624,-0.4993703348891979,-0.3492238352040446,0.32657800585527114,-0.30611392818589006,-0.10977361938621372,0.3029228390599506,-0.14724362951051342,-0.2653431814631431,-0.011991846822490236,-0.08468295894868118,-0.13202953642844786,0
sample_03803.html,-0.43054750498944633,-0.4717720437546845,-0.4993703348891979,-0.44840866752875586,-0.4802532427832406,-0.30002127500860026,-0.10977361938621372,0.15641832936714456,1.0097295232428287,-0.25876123694289505,-0.011991846822490236,-0.10364022835686888,0.526540205527383,1
sample_09218.html,0.813739343366475,0.4021267257496307,0.45606339138695995,0.580250521323404,1.0917668235165259,0.20566893870645367,-0.44887348689285445,0.5768921827231452,0.7478445384917148,3.8478948694687043,-0.02613359816672435,-0.01377408864324626,-1.0612264029956462,0
sample_09950.html,0.16312130651024842,-0.1833854498182605,1.2522581632837582,0.19884905269332886,0.3366623048562279,0.8088416032581446,0.9075259831337085,0.4280176753076407,0.22943656465428663,-0.057529105151835555,-0.02613359816672435,-0.01941785587163802,0.123730551276113,0
sample_02479.html,-0.24250760994429416,-0.20960241290338993,-0.4993703348891979,-0.31752558982192036,0.8298338557395974,-0.3365771940723391,-0.10977361938621372,0.01660112101228969,0.024221177991065417,-0.2653542808636832,0.0008642907631771383,-0.08395939904760531,-0.14945186302667832,1
sample_00462.html,-0.31396277006145196,-0.3406872283290372,-0.4993703348891979,-0.37376441227407625,0.05687775598690603,-0.2695580091221512,-0.10977361938621372,0.3316516123233787,-2.6987916120296087,-0.26031515301850167,-0.02613359816672435,-0.09683876528675574,3.5716534930225863,1
sample_01723.html,0.6385936125529904,1.3721543598994208,3.1631256158360737,0.5373045114508487,0.74531983519136,-0.19644617099467354,-0.10977361938621372,0.5768687209372787,0.8238262971941808,-0.028925949960133392,-0.02613359816672435,0.14613264949452023,-0.11586014179531554,0
sample_09501.html,0.24209806242921234,0.32347583649424233,-0.18089242613047862,0.5240116988712482,-0.015049657064044961,0.18129832599729442,0.22932624812042704,0.5800332265334575,-0.5160975593904451,-0.24743984839204666,-0.02613359816672435,-0.041703500824774704,-0.35370767392567615,0
sample_09001.html,-0.4337710460473632,-0.46303305605964135,-0.4993703348891979,-0.48828710526755725,-0.9915621547527916,-0.3365771940723391,-0.44887348689285445,0.5216545172347434,0.4485283195636169,-0.26636432631282747,0.08700041258714855,-0.09872002102955299,-1.0055610142462665,1
sample_09692.html,-0.3521080059134686,-0.39312115449929613,-0.26051190332015844,-0.4013725614778618,-0.05788687236888822,-0.30611392818589006,-0.10977361938621372,0.691750939718456,1.1085785674715678,0.01651499585082069,0.0008642907631771383,-0.0932209657813764,-1.3476353126697735,1
sample_00841.html,-0.3295432185080503,-0.3406872283290372,-0.021653471751118984,-0.23879123838890218,1.4800981647374434,-0.2634653559448614,-0.10977361938621372,0.7116872089326881,0.8413545078616831,-0.08517771189709364,-0.013277460581056975,-0.09683876528675574,-0.4544011045421773,1
sample_09492.html,0.6649191978593116,-0.2882533021587783,-0.26051190332015844,1.867608293455481,0.01788085355881053,3.550535533038557,-0.10977361938621372,0.19699584537381049,-0.6676488447727015,-0.2339873749375092,-0.02613359816672435,-0.004657233889690342,0.7174570712553657,0
sample_05548.html,-0.0678991359737957,0.2972588734091129,0.7745413001456792,0.10886693676987949,2.341259933453327,-0.19035351781738374,0.22932624812042704,0.7511849734684019,1.0228632146270964,0.6944330826352961,0.0008642907631771383,-0.0807757354828715,-0.31087173171291593,1
sample_04612.html,-0.18770741195970694,-0.15716848673313102,-0.5789898120788778,-0.34308869093653666,-1.5317025127251507,-0.30611392818589006,-0.10977361938621372,-1.9925510562714843,0.55052082834961,-0.2694943572651209,0.0008642907631771383,-0.058345378549519634,-0.9197877881056263,1
sample_01416.html,0.034179664193572636,-0.052300634392613204,0.5356828685766397,-0.2081155170513626,-1.5088660089870816,-0.245187396412992,0.22932624812042704,0.6258925623960852,0.9511161990869857,-0.12109537204468705,-0.02613359816672435,0.07507906720887014,-0.487073983792996,1
sample_04074.html,-0.1366680118760228,-0.3232092529389509,-0.021653471751118984,-0.12017844921708255,-1.511371860285682,0.0472599560969187,-0.44887348689285445,0.08059799192403784,0.3688548999447906,0.04416360259607878,-0.009420619305356762,-0.05110977953876097,1.1582667526762405,1
sample_06037.html,-0.35855508802930236,-0.3232092529389509,-0.26051190332015844,-0.40955275383453904,-0.0346543136172833,-0.2878359686540206,-0.10977361938621372,0.26734491056950155,0.08383527176532703,-0.2543769737295763,-0.02613359816672435,-0.07165888072931557,-0.007927290857900813,0
sample_08984.html,-0.43538281657632166,-0.4805110314497277,-0.4197508576995181,-0.3236607340894283,1.0275824743240505,-0.245187396412992,-0.10977361938621372,0.2606103030620922,-0.4805673873206938,-0.2652876844604429,-0.02613359816672435,-0.10146954865364127,0.31811500377178037,1
sample_03176.html,-0.4520377787088923,-0.4805110314497277,-0.4993703348891979,-0.49237720144589586,-2.256016803315404,-0.3365771940723391,-0.44887348689285445,0.06649804708062462,-1.1854255629769443,-0.2687506974289377,-0.027419211925291086,-0.10364022835686888,-0.5164903429204203,1
sample_06482.html,0.558005086105068,1.101245741353083,0.3764439141972801,0.043425397916461765,0.8512456503107287,-0.2817433154767308,0.5684261156270678,0.710756126295199,0.5518062243708661,-0.17147555109596221,-0.02613359816672435,-0.02824528666476359,0.08812217815320425,0
sample_03720.html,-0.094224721280117,-0.2358193759885194,1.2522581632837582,0.043425397916461765,0.8584562400719828,0.14474240693355558,-0.10977361938621372,0.6764757367187147,0.3605133849015807,-0.13321591743441882,-0.02613359816672435,0.035138560669482316,-0.02250483960794512,0
sample_09304.html,13.799774495184685,13.519347256009402,1.1726386860940783,6.256281492812807,0.47772982975740647,-0.19035351781738374,0.5684261156270678,0.8088703302362846,-0.147748178227525,-0.14960973203206884,-0.02613359816672435,1.8929509626718772,0.1703647543747338,0
sample_07322.html,-0.23176247308457118,0.04382823025286147,-0.021653471751118984,-0.31752558982192036,0.9090377788983321,-0.31220658136317986,-0.10977361938621372,0.6612510676925886,-0.10901392931735984,-0.2498373189086969,-0.02613359816672435,-0.0699223369667335,0.8165191649228972,1
sample_07547.html,-0.26829593840762933,-0.26203633907364887,-0.021653471751118984,-0.12222349730625186,0.9514987909945017,-0.09287106698074685,0.22932624812042704,0.4629005645356634,0.2743047621998242,-0.1564136645631179,-0.02613359816672435,-0.08569594281018739,-0.23110821399687118,0
sample_05817.html,-0.440218128163197,-0.4805110314497277,-0.5789898120788778,-0.48419700908921864,-2.256016803315404,-0.30611392818589006,-0.44887348689285445,-1.9925510562714843,-0.21730457655037147,-0.26943886026242064,-0.011991846822490236,-0.09553635746481917,-1.2020031351053397,1
sample_06590.html,-0.42624945024555716,-0.4542940683645982,-0.5789898120788778,-0.43920595112749394,-0.2373260526300182,-0.31220658136317986,0.22932624812042704,-0.31333303113798733,-0.01488265958171409,-0.26926126985377985,-0.02613359816672435,-0.09886473300976815,-0.6056283278206214,1
sample_09743.html,-0.3273941911361057,-0.3406872283290372,-0.4993703348891979,-0.3931923691211846,0.4911933928541008,-0.2817433154767308,-0.10977361938621372,0.343253371727165,0.013881530544676085,-0.25871683934073486,-0.004278164271089811,-0.09582578142524951,-0.2023741806974135,1
sample_04359.html,0.2458588603301154,0.2535639349338971,-0.34013138050983827,0.04956054218396968,0.9861153303022328,0.2787807768339313,-0.44887348689285445,0.41703308099229786,0.7618280018284994,-0.15074187088715368,-0.02613359816672435,0.1132830299856759,-0.9799369186820532,0
sample_07923.html,-0.4520377787088923,-0.4805110314497277,-0.4993703348891979,-0.4903321533567266,-1.0137455716585457,-0.3365771940723391,-0.44887348689285445,0.5611982236003122,0.29824290592991115,-0.11014026371166026,-0.027419211925291086,-0.10364022835686888,-1.409788526835498,1
sample_09752.html,-0.21295848358005595,-0.04356164669757005,-0.4197508576995181,-0.26946695972644175,0.6267347639318966,-0.17207555828551432,-0.10977361938621372,0.5623899999764357,0.035075785211516705,-0.25799537830563174,-0.02613359816672435,-0.09625991736589504,0.12398078304483687,1
sample_02173.html,-0.41281802917090343,-0.46303305605964135,-0.26051190332015844,-0.4606789560637717,-1.3711112706764632,-0.2817433154767308,-0.44887348689285445,0.7961449701664545,1.3165019233774122,-0.22216651336235874,0.011149200831711038,-0.09712818924718608,-0.9069372075254963,0
sample_04520.html,-0.36715119751708075,-0.42807710527946874,-0.4993703348891979,-0.37580946036324553,0.3565446020421393,-0.22690943688112258,-0.10977361938621372,0.5890775488309178,0.4425872085285849,-0.2291147381004284,0.0021499045217438758,-0.08164400736416254,-0.5880857027526355,1
sample_03535.html,-0.440218128163197,-0.4805110314497277,-0.5789898120788778,-0.3318409264461055,-1.7817929159863517,-0.2817433154767308,-0.10977361938621372,-1.9925510562714843,0.2536235282702018,-0.2694943572651209,-0.01584868809819045,-0.10161426063385645,-0.8572084772033088,1
sample_00008.html,-0.4520377787088923,-0.4805110314497277,-0.5789898120788778,-0.4913546774013112,-2.256016803315404,-0.3365771940723391,-0.44887348689285445,-1.9925510562714843,-1.6241803805168198,-0.2694943572651209,-0.027419211925291086,-0.10364022835686888,-1.0836151124799762,1
sample_01457.html,0.30388259937261947,0.7254692704662273,1.0133997317147188,0.1518129466424349,0.585635726150143,0.10818648786981676,1.2466258506403491,0.49324287864285493,-0.008489510904451212,-0.10866404343983395,-0.02613359816672435,0.05018860661186034,0.44479508114431865,0
sample_09998.html,0.4494792038218659,1.2672865075589028,0.45606339138695995,0.559800040431711,0.5835251425756851,0.1569277132881352,0.22932624812042704,0.6391424590914623,0.056201537543549965,-0.04160146537686753,-0.02613359816672435,-0.02390392725830839,0.15451062334809923,0
sample_06240.html,-0.4520377787088923,-0.4805110314497277,-0.5789898120788778,-0.49237720144589586,-2.256016803315404,-0.3365771940723391,-0.44887348689285445,-1.9925510562714843,-1.2771195406529061,-0.2694943572651209,-0.027419211925291086,-0.10364022835686888,-1.299437203389017,1
sample_09223.html,0.042238516838364874,0.6031234427356232,0.2968244370076003,0.2407725385212996,0.5928398783065869,-0.30002127500860026,0.9075259831337085,0.6062907224358306,-0.3710998554522711,-0.20424098149018216,-0.02613359816672435,-0.08974787825621224,-0.1336781873871535,0
sample_07921.html,-0.08347958442039402,-0.20960241290338993,0.13758548262824066,0.3225744620880718,0.6306110983264355,0.132557100578976,-0.10977361938621372,0.7894604562568518,1.5576587459021793,0.4788827241475755,-0.022276756891024138,-0.007551473493993808,-0.4215562976961853,0
sample_08235.html,-0.38810421439354054,-0.4193381175844256,-0.4993703348891979,-0.3901247969874307,0.3201195197077519,-0.275650662299441,0.22932624812042704,0.08321252105914395,-0.07921811236339453,-0.24839439683849074,-0.0107062330639235,-0.08960316627599707,0.565520286481531,1
sample_03900.html,0.24854514454504614,0.8652930735869178,-0.4197508576995181,-0.03735400160572574,0.8528343034097653,-0.30611392818589006,0.5684261156270678,-0.1320424090492955,-0.07546015338253352,-0.2686841010256974,-0.02613359816672435,-0.08164400736416254,0.33407938123390324,1
sample_01383.html,-0.4520377787088923,-0.4805110314497277,-0.5789898120788778,-0.486242057178388,-1.0200836873138628,-0.3365771940723391,-0.44887348689285445,-1.9925510562714843,0.19333343166059386,-0.2694943572651209,-0.027419211925291086,-0.10364022835686888,0.25538278721721513,1
sample_09962.html,-0.4520377787088923,-0.4805110314497277,-0.5789898120788778,-0.49237720144589586,-2.256016803315404,-0.3365771940723391,-0.44887348689285445,-1.9925510562714843,-0.20471559486400445,-0.2694943572651209,-0.027419211925291086,-0.10364022835686888,-1.3434353224299982,1
sample_08535.html,4.332771664925752,3.626813185220554,-0.34013138050983827,3.5506828708418183,1.5058442720554888,2.673193475508825,-0.10977361938621372,0.5898520043109478,-0.5373899839133012,-0.2265396771751374,-0.02613359816672435,0.2898316458481873,0.8280245590703893,0
sample_07916.html,-0.39455129650937437,-0.42807710527946874,-0.4993703348891979,-0.45454381179626374,-0.25721462996286154,-0.30002127500860026,-0.10977361938621372,0.2978087188755554,0.36176239758743084,-0.26840661601219623,-0.006849391788223287,-0.10132483667342611,-0.5287973965789473,1
sample_04521.html,-0.4079827175840281,-0.4018601421943393,-0.34013138050983827,-0.4606789560637717,-1.6504095775041814,-0.275650662299441,-0.44887348689285445,0.27758447204381403,-0.02823313683012339,-0.25673004664406635,-0.0107062330639235,-0.08772191053319982,0.3063174096346755,0
sample_07680.html,0.3758750163327635,0.5157335657851917,0.13758548262824066,0.47697559282035423,0.9037702980893099,-0.09896372015803664,-0.44887348689285445,0.6156527508737676,0.7913585518470742,0.03286441284631052,-0.02613359816672435,0.0509121665129362,-0.2705163994869344,0
sample_05339.html,0.11745447485642575,-0.270775326768692,0.21720495981792048,-0.06393962676492669,-0.6074956752421322,-0.025851882030558975,-0.44887348689285445,0.4068844981495756,2.005471759893012,-0.23776117112112533,-0.017134301856757187,0.7323608813461873,-1.0986653806313846,0
sample_08417.html,-0.3483472080125655,-0.3669041914141667,-0.18089242613047862,-0.2786696761277036,1.4914149652840094,-0.2573727027675716,-0.44887348689285445,0.5380940355132435,-0.11922625440294596,-0.25520942877007985,-0.011991846822490236,-0.10175897261407163,0.43500716375176485,0
sample_01669.html,-0.37252376594694225,-0.38438216680425297,-0.4993703348891979,-0.30321025319773526,0.19504600896738064,-0.30002127500860026,0.22932624812042704,0.676111778980174,0.8402195455633412,-0.26777395018141353,-0.011991846822490236,-0.07151416874910041,-0.9156192968474192,1
sample_08544.html,-0.3273941911361057,-0.3406872283290372,-0.4993703348891979,-0.3931923691211846,0.4911933928541008,-0.2817433154767308,-0.10977361938621372,0.343253371727165,0.015596501766747371,-0.25871683934073486,-0.004278164271089811,-0.09582578142524951,-0.20254721649351112,1
sample_02584.html,-0.08670312547831091,-0.3406872283290372,-0.5789898120788778,-0.18868756020425423,-0.8063524399844473,0.2483175109474823,-0.44887348689285445,-1.9925510562714843,-1.011439814447794,-0.2694943572651209,-0.02613359816672435,-0.09987771687127438,0.7080000365835143,0
sample_02476.html,0.2888394077690073,0.6905133196860547,-0.26051190332015844,0.2407725385212996,-0.06224988484223384,-0.31829923454046966,-0.44887348689285445,0.7144452175554662,-0.6638646328295325,-0.23910419858647106,-0.01584868809819045,0.025442857995065703,0.9516830288401849,0
sample_03390.html,-0.44935149449396156,-0.4805110314497277,-0.26051190332015844,-0.4688591484204489,-0.3057562474658607,-0.3304845408950493,-0.44887348689285445,0.42580037971700974,0.08295646061163615,-0.2548542479527983,0.006006745797444088,-0.10204839657450197,0.4100109748313024,0
sample_07690.html,-0.4520377787088923,-0.4805110314497277,-0.5789898120788778,-0.4903321533567266,-1.3402205118069348,-0.3365771940723391,-0.44887348689285445,-1.9925510562714843,-0.4952836083029581,-0.2694943572651209,-0.027419211925291086,-0.10364022835686888,-0.08289598822859738,0
sample_00522.html,-0.4445161829070862,-0.4717720437546845,-0.5789898120788778,-0.47703934077712606,-0.9438678120390636,-0.32439188771775945,-0.44887348689285445,-1.9925510562714843,0.340733257186724,-0.2694943572651209,0.008577973314577563,-0.1034955163766537,-0.4244917133423276,0
sample_06343.html,-0.29677055108589523,-0.46303305605964135,-0.18089242613047862,-0.26230929141434917,0.37350388750409497,0.20566893870645367,-0.10977361938621372,0.40115038272173914,-0.2334710966632918,-0.25980458059365946,-0.02613359816672435,-0.10045656479213506,-0.041265116738660436,1
sample_00458.html,-0.45150052186590617,-0.4805110314497277,-0.4993703348891979,-0.4913546774013112,-2.256016803315404,-0.3304845408950493,-0.44887348689285445,0.9322346153118946,2.2580662732100207,-0.16448292875573237,-0.01970552937389066,-0.10364022835686888,-1.5280297323948686,1
sample_05458.html,-0.4300102481464602,-0.4805110314497277,-0.4197508576995181,-0.33899859475819805,0.5078575598588463,-0.275650662299441,0.22932624812042704,0.4297348695464567,0.18883107051286369,-0.24904926147035356,-0.014563074339623712,-0.1019036845942868,0.13986977676878623,1
sample_00829.html,-0.25647628786193405,-0.4368160929745119,-0.4993703348891979,-0.053714386319080175,1.6123883031431099,0.16911301964271483,0.22932624812042704,-0.167352708489051,-1.167116958219651,-0.2689837848402787,-0.02613359816672435,-0.09741761320761642,1.3859943634547625,0
sample_07556.html,0.11100739274059196,-0.052300634392613204,-0.021653471751118984,0.6405794399538985,1.7157213865512633,0.06553791562878812,-0.10977361938621372,0.5463101119066263,0.039734062432010664,1.0735997044838557,-0.02613359816672435,-0.01116927299937314,0.17017716855238194,0
sample_03698.html,4.6803768423377905,2.211097178623563,0.3764439141972801,1.7684234611307699,0.5325212290457658,1.143937528009084,-0.10977361938621372,0.41465166263040426,0.779266043420163,0.11723095635121085,-0.02613359816672435,1.233064332890687,-0.12688586746976438,0
sample_01447.html,-0.45042600817993383,-0.4805110314497277,-0.4993703348891979,-0.48419700908921864,-1.091387524772613,-0.3304845408950493,-0.44887348689285445,0.19867672293162741,-0.33425918288558676,-0.2687173992273175,0.0008642907631771383,-0.10364022835686888,-0.887651317215179,1
sample_03229.html,0.02074824311891891,-0.1833854498182605,-0.1012729489407988,0.3235969861326564,1.0871275148585484,0.21785424506103326,0.22932624812042704,0.5867146869442126,-0.4741704017710564,-0.191088191850226,-0.02613359816672435,-0.00986686517743658,0.614767849000013,0
sample_06507.html,-0.44075538500618316,-0.4805110314497277,-0.4993703348891979,-0.40341760956703115,0.33242608231167825,-0.275650662299441,-0.10977361938621372,0.41276076465470923,-0.19573383972605995,-0.26750756456845237,-0.02613359816672435,-0.10364022835686888,-0.5052684135317255,1
sample_04286.html,-0.4520377787088923,-0.4805110314497277,-0.5789898120788778,-0.48828710526755725,-0.4857802989613899,-0.3365771940723391,-0.44887348689285445,-1.9925510562714843,-2.374105694263592,-0.2694943572651209,-0.027419211925291086,-0.10364022835686888,-0.06926926283400898,0
sample_00300.html,1.743730938575499,1.1449406798282988,-0.34013138050983827,2.444311854601225,1.9041207982415218,3.0143820534370542,-0.10977361938621372,0.5498139724597264,-1.0403124181069139,-0.20605018377820988,-0.0209911431324574,0.1543812323667851,1.4730192047570496,0
sample_02711.html,-0.20436237409227756,-0.4805110314497277,-0.021653471751118984,-0.36251664778364506,-1.9605986432014277,0.26050281730206193,-0.44887348689285445,0.33650239457217257,-0.5536478138634441,-0.2414572715009611,-0.014563074339623712,-0.10074598875256541,-1.1265611186010136,0
sample_08693.html,0.07178764320260307,0.2885198857140697,-0.26051190332015844,0.19782652864874423,0.4536264562636629,-0.13551963922177548,0.22932624812042704,-0.08869834103207568,-0.11127420765638703,-0.2661090401004064,-0.02613359816672435,-0.005959641711626901,0.5778429722919206,0
sample_07597.html,-0.44129264184916933,-0.4542940683645982,-0.4993703348891979,-0.48419700908921864,-2.256016803315404,-0.32439188771775945,-0.44887348689285445,0.7544833970078404,1.8818881144820765,-0.26347848217241515,-0.011991846822490236,-0.10306138043600818,-1.2518758272464323,0
sample_06593.html,-0.44344166922111394,-0.4805110314497277,-0.5789898120788778,-0.4729492445987875,0.4127608013385202,-0.31220658136317986,-0.44887348689285445,-1.9925510562714843,-1.3410129728618396,-0.2694943572651209,-0.017134301856757187,-0.10364022835686888,0.5851104626903658,1
sample_02525.html,-0.39777483756729126,-0.3669041914141667,-0.4197508576995181,-0.4340933309045707,-1.2002707379942192,-0.3365771940723391,-0.44887348689285445,0.5029850188915475,-0.4682525360024058,-0.26780724838303366,0.012434814590277775,-0.0888796063749212,0.42267689002445774,0
sample_08804.html,-0.34458641011166247,-0.3756431791092098,0.2968244370076003,-0.28787239252896546,-0.1713863932860355,-0.17816821146280412,-0.44887348689285445,0.5322004448083353,-0.18158010680871747,-0.2420344403290436,-0.02613359816672435,-0.09625991736589504,0.493185730557442,0
sample_01522.html,-0.3676884543600669,-0.4542940683645982,-0.5789898120788778,-0.2858273444397962,0.44539417683210375,-0.08068576062616724,-0.10977361938621372,-1.9925510562714843,0.01953895250676549,-0.26928346865485997,-0.02613359816672435,-0.09799646112847712,-0.43245428039819866,1
sample_04268.html,0.5590795997910403,0.8740320612819609,0.6949218229559994,0.7683949455269801,1.2268793217252183,0.1386497537562658,1.2466258506403491,0.611576638709311,-0.45408110969575244,-0.07089278340205263,-0.02613359816672435,-0.030994814288851882,0.6391942010051618,0
sample_04272.html,-0.4058336902120835,-0.4368160929745119,-0.5789898120788778,-0.4811294369554647,-1.461777818545668,-0.3365771940723391,-0.44887348689285445,-1.9925510562714843,0.44035741916196675,-0.2694943572651209,0.08442918507001508,-0.09524693350438883,-0.8847264881472792,0
sample_02787.html,-0.3096647153175628,-0.3406872283290372,-0.4993703348891979,-0.37376441227407625,0.06381297614258408,-0.2695580091221512,-0.10977361938621372,0.3316516123233787,-2.690243490421915,-0.26031515301850167,-0.02613359816672435,-0.0910502860781488,3.566025188243186,1
sample_09859.html,-0.35049623538451014,-0.3756431791092098,-0.4197508576995181,-0.274579579949365,0.9638733754020314,-0.2695580091221512,-0.44887348689285445,-0.008634710784631386,-0.5374985210499695,-0.2596713877871789,-0.0107062330639235,-0.09900944498998333,1.080310945345694,1
sample_09367.html,-0.44612795343604467,-0.4805110314497277,-0.5789898120788778,-0.44329604730583255,-0.5041196240013074,-0.2817433154767308,-0.44887348689285445,-1.9925510562714843,-1.5691897153765988,-0.2694943572651209,-0.017134301856757187,-0.1034955163766537,1.4558217777581772,0
sample_03769.html,-0.39670032388131893,-0.42807710527946874,-0.4197508576995181,-0.4320482828154014,1.1837488532334206,-0.29392862183131047,-0.10977361938621372,0.38158393256550843,0.36107148502655473,-0.2670413897457704,-0.009420619305356762,-0.09915415697019851,0.1562980341001946,1
sample_02292.html,1.6975268500786902,0.2360859595438108,-0.18089242613047862,2.035302236767364,0.36626804997759654,3.5870914521022956,-0.10977361938621372,0.603397807816024,-0.2825755772702974,-0.20701583162519402,-0.017134301856757187,0.07985456255597087,0.8953990032218454,0
sample_09081.html,0.09488968745100748,0.061306205642947774,0.854160777335359,0.3113266975976406,0.7809358020477745,0.571228129343842,0.5684261156270678,0.5861718196149776,0.4119812424108253,-0.14149607023729419,-0.02613359816672435,-0.06239731399554449,0.11226544349163627,0
sample_06207.html,-0.40099837862520815,-0.3581652037191235,-0.5789898120788778,-0.10688563663748207,0.39163792986267915,-0.2878359686540206,0.22932624812042704,-1.9925510562714843,0.24808378498633923,-0.2694943572651209,-0.02613359816672435,-0.1003118528119199,-0.3209684199583164,1
sample_04337.html,-0.4391436144772247,-0.4542940683645982,-0.5789898120788778,-0.4688591484204489,0.5441026254453617,-0.3304845408950493,-0.44887348689285445,-1.9925510562714843,-0.42765086328286334,-0.2694943572651209,-0.014563074339623712,-0.10364022835686888,0.5192802639328816,0
sample_04236.html,-0.4337710460473632,-0.46303305605964135,-0.4993703348891979,-0.48828710526755725,-0.9915621547527916,-0.3365771940723391,-0.44887348689285445,0.5376032325485226,0.4959482741445673,-0.26636432631282747,0.08700041258714855,-0.09872002102955299,-1.0055610142462665,1
sample_04928.html,-0.45042600817993383,-0.4805110314497277,-0.4993703348891979,-0.48419700908921864,-1.091387524772613,-0.3304845408950493,-0.44887348689285445,0.19867672293162741,-0.33425918288558676,-0.2687173992273175,0.0008642907631771383,-0.10364022835686888,-0.887651317215179,1
sample_01592.html,0.07930923900440916,0.6555573689058821,1.4114971176631177,0.5567324682979571,-0.043137423449629016,-0.2817433154767308,0.5684261156270678,0.6963574954677502,0.6128815845505721,0.3061205547417376,-0.02613359816672435,-0.09770703716804677,-0.3705251053464091,0
sample_07489.html,1.9242492378188452,0.34969279957937177,0.6949218229559994,1.8338649999841874,1.4321005944857517,4.665491064482591,-0.10977361938621372,0.6660418335647638,-1.2637342173931234,-0.08316872039934506,-0.02613359816672435,0.12022920503600422,2.1957587475818605,0
sample_04361.html,-0.4520377787088923,-0.4805110314497277,-0.26051190332015844,-0.4617014801083563,-0.6935759838145575,-0.3365771940723391,-0.10977361938621372,0.8153172766918156,2.4307223265800424,-0.22507455630385115,-0.027419211925291086,-0.10364022835686888,-1.4334832185150586,0
sample_09638.html,-0.44182989869215544,-0.46303305605964135,-0.4993703348891979,-0.45863390797460235,0.05374098913652785,-0.3304845408950493,-0.44887348689285445,-0.045924347023679084,-0.3410274077254805,-0.2690836794451391,0.0034355182803106135,-0.1034955163766537,0.11953575002419511,0
sample_05893.html,-0.4488142376509754,-0.4805110314497277,-0.4993703348891979,-0.48828710526755725,-1.0223724526462987,-0.3304845408950493,-0.44887348689285445,0.0501345861224434,-1.1787932149206863,-0.2617802738897879,0.007292359556010826,-0.10364022835686888,1.8732570506042938,1
sample_02737.html,-0.06736187913080954,-0.052300634392613204,0.05796600543856084,-0.05780448249741878,0.25415855510156493,0.10818648786981676,-0.10977361938621372,0.7071023131670308,0.10304505483968252,-0.19170975828046866,-0.02613359816672435,-0.08019688756201081,0.018692842659482855,0
sample_07624.html,-0.31396277006145196,-0.3406872283290372,-0.4993703348891979,-0.37376441227407625,0.05687775598690603,-0.2695580091221512,-0.10977361938621372,0.3316516123233787,-2.698731537938615,-0.26031515301850167,-0.02613359816672435,-0.09683876528675574,3.5716534930225863,1
sample_00703.html,2.8827154457061352,0.09626215642312039,-0.18089242613047862,2.830825943454223,1.6888825033867476,8.095654803296753,-0.10977361938621372,0.6054763432716306,-1.0215366187739778,-0.2126987247016983,-0.018419915615323922,0.10937580651986621,1.8127707661936985,0
sample_08330.html,-0.4321592755184048,-0.4717720437546845,-0.34013138050983827,-0.42182304236955487,-0.2743177653091639,-0.30611392818589006,-0.44887348689285445,0.5305805182725954,-1.2581687567640365,-0.24368825100951064,0.006006745797444088,-0.08960316627599707,-1.412626055745873,1
sample_08204.html,2.1079910781201083,1.4857611999349816,-0.18089242613047862,2.361487406989868,0.8286715259032424,2.2284297935666695,-0.10977361938621372,0.58361852213835,-0.2915396879454933,-0.20814797048027886,-0.017134301856757187,0.1663923267246445,0.6646144006369481,0
sample_06951.html,-0.4520377787088923,-0.4805110314497277,-0.4993703348891979,-0.49237720144589586,-2.256016803315404,-0.3365771940723391,-0.44887348689285445,0.7047024281530193,0.9896175292434719,-0.26774065197979335,-0.027419211925291086,-0.10364022835686888,-0.906100176848487,1
sample_02829.html,0.1738664433699714,0.35843178727441494,-0.021653471751118984,0.4555025878840765,0.8770326421725887,-0.18426086464009395,-0.44887348689285445,0.42163583989614917,-0.30311434220603195,5.163329225071883,-0.02613359816672435,-0.056608834786937554,-1.1042337643349205,0
sample_03381.html,-0.19307998038956845,-0.3581652037191235,-0.34013138050983827,-0.04348914587323365,0.4482707990425626,0.44328241262075607,-0.10977361938621372,0.5103208762959985,-0.6703060591465573,-0.25569780239384193,-0.02613359816672435,-0.0872877745925543,0.9152128013395611,1
sample_05102.html,-0.28548815738318606,-0.17464646212321733,-0.26051190332015844,-0.35229140733779857,0.11135689813356496,-0.3365771940723391,-0.44887348689285445,0.6695840519674363,-0.059609191558988285,-0.25832836032183315,0.00472113203887735,-0.09929886895041368,-0.781937658185312,0
sample_02477.html,-0.20113883303436067,-0.2008634252083468,-0.26051190332015844,-0.21118308918511658,-0.2874345879887201,-0.16598290510822453,-0.44887348689285445,0.5179495399148807,0.0584355732205985,-0.2179931387593009,-0.011991846822490236,-0.08352526310695979,0.5185148360732446,0
sample_03907.html,0.2275921276685863,0.19239102106859504,0.05796600543856084,0.12318227339406462,0.5743335752423689,0.25441016412477213,0.22932624812042704,0.7417947070849281,0.08731583002380411,-0.20709352742897436,-0.006849391788223287,-0.07932861568071976,0.19871133455571402,1
sample_02025.html,0.11100739274059196,0.20986899645868135,-0.1012729489407988,0.4125565780115211,-0.2875175864590174,0.5590428229892624,-0.10977361938621372,0.6178735223744395,-0.04277990968303069,-0.07814069195470359,-0.02613359816672435,-0.08916903033535155,0.3011863089782405,0
sample_03495.html,-0.45150052186590617,-0.4805110314497277,-0.4993703348891979,-0.4913546774013112,-2.256016803315404,-0.3304845408950493,-0.44887348689285445,0.9345765518220156,2.280518519874096,-0.19098829724536556,-0.01970552937389066,-0.10364022835686888,-1.5198422527019813,1
sample_00418.html,-0.39455129650937437,-0.34942621602408036,-0.4993703348891979,-0.38807974889826136,-0.2402860063947488,-0.3304845408950493,-0.10977361938621372,0.627773269580349,0.567725678228887,-0.19002264939838143,-0.0209911431324574,-0.08555123082997222,-1.0995325282982213,1
sample_01383.html,-0.0066518558733746945,0.42834368883476015,0.05796600543856084,-0.2081155170513626,1.0085025340394722,-0.31829923454046966,0.22932624812042704,0.7072182373644971,0.19221731638835626,-0.17756912199244826,-0.02613359816672435,-0.0758555281555556,-0.1258547712544102,0
sample_09936.html,-0.3929395259804159,-0.4105991298893824,-0.34013138050983827,-0.29298501275188876,0.6327507631598767,-0.275650662299441,0.5684261156270678,0.31909334986778126,-0.8749367476614901,-0.2544879677349768,-0.02613359816672435,-0.10002242885148954,0.8655665211661472,1
sample_00146.html,-0.4520377787088923,-0.4805110314497277,-0.5789898120788778,-0.4893096293121419,-0.9503498502515947,-0.3365771940723391,-0.44887348689285445,-1.9925510562714843,-0.676787049025418,-0.2694943572651209,-0.027419211925291086,-0.10364022835686888,0.40682118144121326,0
sample_05846.html,-0.4337710460473632,-0.4805110314497277,-0.5789898120788778,-0.4238680904587242,0.11844321123601063,-0.23909474323570218,-0.10977361938621372,-1.9925510562714843,0.009172979995769414,-0.2694166614613405,-0.013277460581056975,-0.10364022835686888,-0.3809151017823469,1
sample_04267.html,0.3447141194395668,1.0488118151828238,0.3764439141972801,0.04853801813938503,0.555879953950724,-0.3365771940723391,-0.10977361938621372,0.48076218399174153,-0.07115434567865506,-0.14568054424089205,-0.006849391788223287,-0.027087590823042202,0.35966402484520915,0
sample_00775.html,0.02558355470579425,0.5856454673455369,-0.4197508576995181,0.09557412419027901,-0.15945484690062012,-0.05631514791700801,-0.10977361938621372,0.5614609551088088,-1.2149787273667791,-0.26080352664226375,-0.022276756891024138,-0.06051605825274724,1.4318698400499243,0
sample_06926.html,1.7942330818161971,1.9838834985524414,0.3764439141972801,3.763367872115426,0.731762620993266,0.8941387477402019,19.89711856350559,0.6538438528992615,-0.15125591905296254,0.3171422594780047,-0.02613359816672435,0.21067419267048754,0.331101215107396,0
sample_03819.html,0.07447392741753382,-0.4805110314497277,-0.26051190332015844,0.3685880440943811,1.3951772609184725,0.3579852681386988,1.9248255856536307,0.6459430297482509,-0.7610191777391274,-0.22268818518774094,-0.013277460581056975,0.028915945520229865,1.7024178782282655,0
sample_09808.html,0.672978050504104,1.2061135936936007,-0.34013138050983827,0.23770496638754565,0.2896404889667632,-0.275650662299441,-0.10977361938621372,0.6014535597920893,0.19359534583905136,-0.20426318029126225,-0.02613359816672435,0.018062547004091867,0.031012842712338087,0
sample_06015.html,-0.14204058030588426,0.2011300087636382,-0.021653471751118984,-0.0680297229432653,-0.5874943096195541,-0.0014812693213997515,-0.10977361938621372,0.2230962179069542,-0.5095564542192755,-0.2637892653875365,-0.02613359816672435,-0.09640462934611022,0.5654269629260409,0
sample_08097.html,-0.2897862121270753,-0.22708038829347624,-0.18089242613047862,-0.22447590176471705,0.28402277944298204,-0.1294269860444857,0.22932624812042704,0.5699871818231311,0.5407073397094635,0.05827094068247903,-0.02613359816672435,-0.0872877745925543,-0.8036201698899983,0
sample_09266.html,-0.4520377787088923,-0.4805110314497277,-0.5789898120788778,-0.48010691291088003,-0.8103737506927731,-0.3365771940723391,-0.44887348689285445,-1.9925510562714843,0.13095459838308626,-0.2694943572651209,-0.027419211925291086,-0.10364022835686888,0.07544355124356342,0
sample_04267.html,-0.3118137426895074,-0.3581652037191235,-0.4993703348891979,-0.13756135797502164,0.72785416519147,-0.025851882030558975,-0.44887348689285445,0.17765731810159122,-0.9247552650668945,-0.2597601829914993,-0.02613359816672435,-0.08859018241449086,0.7796972335618505,1
sample_03296.html,0.0250462978628081,0.2186079841537245,-0.021653471751118984,-0.07927748743369648,-0.3079835315527322,-0.1294269860444857,-0.10977361938621372,0.5939113079086041,0.7714814748651315,-0.14530316462253043,-0.02613359816672435,-0.03490203775466156,-0.41728797709117876,0
sample_04289.html,-0.45150052186590617,-0.4805110314497277,-0.5789898120788778,-0.486242057178388,-1.202786848279225,-0.3304845408950493,-0.44887348689285445,-1.9925510562714843,0.0884240784201375,-0.2694943572651209,0.006006745797444088,-0.10364022835686888,0.16446194170753772,0
sample_01959.html,0.4473301764499213,0.8041201597216157,0.2968244370076003,0.933021316705109,0.33822045351930075,-0.013666575675979363,-0.10977361938621372,0.7369859605762731,0.6739612039161178,-0.026950256664004954,-0.01970552937389066,0.02428516215334432,-0.19456530155326635,0
sample_03969.html,-0.37252376594694225,-0.34942621602408036,-0.4197508576995181,-0.3829671286753381,0.41017852846409475,-0.30611392818589006,0.22932624812042704,0.4169684049832346,0.5630431978114557,-0.23353229951536728,-0.02613359816672435,-0.09654934132632538,-0.7700243287587285,1
sample_09065.html,-0.3118137426895074,-0.3057312775488646,0.05796600543856084,-0.3257057821785976,-0.04987619673339827,-0.32439188771775945,-0.10977361938621372,0.4602642360697793,-0.10637105300079944,-0.23861582496270897,-0.009420619305356762,-0.09220798191987019,0.36454773594234985,1
sample_09021.html,0.089517119021146,0.49825559039510536,0.7745413001456792,0.8420166767370749,1.0284239171157377,0.3457999617841192,1.9248255856536307,0.6904134042908049,-0.3858807470471329,-0.1860823622066646,-0.017134301856757187,-0.06688338538221486,0.6963389858379502,0
sample_03377.html,-0.43162201867541866,-0.46303305605964135,-0.4197508576995181,-0.4494311915733405,-1.8285293515827974,-0.23300209005841238,-0.10977361938621372,0.4066228702510142,0.2239738137510099,-0.2642110426080583,-0.02613359816672435,-0.10204839657450197,-0.5049011818207034,1
sample_02307.html,-0.43269653236139094,-0.4368160929745119,-0.5789898120788778,-0.47703934077712606,-1.4990077710513754,-0.3365771940723391,-0.10977361938621372,-1.9925510562714843,0.29037273649473677,-0.2694610590635007,0.012434814590277775,-0.10262724449536266,-0.8914711945378937,1
sample_03904.html,-0.08079330020546327,-0.3406872283290372,-0.1012729489407988,0.02399744106935338,0.16964465567477255,0.571228129343842,-0.10977361938621372,0.7459451252626049,0.07012111566778974,-0.24183465111932273,-0.02613359816672435,-0.04561072429058439,0.3522833806135562,0
sample_05677.html,-0.4144297996998619,-0.4805110314497277,-0.18089242613047862,-0.04144409778406435,-0.36428773163509603,-0.17207555828551432,-0.10977361938621372,0.40372430648840407,-0.024928935646356166,-0.15848925246410675,-0.02613359816672435,-0.10118012469321093,0.09965767625286555,1
sample_07836.html,-0.39562581019534665,-0.4105991298893824,-0.5789898120788778,-0.3911473210320153,0.6491101098796549,-0.29392862183131047,-0.10977361938621372,-1.9925510562714843,0.49125226939579447,-0.2694943572651209,-0.02613359816672435,-0.10132483667342611,-1.0570597370095498,1
sample_01934.html,-0.05178143068421122,-0.270775326768692,0.13758548262824066,0.04649297005021572,0.7657509639256629,-0.17816821146280412,-0.10977361938621372,0.6994253601802224,0.8570013970015589,-9.121527698511908e-07,-0.02613359816672435,0.12818836394783875,0.04710929164933053,1
sample_09467.html,-0.4520377787088923,-0.4805110314497277,-0.4993703348891979,-0.49237720144589586,-2.256016803315404,-0.3365771940723391,-0.44887348689285445,0.7993487099940506,1.4808996857835617,-0.267185681952791,-0.027419211925291086,-0.10364022835686888,-1.0168014571092276,1
sample_07730.html,-0.07058542018872643,-0.12221253595295842,-0.34013138050983827,-0.24594890670099476,0.0595402354823181,-0.29392862183131047,-0.44887348689285445,0.6102307609033487,0.20083751454485138,-0.25649695923272536,-0.002992550512523074,-0.07657908805663147,-0.8381449702243688,0
sample_00225.html,-0.31664905427638274,-0.46303305605964135,-0.4197508576995181,-0.2551516231022566,-0.03726998573021234,0.06553791562878812,-0.10977361938621372,0.4811373521349405,-0.34962004477794517,-0.2663199287106673,-0.02613359816672435,-0.026219318941751165,0.6345785571927981,0
sample_08931.html,-0.27635479105242156,-0.3756431791092098,-0.4993703348891979,-0.42693566259247817,0.5390934724545814,-0.29392862183131047,-0.10977361938621372,0.307919562434062,0.004013885352264674,-0.22551853232545305,-0.02613359816672435,0.17261494187389695,-1.0684622118853122,1
sample_07450.html,-0.42678670708854327,-0.4542940683645982,-0.4993703348891979,-0.40341760956703115,1.2915018216894956,-0.29392862183131047,-0.10977361938621372,0.15981255285214338,-0.5737645846401505,-0.26774065197979335,-0.017134301856757187,-0.10306138043600818,0.5829020138129557,1
sample_06909.html,0.6380563557100042,0.13995709489833613,0.854160777335359,0.7326066039665172,0.4129988958193481,0.6565252738258993,-0.10977361938621372,0.46746491072504043,-0.4683468020339127,-0.08874061947044887,-0.02613359816672435,0.043821279482392714,-0.14869990306768727,0
sample_09658.html,-0.13559349819005048,-0.27951431446373515,-0.1012729489407988,0.09250655205652507,0.5951904579685614,0.4128191467343071,-0.10977361938621372,0.6587738663786886,0.6895218896066306,0.20841253178770028,-0.011991846822490236,-0.09003730221664259,-0.41846190084919804,0
sample_05447.html,-0.440218128163197,-0.4717720437546845,-0.4993703348891979,-0.47703934077712606,-1.3908636227199325,-0.30611392818589006,-0.44887348689285445,0.17530077781688883,0.4027722208244722,-0.2687062998267775,-0.0107062330639235,-0.10291666845579302,-0.5145408480048917,1
sample_07500.html,0.22490584345365558,0.2535639349338971,2.0484529351805563,0.10273179250237158,0.6796954670812789,-0.3365771940723391,-0.44887348689285445,0.7413374833824596,1.4329143873716073,3.5919426930152114,0.013720428348844514,0.05047803057229069,-1.166093396519291,0
sample_00242.html,-0.39455129650937437,-0.34942621602408036,-0.4993703348891979,-0.38807974889826136,-0.1302504074074353,-0.3304845408950493,-0.10977361938621372,0.6227408597433175,0.5766572759171174,-0.1907885080356447,-0.0209911431324574,-0.08540651884975704,-1.0994703777828507,1
sample_05492.html,2.438941293399576,0.07878418103303408,-0.18089242613047862,5.347257617177052,0.9264051709576178,6.682159266165518,-0.10977361938621372,0.604310954485803,-0.9570184922411253,-0.20853644949918052,-0.0209911431324574,0.07667089899123705,1.5438783541210575,0
sample_00687.html,-0.1312954434461613,-0.1659074744281742,0.3764439141972801,-0.08643515574578904,-0.21384348710345405,0.1508350601108454,-0.10977361938621372,0.6106504652667414,0.4106009082616259,-0.21625053287451346,-0.02613359816672435,-0.05284632330134305,0.00872547494312777,0
sample_06830.html,-0.3993866080962497,-0.4805110314497277,-0.34013138050983827,-0.12529106944000581,1.432124388793654,0.10209383469252695,-0.10977361938621372,0.3844026125450204,-0.6691610694784045,-0.23818294834164713,-0.02613359816672435,-0.10161426063385645,0.5310127480062649,1
sample_07305.html,6.739682321503699,12.907618117356382,6.7460020893716655,2.8410511839000696,1.4503870318466385,0.9124167072720712,-0.10977361938621372,0.6502607548036365,-0.8550797099686779,-0.017360374597403996,-0.02613359816672435,0.30372399594884397,0.8307118159354192,0
sample_07056.html,0.9609477183446798,1.057550802877867,-0.1012729489407988,0.9238186003038471,0.5373468467106916,0.9611579326903897,0.22932624812042704,0.5905316163397301,-0.6847301319110841,-0.20508453593122578,-0.02613359816672435,-0.07108003280845489,0.30733140044282065,0
sample_04347.html,-0.3096647153175628,-0.3406872283290372,-0.4993703348891979,-0.37376441227407625,0.06381297614258408,-0.2695580091221512,-0.10977361938621372,0.3316516123233787,-2.6902799844858523,-0.26031515301850167,-0.02613359816672435,-0.0910502860781488,3.566025188243186,1
sample_08151.html,-0.3821943891206929,-0.2882533021587783,-0.5789898120788778,-0.37376441227407625,1.0298242566479083,-0.31829923454046966,-0.44887348689285445,-1.9925510562714843,-0.2285732750027962,-0.2694943572651209,-0.02613359816672435,-0.10204839657450197,0.2305492430794769,1
sample_06004.html,-0.19146820986061,0.017611267167732012,0.05796600543856084,0.4299394867694602,0.7769421857578852,0.5651354761665522,-0.10977361938621372,0.5353337419857787,-1.2035916678393617,-0.2324334588619026,-0.02613359816672435,0.015023595419573228,1.8980770225401227,0
sample_04227.html,-0.3461981806406209,-0.3756431791092098,0.3764439141972801,-0.4023950855224465,0.08141459285252393,-0.25128004959028183,-0.10977361938621372,0.18183944333742444,-0.41661604151467346,-0.20134403794922978,-0.002992550512523074,-0.08859018241449086,0.949621462217057,0
sample_03711.html,-0.15493474453755185,-0.11347354825791527,0.6153023457663196,-0.23367861816597893,1.0161093847207188,-0.17207555828551432,0.22932624812042704,0.8081004926331095,1.5948551171384737,0.45217756644822144,-0.02613359816672435,-0.07093532082823971,-1.2045741351745736,0
sample_01782.html,0.09112888955010444,0.27978089801902656,0.6153023457663196,0.13545256192908045,2.273625621577574,0.05944526245149831,0.22932624812042704,0.6849964550939652,0.9148388849629818,1.5517285815474777,0.0008642907631771383,-0.07122474478867005,-0.7011144396324063,1
sample_06212.html,0.6509505199416719,-0.11347354825791527,-0.26051190332015844,0.9095032636796619,0.02537514002499593,2.7584906199908827,-0.10977361938621372,0.5553512277632549,-0.9596609024678183,-0.24581933591319974,-0.02613359816672435,-0.028824134585624283,1.1221964814080527,0
sample_08748.html,0.04062674630940643,0.20986899645868135,0.05796600543856084,0.09761917227944832,1.405050741988052,0.19957628552916384,0.22932624812042704,0.4286929292181752,0.026986375858931762,-0.2143858335837855,-0.02613359816672435,-0.02824528666476359,0.48856126025065705,0
sample_05812.html,-0.41228077232791727,-0.4368160929745119,-0.34013138050983827,-0.2899174406181348,0.803623653436196,-0.2208167837038328,-0.10977361938621372,-0.3244779533212708,-1.0819843902374475,-0.18018858051989944,-0.017134301856757187,-0.0997330048910592,2.6898639496318264,1
sample_00557.html,-0.41872785444375105,-0.44555508066955507,-0.4993703348891979,-0.41466537405746234,-0.8807664702485071,-0.30002127500860026,-0.10977361938621372,0.40973863008096567,0.42220264208583586,-0.25702973045864763,-0.014563074339623712,-0.10045656479213506,-0.37157295495220827,1
sample_09554.html,-0.42947299130347405,-0.4368160929745119,-0.4197508576995181,-0.4535212877516791,-1.088018295588607,-0.31829923454046966,-0.44887348689285445,0.62782662691154,0.644413359645961,-0.2621465541076095,-0.014563074339623712,-0.09872002102955299,0.16494016300055012,0
sample_02046.html,0.18299980970073593,0.3846487503595444,0.05796600543856084,0.4258493905911216,1.2562329767827713,-0.11724167968990606,0.5684261156270678,0.5702015690987988,1.673509921819726,1.6120649228831754,-0.02613359816672435,0.07942042661532535,-1.2652715514177495,0
sample_05770.html,-0.3456609237976348,-0.4805110314497277,1.2522581632837582,-0.1958452285163468,-0.23994730238549689,0.016796690210469666,-0.10977361938621372,0.08917376844244689,-1.27711138021764,0.23354157461036762,-0.02613359816672435,-0.09466808558352813,2.7261289252835983,1
sample_09665.html,0.3533102289273452,-0.26203633907364887,-0.26051190332015844,0.2775834041263471,0.3600030674508685,0.1569277132881352,0.22932624812042704,0.11614877928146346,-1.2578609185708836,1.3709082473495655,-0.02613359816672435,-0.08670892667169361,1.6753045692242192,0
sample_00546.html,-0.19630352144748534,-0.11347354825791527,2.207691889559916,-0.19277765638259284,-1.3255914333798777,-0.2878359686540206,-0.44887348689285445,0.7866070589325151,1.5323439503903384,4.970221854476138,-0.02613359816672435,-0.07122474478867005,-1.4111783150959274,0
sample_08527.html,-0.40099837862520815,-0.46303305605964135,-0.4993703348891979,-0.4494311915733405,0.4298972026897365,-0.275650662299441,-0.44887348689285445,0.38907314222684214,0.27403020179303067,-0.25880563454505523,-0.02613359816672435,-0.09307625380116123,-0.4213870558585464,0
sample_09764.html,0.03364240735058649,0.11374013181320669,-0.5789898120788778,-0.14369650224252956,1.394008148281188,-0.31829923454046966,-0.10977361938621372,-1.9925510562714843,1.5418953986730042,-0.2691280770472993,-0.02613359816672435,0.018930818885382904,-0.3121581443835882,0
sample_09854.html,-0.4477397239650031,-0.4805110314497277,-0.4993703348891979,-0.4749942926879568,-1.514456932503265,-0.31220658136317986,-0.10977361938621372,0.3703367708508456,0.10285978025555965,-0.26836221841003605,-0.0107062330639235,-0.10320609241622336,-0.47897591635821873,1
sample_05253.html,-0.11302871078463221,0.07878418103303408,0.6153023457663196,-0.1897100842488389,1.2770184947534742,-0.275650662299441,-0.44887348689285445,0.5503791921385318,-0.02424848049400575,-0.20008980568820445,0.0008642907631771383,-0.04416360448843265,0.6589141279857541,0
sample_02967.html,-0.4332337892043771,-0.4717720437546845,-0.4197508576995181,-0.43920595112749394,-0.5498168799907667,-0.2573727027675716,-0.10977361938621372,0.40139478109889704,0.27503548295533803,-0.2675630615711526,-0.02613359816672435,-0.10132483667342611,-0.3732409407576299,1
sample_03032.html,-0.3521080059134686,-0.46303305605964135,1.0133997317147188,-0.29093996466271943,0.6802606560808395,-0.1537975987536449,-0.10977361938621372,0.6715219599392238,0.8518530327252898,0.2141065242647446,-0.00042132299538959916,-0.09336567776159158,-0.4202077605854583,1
sample_06574.html,-0.44720246712201694,-0.4717720437546845,-0.4993703348891979,-0.4688591484204489,-0.3020765113450368,-0.3304845408950493,-0.44887348689285445,0.2641027143297212,-0.190191392605962,-0.2634562833713351,-0.0107062330639235,-0.10320609241622336,-0.014161155735352524,1
sample_03878.html,-0.1216248202724106,-0.11347354825791527,0.6153023457663196,-0.25208405096850267,0.701891111196922,-0.17816821146280412,-0.10977361938621372,0.8124913399793131,1.6825983883611113,0.44214370836001854,-0.02613359816672435,-0.0574771066682286,-1.2289324566806241,0
sample_08200.html,-0.3832689028066652,-0.42807710527946874,-0.1012729489407988,-0.009745852401940137,1.3099294260947196,-0.11114902651261627,0.22932624812042704,0.5846548070119363,-1.052217082017737,-0.23902650278269075,-0.02613359816672435,-0.09727290122740126,1.4910058403036295,1
sample_05977.html,-0.29408426687096445,-0.2882533021587783,0.5356828685766397,-0.33695354666902877,1.122769522825673,-0.2878359686540206,-0.10977361938621372,0.6488070533845257,0.40201138190837465,-0.18964526978001983,0.013720428348844514,-0.0639891457779114,-0.7168948687787406,1
sample_02068.html,-0.4289357344604879,-0.4805110314497277,0.21720495981792048,-0.3768319844078302,0.424663563212493,-0.2208167837038328,-0.10977361938621372,0.571705176215565,0.4459454658364125,-0.22102327510673384,-0.02613359816672435,-0.10262724449536266,-1.2787781347944778,1
sample_02939.html,-0.3263196774501334,-0.3406872283290372,0.6949218229559994,-0.43716090303832467,-1.1036467773400593,-0.3365771940723391,-0.44887348689285445,0.6601003822150141,0.8636986294022305,0.6306004301294834,0.06643059245008076,-0.07600024013577078,-1.2659732512054056,0
sample_08478.html,-0.3972375807243051,-0.4368160929745119,-0.26051190332015844,-0.40955275383453904,0.3755911975928649,-0.2695580091221512,-0.44887348689285445,0.4474759454716236,-0.369513749065198,-0.25438807313011635,-0.024847984408157612,-0.09727290122740126,0.7072477115701011,1
sample_06599.html,0.5537070313611788,1.214852581388644,0.6153023457663196,0.4309620108140449,0.43454747889457324,-0.0502224947397182,1.2466258506403491,0.32462102566228423,0.4899036010315385,1.179743271848329,-0.02613359816672435,0.08824785740845091,-0.8397304146174114,0
sample_09830.html,0.6219386504204197,1.214852581388644,0.05796600543856084,0.19782652864874423,-0.9511508687609583,-0.30611392818589006,-0.10977361938621372,0.6740134169026175,-0.2605730815755227,-0.1743724946369146,-0.02613359816672435,0.03455971274862162,0.07282970943035892,0
sample_08165.html,-0.4450534397500724,-0.4717720437546845,-0.4993703348891979,-0.4872645812229726,-0.9735544420615118,-0.3365771940723391,-0.44887348689285445,0.35375411392680933,-0.4550548358016479,-0.26350068097349527,0.06643059245008076,-0.10320609241622336,1.3041112876131002,1
sample_06873.html,-0.28548815738318606,-0.4542940683645982,-0.4993703348891979,-0.23776871434431754,0.039782081721625756,0.21785424506103326,-0.44887348689285445,0.31876254412499766,-0.3116428288124911,-0.2658759526890654,-0.02613359816672435,-0.09683876528675574,1.1469818905126987,0
sample_09799.html,-0.4332337892043771,-0.4542940683645982,-0.5789898120788778,-0.47703934077712606,-1.0574191668786679,-0.3365771940723391,-0.44887348689285445,-1.9925510562714843,0.6143875698322717,-0.2694832578645808,0.08185795755288161,-0.09408923766266744,-1.029448050493325,0
sample_07135.html,-0.40422191968312504,-0.4193381175844256,-0.26051190332015844,-0.4310257587708167,0.47492898717911336,-0.29392862183131047,-0.10977361938621372,0.5689726239363369,0.6021420345747426,-0.18341850607705323,-0.013277460581056975,-0.08916903033535155,-0.9411209948789498,1
sample_08157.html,-0.37252376594694225,-0.44555508066955507,-0.26051190332015844,-0.30627782533148923,0.46442198644668486,-0.1598902519309347,-0.10977361938621372,0.2460610986665675,1.2782077457028207,-0.2368843184784616,-0.01584868809819045,-0.0796180396411501,0.1153168551804159,0
sample_03515.html,-0.3805826185917345,-0.4542940683645982,-0.4197508576995181,-0.4310257587708167,-0.2907048912323897,-0.2208167837038328,-0.10977361938621372,0.16093098116594917,-0.08228204035892125,-0.26154718647844694,-0.011991846822490236,-0.10291666845579302,-0.6744647367068287,1
sample_04507.html,2.309462394239914,0.4370826765298033,0.2968244370076003,2.043482429124041,1.9883269886368797,2.0943914236662935,-0.10977361938621372,0.12090272692003726,-1.2433533178673282,2.761141463192123,-0.02613359816672435,0.21877806356253723,1.925075000422087,0
sample_03536.html,-0.4520377787088923,-0.4805110314497277,-0.5789898120788778,-0.4903321533567266,-1.114558160185379,-0.3365771940723391,-0.44887348689285445,-1.9925510562714843,-1.60279190543054,-0.2694943572651209,-0.027419211925291086,-0.10364022835686888,0.2457020263352195,0
sample_03380.html,-0.4520377787088923,-0.4805110314497277,-0.5789898120788778,-0.4790843888662954,-0.7579357713642774,-0.3365771940723391,-0.44887348689285445,-1.9925510562714843,-0.41770834500246007,-0.2694943572651209,-0.027419211925291086,-0.10364022835686888,1.3055370467717693,1
sample_07863.html,-0.3273941911361057,-0.3406872283290372,-0.4993703348891979,-0.3931923691211846,0.4911933928541008,-0.2817433154767308,-0.10977361938621372,0.343253371727165,0.015119006862585958,-0.25871683934073486,-0.004278164271089811,-0.09582578142524951,-0.20254721649351112,1
sample_08524.html,0.4333614985322814,0.4895166027000622,1.0133997317147188,0.3225744620880718,0.8866676593409332,0.39454118720243764,0.22932624812042704,0.691044072457075,1.3375829362325313,0.4556627782177963,-0.02613359816672435,-0.04995208369703959,-0.37473898069188405,1
sample_08142.html,-0.4488142376509754,-0.4805110314497277,-0.5789898120788778,-0.46988167246503354,-0.4298780888433753,-0.31829923454046966,-0.10977361938621372,-1.9925510562714843,-1.0897108829652162,-0.2694943572651209,-0.014563074339623712,-0.10364022835686888,-0.0949130191863865,1
sample_08006.html,-0.4337710460473632,-0.46303305605964135,-0.4993703348891979,-0.48828710526755725,-0.9915621547527916,-0.3365771940723391,-0.44887348689285445,0.543823767089737,0.4897612556415917,-0.26636432631282747,0.08700041258714855,-0.09872002102955299,-1.0055610142462665,1
sample_07129.html,2.0193436990273934,2.604351624900505,1.4911165948527976,0.7735075657499033,1.4729152451703362,0.38844853402514784,-0.10977361938621372,0.18096448458168027,-0.6228931808912983,0.5435034340917315,-0.02613359816672435,0.09056324909189369,1.5748474983084004,0
sample_07899.html,-0.3972375807243051,-0.4717720437546845,-0.26051190332015844,-0.43613837899374003,-1.953213190409793,-0.2634653559448614,-0.44887348689285445,0.6384672945184672,1.196664059383949,0.1622390255411031,-0.011991846822490236,-0.09553635746481917,-0.9362457061088341,0
sample_06275.html,-0.4085199744270142,-0.42807710527946874,-0.5789898120788778,-0.41057527787912373,0.16522811963481002,-0.275650662299441,-0.10977361938621372,-1.9925510562714843,0.5528008884695562,-0.26937226385918034,-0.02613359816672435,-0.10002242885148954,-0.2503493590651597,1
sample_03756.html,-0.4106690017989588,-0.4717720437546845,-0.4993703348891979,-0.3676292680065683,-0.2528783671606802,-0.23300209005841238,-0.10977361938621372,-0.10914753299167797,-0.6530598379977911,-0.2503478913335391,-0.02613359816672435,-0.10306138043600818,0.7792224542105326,0
sample_08221.html,-0.05876576964303116,0.27978089801902656,-0.4993703348891979,-0.1897100842488389,1.0747095689736506,-0.2878359686540206,-0.10977361938621372,0.560582487912506,1.1198827402554048,-0.26732997415981163,0.006006745797444088,-0.08569594281018739,-1.2146298721364042,1
sample_01263.html,-0.4396808713202109,-0.4717720437546845,-0.4197508576995181,-0.4565888598854331,-1.679248018270447,-0.275650662299441,-0.10977361938621372,0.4066228702510142,0.3513839256277762,-0.2642110426080583,-0.02613359816672435,-0.10277195647557784,-0.6429304361233708,1
sample_02638.html,-0.4488142376509754,-0.4717720437546845,-0.5789898120788778,-0.4893096293121419,-0.8140948376749755,-0.3365771940723391,-0.44887348689285445,-1.9925510562714843,-0.5383025183425578,-0.2694943572651209,0.012434814590277775,-0.10364022835686888,-0.831619140035147,1
sample_04988.html,-0.16406811086831638,-0.13969051134304472,-0.26051190332015844,-0.2725345318601957,0.23274307843850062,-0.1477049455763551,-0.10977361938621372,0.552254774066978,0.3594350048828667,-0.10108315287098157,0.00472113203887735,-0.10016714083170472,-0.2196393644045676,1
sample_03774.html,-0.31396277006145196,-0.26203633907364887,0.7745413001456792,-0.23163357007680963,0.30642903558354584,-0.3304845408950493,0.22932624812042704,0.7892693083942616,0.9733236301179414,-0.05083616662618697,-0.011991846822490236,-0.06268673795597483,-0.42210526132114684,1
sample_02042.html,-0.3316922458799949,-0.4805110314497277,-0.5789898120788778,-0.251061526923918,0.9331803291235135,-0.025851882030558975,0.5684261156270678,-1.9925510562714843,-0.7611660887496877,-0.2694943572651209,-0.01584868809819045,-0.10320609241622336,0.18788563262928606,1
sample_05766.html,0.0030187673003759896,-0.2358193759885194,-0.4993703348891979,0.0342226815151999,0.4151325530291094,0.5224869039255235,-0.44887348689285445,0.13730679713090088,-0.8618457743146648,-0.2645218258231796,-0.02613359816672435,-0.0969834772669709,0.33967750383518597,0
sample_04939.html,1.4557612707349232,2.359659969439297,1.9688334579908764,1.0240259566731431,1.0880445919366668,0.016796690210469666,0.5684261156270678,0.621928668863313,0.052683380510901955,0.045939506682486364,-0.02613359816672435,0.14077830622655882,-0.009162387306945617,0
sample_09092.html,1.1710151439522642,0.061306205642947774,-0.021653471751118984,1.1068504042845,1.389346801576264,2.423394695239943,-0.10977361938621372,0.6463636944901964,-0.29125029249055334,-0.09648800104740195,-0.02613359816672435,-0.018404872010131804,0.5884956905728828,0
sample_06753.html,-0.3821943891206929,-0.2882533021587783,-0.5789898120788778,-0.37376441227407625,1.037884192375146,-0.31829923454046966,-0.44887348689285445,-1.9925510562714843,0.12835110279753134,-0.2694943572651209,-0.02613359816672435,-0.10204839657450197,0.25290599726421087,1
sample_04023.html,0.07071312951663078,0.31473684879919916,0.2968244370076003,0.13545256192908045,-0.19338100608307074,-0.04412984156242839,-0.44887348689285445,0.11806509475829918,-1.5265193401281247,1.1204169759617755,-0.02613359816672435,-0.08482767092889634,2.0132881199437778,0
sample_05337.html,-0.3252451637641611,-0.3669041914141667,1.3318776404734378,-0.2571966711914259,-0.21621367027132804,-0.2208167837038328,-0.44887348689285445,0.6084795203223168,0.4742363095159518,0.22087715859417353,-0.0107062330639235,-0.07600024013577078,-0.3134433575897307,0
sample_03627.html,-0.04533434856837743,0.1661740579834656,0.13758548262824066,-0.14369650224252956,-0.5535273809586617,-0.25128004959028183,-0.10977361938621372,0.6679567516859493,-0.12285422581300123,-0.24500907967377628,-0.02613359816672435,-0.07064589686780937,-0.23337434147298072,0
sample_04457.html,1.5621381256461806,1.791625769261492,0.3764439141972801,2.5056632972763038,0.9115300827632914,2.1004840768435833,0.22932624812042704,0.6369702760452632,-0.4123341769244317,-0.11873119972965696,-0.02613359816672435,0.24265554029804082,0.5651737585713079,0
sample_07831.html,-0.3821943891206929,-0.2882533021587783,-0.5789898120788778,-0.37376441227407625,1.0298242566479083,-0.31829923454046966,-0.44887348689285445,-1.9925510562714843,-0.2285732750027962,-0.2694943572651209,-0.02613359816672435,-0.10204839657450197,0.2305492430794769,1
sample_05977.html,0.20072928551927885,0.4545606519198896,-0.021653471751118984,-0.07620991529994252,0.07545266829373651,-0.19644617099467354,-0.44887348689285445,0.6696685312930042,0.2053175651810104,-0.20721562083491488,-0.02613359816672435,-0.016668328247549727,-0.14210188336648583,0
sample_04624.html,-0.36715119751708075,-0.3669041914141667,-0.4197508576995181,-0.3788770324969995,-1.4638723293043527,-0.29392862183131047,-0.44887348689285445,0.5738575423504166,0.5209340694383173,-0.20425208089072222,-0.02613359816672435,-0.07542139221491008,-1.2812734642970638,1
sample_05631.html,0.2657373635206029,-0.22708038829347624,-0.1012729489407988,0.17635352371246651,0.10086277261075717,0.6565252738258993,-0.10977361938621372,0.32362654541650526,0.05813418045801565,-0.13893210871254322,-0.02613359816672435,-0.0401116690424078,0.32369561679845815,0
sample_03304.html,-0.3821943891206929,-0.2882533021587783,-0.5789898120788778,-0.37376441227407625,1.040445547575992,-0.31829923454046966,-0.44887348689285445,-1.9925510562714843,-0.7519354776747622,-0.2694943572651209,-0.02613359816672435,-0.10204839657450197,0.24937284411477675,1
sample_02630.html,0.37426324580380504,0.419604701139717,0.13758548262824066,0.17839857180163582,0.14571634506179437,-0.0014812693213997515,0.5684261156270678,0.4398770210573713,0.15716871815285832,-0.18230856602304849,-0.02613359816672435,0.02515343403463536,-0.12455156608031911,0
sample_06187.html,0.27540798669435357,0.6992523073810979,1.0930192089043984,0.08432635969984785,0.08489458154205858,-0.18426086464009395,-0.10977361938621372,0.6787104958562611,0.3383548855812449,-0.05830606318963887,-0.02613359816672435,-0.044742452409293344,-0.23038656659257625,0
sample_03311.html,0.30119631515768874,0.5157335657851917,-0.26051190332015844,0.9575618937751407,0.6960261382989147,0.37626322767056825,2.6030253206669123,0.5577578266875963,-0.442507714650374,-0.24319987738574855,-0.02613359816672435,0.024574586113774666,0.13806664260122262,0
sample_00402.html,-0.4343083028903494,-0.4805110314497277,-0.5789898120788778,-0.4709041965096182,-0.6897912172325612,-0.30611392818589006,-0.44887348689285445,-1.9925510562714843,-0.6835608102918905,-0.2694943572651209,0.031719020968778835,-0.10320609241622336,-0.5340285873353404,0
sample_05524.html,-0.4047591765261112,-0.46303305605964135,-0.5789898120788778,-0.389102272942846,0.2654980174705213,-0.17207555828551432,-0.44887348689285445,-1.9925510562714843,-1.0475102438984463,-0.26937226385918034,-0.01584868809819045,-0.0975623251878316,1.147285667942557,0
sample_08915.html,0.5263069323688853,0.6730353442959685,0.3764439141972801,0.26940321176966986,0.04889236445309368,0.3457999617841192,0.5684261156270678,0.5402156481710699,0.23919900744138406,-0.04357715867299597,-0.02613359816672435,-0.058345378549519634,0.08114856960224556,0
sample_06420.html,-0.4520377787088923,-0.4805110314497277,-0.5789898120788778,-0.486242057178388,-1.0200836873138628,-0.3365771940723391,-0.44887348689285445,-1.9925510562714843,0.19333343166059386,-0.2694943572651209,-0.027419211925291086,-0.10364022835686888,0.25538278721721513,1
sample_08834.html,-0.4520377787088923,-0.4805110314497277,-0.5789898120788778,-0.48215196100004937,-2.160865237341142,-0.3365771940723391,-0.44887348689285445,-1.9925510562714843,6.932733605625355,-0.2694943572651209,-0.027419211925291086,-0.10364022835686888,-1.3228857310491293,0
sample_09181.html,-0.056079485428100415,-0.17464646212321733,-0.18089242613047862,-0.004633232179016876,0.2589545646292208,0.2483175109474823,-0.10977361938621372,0.6060823130068496,-0.31688487200154336,-0.2152293880248291,-0.017134301856757187,-0.0872877745925543,0.20607474300357848,0
sample_05783.html,-0.4520377787088923,-0.4805110314497277,-0.4993703348891979,-0.4913546774013112,-2.256016803315404,-0.3365771940723391,-0.44887348689285445,0.7398421890266682,1.2017991053354455,0.9683662879636662,-0.027419211925291086,-0.10364022835686888,-1.2137200000645185,0
sample_05517.html,-0.16836616561220558,-0.3232092529389509,-0.4197508576995181,-0.17334969953548446,0.04865514204667114,0.14474240693355558,-0.44887348689285445,0.45599572628823554,-0.28878453289793204,-0.2624573373227308,-0.018419915615323922,-0.08366997508717497,0.5207502207519462,0
sample_08156.html,0.802994206506752,1.6692799415308879,0.3764439141972801,1.62117999871058,0.703754861378284,0.8149342564354344,-0.10977361938621372,0.6166307536842797,-0.2138388559151231,-0.1008056678574804,-0.02613359816672435,0.0937469126566275,0.32509608290073555,0
sample_04117.html,-0.4106690017989588,-0.4805110314497277,-0.5789898120788778,0.005592008266829643,2.6963523949080788,-0.09287106698074685,-0.10977361938621372,-1.9925510562714843,-2.6170837024230207,-0.2694943572651209,-0.02613359816672435,-0.10219310855471715,3.3665695692046063,1
sample_04122.html,0.28937666461199346,0.9177269997571766,-0.4197508576995181,0.0873939318336018,0.31225111332174926,-0.22690943688112258,-0.10977361938621372,0.5302690342004495,0.43330765801779025,-0.21855920818684332,-0.017134301856757187,-0.005380793790766209,-0.4587756950970024,0
sample_00964.html,0.5134127681372176,1.3109814460341187,0.45606339138695995,0.671255161291438,0.49828909892461876,0.19348363235187405,0.22932624812042704,0.6661864249163817,0.07095354701724942,-0.04785042788091422,-0.02613359816672435,0.0022889411606379765,0.13599909169310337,0
sample_06746.html,-0.4224886523446541,-0.4368160929745119,-0.5789898120788778,-0.44431857135041725,0.4572772201348041,-0.3365771940723391,-0.10977361938621372,-1.9925510562714843,-0.25029871503619344,-0.2694943572651209,0.012434814590277775,-0.09900944498998333,0.12857606203550778,1
sample_03686.html,-0.4498887513369477,-0.4805110314497277,-0.5789898120788778,-0.41364285001287765,-0.530381339255336,-0.32439188771775945,-0.10977361938621372,-1.9925510562714843,-1.0973899220795036,-0.2694943572651209,-0.0107062330639235,-0.10364022835686888,0.4990609033898185,1
sample_03831.html,0.3790985573906804,1.1187237167431694,0.13758548262824066,0.2918987407505322,0.10536329426079538,-0.23909474323570218,-0.44887348689285445,0.538191157557287,-0.39641996850871,-0.18187568940198665,-0.02613359816672435,-0.08120987142351702,0.3649762967962924,0
sample_07123.html,-0.008800883245319292,0.13995709489833613,0.21720495981792048,0.09250655205652507,0.6090620610457909,-0.08068576062616724,1.2466258506403491,0.3180634254386066,0.258003106926921,-0.2003894895027857,-0.02613359816672435,-0.066159825481139,0.32656809966975375,0
sample_05699.html,-0.39025324176548515,-0.4105991298893824,-0.34013138050983827,-0.27764715208311896,1.5382548204264068,-0.13551963922177548,-0.10977361938621372,0.2367508743490072,0.02257301469975742,-0.24568614310671918,-0.017134301856757187,-0.10132483667342611,1.0186642833036723,0
sample_03974.html,-0.4450534397500724,-0.4717720437546845,-0.18089242613047862,-0.4238680904587242,-0.19311001501773692,-0.3304845408950493,-0.10977361938621372,0.7829336765133541,1.681960826351791,-0.23484202877909285,0.009863587073144301,-0.1034955163766537,-0.20996990717200062,0
sample_06164.html,1.228501626151782,1.5644120891903701,1.0930192089043984,0.32870960635557966,-0.7023904274162165,-0.275650662299441,-0.10977361938621372,0.6861680805140266,0.005639194789675307,-0.024586084348974854,-0.02613359816672435,-0.0010394343843110093,-0.5584013936793553,0
sample_03823.html,0.11208190642656425,0.008872279472688862,0.854160777335359,-0.02815128520446387,0.36136836049288196,-0.1294269860444857,-0.10977361938621372,0.20372115255200607,-0.08175669527863236,-0.07271308509062041,-0.02613359816672435,-0.03403376587337052,0.9250664806787331,0
sample_02751.html,-0.35103349222749625,-0.42807710527946874,-0.26051190332015844,-0.37376441227407625,-0.5831255983822137,-0.09287106698074685,-0.44887348689285445,0.36844539511352425,0.011184634155208116,-0.2562971700230045,-0.02613359816672435,-0.10161426063385645,-0.1446783592520521,0
sample_02770.html,-0.1366680118760228,0.20986899645868135,-0.34013138050983827,-0.2633318154589338,0.8091406080858191,-0.31220658136317986,-0.44887348689285445,0.464543788748094,-0.06292851620010366,-0.2577067938915905,-0.02613359816672435,-0.07050118488759419,-0.053381990080906695,0
sample_02856.html,4.849612747878427,8.407039454409158,-0.021653471751118984,3.158033637721312,0.5336403003579812,-0.32439188771775945,-0.44887348689285445,0.6412271151396073,-0.16622649377255141,-0.17397291621747288,-0.0209911431324574,2.255309761130671,0.6029104250506495,0
sample_09130.html,-0.055004971742128116,0.07878418103303408,0.2968244370076003,0.021952392980184074,-0.33608116328002474,-0.3304845408950493,-0.44887348689285445,0.8241682642990802,0.8960457321515767,-0.1515410277260371,-0.017134301856757187,-0.07310600053146732,-0.5660843811984935,1
sample_09375.html,-0.4450534397500724,-0.46303305605964135,-0.5789898120788778,-0.4637465281975256,-1.557239237400944,-0.3304845408950493,-0.10977361938621372,-1.9925510562714843,-0.8872438814586383,-0.2694943572651209,-0.01584868809819045,-0.10306138043600818,-1.027436013932688,1
sample_04327.html,-0.44075538500618316,-0.4717720437546845,-0.4993703348891979,-0.47703934077712606,-1.2870452420174474,-0.31220658136317986,-0.44887348689285445,0.17530077781688883,0.4166286630850648,-0.2687062998267775,-0.0107062330639235,-0.10291666845579302,-0.48680723331167,1
sample_02294.html,-0.4214141386586818,-0.4805110314497277,-0.5789898120788778,-0.4565888598854331,-0.2176315057962528,-0.2817433154767308,-0.10977361938621372,-1.9925510562714843,-0.6603472534716854,-0.26943886026242064,-0.0017069367539563366,-0.10320609241622336,-0.6114483252846218,1
sample_07580.html,0.4768793028141595,0.5419505288703211,0.3764439141972801,0.22338962976336052,0.11071563275429798,0.21785424506103326,0.9075259831337085,0.7051958869674294,0.19019491898627247,-0.17874565844969328,-0.02613359816672435,-0.027232302803257377,-0.3662308789150881,0
sample_05299.html,-0.10980516972671532,-0.270775326768692,0.7745413001456792,0.4350521069923835,0.7589770411985075,0.4371897594434663,-0.44887348689285445,0.4883819415318573,-0.11409901352538196,0.21235281897941713,-0.02613359816672435,-0.09206326993965501,0.9596665865253292,0
sample_02666.html,0.5010558607485363,-0.0348226590025269,-0.021653471751118984,0.5137864584254017,0.8551362649236525,1.302346510618619,-0.10977361938621372,0.6350312431002161,-0.5507390525917858,-0.20044498650548595,-0.02613359816672435,0.0022889411606379765,1.121261590070592,0
sample_07685.html,0.705750717926259,1.0400728274877808,2.287311366749596,0.2939437888397015,0.21760147461623963,-0.14161229239906528,1.2466258506403491,0.6137387334109314,0.8162737177881827,0.1458785091450732,-0.02613359816672435,0.20474100148166544,-0.6269565150956402,0
sample_07023.html,-0.45042600817993383,-0.4805110314497277,-0.4993703348891979,-0.48419700908921864,-1.091387524772613,-0.3304845408950493,-0.44887348689285445,0.19867672293162741,-0.33425918288558676,-0.2687173992273175,0.0008642907631771383,-0.10364022835686888,-0.887651317215179,1
sample_08635.html,-0.3800453617487483,-0.4105991298893824,-0.5789898120788778,-0.42898071068164745,0.2522202062221279,-0.32439188771775945,0.22932624812042704,-1.9925510562714843,0.6769645196284825,-0.2694943572651209,-0.02613359816672435,-0.05935836241102585,-0.6913509287355044,1
sample_09121.html,-0.3118137426895074,-0.2969922898538215,0.854160777335359,-0.18152989189216168,-0.5687187778070293,-0.17816821146280412,-0.10977361938621372,0.372390607875401,-0.4297130946304037,-0.0333768095766924,-0.02613359816672435,-0.061673754094468625,0.9059649558892577,0
sample_07962.html,-0.16944067929817788,-0.44555508066955507,0.6153023457663196,-0.271512007815611,0.19941387841067673,0.19348363235187405,-0.44887348689285445,0.22346044462917486,-1.1329338682635655,0.39236289693790594,-0.02613359816672435,-0.0764343760764163,1.2344820196349635,0
sample_08068.html,-0.4482769808079893,-0.4717720437546845,-0.4993703348891979,-0.486242057178388,-0.3926099528020803,-0.3365771940723391,-0.44887348689285445,0.42995074060213345,0.5318641059645007,-0.26656411552254833,0.02529095217594515,-0.10335080439643853,-0.49235405272898297,1
sample_00035.html,-0.3494217216985378,-0.3669041914141667,0.854160777335359,-0.3768319844078302,0.5666654552780864,-0.17816821146280412,0.22932624812042704,0.6066728623058465,0.7241541356880461,0.05844853109111979,-0.02613359816672435,-0.030850102308636707,-1.0627693315861666,0
sample_07055.html,-0.436457330262294,-0.4805110314497277,-0.5789898120788778,-0.41466537405746234,0.42914483866489467,-0.23300209005841238,-0.10977361938621372,-1.9925510562714843,-1.089610874500559,-0.26943886026242064,-0.02613359816672435,-0.10320609241622336,0.25224883411605653,1
sample_07751.html,0.10026225588086898,-0.4193381175844256,-0.4993703348891979,-0.43716090303832467,-0.8709529564064272,-0.30002127500860026,-0.44887348689285445,0.11824641306385805,2.517370057436657,-0.2177156537457997,-0.02613359816672435,0.9786606716724122,-1.0712493763230888,1
sample_03743.html,-0.28495090054019995,-0.38438216680425297,-0.18089242613047862,-0.3911473210320153,0.9467137187333441,-0.2817433154767308,0.22932624812042704,0.22367667837584237,0.4871378031695344,-0.25502073896089905,-0.006849391788223287,-0.0813545834037322,0.05758308111280886,1
sample_04429.html,-0.17964855931491472,-0.3756431791092098,0.3764439141972801,0.442209775304476,0.6639203859886748,0.5529501698119726,1.2466258506403491,0.5137305148763885,-0.3452972466821781,-0.13903200331740365,-0.02613359816672435,-0.07122474478867005,1.0235729875910724,0
sample_06599.html,-0.4520377787088923,-0.4805110314497277,-0.5789898120788778,-0.486242057178388,-1.0200836873138628,-0.3365771940723391,-0.44887348689285445,-1.9925510562714843,0.19333343166059386,-0.2694943572651209,-0.027419211925291086,-0.10364022835686888,0.25538278721721513,1
sample_03090.html,-0.33115498903700874,-0.34942621602408036,-0.4993703348891979,-0.4003500374332772,0.4618700726624893,-0.2817433154767308,-0.10977361938621372,0.3316516123233787,0.10189476822759043,-0.26031515301850167,-0.004278164271089811,-0.09582578142524951,-0.3917082617145721,1
sample_00805.html,0.522008877624996,-0.04356164669757005,0.21720495981792048,0.43607463103696814,0.5512931514392246,1.235327325668431,0.9075259831337085,0.5772184798333482,-0.18259677498420065,-0.19412942759819898,-0.02613359816672435,-0.026798166862611855,0.4149679445283734,0
sample_07638.html,-0.436457330262294,-0.4805110314497277,-0.4993703348891979,-0.44329604730583255,0.08141459285252393,-0.2878359686540206,-0.10977361938621372,0.5906234213435639,1.1297867095563305,-0.25769569449105045,-0.02613359816672435,-0.10320609241622336,-0.05422111982084336,1
sample_07372.html,-0.44720246712201694,-0.4717720437546845,-0.4993703348891979,-0.4688591484204489,-0.3020765113450368,-0.3304845408950493,-0.44887348689285445,0.2641027143297212,-0.190191392605962,-0.2634562833713351,-0.0107062330639235,-0.10320609241622336,-0.014161155735352524,1
sample_00192.html,0.3425650920676222,1.1798966306084713,0.5356828685766397,0.32461951017724106,0.9445040517606711,-0.2573727027675716,-0.44887348689285445,0.44650346022525594,-0.49938725918427207,-0.17843487523457194,-0.014563074339623712,-0.05516171498478582,0.16523315828729684,0
sample_09959.html,-0.328468704822078,-0.31447026524390775,-0.4993703348891979,-0.14983164651003747,-0.3887569766782409,-0.2634653559448614,-0.44887348689285445,0.4865958845578588,-0.42905268391735063,-0.2601153638087808,-0.02613359816672435,-0.08873489439470603,-0.33563579817152467,0
sample_04678.html,0.8239472233832118,1.6605409538358447,-0.1012729489407988,0.4708404485528463,0.3957327612882186,-0.2817433154767308,0.9075259831337085,0.28539762108114775,0.26201806167937497,1.3384203019688468,-0.02613359816672435,-0.07455312033361905,-0.9844262667020119,1
sample_06159.html,-0.3096647153175628,-0.3406872283290372,-0.4993703348891979,-0.37376441227407625,0.06381297614258408,-0.2695580091221512,-0.10977361938621372,0.3316516123233787,-2.6903442224846508,-0.26031515301850167,-0.02613359816672435,-0.0910502860781488,3.5660843661725488,1
sample_09839.html,-0.353719776442427,-0.4193381175844256,-0.4197508576995181,-0.1958452285163468,-0.06169227198906801,-0.1294269860444857,0.5684261156270678,0.2082058494693274,-0.7791158764129131,-0.2650323982480218,-0.02613359816672435,-0.10277195647557784,1.2955681406117783,0
sample_02421.html,-0.3590923448722885,-0.4717720437546845,-0.4993703348891979,0.3389348468014262,0.8584809427907236,0.2787807768339313,0.9075259831337085,0.10584691167054394,-1.385984155666975,-0.268118031598155,-0.02613359816672435,-0.09828588508890747,1.69345305425639,1
sample_04238.html,-0.23391150045651576,-0.3581652037191235,-0.4197508576995181,-0.3512688832932139,0.8240346699545295,-0.31829923454046966,0.22932624812042704,0.7511228751386809,0.9441234013345918,-0.20004540808604424,-0.02613359816672435,0.028915945520229865,0.45145423442357163,1
sample_02634.html,0.471506734384298,0.42834368883476015,2.207691889559916,0.9463141292847095,1.0695931023824565,-0.3304845408950493,-0.10977361938621372,0.6703291042296707,1.269126551193369,5.5477458633758845,-0.006849391788223287,0.27897824733204934,-1.1855190896356325,0
sample_02504.html,1.4562985275779092,0.2885198857140697,-0.1012729489407988,1.1825171835837642,1.224441340828415,2.301541631694147,-0.10977361938621372,0.6255281875871819,-0.5568374831193462,-0.07861796617792563,-0.02613359816672435,-0.07079060884802454,0.15811429718929754,0
sample_04079.html,0.1550624538654562,0.3846487503595444,0.3764439141972801,-0.2214083296309631,-0.13261237248525515,-0.30611392818589006,-0.10977361938621372,0.6144192077411847,0.180895316310938,-0.17032121343979728,-0.01584868809819045,-0.0292582705262698,-0.05874787288141418,0
sample_06798.html,-0.3714492522609699,-0.3669041914141667,-0.26051190332015844,-0.40955275383453904,0.31170029538165717,-0.31829923454046966,-0.10977361938621372,0.3676774656436726,0.05820507246903778,-0.2518241116053654,-0.02613359816672435,-0.09235269390008537,0.015015792879433072,1
sample_04596.html,-0.4482769808079893,-0.4805110314497277,-0.5789898120788778,-0.42080051832497023,0.2873960661954012,-0.2878359686540206,-0.44887348689285445,-1.9925510562714843,-1.3162406312759547,-0.2694943572651209,-0.02613359816672435,-0.10364022835686888,0.5486958277631718,1
sample_09655.html,-0.42302590918764027,-0.46303305605964135,-0.4993703348891979,-0.4453410953950019,1.6879067974730986,-0.31220658136317986,-0.10977361938621372,0.46668509353603027,-1.909482840266879,-0.26483260903830097,0.08700041258714855,-0.0851170948893267,2.898329111808996,1
sample_04148.html,-0.205974144621236,-0.4105991298893824,0.6153023457663196,-0.24594890670099476,0.6294051587137498,-0.06240780109429781,0.22932624812042704,0.3950757062801939,-0.34933688874700397,-0.1696219512057743,-0.02613359816672435,-0.05501700300457065,0.565234031663936,0
sample_03240.html,0.3216120751911624,-0.2969922898538215,-0.4993703348891979,0.4851557851770314,1.051017081814403,1.9481677474113384,-0.10977361938621372,0.5524762306610146,-1.8157623167315209,-0.26395575639563723,-0.02613359816672435,-0.0969834772669709,1.9045224103798928,0
sample_08245.html,-0.4450534397500724,-0.4805110314497277,-0.4197508576995181,-0.4064851817007851,0.07446126504079426,-0.30002127500860026,-0.10977361938621372,0.478561713475935,-0.37515758231889185,-0.25880563454505523,-0.0107062330639235,-0.10364022835686888,-0.7189194606039682,1
sample_02458.html,-0.27098222262256005,-0.15716848673313102,-0.1012729489407988,-0.41773294619121626,-1.4629597216075612,-0.32439188771775945,-0.44887348689285445,0.6015281119690742,0.5296227776548623,1.864631782171954,-0.008135005546790024,-0.035625597655737425,-1.1672171774448967,0
sample_08328.html,-0.3075156879456182,-0.4717720437546845,-0.5789898120788778,-0.42693566259247817,-0.669902639899718,-0.20863147734925316,-0.10977361938621372,-1.9925510562714843,0.3749620934768371,-0.2692390710526998,-0.0017069367539563366,-0.07079060884802454,-1.0214213642357357,0
sample_04754.html,-0.44720246712201694,-0.4805110314497277,-0.5789898120788778,-0.43307080685998606,0.4751530376283746,-0.2817433154767308,-0.10977361938621372,-1.9925510562714843,-0.6815892321356279,-0.2694610590635007,-0.02613359816672435,-0.10364022835686888,-0.3423017440705612,1
sample_09279.html,-0.3118137426895074,-0.3057312775488646,0.6153023457663196,-0.31445801768816645,0.6891855079358362,-0.2695580091221512,0.22932624812042704,0.6496412081900146,0.511256429255903,-0.11413604790607733,-0.02613359816672435,-0.0612396181538231,-0.7318768326402343,1
sample_00347.html,-0.45096326502292,-0.4805110314497277,-0.5789898120788778,-0.20198037278385472,-0.44910118862006365,-0.3304845408950493,-0.10977361938621372,-1.9925510562714843,-1.892757918744376,-0.2694943572651209,-0.01584868809819045,-0.1034955163766537,1.178423389046984,1
sample_08791.html,-0.43592007341930783,-0.4805110314497277,-0.4993703348891979,0.031155109381445945,1.977399908452267,-0.275650662299441,-0.10977361938621372,0.2773733654950843,-2.294547393691357,-0.2684510136143564,-0.014563074339623712,-0.10306138043600818,2.776183779581342,1
sample_04859.html,-0.40153563546819426,-0.4805110314497277,-0.4993703348891979,-0.40955275383453904,-1.1230232592588287,-0.20863147734925316,-0.10977361938621372,0.5865529830839468,0.3440723018067845,-0.265787157484745,-0.017134301856757187,-0.10161426063385645,-0.6159172563322561,1
sample_09514.html,-0.44720246712201694,-0.4717720437546845,-0.4993703348891979,-0.44431857135041725,0.4867695471349227,-0.3304845408950493,-0.10977361938621372,0.42913743591606196,-0.09608563163389136,-0.2648992054415412,0.0021499045217438758,-0.10364022835686888,-0.2621789606524921,1
sample_06913.html,-0.44720246712201694,-0.4717720437546845,-0.4993703348891979,-0.4688591484204489,-0.3020765113450368,-0.3304845408950493,-0.44887348689285445,0.2641027143297212,-0.19301960530861462,-0.2634562833713351,-0.0107062330639235,-0.10320609241622336,-0.014161155735352524,1
sample_08271.html,-0.436457330262294,-0.4805110314497277,-0.5789898120788778,-0.41466537405746234,0.42914483866489467,-0.23300209005841238,-0.10977361938621372,-1.9925510562714843,-1.089610874500559,-0.26943886026242064,-0.02613359816672435,-0.10320609241622336,0.25224883411605653,1
sample_03556.html,-0.4520377787088923,-0.4805110314497277,-0.4993703348891979,-0.49237720144589586,-2.256016803315404,-0.3365771940723391,-0.44887348689285445,-0.22337093839729882,-3.8777894628358465,0.008279240650105513,-0.027419211925291086,-0.10364022835686888,-1.5499972342643304,1
sample_03439.html,0.792249069647029,1.0138558644026514,1.2522581632837582,0.44527734743823,0.6512214444070727,0.09600118151523715,-0.44887348689285445,0.5912056462288634,0.6493087942053242,4.202598412526999,-0.02613359816672435,0.06465980463337767,-1.131633888775853,0
sample_06113.html,-0.3918650122944436,-0.46303305605964135,-0.4993703348891979,-0.4310257587708167,-1.9241772247907563,-0.25128004959028183,-0.10977361938621372,0.5803613793397328,0.30284670728795954,-0.21534038203022957,-0.006849391788223287,-0.09915415697019851,-1.0040513707964513,1
sample_08580.html,-0.03566372539462675,0.017611267167732012,-0.4993703348891979,-0.1723271754908998,1.3893025619684183,-0.20253882417196337,-0.10977361938621372,0.23156574441529346,2.3552971615795038,-0.26836221841003605,-0.02613359816672435,0.37897422566073413,-0.6633368349071523,1
sample_00790.html,0.16903113178309606,0.1836520333735519,0.9337802545250389,0.8379265805587364,1.4638109034457538,0.23613220459290268,-0.10977361938621372,0.5433853071838127,-0.27260160178660214,-0.026173298626201633,-0.02613359816672435,-0.004512521909475168,0.8574545947009861,0
sample_05833.html,-0.4144297996998619,-0.46303305605964135,-0.4993703348891979,-0.45147623966250977,-0.3841399240858122,-0.2817433154767308,-0.10977361938621372,0.579492633912777,0.48519153549552496,-0.21529598442806938,-0.004278164271089811,-0.10045656479213506,-0.7979444992993253,1
sample_01310.html,-0.44344166922111394,-0.4805110314497277,-0.5789898120788778,-0.4453410953950019,0.7087154325574094,-0.31220658136317986,-0.10977361938621372,-1.9925510562714843,-0.9988947559373071,-0.2694832578645808,-0.002992550512523074,-0.10118012469321093,0.37810580503025887,1
sample_09796.html,-0.15708377190949643,0.1661740579834656,-0.26051190332015844,-0.2970751089302273,0.9360026101976004,-0.29392862183131047,-0.10977361938621372,0.39178325184789975,-0.18952069701488194,-0.010367752257174128,0.0034355182803106135,-0.02303565537701735,0.20126606362784655,1
sample_00283.html,-0.43592007341930783,-0.4805110314497277,-0.4993703348891979,0.031155109381445945,1.977399908452267,-0.275650662299441,-0.10977361938621372,0.2773733654950843,-2.294547393691357,-0.2684510136143564,-0.014563074339623712,-0.10306138043600818,2.776183779581342,1
sample_06186.html,-0.4396808713202109,-0.4717720437546845,-0.34013138050983827,-0.4617014801083563,-1.6771275451299916,-0.2878359686540206,-0.10977361938621372,0.41172914281227757,0.3068192272620038,-0.2664198233155277,-0.02613359816672435,-0.10277195647557784,-0.41488414587197225,1
sample_08300.html,-0.440218128163197,-0.4805110314497277,-0.5789898120788778,-0.48419700908921864,-2.256016803315404,-0.30611392818589006,-0.44887348689285445,-1.9925510562714843,-0.21730457655037147,-0.26943886026242064,-0.011991846822490236,-0.09553635746481917,-1.2020031351053397,1
sample_06150.html,0.3672789068449851,0.5506895165653642,-0.4993703348891979,0.6058136224380204,1.3826473200893048,0.022889343387759473,0.9075259831337085,0.18305499418080431,-0.9038709781861279,-0.2664531215171479,-0.018419915615323922,0.0022889411606379765,1.1350807643339413,0
sample_02630.html,-0.43538281657632166,-0.46303305605964135,-0.4197508576995181,-0.4749942926879568,-0.9381150702721435,-0.3365771940723391,-0.44887348689285445,0.5803923037233554,0.4534963456882064,-0.21183297145957458,0.0780011162771814,-0.10089070073278059,-0.75193097998196,1
sample_04993.html,0.9292495646084971,1.4945001876300248,-0.021653471751118984,0.7714625176607339,0.09862580486434484,0.29705873636580077,-0.44887348689285445,0.7008246297900137,0.3090302468549788,-0.200922260728708,-0.02613359816672435,-0.08048631152244115,-0.3864393790890922,0
sample_02537.html,-0.4520377787088923,-0.4805110314497277,-0.5789898120788778,-0.48828710526755725,-0.4857802989613899,-0.3365771940723391,-0.44887348689285445,-1.9925510562714843,-2.374105694263592,-0.2694943572651209,-0.027419211925291086,-0.10364022835686888,-0.06926926283400898,0
sample_05357.html,-0.4477397239650031,-0.4805110314497277,-0.5789898120788778,-0.4647690522421103,-0.40840153669158796,-0.30002127500860026,-0.10977361938621372,-1.9925510562714843,-0.09227450750738725,-0.2694943572651209,-0.02613359816672435,-0.1034955163766537,-0.3955148667015103,1
sample_06875.html,-0.44129264184916933,-0.4717720437546845,-0.5789898120788778,-0.42489061450330884,0.2621742996695351,-0.30002127500860026,-0.10977361938621372,-1.9925510562714843,-0.5922711642866296,-0.26943886026242064,-0.008135005546790024,-0.10146954865364127,0.04913617810235424,1
sample_07350.html,2.0510418527635763,2.9626501203972744,1.5707360720424772,1.0362962452081588,1.2686895846329647,-0.275650662299441,0.9075259831337085,0.32391815819793107,-0.4644149889581728,0.12501163612978408,-0.02613359816672435,0.02616641789614157,0.8757218527969339,0
sample_07219.html,-0.4031474059971527,-0.4368160929745119,-0.4993703348891979,-0.36967431609573764,-0.3265947863491835,-0.17816821146280412,-0.44887348689285445,0.488006622874325,-1.3816131391583353,-0.2637115695837562,-0.01584868809819045,-0.1034955163766537,1.472963885974436,0
sample_04535.html,-0.4310847618324325,-0.46303305605964135,-0.5789898120788778,-0.4688591484204489,-1.3827273865383147,-0.29392862183131047,-0.44887348689285445,-1.9925510562714843,0.1522900370778311,-0.26947215846404077,-0.014563074339623712,-0.10277195647557784,-0.7489043659185707,1
sample_06506.html,0.5537070313611788,0.11374013181320669,-0.18089242613047862,1.0679944905902832,0.9814605059871297,1.7105542734970358,-0.10977361938621372,0.6072970277673837,-0.37747797852531023,-0.20970188655588548,-0.0209911431324574,0.018496682944737386,0.9173536629982423,0
sample_03366.html,-0.12968367291720284,-0.11347354825791527,0.6153023457663196,-0.25208405096850267,0.8744166854242634,-0.17816821146280412,-0.10977361938621372,0.8093334482742617,1.6456675750444871,0.4390802738109655,-0.02613359816672435,-0.06601511350092382,-1.2214264292926216,0
sample_03042.html,1.9940926274070445,3.0150840465675333,2.605789275508315,1.2172830010996423,0.8542124353249663,0.29705873636580077,0.5684261156270678,0.5542161525641748,0.23681410542762665,3.126900009188305,-0.02613359816672435,0.11747967741191592,0.2834610654355753,0
sample_04814.html,-0.4520377787088923,-0.4805110314497277,-0.5789898120788778,-0.486242057178388,-1.0200836873138628,-0.3365771940723391,-0.44887348689285445,-1.9925510562714843,0.19333343166059386,-0.2694943572651209,-0.027419211925291086,-0.10364022835686888,0.25538278721721513,1
sample_07435.html,-0.44720246712201694,-0.4805110314497277,-0.4197508576995181,-0.4678366243758642,-0.3126503347787615,-0.31829923454046966,-0.10977361938621372,0.35014682720674684,-0.05222505600031599,-0.25389969950635427,0.013720428348844514,-0.1019036845942868,0.030415144322019885,1
sample_06175.html,-0.22585264781172354,-0.2532973513786057,0.854160777335359,0.13954265810741906,1.66728990477835,-0.20253882417196337,0.22932624812042704,0.5490101938743684,-0.021894443414649644,-0.09651019984848204,-0.011991846822490236,-0.0168130402277649,0.8840032688152346,1
sample_05659.html,-0.42947299130347405,-0.4805110314497277,-0.5789898120788778,0.41051152992235185,0.47430018519655376,-0.2634653559448614,-0.44887348689285445,-1.9925510562714843,-2.287357148941614,-0.2694943572651209,-0.009420619305356762,-0.10291666845579302,2.2955073521655556,0
sample_00753.html,-0.18878192564567925,-0.3319482406339941,-0.34013138050983827,-0.21834075749720913,0.05301791833319831,-0.013666575675979363,0.22932624812042704,0.4228712887344048,-0.4369408197005413,-0.23566338441905638,-0.02613359816672435,-0.08526180686954186,-0.010544665876405315,0
sample_09521.html,-0.32470790692117496,-0.44555508066955507,-0.4197508576995181,-0.23061104603222496,-0.16959115545012968,-0.0502224947397182,-0.44887348689285445,0.6180360380410458,-0.7152074572259887,-0.25921631236503695,-0.02613359816672435,-0.09799646112847712,0.9850895110276238,0
sample_02195.html,-0.267221424721657,-0.22708038829347624,-0.4993703348891979,-0.3706968401403223,-0.06414078439552855,-0.3365771940723391,-0.44887348689285445,0.5809410008125943,-1.2836353044408413,-0.2152515868259092,0.007292359556010826,-0.08005217558179563,2.0278459427173683,1
sample_02728.html,-0.4520377787088923,-0.4805110314497277,-0.4993703348891979,-0.49237720144589586,-2.256016803315404,-0.3365771940723391,-0.44887348689285445,0.3846034797493076,-0.23466497426567157,-0.2668526999365896,-0.027419211925291086,-0.10364022835686888,-1.3353013101722975,1
sample_08539.html,-0.3273941911361057,-0.3406872283290372,-0.4993703348891979,-0.3931923691211846,0.4911933928541008,-0.2817433154767308,-0.10977361938621372,0.343253371727165,0.01303226845841934,-0.25871683934073486,-0.004278164271089811,-0.09582578142524951,-0.2023741806974135,1
sample_09866.html,0.4666714227974227,0.2623029226289403,2.128072412370236,1.480071680557898,0.48798993047994405,0.6808958865350585,0.9075259831337085,0.4949940391114189,0.0983951492111907,0.018324198138848415,-0.02613359816672435,0.05395111809745484,0.18318081123665494,0
sample_04479.html,0.05083462632614326,0.017611267167732012,3.561223001784473,0.2448626346996382,0.37521049472250306,0.37626322767056825,-0.10977361938621372,0.3196588885398679,0.08493336403773906,2.031744356702908,-0.02613359816672435,-0.04401889250821748,0.9186224748307038,0
sample_02471.html,-0.2811901026392969,-0.24455836368356254,-0.4197508576995181,-0.3492238352040446,-0.8339193538754722,-0.3304845408950493,-0.10977361938621372,0.7150194986826727,0.3207271196635389,-0.23697311368278196,-0.017134301856757187,-0.0959704934054647,0.21965033470375037,0
sample_01258.html,-0.23498601414248807,-0.2183414005984331,-0.18089242613047862,-0.14778659842086816,0.8665231281701725,-0.32439188771775945,-0.44887348689285445,0.1846085608890676,-1.0838009716252603,-0.2457860377115796,0.00472113203887735,-0.09452337360331296,1.2793941176100796,1
sample_09421.html,-0.4337710460473632,-0.4805110314497277,-0.18089242613047862,-0.4678366243758642,0.032346375642393004,-0.29392862183131047,-0.44887348689285445,0.07838010835644696,-0.4601954181797232,-0.2113445978358125,-0.004278164271089811,-0.10364022835686888,-0.7605958204824363,1
sample_07770.html,44.465320579148106,-0.38438216680425297,1.4911165948527976,-0.13551630988585234,-1.2758432585448223,0.035074649742339085,0.5684261156270678,0.6009031167365828,0.928972220654778,-0.01065633667121536,-0.02613359816672435,87.3394420885429,-1.0281365924817618,1
sample_05116.html,-0.43538281657632166,-0.46303305605964135,-0.5789898120788778,-0.46272400415294096,-0.4515544550432468,-0.32439188771775945,-0.10977361938621372,-1.9925510562714843,0.18405362364158787,-0.2694832578645808,-0.018419915615323922,-0.1024825325151475,-0.39383654203334717,1
sample_04071.html,-0.3236333932352027,-0.3406872283290372,0.5356828685766397,-0.342066166891952,-0.46661340559132924,-0.32439188771775945,-0.10977361938621372,0.829970592337285,1.4075456361639105,0.024284576228853872,-0.02613359816672435,-0.043440044587356785,-0.5911228512436353,1
sample_09384.html,-0.08885215285025551,0.07004519333799093,1.3318776404734378,-0.2152731853634552,-0.13732898690560721,-0.32439188771775945,-0.10977361938621372,0.6918108463652703,0.554187881781142,-0.0894065835028517,-0.02613359816672435,0.08057812245704674,-0.7151390221965033,0
sample_09044.html,-0.3456609237976348,-0.4805110314497277,1.2522581632837582,-0.1958452285163468,-0.23994730238549689,0.016796690210469666,-0.10977361938621372,0.08917376844244689,-1.2789076776835202,0.23354157461036762,-0.02613359816672435,-0.09466808558352813,2.7261289252835983,1
sample_01701.html,1.088277590132397,2.193619203233477,3.879700910543192,0.4728854966420156,1.2137180838117214,-0.11724167968990606,-0.10977361938621372,0.6242954849072156,0.3282288540728946,0.04429679540255935,-0.02613359816672435,0.09447047255770337,-0.18265854310628152,0
sample_09331.html,0.273258959322409,0.9439439628423061,-0.1012729489407988,0.11806965317114136,1.4974099923337605,-0.31220658136317986,0.22932624812042704,0.6522905755669423,-0.4860501337367034,-0.23862692436324903,-0.02613359816672435,-0.09032672617707294,0.6041668119951004,0
sample_03826.html,-0.4332337892043771,-0.4717720437546845,-0.4197508576995181,-0.43511585494915533,-0.045069788929675204,-0.23909474323570218,-0.10977361938621372,0.40139478109889704,0.18391548078567613,-0.2675630615711526,-0.02613359816672435,-0.10161426063385645,-0.1711662648426709,1
sample_04855.html,0.27809427090928435,0.07878418103303408,-0.1012729489407988,0.38494842880773555,-0.1582149811711448,0.9794358922222591,-0.10977361938621372,0.45356105207094366,-0.6921714265677809,-0.18105433376202312,-0.02613359816672435,-0.054293443103494786,0.4855802519147203,0
sample_05722.html,0.3183885341332455,-0.39312115449929613,-0.4197508576995181,0.5485522759412799,0.9883415788007481,1.4120142678098353,-0.10977361938621372,0.3073518602398156,-0.7425810102995782,-0.2125100348925175,-0.02613359816672435,-0.04358475656757196,0.4234045477890601,0
sample_01152.html,-0.4203396249727095,-0.4805110314497277,-0.5789898120788778,-0.43613837899374003,-0.8076712708400964,-0.23300209005841238,-0.10977361938621372,-1.9925510562714843,-0.2759212843641334,-0.2694943572651209,-0.002992550512523074,-0.10364022835686888,0.7120015024059313,1
sample_02069.html,-0.3972375807243051,-0.4805110314497277,-0.4197508576995181,-0.3676292680065683,-0.13700822098238413,-0.18426086464009395,0.22932624812042704,0.27092470706039357,-0.23208061411542033,-0.2530783438663908,-0.02613359816672435,-0.10306138043600818,0.7443150638040938,1
sample_03998.html,-0.3821943891206929,-0.2882533021587783,-0.5789898120788778,-0.37376441227407625,1.0481535649443108,-0.31829923454046966,-0.44887348689285445,-1.9925510562714843,-0.7791073116897512,-0.2694943572651209,-0.02613359816672435,-0.10204839657450197,0.2501757422033154,1
sample_07472.html,-0.16782890876921944,-0.07851759747774266,-0.18089242613047862,-0.27560210399394963,0.5970365001946406,-0.12333433286719588,-0.44887348689285445,0.4738007081717145,-0.06549766276513388,-0.25256777144154857,-0.02613359816672435,-0.08352526310695979,-0.11315424107944048,0
sample_04695.html,-0.3623158859302054,-0.3756431791092098,-0.26051190332015844,-0.3165030657773357,-0.12230093443818556,-0.20253882417196337,0.9075259831337085,0.6377479365095349,0.18766408449316255,-0.2485941860482116,-0.02613359816672435,-0.10233782053493232,-0.010487547896997268,1
sample_09281.html,-0.25325274680401716,-0.13095152364800158,0.3764439141972801,-0.19891280065010075,0.23623552446867022,-0.19035351781738374,0.22932624812042704,0.7032832799695565,0.6926544152149999,-0.21209935707253572,-0.0209911431324574,-0.08410411102782048,-0.7353966482656021,1
sample_04456.html,-0.4289357344604879,-0.46303305605964135,-0.4993703348891979,-0.47397176864337215,-1.5435377130570114,-0.31829923454046966,-0.10977361938621372,0.43619300261567,-0.22157088764455046,-0.26772955257925335,-0.006849391788223287,-0.10089070073278059,0.5328237178062468,0
sample_07422.html,0.4924597512607578,0.2186079841537245,-0.021653471751118984,1.0301611009406508,0.3841903357136038,1.143937528009084,-0.44887348689285445,0.5141779459221144,0.549741353564142,-0.2141749449735246,-0.02613359816672435,0.1208080529568649,-0.23304816534679232,1
sample_02454.html,-0.07434621808962948,-0.270775326768692,-0.34013138050983827,-0.012813424535694092,0.7812935584603505,0.26050281730206193,-0.10977361938621372,0.6146417533792531,0.2631156801366772,-0.07753022492500099,-0.02613359816672435,-0.07165888072931557,-0.10951618693427068,0
sample_03737.html,-0.2580880583908925,-0.3232092529389509,-0.4993703348891979,-0.3614941237390604,0.4117874391248353,-0.2634653559448614,-0.10977361938621372,0.06364565820232197,-0.06336361495208823,-0.26876179682947776,-0.017134301856757187,-0.08714306261233912,-0.46130314938873745,1
sample_07149.html,-0.08240507073442171,-0.3232092529389509,-0.26051190332015844,-0.1723271754908998,-0.2867089009621751,0.18739097917458425,0.22932624812042704,0.750471608357589,-0.025915977501941797,-0.23697311368278196,-0.02613359816672435,-0.08714306261233912,0.1813773250523273,0
sample_03517.html,-0.3096647153175628,-0.3406872283290372,-0.4993703348891979,-0.37376441227407625,0.06381297614258408,-0.2695580091221512,-0.10977361938621372,0.3316516123233787,-2.6904039437893954,-0.26031515301850167,-0.02613359816672435,-0.0910502860781488,3.5660843661725488,1
sample_02908.html,-0.17803678878595625,0.2011300087636382,-0.4197508576995181,0.398241241387336,0.047292126087826875,-0.3304845408950493,0.5684261156270678,0.5353940147222948,-0.8059591917501703,-0.2588722309482955,-0.00042132299538959916,-0.09524693350438883,0.3590272786693789,0
sample_07951.html,0.25821576771879684,0.5769064796504938,0.05796600543856084,0.07614616734317063,0.3642776794374621,-0.19644617099467354,0.5684261156270678,0.3588690891297244,-0.8329384688487736,-0.2394149818015924,-0.02613359816672435,-0.07831563181921355,0.928560846795814,0
sample_00331.html,-0.44182989869215544,-0.4717720437546845,-0.4993703348891979,-0.4300032347262321,0.5050311909359854,-0.32439188771775945,-0.44887348689285445,0.992167360340956,0.06791791144907663,-0.26574275988258483,0.0034355182803106135,-0.10219310855471715,0.1014857905730306,0
sample_06354.html,0.06641507477274158,0.05256721794790462,0.6949218229559994,0.15692556686535813,0.8656699305422334,0.5224869039255235,0.5684261156270678,0.5817018823274022,0.6276935754123077,-0.14034173258112925,-0.02613359816672435,-0.06673867340199968,-0.14333786637627022,0
sample_01931.html,-0.42195139550166794,-0.44555508066955507,-0.5789898120788778,-0.4688591484204489,0.32103522205746726,-0.31220658136317986,-0.10977361938621372,-1.9925510562714843,0.5085048947738157,-0.26943886026242064,-0.02613359816672435,-0.10175897261407163,-0.5993294962936854,1
sample_03252.html,0.024509041019821952,0.22734697184876765,-0.26051190332015844,-0.2254984258093017,0.6244010140947271,-0.32439188771775945,0.22932624812042704,0.6896784966946415,0.023183726327714357,-0.230890642186836,-0.02613359816672435,-0.06948820102608798,-0.43201122166863354,0
sample_07623.html,0.20126654236226502,0.7429472458563137,0.854160777335359,0.02501996511393803,0.2210569241009842,-0.30002127500860026,0.5684261156270678,0.505192730117851,-0.17150550741573564,-0.06827332487460144,-0.02613359816672435,-0.08338055112674461,0.2819291536660092,0
sample_03088.html,-0.4520377787088923,-0.4805110314497277,-0.5789898120788778,-0.486242057178388,-1.0200836873138628,-0.3365771940723391,-0.44887348689285445,-1.9925510562714843,0.19333343166059386,-0.2694943572651209,-0.027419211925291086,-0.10364022835686888,0.25538278721721513,1
sample_09880.html,-0.19307998038956845,-0.1833854498182605,-0.18089242613047862,-0.20300289682843936,0.26924819176777937,0.028981996565049278,-0.10977361938621372,0.44337166673455647,-0.18907221298599083,-0.26038174942174197,-0.02613359816672435,-0.09466808558352813,-0.02853878503863952,0
sample_05441.html,-0.3273941911361057,-0.3406872283290372,-0.4993703348891979,-0.3931923691211846,0.4911933928541008,-0.2817433154767308,-0.10977361938621372,0.343253371727165,0.015119006862585958,-0.25871683934073486,-0.004278164271089811,-0.09582578142524951,-0.20254721649351112,1
sample_07831.html,-0.3655394269881223,-0.4717720437546845,-0.1012729489407988,-0.45045371561792513,-0.43919512588173526,-0.25128004959028183,-0.44887348689285445,0.5173001200903188,0.7835736382310384,-0.2575625016845699,-0.02613359816672435,0.019654378786458773,-1.1246310106828328,0
sample_08534.html,0.13142315277406563,1.109984729048126,0.6949218229559994,0.12624984552781857,-0.2579373071214943,-0.30002127500860026,-0.44887348689285445,0.5915596345777018,0.6482722360954727,-0.2537887055009538,-0.0209911431324574,-0.027521726763687724,1.0493208496420519,0
sample_05697.html,-0.4026101491541666,-0.42807710527946874,-0.34013138050983827,-0.4300032347262321,-1.3962040731435927,-0.30611392818589006,0.22932624812042704,-0.07558274293556264,-1.2204446404709093,-0.18233076482412858,-0.01584868809819045,-0.10074598875256541,2.303018711955653,1
sample_08877.html,3.6359495395727164,4.824054499441465,0.854160777335359,2.366600027212791,1.508101133999269,0.8758607882083325,1.2466258506403491,0.6879646176554008,0.5531893524841783,0.11240271711629023,-0.018419915615323922,0.4795490519102795,-0.3953851811180426,0
sample_05197.html,-0.3821943891206929,-0.2882533021587783,-0.5789898120788778,-0.37376441227407625,1.0323694481918972,-0.31829923454046966,-0.44887348689285445,-1.9925510562714843,0.09068490010149319,-0.2694943572651209,-0.02613359816672435,-0.10204839657450197,0.2126711069222219,1
sample_03886.html,-0.3273941911361057,-0.3406872283290372,-0.4993703348891979,-0.3931923691211846,0.4911933928541008,-0.2817433154767308,-0.10977361938621372,0.343253371727165,0.015338298281638785,-0.25871683934073486,-0.004278164271089811,-0.09582578142524951,-0.20254721649351112,1
sample_09890.html,0.3253728730920655,-0.1833854498182605,-0.18089242613047862,0.730561555877348,1.9221601599664226,1.1683081407182432,-0.10977361938621372,0.5304761628010063,-1.751623839707162,-0.2556201065900616,-0.02613359816672435,-0.09119499805836398,2.009957128718266,0
sample_01883.html,-0.303217633201729,-0.4018601421943393,-0.4197508576995181,-0.3492238352040446,-0.6585133905607278,-0.19644617099467354,-0.10977361938621372,-0.040176184238764685,0.2665477109724279,-0.2664198233155277,0.0034355182803106135,-0.06948820102608798,0.04215741967651151,1
sample_02858.html,0.32859641414998236,-0.3057312775488646,0.45606339138695995,0.6467145842214065,0.6342453533446007,1.6557203949014276,-0.44887348689285445,0.6466059788692652,0.9502897419280665,2.2502582551348214,-0.02613359816672435,0.08665602562608402,-0.78322371883922,0
sample_08379.html,-0.14150332346289812,-0.13095152364800158,-0.4993703348891979,-0.09972796832538951,1.403022623949533,-0.31829923454046966,0.22932624812042704,0.19134450943063466,-0.49787769196332915,-0.2664975191193081,-0.02613359816672435,-0.0786050557796439,0.31808568207908744,1
sample_07452.html,-0.24358212363026646,-0.42807710527946874,-0.4993703348891979,-0.3860347008090921,0.4140326067930852,-0.29392862183131047,-0.10977361938621372,0.14106359265151336,0.4692264640575821,-0.2614250930725064,-0.004278164271089811,0.25828443416127955,-0.6728594750737268,1
sample_03196.html,0.8169628844243919,1.5119781630201112,0.45606339138695995,1.7684234611307699,0.6728855107241879,0.9246020136266508,0.22932624812042704,0.6630191984094791,-0.2527977549902542,-0.0504920852094455,-0.02613359816672435,0.14714563335602646,0.44786799193103105,0
sample_01685.html,0.5735855345516664,-0.27951431446373515,-0.18089242613047862,1.0956026397940688,1.557803627881281,3.0082894002597644,0.5684261156270678,0.6939054276198781,-1.6133004164626426,-0.2451977694829571,-0.02613359816672435,-0.0034995380479689556,1.9711226914408961,0
sample_01508.html,0.26734913404956134,-0.2183414005984331,0.5356828685766397,0.2663356396359159,-0.301908733919198,0.5163942507482338,0.22932624812042704,0.634845211268371,-0.39239749194135826,-0.17674776635248474,-0.02613359816672435,-0.07296128855125214,0.19559379586589445,0
sample_03079.html,0.10026225588086898,-0.4193381175844256,-0.4993703348891979,-0.43716090303832467,-0.8709529564064272,-0.30002127500860026,-0.44887348689285445,0.11824641306385805,2.517370057436657,-0.2177156537457997,-0.02613359816672435,0.9786606716724122,-1.0712493763230888,1
sample_08372.html,1.0683990869419098,2.237314141708693,0.7745413001456792,0.7366967001448558,1.2620945946167474,-0.30611392818589006,1.2466258506403491,0.031049615296274435,-0.629265571831519,-0.10257047254334793,-0.02613359816672435,0.2043068655410199,1.0882218180878576,0
sample_03192.html,-0.4391436144772247,-0.4805110314497277,-0.26051190332015844,-0.39932751338869255,-0.7213396231568149,-0.29392862183131047,0.22932624812042704,0.5982113174269483,0.7244899212475465,-0.1469569753029975,-0.005563778029656549,-0.095391645484604,-0.040358608382521595,1
sample_02761.html,1.0716226279998267,1.3634153722043776,-0.18089242613047862,0.24588515874422287,1.0235601219712964,0.022889343387759473,0.22932624812042704,0.3800764470342414,-0.09982615988381983,-0.24701807117152486,-0.0209911431324574,0.057858341563264526,0.6507356312391831,1
sample_05132.html,-0.4520377787088923,-0.4805110314497277,-0.4993703348891979,-0.49237720144589586,-2.256016803315404,-0.3365771940723391,-0.44887348689285445,0.7697390010992521,1.3592723457167761,2.1264777403122124,-0.027419211925291086,-0.10364022835686888,-1.5522331665246654,1
sample_01462.html,0.15774873808038692,0.4108657134446739,-0.1012729489407988,0.3471150391581034,0.1935266676153375,0.12646444740168616,-0.44887348689285445,0.3913314680247583,1.323513171593264,-0.20680494301493313,-0.02613359816672435,-0.09437866162309778,-0.6464436155808502,0
sample_00083.html,-0.4520377787088923,-0.4805110314497277,-0.5789898120788778,-0.48828710526755725,-1.4745881252400244,-0.3365771940723391,-0.44887348689285445,-1.9925510562714843,-2.257469615287448,-0.2694943572651209,-0.027419211925291086,-0.10364022835686888,-1.1604855999758212,1
sample_04577.html,-0.4520377787088923,-0.4805110314497277,-0.5789898120788778,-0.486242057178388,-1.0200836873138628,-0.3365771940723391,-0.44887348689285445,-1.9925510562714843,0.19333343166059386,-0.2694943572651209,-0.027419211925291086,-0.10364022835686888,0.25538278721721513,1
sample_04941.html,1.245693845127339,2.184880215538434,0.13758548262824066,0.5209441267374942,1.2337340264002248,-0.06850045427158762,0.22932624812042704,0.6855425419733445,1.1721801604726174,-0.23132351880789784,-0.02613359816672435,0.3995233268512887,-0.2567002890731991,1
sample_08001.html,-0.4429044123781278,-0.46303305605964135,-0.4993703348891979,-0.459656432019187,-1.275509865710941,-0.31220658136317986,-0.10977361938621372,0.3391934432522604,0.2072709143308783,-0.2680514351949147,-0.02613359816672435,-0.1034955163766537,-0.7848534391186058,1
sample_01719.html,0.5252324186829129,0.1836520333735519,-0.34013138050983827,1.4872293488699906,0.8712557669577199,1.6861836607878766,0.22932624812042704,0.4370232979423325,-1.2463724368587221,-0.2608146260428038,-0.02613359816672435,-0.0796180396411501,1.219345768129481,0
sample_07212.html,0.6332210441231289,0.9439439628423061,0.5356828685766397,0.38494842880773555,-1.1357774564437138,0.05944526245149831,-0.10977361938621372,-0.030384423784120467,-0.2627569469274431,0.09784030360774804,-0.0107062330639235,0.08549832978436263,0.7168054491118332,1
sample_02687.html,-0.4520377787088923,-0.4805110314497277,-0.4993703348891979,-0.49237720144589586,-2.256016803315404,-0.3365771940723391,-0.44887348689285445,0.06649804708062462,-1.1854255629769443,-0.2687506974289377,-0.027419211925291086,-0.10364022835686888,-0.5164903429204203,1
sample_02609.html,-0.27635479105242156,-0.3756431791092098,-0.4993703348891979,-0.42693566259247817,0.5390934724545814,-0.29392862183131047,-0.10977361938621372,0.3142320966766836,0.006426500399899314,-0.2254408365216727,-0.02613359816672435,0.17261494187389695,-1.0685369698159048,1
sample_06121.html,-0.411206258641945,-0.42807710527946874,-0.021653471751118984,-0.0956378721470509,0.9331753086396116,-0.3365771940723391,-0.10977361938621372,-0.07051286910988691,-2.186199283500627,23.54000733159921,0.008577973314577563,-0.09929886895041368,3.9153681374166953,1
sample_02357.html,-0.4520377787088923,-0.4805110314497277,-0.4993703348891979,-0.49237720144589586,-2.256016803315404,-0.3365771940723391,-0.44887348689285445,0.437182999961964,-0.10984672632848011,-0.2671634831517109,-0.027419211925291086,-0.10364022835686888,-1.0732699525496727,1
sample_07856.html,-0.12323659080136905,-0.3406872283290372,0.45606339138695995,-0.15596679077754538,0.3144891227125901,0.3640779213159886,-0.10977361938621372,0.6205134845476497,-0.029104807281068856,-0.18684822084392788,-0.02613359816672435,-0.053569883202418914,0.5326787390500227,0
sample_01584.html,-0.43592007341930783,-0.4717720437546845,-0.34013138050983827,-0.46681410033127957,-0.4680335666480012,-0.30611392818589006,-0.44887348689285445,0.3296723551510245,0.7354706456903631,-0.2537110096971735,-0.01584868809819045,-0.10089070073278059,1.0307987965971035,0
sample_09264.html,-0.440218128163197,-0.46303305605964135,-0.4197508576995181,-0.47397176864337215,-1.5435377130570114,-0.32439188771775945,-0.10977361938621372,0.40171319125802957,0.4063678028515053,-0.2641666450058981,-0.005563778029656549,-0.1034955163766537,-0.5737516453021634,1
sample_01878.html,0.3355807531088023,-0.2882533021587783,0.3764439141972801,0.5925208098584199,0.6649758140375294,1.0342697708178674,-0.10977361938621372,0.39395449636440094,0.23067401007121296,-0.17836827883133166,-0.02613359816672435,-0.05154391547940649,-0.29203882178985135,0
sample_01621.html,-0.10120906023893694,-0.42807710527946874,0.05796600543856084,0.2878086445721936,-2.2132892210866495,0.4189117999115969,0.5684261156270678,-0.17896148088971373,1.7530979723157996,-0.17016582183223664,-0.013277460581056975,0.011116371953763547,0.13859623226649476,1
sample_05618.html,0.8513473223755055,2.2722700924888652,-0.4993703348891979,1.035273721163574,1.2867663789404926,0.5346722102801031,-0.10977361938621372,0.27882404254715426,-1.707951265669686,-0.2637892653875365,-0.02613359816672435,-0.03692800547767399,1.1830753557743512,0
sample_03282.html,-0.3574805743433301,-0.4368160929745119,-0.4197508576995181,-0.3962599412549386,-0.016430974473253358,-0.1537975987536449,-0.10977361938621372,0.41972320230987953,-0.23486986325037262,-0.23362109471968764,-0.02613359816672435,-0.08859018241449086,0.3354153109294082,1
sample_08184.html,-0.43592007341930783,-0.4542940683645982,-0.4993703348891979,-0.43511585494915533,1.6703895539618583,-0.3304845408950493,-0.10977361938621372,0.41874947507749655,-1.1886736840220993,-0.26038174942174197,-0.005563778029656549,-0.10291666845579302,2.231848875203082,1
sample_04469.html,0.8690767981940484,1.2061135936936007,-0.1012729489407988,0.8870077346987997,1.1040942977379593,0.6138767015848706,0.22932624812042704,0.6632937889908572,0.5221778701579387,-0.16997713202305584,-0.02613359816672435,-0.052556899340912705,-0.35237956682493154,0
sample_02298.html,0.114768190641495,0.07878418103303408,0.9337802545250389,0.3389348468014262,0.9044433154554264,0.5955987420530012,0.5684261156270678,0.5770345139321118,0.3561246878790395,-0.1383438404839207,-0.02613359816672435,-0.06268673795597483,0.16634528354670997,0
sample_04769.html,-0.21725653832394515,-0.1484294990380879,-0.4197508576995181,-0.061894578675757386,0.7130237889786253,-0.2573727027675716,-0.44887348689285445,0.3672348248379899,-0.36664399256255303,-0.26102551465306467,-0.0107062330639235,-0.08366997508717497,-0.09586084388051741,1
sample_09157.html,0.4038123721680432,0.1661740579834656,0.21720495981792048,0.730561555877348,0.39365695773673903,0.4310971062661765,2.6030253206669123,0.5198315628857363,-0.06320053500083567,0.01128717819645836,-0.02613359816672435,-0.03823041329961055,0.13334939632058093,0
sample_04466.html,-0.3359903006238841,-0.3669041914141667,0.6949218229559994,-0.16516950717880724,-0.002181854019670234,-0.14161229239906528,0.22932624812042704,0.6290430657894868,0.43027930993204494,-0.12075129062794558,-0.02613359816672435,-0.07846034379942872,-0.47380104828409975,0
sample_04858.html,0.5268441892118714,0.8478150981968314,1.4114971176631177,0.18862381224748234,1.5533626313654678,-0.29392862183131047,0.5684261156270678,0.7209741200365946,0.38959707061792276,-0.1400975457692482,-0.02613359816672435,0.011550507894409067,-0.6055422271276265,0
sample_07766.html,-0.18770741195970694,-0.15716848673313102,-0.5789898120788778,-0.34308869093653666,1.100821226869268,-0.30611392818589006,-0.10977361938621372,-1.9925510562714843,0.3163179842141385,-0.2694943572651209,0.0008642907631771383,-0.058345378549519634,-0.20849749927324426,1
sample_05483.html,0.14700360122066394,-0.1833854498182605,1.2522581632837582,0.18862381224748234,0.571416383403853,0.7722856841944056,0.9075259831337085,0.4266149982475533,0.25531921985237194,-0.059416003243643614,-0.02613359816672435,-0.02303565537701735,0.12274998902290994,0
sample_09353.html,-0.4477397239650031,-0.4717720437546845,-0.5789898120788778,-0.4913546774013112,-2.256016803315404,-0.3365771940723391,-0.44887348689285445,-1.9925510562714843,0.5512166979435859,-0.2694943572651209,0.05871690989868033,-0.10277195647557784,-0.8721332970100784,1
sample_09132.html,0.23780000768532314,0.4370826765298033,-0.18089242613047862,0.19680400460415956,0.1884075181841333,0.40063384037972744,-0.10977361938621372,0.5907220999971327,-0.05776024653897456,-0.21779334954958005,-0.017134301856757187,0.0406376159176589,0.1330473398615699,0
sample_00651.html,-0.3494217216985378,-0.3232092529389509,0.21720495981792048,-0.056781958452834125,0.07713058184178566,-0.20863147734925316,-0.44887348689285445,0.7833188155028459,1.249988182871703,0.22530581940965244,-0.02613359816672435,-0.08338055112674461,-0.3875926642346023,0
sample_01056.html,0.3173140204472732,-0.1833854498182605,-0.34013138050983827,0.15283547068701953,-0.03567045592539987,0.5285795571028133,0.5684261156270678,0.4309845366483877,0.2993052921135184,-0.1914211738664274,-0.02613359816672435,-0.06644924944156934,-0.32023226164074114,0
sample_02930.html,0.15828599492337309,0.19239102106859504,-0.18089242613047862,-0.0680297229432653,-1.5607830570920789,-0.3304845408950493,-0.44887348689285445,0.3124691072381043,0.33234658807837497,0.004782929479990581,-0.009420619305356762,0.08231466621962881,0.8340689998157205,1
sample_07254.html,-0.166217138240261,0.07878418103303408,0.7745413001456792,-0.2858273444397962,0.3924215008278673,-0.30002127500860026,-0.10977361938621372,0.5950558451184239,0.45340716801898495,0.09166903690748167,-0.011991846822490236,-0.08034159954222597,-0.13850039985182053,0
sample_07822.html,-0.4235631660306264,-0.4105991298893824,-0.1012729489407988,-0.45249876370709446,-0.703357909183739,-0.3304845408950493,-0.44887348689285445,0.5618906060419886,0.7257645328248447,1.3632385615763927,-0.013277460581056975,-0.10364022835686888,-0.9648684499601689,1
sample_07295.html,-0.24895469206012794,-0.46303305605964135,-0.5789898120788778,-0.47806186482171076,-0.4722282445368599,-0.32439188771775945,-0.44887348689285445,-1.9925510562714843,2.275925863471504,-0.2694943572651209,0.03557586224447905,0.3950372554646183,-1.5051251358237554,1
sample_06818.html,-0.4332337892043771,-0.4717720437546845,-0.5789898120788778,-0.43920595112749394,0.13807087480775737,-0.275650662299441,-0.10977361938621372,-1.9925510562714843,-0.8398230771005858,-0.2694166614613405,-0.02613359816672435,-0.10262724449536266,0.4459158894839155,1
sample_05638.html,-0.436457330262294,-0.4805110314497277,-0.5789898120788778,-0.41466537405746234,0.42914483866489467,-0.23300209005841238,-0.10977361938621372,-1.9925510562714843,-1.089610874500559,-0.26943886026242064,-0.02613359816672435,-0.10320609241622336,0.25224883411605653,1
sample_00807.html,-0.43538281657632166,-0.4368160929745119,-0.34013138050983827,-0.45454381179626374,-0.4663973431013765,-0.32439188771775945,-0.44887348689285445,0.6043131995770211,0.6969747257814324,-0.25639706462786493,-0.008135005546790024,-0.1034955163766537,-0.6220647336882384,0
sample_08873.html,0.7938608401759875,1.2410695444737734,0.13758548262824066,0.1620381870882814,-0.051642468375693494,-0.07459310744887743,0.5684261156270678,0.5510876582505575,0.3145632150977566,-0.21040114878990848,-0.02613359816672435,0.14830332919774783,-0.33933983590349753,0
sample_01507.html,2.464729621862911,3.635552172915597,0.7745413001456792,2.8042403182950224,-0.2501357537171489,-0.31220658136317986,-0.10977361938621372,0.5851099749799289,0.358462501940981,-0.06209095877379504,-0.02613359816672435,0.8420525623492887,-0.20009776650919434,0
sample_01068.html,-0.4106690017989588,-0.4368160929745119,-0.34013138050983827,-0.43920595112749394,-0.35752830108885425,-0.3365771940723391,-0.10977361938621372,0.4280370173705427,0.036432662937598684,-0.25765129688889027,0.06900181996721423,-0.09524693350438883,-0.0237660635234893,0
sample_01190.html,-0.3913277554514574,-0.3756431791092098,-0.4993703348891979,-0.4422735232612479,0.1078775695559066,-0.275650662299441,-0.10977361938621372,0.3958676359888017,-0.07454115807221495,-0.26750756456845237,-0.011991846822490236,-0.09828588508890747,-0.2703289049281882,0
sample_09682.html,0.9754536531053059,1.5119781630201112,-0.34013138050983827,0.741809320367779,0.7856233170409267,0.38844853402514784,0.22932624812042704,0.5021364724881346,0.35739474156096884,4.089895099443358,-0.02613359816672435,0.0996801038454496,-0.9229710757044065,0
sample_08491.html,-0.4520377787088923,-0.4805110314497277,-0.5789898120788778,-0.48828710526755725,-0.4857802989613899,-0.3365771940723391,-0.44887348689285445,-1.9925510562714843,-2.374105694263592,-0.2694943572651209,-0.027419211925291086,-0.10364022835686888,-0.06926926283400898,0
sample_01250.html,-0.44182989869215544,-0.46303305605964135,-0.5789898120788778,-0.4606789560637717,-0.7343906102748531,-0.3304845408950493,-0.10977361938621372,-1.9925510562714843,0.07714339553548381,-0.2694832578645808,-0.00042132299538959916,-0.10335080439643853,-0.45589850563119266,1
sample_02400.html,0.385008382663528,0.6031234427356232,1.8095945036115169,0.30314650524096337,0.9970454506351184,0.10209383469252695,1.9248255856536307,0.38634050595090524,-0.0603945787330273,0.07789468083728285,-0.02613359816672435,-0.01999670379249871,0.41114843226008063,0
sample_08570.html,0.3506239447124145,0.646818381210839,1.0930192089043984,0.30212398119637873,0.5218106049958029,-0.2634653559448614,0.5684261156270678,0.67719253695504,0.5046174246123387,-0.0843008592544299,-0.02613359816672435,0.011550507894409067,-0.7448883109569256,0
sample_07881.html,-0.34780995116957936,-0.39312115449929613,-0.34013138050983827,-0.3563815035161372,-0.10451744782226208,-0.12333433286719588,-0.44887348689285445,0.5508989948455284,0.6002584933263176,-0.25917191476287676,-0.02613359816672435,-0.09365510172202192,-0.5419410897847455,0
sample_03320.html,-0.44344166922111394,-0.4717720437546845,-0.5789898120788778,-0.4913546774013112,-0.7829181474098523,-0.3365771940723391,-0.44887348689285445,-1.9925510562714843,-0.8836071058427817,-0.2694943572651209,0.08700041258714855,-0.1024825325151475,-0.8249123862667778,1
sample_04371.html,-0.3483472080125655,-0.3581652037191235,-0.26051190332015844,-0.36660674396198367,0.47631267251257464,-0.3365771940723391,-0.10977361938621372,0.7985647667701848,1.3865168536996195,0.24019011553385602,0.01500604210741125,-0.08945845429578189,-1.1304990519163192,1
sample_03944.html,0.3554592562992898,0.7953811720265725,2.0484529351805563,0.06285335476357015,-0.10642119230481671,-0.2695580091221512,0.9075259831337085,0.6016943472818355,0.3214393642047761,-0.11415824670715742,-0.02613359816672435,-0.055595850925431345,-0.044675024907646035,0
sample_06795.html,-0.4520377787088923,-0.4805110314497277,-0.5789898120788778,-0.486242057178388,-0.7123121087648986,-0.3365771940723391,-0.44887348689285445,-1.9925510562714843,0.011481041558787767,-0.2694943572651209,-0.027419211925291086,-0.10364022835686888,-0.7502781960856892,1
sample_01571.html,-0.4477397239650031,-0.4717720437546845,-0.5789898120788778,-0.48215196100004937,-1.3697623290295469,-0.3304845408950493,-0.10977361938621372,-1.9925510562714843,-0.19749285772795233,-0.2694832578645808,-0.011991846822490236,-0.10364022835686888,-0.7885433440293783,1
sample_02852.html,2.143450029757194,-0.4542940683645982,-0.4197508576995181,-0.46272400415294096,-1.705464779300104,-0.31220658136317986,-0.10977361938621372,0.5253746960167495,0.6145162904626725,-0.2626016295297514,0.04714638607157969,0.5194895584496674,-1.47056187439848,1
sample_00345.html,-0.43054750498944633,-0.4717720437546845,-0.4993703348891979,-0.44840866752875586,-0.4802532427832406,-0.30002127500860026,-0.10977361938621372,0.15641832936714456,1.0097295232428287,-0.25876123694289505,-0.011991846822490236,-0.10364022835686888,0.526540205527383,1
sample_08916.html,0.796009867547932,-0.1833854498182605,2.605789275508315,2.126306876735398,1.693064814776055,3.9465579895623946,2.2639254531602715,-0.5460877452160655,-0.7520846418821869,0.02147642789222188,-0.02613359816672435,0.017628411063446345,1.1506741161265837,0
sample_00243.html,4.3768267260506155,6.8864555954716495,0.5356828685766397,12.83111109949212,0.5554865696650539,3.483516348088369,2.6030253206669123,0.5434323370866395,0.24350302288810088,0.032054156606887055,-0.02613359816672435,1.3016578115126791,-0.03501624551692683,0
sample_00932.html,0.28078055512421507,0.8390761105017883,-0.021653471751118984,0.1599931389991121,1.2644809414414788,-0.29392862183131047,0.22932624812042704,0.7013578569189594,-0.5239545315297056,-0.2068715394181734,-0.02613359816672435,-0.08019688756201081,0.19849974640510593,0
sample_02178.html,-0.4171160839147926,-0.44555508066955507,-0.4993703348891979,-0.4637465281975256,0.26547052895854195,-0.30611392818589006,-0.10977361938621372,0.3651758878051829,-0.053362083514527155,-0.25888333034883554,-0.02613359816672435,-0.10175897261407163,0.537610063673938,1
sample_02472.html,-0.41872785444375105,-0.44555508066955507,-0.4993703348891979,-0.41466537405746234,-0.8807664702485071,-0.30002127500860026,-0.10977361938621372,0.40973863008096567,0.42220264208583586,-0.25702973045864763,-0.014563074339623712,-0.10045656479213506,-0.37157295495220827,1
sample_01439.html,-0.4488142376509754,-0.4805110314497277,-0.4993703348891979,-0.4852195331338033,-1.3384300946045464,-0.31829923454046966,-0.44887348689285445,-0.07134170978834635,-3.039051443683039,0.60635933935002,-0.017134301856757187,-0.10364022835686888,4.626342628098604,1
sample_09643.html,-0.20489963093526373,-0.13969051134304472,-0.4993703348891979,-0.2643543395035185,-0.28271379487851017,-0.1598902519309347,-0.10977361938621372,-0.03381596122896026,-1.1623131682581898,-0.2685398088186768,-0.024847984408157612,-0.09929886895041368,1.0860498616150038,0
sample_06064.html,-0.317723567962355,-0.4018601421943393,-0.4197508576995181,-0.3297958783569362,-0.13671957646641794,-0.21472413052654296,-0.10977361938621372,-0.040176184238764685,-0.019405250574652,-0.2664198233155277,0.0034355182803106135,-0.07947332766093494,0.07877576800892173,1
sample_06134.html,-0.36500217014513614,-0.4805110314497277,-0.5789898120788778,-0.2970751089302273,0.14054445329729431,-0.06240780109429781,-0.44887348689285445,-1.9925510562714843,-1.296450216107991,-0.2694943572651209,-0.013277460581056975,-0.09929886895041368,1.228749713458226,0
sample_06807.html,-0.013098937989208484,0.08752316872807724,0.13758548262824066,0.06898849903107807,-0.053158091299369784,0.035074649742339085,-0.44887348689285445,0.6067111196506869,-0.20080109149033612,-0.22237740197261963,-0.02613359816672435,-0.058634802509949985,-0.1929545510661743,0
sample_07703.html,0.3726514752748466,-0.3581652037191235,-0.34013138050983827,0.6446695361322371,0.9165943096751866,1.7471101925607746,0.5684261156270678,0.5133921028189368,-0.8120875164061712,-0.12909803983406123,-0.02613359816672435,-0.0937998137022371,0.47550210321890174,0
sample_07364.html,0.07286215688857538,-0.2008634252083468,1.2522581632837582,0.44629987148281464,0.9746678154920465,0.7661930310171158,-0.10977361938621372,0.6042393358817291,0.510656993912588,1.1609186885324085,-0.02613359816672435,-0.06196317805489897,-0.2098249544910923,0
sample_05161.html,-0.09852277602400619,-0.19212443751330363,-0.18089242613047862,-0.13040368966292906,0.4077135253728755,0.07163056880607792,-0.10977361938621372,0.5959063588898331,-0.13098687594470043,-0.21135569723635256,-0.017134301856757187,-0.08786662251341498,-0.08997353298860479,0
sample_03640.html,-0.14204058030588426,-0.12221253595295842,0.13758548262824066,-0.009745852401940137,1.2556872943919537,-0.025851882030558975,-0.44887348689285445,0.39804848380530394,-0.2409900789727497,-0.25284525645504974,-0.02613359816672435,-0.0969834772669709,0.8517016107987655,0
sample_00287.html,-0.3886414712365267,-0.38438216680425297,-0.5789898120788778,-0.46272400415294096,-0.20730834319329128,-0.3365771940723391,-0.44887348689285445,-1.9925510562714843,-1.298336360764447,-0.2694943572651209,0.040718317278746,-0.10146954865364127,1.9916220748010625,1
sample_07501.html,0.07501118426051998,0.11374013181320669,-0.34013138050983827,0.24793020683339217,1.8638304822930443,0.40063384037972744,-0.10977361938621372,0.5752370159266545,-0.7446400176442958,-0.22259938998342058,-0.0209911431324574,-0.03678329349745881,1.0927101491704971,0
sample_04035.html,-0.3402883553677733,-0.34942621602408036,0.21720495981792048,-0.2643543395035185,1.8071292945620172,-0.30611392818589006,-0.10977361938621372,0.4220224820868543,1.398656156518987,-0.2309128409879161,-0.00042132299538959916,-0.09987771687127438,-0.11308198637917109,1
sample_01138.html,-0.4450534397500724,-0.4717720437546845,-0.4197508576995181,-0.44431857135041725,-1.2567046833686406,-0.3304845408950493,-0.10977361938621372,0.2937847259405157,-0.14521965100800174,-0.26673060653064906,0.009863587073144301,-0.1034955163766537,-0.4398808432610943,1
sample_07423.html,-0.45150052186590617,-0.4805110314497277,-0.5789898120788778,-0.4709041965096182,0.38227209905013554,-0.3304845408950493,-0.44887348689285445,-1.9925510562714843,-0.14609972910209987,-0.2694943572651209,-0.018419915615323922,-0.10364022835686888,0.3090284863007503,1
sample_03200.html,-0.23391150045651576,-0.3581652037191235,-0.4197508576995181,-0.3492238352040446,0.820260095742144,-0.31829923454046966,0.22932624812042704,0.7499911190234173,0.9437782630767945,-0.19995661288172387,-0.02613359816672435,0.028915945520229865,0.45066263998446177,1
sample_09376.html,0.45968708383860274,1.0488118151828238,0.2968244370076003,0.07716869138775528,0.21538136091892132,-0.21472413052654296,0.9075259831337085,0.6409549206493107,0.12779205246725076,-0.1503755906693321,-0.02613359816672435,-0.04937323577617889,-0.39788997596028847,0
sample_05474.html,-0.44344166922111394,-0.4805110314497277,-0.5789898120788778,-0.4453410953950019,0.7087154325574094,-0.31220658136317986,-0.10977361938621372,-1.9925510562714843,-0.9993758302056294,-0.2694832578645808,-0.002992550512523074,-0.10103541271299576,0.37730302428064155,1
sample_07649.html,-0.10174631708192308,0.1661740579834656,-0.18089242613047862,0.3532501834256113,0.6751878174341931,-0.11724167968990606,0.22932624812042704,0.31122810927624733,0.5531305144326037,-0.21730497592581796,-0.02613359816672435,-0.02694287884282703,-0.33335007509554077,0
sample_02493.html,-0.3338412732519395,-0.3319482406339941,-0.26051190332015844,-0.3553589794715525,0.18189088163079167,-0.3365771940723391,-0.10977361938621372,0.8019343418337339,1.4133195239405465,0.24048979934843728,0.01500604210741125,-0.08323583914652945,-1.145477586873776,1
sample_05132.html,2.532423984079166,4.387105114689308,0.2968244370076003,2.2571899544422336,1.3094646770535592,-0.14161229239906528,0.22932624812042704,0.4360902464802562,-0.568841882536121,-0.23636264665307935,-0.02613359816672435,-0.066159825481139,0.5047441488597508,0
sample_04094.html,-0.09368746443713084,-0.11347354825791527,-0.021653471751118984,-0.20913804109594727,0.6068537203529425,-0.12333433286719588,0.22932624812042704,0.5454551734993451,0.44238680276186915,-0.23312162169538553,-0.00042132299538959916,-0.09886473300976815,0.05291110158051328,1
sample_06452.html,-0.2865626710691584,-0.27951431446373515,0.5356828685766397,0.10784441272529484,2.013239956038304,-0.23300209005841238,-0.44887348689285445,0.5779834543669645,-0.687120142887788,-0.08847423385748772,-0.02613359816672435,-0.05342517122220374,1.3065795900507897,0
sample_05885.html,-0.3875669575505544,-0.4717720437546845,-0.4993703348891979,-0.4576113839300177,-1.6564056885908658,-0.19644617099467354,-0.44887348689285445,0.3951801462340215,0.0024241893007036397,-0.26424434080967846,-0.006849391788223287,-0.10002242885148954,-0.07211514888311964,0
sample_06013.html,-0.16245634033935794,-0.04356164669757005,-0.26051190332015844,0.47799811686493887,0.5475684853183181,0.035074649742339085,-0.44887348689285445,0.5320702110675335,0.5977968435647764,-0.23950377700591277,-0.02613359816672435,-0.04271648468628092,0.0018276412600803829,1
sample_00900.html,-0.094224721280117,-0.13969051134304472,0.21720495981792048,0.3624528998268732,0.3530371187845532,0.23613220459290268,-0.10977361938621372,0.5699734976425745,0.7708686490947453,0.14122786031879334,-0.02613359816672435,-0.030994814288851882,-0.5620511947543234,0
sample_00613.html,-0.3150372837474243,-0.4193381175844256,0.21720495981792048,0.23463739425379168,0.0952905623578513,-0.1537975987536449,-0.10977361938621372,0.28433465778473094,-0.39670073228835406,-0.21124470323095207,-0.02613359816672435,-0.09235269390008537,0.99818828950184,1
sample_05609.html,-0.4090572312700004,-0.4717720437546845,-0.4197508576995181,-0.4167104221466316,-0.5126020616096323,-0.25128004959028183,-0.10977361938621372,0.3307491109012119,-0.2651509853325966,-0.2413795756971808,-0.02613359816672435,-0.10103541271299576,-0.39527721627269247,0
sample_00543.html,-0.43054750498944633,-0.46303305605964135,-0.18089242613047862,-0.4729492445987875,-1.352125423586559,-0.30611392818589006,-0.44887348689285445,0.5916556539828708,0.6334184027242158,-0.21914747641546584,0.027862179693078627,-0.09278682984073088,-0.3076203223514316,0
sample_06427.html,-0.4520377787088923,-0.4805110314497277,-0.5789898120788778,-0.49237720144589586,-2.256016803315404,-0.3365771940723391,-0.44887348689285445,-1.9925510562714843,-0.4740002506442794,-0.2694943572651209,-0.027419211925291086,-0.10364022835686888,-0.9964869868515372,1
sample_01887.html,0.7374488716624418,0.5244725534802348,0.854160777335359,0.9289312205267704,-0.18891937047300209,0.6869885397123483,-0.10977361938621372,0.3794859666805198,0.40832417772287394,0.4135405531683164,-0.02613359816672435,0.02428516215334432,0.173234968693549,0
sample_08380.html,0.04385028736732332,0.27104191032398345,0.05796600543856084,-0.02099361689237131,0.1187594774975458,-0.20863147734925316,-0.44887348689285445,0.4464873959761108,0.024044007190401676,-0.2158398550545317,-0.02613359816672435,-0.05067564359811545,0.03534581706303845,0
sample_00682.html,-0.4520377787088923,-0.4805110314497277,-0.5789898120788778,-0.486242057178388,-1.5704237185197678,-0.3365771940723391,-0.44887348689285445,-1.9925510562714843,-0.10551088029156136,-0.2694943572651209,-0.027419211925291086,-0.10364022835686888,-0.6796228905034765,1
sample_09710.html,0.17762724127087445,-0.2008634252083468,0.45606339138695995,-0.0956378721470509,1.2015399765564614,0.4067264935570173,-0.10977361938621372,0.7070799632451107,0.3967721120827742,-0.1722414097332255,-0.02613359816672435,-0.08149929538394736,0.07424267864659498,0
sample_02045.html,-0.4235631660306264,-0.4105991298893824,-0.1012729489407988,-0.45249876370709446,-0.703357909183739,-0.3304845408950493,-0.44887348689285445,0.5618906060419886,0.7257645328248447,1.3632385615763927,-0.013277460581056975,-0.10364022835686888,-0.9648684499601689,1
sample_09991.html,-0.4520377787088923,-0.4805110314497277,-0.4993703348891979,-0.4913546774013112,-2.256016803315404,-0.3365771940723391,-0.44887348689285445,0.3187464119016379,-0.39619214326748114,-0.2687506974289377,-0.027419211925291086,-0.10364022835686888,-1.012174561798067,1
sample_08409.html,-0.38702970070756826,-0.4105991298893824,-0.26051190332015844,-0.40341760956703115,0.48679785927272945,-0.30002127500860026,-0.44887348689285445,0.7002004929747526,0.797457492240897,-0.09227022884218393,-0.013277460581056975,-0.07759207191813769,-0.928332812529691,1
sample_02740.html,-0.3327667595659672,-0.3581652037191235,-0.4993703348891979,-0.3911473210320153,-0.11921757608905162,-0.21472413052654296,-0.44887348689285445,0.11776749976041588,0.23643453832176117,-0.2632786929626943,-0.011991846822490236,-0.08222285528502322,0.20415643416582732,0
sample_08405.html,-0.4429044123781278,-0.4717720437546845,-0.4993703348891979,-0.48828710526755725,-1.134521941823523,-0.32439188771775945,-0.44887348689285445,0.3745662080824983,-0.3050914876898568,-0.2664087239149877,-0.0107062330639235,-0.10320609241622336,-1.0493877663113658,1
sample_08339.html,-0.42678670708854327,-0.44555508066955507,-0.4197508576995181,-0.4422735232612479,-0.274583766170957,-0.30002127500860026,-0.10977361938621372,0.3340214988596828,0.1148666157000291,-0.26498800064586164,-0.02613359816672435,-0.10320609241622336,0.18818821059461419,1
sample_08201.html,-0.2870999279121445,-0.3669041914141667,-0.5789898120788778,0.5608225644762956,-0.05953675841452711,-0.05631514791700801,-0.10977361938621372,-1.9925510562714843,-0.638521436736886,-0.2694943572651209,-0.014563074339623712,-0.0910502860781488,1.6000299562477633,0
sample_04015.html,-0.17964855931491472,-0.26203633907364887,-0.5789898120788778,-0.3001426810639813,0.024458505040152637,-0.08677841380345704,-0.10977361938621372,-1.9925510562714843,-0.3337950449324307,-0.2694943572651209,-0.02613359816672435,-0.09336567776159158,-0.018152021941869427,1
sample_07762.html,-0.3273941911361057,-0.3406872283290372,-0.4993703348891979,-0.3931923691211846,0.4911933928541008,-0.2817433154767308,-0.10977361938621372,0.343253371727165,0.014308280880395003,-0.25871683934073486,-0.004278164271089811,-0.09582578142524951,-0.2023741806974135,1
sample_00828.html,-0.3999238649392358,-0.46303305605964135,-0.34013138050983827,-0.3349084985798595,-0.9282176858853609,-0.23909474323570218,-0.10977361938621372,0.3651552887048313,1.5151414567112105,-0.26191346669626847,-0.008135005546790024,-0.09929886895041368,-0.40847998310658906,0
sample_04406.html,-0.41335528601388954,-0.42807710527946874,-0.4197508576995181,-0.44431857135041725,-1.0132967743117138,-0.31829923454046966,-0.10977361938621372,0.7308330700896705,1.606771899385796,-0.25684104064946683,-0.00042132299538959916,-0.09090557409793362,-0.7963292899332198,0
sample_02616.html,-0.4278612207745156,-0.4542940683645982,-0.5789898120788778,-0.45249876370709446,-0.30790964141511107,-0.32439188771775945,-0.10977361938621372,-1.9925510562714843,-0.6068170925125972,-0.2694943572651209,-0.014563074339623712,-0.1019036845942868,-0.30612715850124467,1
sample_07761.html,-0.013098937989208484,0.1836520333735519,0.45606339138695995,-0.18868756020425423,0.7071229762449944,-0.25128004959028183,-0.10977361938621372,0.6809460876779422,0.3668490834965373,-0.18297453005545133,-0.02613359816672435,-0.05935836241102585,-0.31966902178034196,0
sample_02303.html,-0.44720246712201694,-0.4805110314497277,-0.4993703348891979,-0.4760168167325414,-1.3624979431784239,-0.31220658136317986,-0.44887348689285445,0.2641027143297212,0.23660524051611598,-0.2634562833713351,-0.009420619305356762,-0.10320609241622336,-0.39487282723655914,1
sample_04726.html,-0.4160415702288203,-0.4717720437546845,-0.021653471751118984,-0.3236607340894283,0.651762645304419,-0.25128004959028183,-0.10977361938621372,0.5795921811797093,0.37277481871617674,0.010155039341373524,-0.02613359816672435,-0.10291666845579302,0.16441507132726568,1
sample_05855.html,-0.20328786040630525,-0.17464646212321733,-0.4993703348891979,-0.1508541705546221,0.3353481916808678,-0.18426086464009395,-0.10977361938621372,0.2739506501323026,-0.234261976487512,-0.25921631236503695,-0.0107062330639235,-0.08685363865190877,-0.24729606995363787,1
sample_00022.html,-0.45096326502292,-0.4805110314497277,-0.5789898120788778,-0.4872645812229726,-1.1549127552848037,-0.3304845408950493,-0.44887348689285445,-1.9925510562714843,-0.354005973587197,-0.2694943572651209,-0.011991846822490236,-0.10364022835686888,-0.8404546304403193,1
sample_06595.html,-0.3096647153175628,-0.3406872283290372,-0.4993703348891979,-0.37376441227407625,0.06381297614258408,-0.2695580091221512,-0.10977361938621372,0.3316516123233787,-2.6902543804442396,-0.26031515301850167,-0.02613359816672435,-0.0910502860781488,3.566025188243186,1
sample_06998.html,-0.4455906965930585,-0.4805110314497277,-0.4197508576995181,-0.46579157628669493,-1.6071519193828185,-0.2878359686540206,-0.10977361938621372,0.4681450699462541,0.32207328247288386,-0.2652432868582827,-0.02613359816672435,-0.10306138043600818,-0.717340652378814,1
sample_04226.html,-0.07918152967650482,0.07878418103303408,0.13758548262824066,-0.1784623197584077,-0.013878794221878559,-0.07459310744887743,0.22932624812042704,0.45228626703994823,-0.24969136131533196,-0.2231432606098829,-0.02613359816672435,-0.06890935310522729,0.2623633057268787,0
sample_05402.html,0.036328691565517233,0.1486960825933793,0.45606339138695995,-0.04655671800698761,-0.8478623762128414,-0.32439188771775945,0.5684261156270678,0.7483032347806152,0.2455369515079602,-0.21346458333896157,-0.018419915615323922,-0.07296128855125214,-0.7837883537290181,0
sample_02041.html,-0.4036846628401389,-0.4717720437546845,-0.4197508576995181,-0.4064851817007851,0.002907408694940269,-0.19644617099467354,-0.44887348689285445,-0.02001989220090425,0.11238252152264858,-0.2571407244640481,-0.02613359816672435,-0.10103541271299576,1.7697793238347612,1
sample_07633.html,-0.44344166922111394,-0.4805110314497277,-0.5789898120788778,-0.44738614348417116,0.6504347000600212,-0.31220658136317986,-0.10977361938621372,-1.9925510562714843,-1.0013706227272852,-0.2694832578645808,-0.002992550512523074,-0.10089070073278059,0.28481245779338993,1
sample_04108.html,0.2764825003803259,0.6380793935157958,0.05796600543856084,1.66514853262772,0.9218735937690402,-0.1294269860444857,0.5684261156270678,0.6330057270468457,-0.34156330034217247,-0.17799089921297004,-0.02613359816672435,0.014589459478927707,1.130415238442323,0
sample_04651.html,-0.4520377787088923,-0.4805110314497277,-0.4993703348891979,-0.4852195331338033,-1.2178329902344815,-0.3365771940723391,-0.44887348689285445,0.2652027488209249,-0.24938678060107453,-0.2630900031535135,-0.027419211925291086,-0.10364022835686888,0.43598900369544513,1
sample_07637.html,0.10509756746774432,0.7254692704662273,2.446550321128955,0.1835111920245591,0.10841434952050441,-0.31220658136317986,-0.44887348689285445,0.6342555048496409,0.5413194959584956,0.2019304818723126,-0.02613359816672435,0.3510448134792057,-0.837759994260899,1
sample_09150.html,2.2928074321073435,3.5569012836602085,0.05796600543856084,2.407500988996177,0.6674318178053731,0.7540077246625362,-0.10977361938621372,0.6880459191864137,-0.3385192931819975,-0.2087695369105215,-0.018419915615323922,0.6422053176721343,0.3970525337070857,0
sample_08789.html,1.3021058136408845,0.2972588734091129,0.6949218229559994,0.8164535756224587,-0.8316690324897306,0.9611579326903897,0.9075259831337085,0.6012570628443018,0.5483609807887098,1.1186410718753679,-0.02613359816672435,0.5775190625159519,-0.08542336429438485,0
sample_04308.html,0.16312130651024842,0.27104191032398345,-0.26051190332015844,-0.0005431360006782686,0.9427394637064638,0.163020366465425,-0.10977361938621372,0.5914756937050231,0.02742734579816984,0.043453240961515746,-0.02613359816672435,-0.09003730221664259,-0.28865609713765755,0
sample_09945.html,-0.3456609237976348,-0.4805110314497277,1.2522581632837582,-0.1958452285163468,-0.23994730238549689,0.016796690210469666,-0.10977361938621372,0.08917376844244689,-1.2764075510448025,0.23354157461036762,-0.02613359816672435,-0.09466808558352813,2.7261289252835983,1
sample_06767.html,-0.4337710460473632,-0.4368160929745119,-0.5789898120788778,-0.4760168167325414,-0.3616296670163603,-0.3365771940723391,-0.44887348689285445,-1.9925510562714843,-0.7178235835893878,-0.2694943572651209,0.0021499045217438758,-0.10364022835686888,0.1967610182677355,1
sample_00658.html,0.6353700714950735,0.1836520333735519,1.5707360720424772,1.0424313894756667,0.5174349958921607,1.0342697708178674,-0.44887348689285445,0.583225193712531,1.141075279917545,0.059358681935403675,-0.02613359816672435,0.024719298093989837,-0.4819857639935052,0
sample_09341.html,-0.45096326502292,-0.4805110314497277,-0.5789898120788778,-0.48215196100004937,-0.921628000988442,-0.3304845408950493,-0.10977361938621372,-1.9925510562714843,0.1777757948673206,-0.2694943572651209,-0.01584868809819045,-0.1034955163766537,-0.8555640895587476,1
sample_07576.html,-0.15493474453755185,-0.3232092529389509,-0.18089242613047862,-0.21220561322970122,0.2225123920589209,0.23613220459290268,-0.10977361938621372,0.4880343811161152,-0.02074605463808381,-0.258528149531554,-0.02613359816672435,-0.08786662251341498,-0.26088906692715147,0
sample_05962.html,-0.4520377787088923,-0.4805110314497277,-0.5789898120788778,-0.47806186482171076,-1.2762208304258267,-0.3365771940723391,-0.44887348689285445,-1.9925510562714843,-1.1947329964770348,-0.2694943572651209,-0.027419211925291086,-0.10364022835686888,0.20022651901015115,1
sample_04159.html,-0.45150052186590617,-0.4805110314497277,-0.4993703348891979,-0.4913546774013112,-2.256016803315404,-0.3304845408950493,-0.44887348689285445,0.9355022130303219,2.2850313513057636,-0.19098829724536556,-0.01970552937389066,-0.10364022835686888,-1.5198422527019813,1
sample_04008.html,0.15828599492337309,0.19239102106859504,-0.18089242613047862,-0.0680297229432653,-1.5607830570920789,-0.3304845408950493,-0.44887348689285445,0.3124599200374055,0.332340747792105,0.004782929479990581,-0.009420619305356762,0.08231466621962881,0.8340689998157205,1
sample_02259.html,0.4301379574743645,0.7779031966364862,-0.18089242613047862,0.05569568645147759,0.05822865374516197,-0.23300209005841238,-0.10977361938621372,0.6623723125665496,-0.24048160068040839,-0.18759188068011107,-0.02613359816672435,-0.035625597655737425,0.2734921723132422,0
sample_01656.html,-0.4520377787088923,-0.4805110314497277,-0.4993703348891979,-0.49237720144589586,-2.256016803315404,-0.3365771940723391,-0.44887348689285445,0.32146681233332947,-0.8329860769671793,-0.2532337354739514,-0.027419211925291086,-0.10364022835686888,0.7857714262425866,0
sample_08806.html,0.5332912713277052,1.0400728274877808,0.9337802545250389,0.35836280364853457,1.215762765207866,-0.2573727027675716,0.5684261156270678,0.6399005599753432,0.7652378946831845,-0.09299168987728702,-0.02613359816672435,0.20995063276941167,-0.39124619407973954,0
sample_00749.html,-0.40153563546819426,-0.4805110314497277,-0.4993703348891979,-0.40955275383453904,-1.1230232592588287,-0.20863147734925316,-0.10977361938621372,0.5865529830839468,0.3440723018067845,-0.265787157484745,-0.017134301856757187,-0.10161426063385645,-0.6159172563322561,1
sample_04756.html,-0.2231663635967928,-0.2008634252083468,-0.18089242613047862,-0.27560210399394963,-0.08947827640617466,-0.21472413052654296,-0.10977361938621372,0.6710463569800563,0.30675105711279343,-0.2426227085576661,-0.02613359816672435,-0.046478996171875425,-0.13069923900117028,0
sample_01901.html,0.22920389819754478,0.6031234427356232,0.5356828685766397,0.7090885509410702,1.239396278335464,0.1569277132881352,1.2466258506403491,0.267385672764168,-0.9450180919268967,-0.24600802572238056,-0.02613359816672435,-0.0503862196376851,0.7205452882524923,1
sample_01888.html,-0.23713504151443265,-0.2008634252083468,2.128072412370236,-0.26946695972644175,-1.2419768001226923,-0.2817433154767308,-0.44887348689285445,0.6263039083586726,0.8592707834060787,2.2018870675812945,-0.02613359816672435,-0.07759207191813769,-1.393506760628634,0
sample_09517.html,1.2188310029780314,1.6954969046160173,-0.34013138050983827,0.859399585495014,0.7269475772305027,0.9489726263358101,-0.44887348689285445,0.4994798843074448,0.42546711232743106,-0.22107877210943408,-0.02613359816672435,0.029784217401520905,-0.5556239944473709,0
sample_00941.html,-0.35640606065735775,-0.4805110314497277,-0.4993703348891979,-0.013835948580278744,0.4836032448201416,0.08381587516065754,-0.10977361938621372,0.15087492482480108,-1.6933338196877397,-0.26707468794739053,-0.02613359816672435,-0.09249740588030053,1.750178391558131,1
sample_04512.html,-0.09959728970997848,-0.052300634392613204,-0.1012729489407988,-0.415687898102047,-1.9676324077648897,-0.3365771940723391,-0.44887348689285445,0.7551676070067431,0.5615170728124212,-0.23661793286550045,-0.01584868809819045,-0.05675354676715273,-1.0777381274131468,0
sample_04258.html,0.6321465304371566,0.935204975147263,1.650355549232157,0.27247078390342383,0.8466188595541091,-0.25128004959028183,0.5684261156270678,0.6950274779882877,0.08887717442112189,-0.12067359482416525,-0.02613359816672435,-0.02564047102089047,-0.12191506481762564,0
sample_07269.html,-0.3821943891206929,-0.2882533021587783,-0.5789898120788778,-0.37376441227407625,1.0455802247764663,-0.31829923454046966,-0.44887348689285445,-1.9925510562714843,0.02507780481221077,-0.2694943572651209,-0.02613359816672435,-0.10204839657450197,0.23395628296371732,1
sample_01143.html,1.0442225290075329,1.5906290522754996,0.05796600543856084,0.7019308826289776,-0.22347063137786272,0.010704037033179861,-0.44887348689285445,0.495608520674957,0.6860667113576184,-0.17372872940559184,-0.02613359816672435,0.21096361663091787,-0.05892032198290473,0
sample_02024.html,-0.3096647153175628,-0.3406872283290372,-0.4993703348891979,-0.37376441227407625,0.06381297614258408,-0.2695580091221512,-0.10977361938621372,0.3316516123233787,-2.690270503033452,-0.26031515301850167,-0.02613359816672435,-0.0910502860781488,3.566025188243186,1
sample_04531.html,0.22920389819754478,0.3322148241892855,0.6153023457663196,-0.10586311259289742,0.08198701885843304,-0.29392862183131047,-0.10977361938621372,0.7139352783926083,0.25640190025824094,-0.1495764338304487,-0.01584868809819045,-0.030705390328421536,-0.0268447760679821,0
sample_06393.html,-0.4396808713202109,-0.4805110314497277,-0.5789898120788778,-0.45863390797460235,0.31483225371066226,-0.30002127500860026,-0.44887348689285445,-1.9925510562714843,-1.3240997819346962,-0.2694943572651209,-0.018419915615323922,-0.1034955163766537,1.0188871490283935,1
sample_07634.html,-0.4391436144772247,-0.4805110314497277,-0.4993703348891979,-0.44022847517207864,-0.5498168799907667,-0.245187396412992,-0.10977361938621372,0.3703367708508456,0.20890350610055172,-0.26836221841003605,-0.02613359816672435,-0.10161426063385645,-0.409770802505643,1
sample_09732.html,0.1475408580636501,-0.017344683612440594,-0.26051190332015844,0.6201289590622054,1.8004167682954146,1.454662840050864,0.22932624812042704,0.34779462270590655,-1.5622772164102439,-0.25738491127592916,-0.02613359816672435,-0.028679422605409108,1.9989071399624019,0
sample_02852.html,0.3930672353083202,0.59438445504058,-0.1012729489407988,0.34813756320268807,0.9379623551803254,0.1508350601108454,-0.44887348689285445,0.4907623397949942,-0.17147849222911601,-0.1871368052579691,-0.02613359816672435,-0.015365920425613166,-0.2553040471720924,0
sample_07258.html,-0.24573115100221105,-0.12221253595295842,-0.4993703348891979,-0.2060704689621933,1.0291809988208684,-0.17207555828551432,-0.10977361938621372,0.2746666162279023,-0.2216346569784013,-0.26569836228042465,-0.02613359816672435,-0.09654934132632538,0.0876536699153525,1
sample_04317.html,-0.24895469206012794,-0.46303305605964135,-0.5789898120788778,-0.47806186482171076,-0.4722282445368599,-0.32439188771775945,-0.44887348689285445,-1.9925510562714843,2.275925863471504,-0.2694943572651209,0.03557586224447905,0.3950372554646183,-1.5051251358237554,1
sample_01347.html,0.4806401007150625,0.42834368883476015,1.2522581632837582,0.22032205762960655,-0.36908510377901005,0.23613220459290268,-0.10977361938621372,0.6576898606929323,0.49496309922352444,0.4438974136453461,-0.02613359816672435,0.0536616941370245,-0.763782550022911,0
sample_03534.html,0.44464389223499057,0.5769064796504938,0.05796600543856084,0.19782652864874423,0.6110893736266998,0.18739097917458425,-0.10977361938621372,0.5116147285798551,-0.21734651433793023,-0.1677461525145063,-0.02613359816672435,-0.02477219913959943,-0.012783179593011075,0
sample_00835.html,-0.45096326502292,-0.4805110314497277,-0.1012729489407988,-0.45045371561792513,-0.7294861909977048,-0.3304845408950493,-0.10977361938621372,0.6422603775882729,1.0183767159852848,0.45274363587576383,19.999871919027346,0.14584322553408988,-1.3442437484855005,0
sample_03025.html,-0.3290059616650642,-0.31447026524390775,0.6153023457663196,-0.34308869093653666,1.1501885837685886,-0.2878359686540206,-0.10977361938621372,0.6437819808784829,0.37552609053988806,-0.1866151334325869,-0.02613359816672435,-0.07382956043254318,-0.6362699008523768,1
sample_04092.html,-0.42410042287361255,-0.4542940683645982,-0.34013138050983827,-0.4811294369554647,-1.2997948668677775,-0.3365771940723391,-0.44887348689285445,0.5573990544106063,0.452806460585098,-0.22373152883850542,0.03686147600304579,-0.10118012469321093,-0.9963078103185528,0
sample_09052.html,-0.11087968341268763,-0.2882533021587783,1.2522581632837582,-0.006678280268186181,0.11565802966057716,0.4493750657980459,-0.44887348689285445,0.6117381401035223,-0.06303467911104901,-0.08676492617432043,-0.02613359816672435,-0.058490090529734806,0.5090650112262307,0
sample_07282.html,-0.3580178311863162,-0.31447026524390775,-0.4993703348891979,-0.3042327772423199,0.4340505418293616,-0.22690943688112258,-0.44887348689285445,0.39383067599079224,-1.735943737157983,-0.26774065197979335,-0.017134301856757187,-0.10089070073278059,1.7497610300523538,0
sample_00849.html,-0.15708377190949643,0.1661740579834656,-0.26051190332015844,-0.2970751089302273,0.9360026101976004,-0.29392862183131047,-0.10977361938621372,0.39178325184789975,-0.18952069701488194,-0.010367752257174128,0.0034355182803106135,-0.02303565537701735,0.20126606362784655,1
sample_01301.html,-0.4520377787088923,-0.4805110314497277,-0.4993703348891979,-0.49237720144589586,-2.256016803315404,-0.3365771940723391,-0.44887348689285445,0.7697390010992521,1.3592723457167761,2.1264777403122124,-0.027419211925291086,-0.10364022835686888,-1.5522331665246654,1
sample_02182.html,-0.44129264184916933,-0.46303305605964135,-0.5789898120788778,-0.4688591484204489,-0.6870861635491745,-0.3304845408950493,-0.44887348689285445,-1.9925510562714843,-0.1656403175271219,-0.2694943572651209,0.011149200831711038,-0.10364022835686888,-0.25746403507496246,1
sample_04932.html,-0.1946917509185269,-0.3669041914141667,-0.26051190332015844,0.13443003788449578,0.0669051642450704,0.29096608318851097,0.22932624812042704,0.025839890349422478,-0.08330252480612024,-0.24301118757656776,-0.02613359816672435,-0.08294641518609909,0.7006460022117044,0
sample_07896.html,-0.4520377787088923,-0.4805110314497277,-0.26051190332015844,-0.4617014801083563,-0.6935759838145575,-0.3365771940723391,-0.10977361938621372,0.8158236797388987,2.4290992317132636,-0.22507455630385115,-0.027419211925291086,-0.10364022835686888,-1.4335145740823896,0
sample_05456.html,-0.3376020711528425,-0.27951431446373515,-0.4197508576995181,-0.29093996466271943,-0.16855496754283888,-0.19035351781738374,-0.44887348689285445,0.14159721063219582,-0.9270048233390177,-0.2038747012723606,-0.023562370649590873,-0.10045656479213506,1.3020076745431362,0
sample_03071.html,-0.44344166922111394,-0.4805110314497277,-0.5789898120788778,-0.4453410953950019,0.7087154325574094,-0.31220658136317986,-0.10977361938621372,-1.9925510562714843,-0.9879893037202134,-0.2694832578645808,-0.002992550512523074,-0.10089070073278059,0.37650090845157924,1
sample_05491.html,-0.42947299130347405,-0.4542940683645982,-0.4197508576995181,-0.4688591484204489,-1.112092042776864,-0.32439188771775945,-0.10977361938621372,0.3575356311839183,0.32640213201165463,-0.26451072642263956,-0.02613359816672435,-0.10204839657450197,-0.803971508695999,1
sample_09636.html,-0.2919352394990199,-0.44555508066955507,0.05796600543856084,1.0649269184565293,0.7416276962345513,0.8088416032581446,-0.44887348689285445,0.3781983864745953,-0.26044249401057923,-0.23422046234885022,-0.02613359816672435,-0.05964778637145619,-0.2575762241214831,1
sample_02692.html,1.6980641069216764,3.2597757020287417,1.2522581632837582,3.0649839496641085,0.13248495966333138,0.7783783373716955,0.5684261156270678,0.613320263265073,-0.19790287002983392,0.3295846874833978,-0.01970552937389066,0.2935941573337818,0.4253180066180599,0
sample_04771.html,-0.33115498903700874,-0.34942621602408036,-0.4993703348891979,-0.4003500374332772,0.4618700726624893,-0.2817433154767308,-0.10977361938621372,0.3316516123233787,0.1053092138274795,-0.26031515301850167,-0.004278164271089811,-0.09582578142524951,-0.3918705153675585,1
sample_02070.html,0.45324000172276896,-0.270775326768692,0.2968244370076003,0.5403720835846026,0.549716640765065,0.4310971062661765,0.5684261156270678,0.5205355407574459,0.49737015981900623,-0.06232404618513603,-0.02613359816672435,0.4294787067558296,-0.23559650596653722,0
sample_08164.html,-0.04963240331226662,0.31473684879919916,-0.18089242613047862,0.213164389317514,0.6855961950298982,-0.30611392818589006,-0.10977361938621372,0.2763272146497089,-0.46884836108057404,-0.2638891599923969,-0.02613359816672435,-0.08873489439470603,0.6532419254120913,0
sample_01583.html,-0.41872785444375105,-0.44555508066955507,-0.4993703348891979,-0.41466537405746234,-0.8807664702485071,-0.30002127500860026,-0.10977361938621372,0.40973863008096567,0.42220264208583586,-0.25702973045864763,-0.014563074339623712,-0.10045656479213506,-0.37157295495220827,1
sample_05791.html,-0.3886414712365267,-0.4805110314497277,-0.4993703348891979,-0.43920595112749394,0.13229338187351822,-0.2208167837038328,-0.10977361938621372,-0.1268481045386658,-0.4471929066292876,-0.2651655910545024,-0.02613359816672435,-0.10320609241622336,-0.02373773269279918,1
sample_03940.html,-0.4520377787088923,-0.4805110314497277,-0.26051190332015844,-0.48419700908921864,-2.256016803315404,-0.3365771940723391,-0.44887348689285445,0.21327366076310508,-1.1416429634053273,-0.1890792003524774,-0.027419211925291086,-0.10364022835686888,-1.4607928746475884,1
sample_04052.html,0.45646354278068585,1.5644120891903701,0.854160777335359,-0.21118308918511658,-2.1017219687523925,-0.3365771940723391,-0.44887348689285445,0.4855770467231641,-0.008994744593308701,2.1383762976911433,0.00472113203887735,-0.09177384597922467,-0.9936596142766927,0
sample_08281.html,-0.3273941911361057,-0.3406872283290372,-0.4993703348891979,-0.3931923691211846,0.4911933928541008,-0.2817433154767308,-0.10977361938621372,0.343253371727165,0.01502291509784923,-0.25871683934073486,-0.004278164271089811,-0.09582578142524951,-0.20254721649351112,1
sample_05032.html,-0.4520377787088923,-0.4805110314497277,-0.5789898120788778,-0.483174485044634,-1.526369541550729,-0.3365771940723391,-0.44887348689285445,-1.9925510562714843,-0.07208867560305328,-0.2694943572651209,-0.027419211925291086,-0.10364022835686888,-0.0500017425837203,1
sample_06391.html,-0.3832689028066652,-0.42807710527946874,-0.1012729489407988,-0.009745852401940137,1.3099294260947196,-0.11114902651261627,0.22932624812042704,0.5846548070119363,-1.0520394786032763,-0.23902650278269075,-0.02613359816672435,-0.09727290122740126,1.4910058403036295,1
sample_00051.html,-0.004502828501430098,0.1661740579834656,0.2968244370076003,-0.0025881840898475724,-0.5879464438622002,-0.06240780109429781,0.5684261156270678,0.41679137973488833,-0.06738662971160375,-0.17970020689613736,-0.02613359816672435,-0.03215251013057327,0.5058765085642771,0
sample_05938.html,-0.4520377787088923,-0.4805110314497277,-0.4993703348891979,-0.49237720144589586,-2.256016803315404,-0.3365771940723391,-0.44887348689285445,0.7879789830011079,1.4016654361215648,-0.267185681952791,-0.027419211925291086,-0.10364022835686888,-1.0168014571092276,1
sample_07644.html,-0.45042600817993383,-0.4805110314497277,-0.5789898120788778,-0.4617014801083563,-1.2126105181544815,-0.32439188771775945,-0.44887348689285445,-1.9925510562714843,-1.89536292590314,-0.2694943572651209,-0.011991846822490236,-0.1034955163766537,0.6322647901145987,0
sample_06435.html,-0.40422191968312504,-0.46303305605964135,-0.4993703348891979,-0.42898071068164745,-0.5040092763086924,-0.2695580091221512,-0.44887348689285445,0.2830138309046778,-0.06787708757920415,-0.26818462800139525,-0.0017069367539563366,-0.1003118528119199,-1.0615007935445215,1
sample_05273.html,-0.38810421439354054,-0.4018601421943393,-0.4197508576995181,-0.37785450845241486,0.3340724497793352,-0.21472413052654296,-0.44887348689285445,0.29084277569300687,-0.4315246546080672,-0.25831726092129315,-0.02613359816672435,-0.1003118528119199,0.45931230465110306,0
sample_03191.html,0.5467226924023589,-0.44555508066955507,0.2968244370076003,0.9923277112910188,0.22908938948445912,1.771480805269934,-0.44887348689285445,0.524783419879181,-0.4484582839620697,-0.22359833603202484,-0.02613359816672435,-0.07773678389835285,0.09442953630842914,0
sample_09782.html,0.7390606421914002,0.646818381210839,0.6153023457663196,0.3215519380434871,1.4365628357030458,0.18739097917458425,0.5684261156270678,0.5013985696567367,0.09504580941277611,-0.19456230421926082,-0.014563074339623712,0.21877806356253723,0.25122784208560095,1
sample_04037.html,0.16741936125413762,0.4458216642248465,-0.26051190332015844,0.07512364329858598,0.2191835265965153,-0.3365771940723391,-0.44887348689285445,0.7046473544728973,-0.3898125935989432,-0.23328811270348623,-0.01584868809819045,-0.04980737171682441,0.7410880479006038,0
sample_08967.html,-0.004502828501430098,0.37590976266450127,0.854160777335359,-0.08234505956745043,-0.8572652641315323,-0.2208167837038328,-0.10977361938621372,0.630879097406416,0.07664531284969882,-0.17443909104015487,-0.02613359816672435,-0.0612396181538231,-0.07761758811282593,0
sample_01351.html,-0.4026101491541666,-0.4105991298893824,-0.5789898120788778,-0.3308184024015209,-1.5780125099935411,-0.2634653559448614,-0.10977361938621372,-1.9925510562714843,-0.17605569556385223,-0.2694943572651209,-0.02613359816672435,-0.10002242885148954,-0.4612652098041501,1
sample_02032.html,-0.04157355066747439,0.05256721794790462,0.13758548262824066,0.4258493905911216,-0.33767935469286836,0.132557100578976,-0.10977361938621372,0.6558601191185488,-0.7310550868932573,-0.24506457667647652,-0.02613359816672435,-0.08178871934437772,1.2840065280832755,0
sample_08237.html,-0.26346062682075394,-0.3581652037191235,-0.1012729489407988,-0.22243085367554774,-0.17528421462494628,-0.2208167837038328,-0.10977361938621372,0.7472455453122292,0.2739719405598528,-0.23877121657026965,-0.02613359816672435,-0.06427856973834174,-0.20537251608074425,1
sample_07643.html,-0.2521782331180448,-0.3232092529389509,-0.4197508576995181,-0.3553589794715525,-0.052851702491687275,-0.14161229239906528,-0.10977361938621372,0.48869273275253916,-0.1961593694728492,-0.24921575247845426,-0.02613359816672435,-0.08410411102782048,0.08192395823254385,0
sample_04478.html,0.005705051515306735,0.017611267167732012,0.05796600543856084,-0.03939904969489504,-0.37281941722302386,0.1569277132881352,0.5684261156270678,0.5271252573411604,-0.38091607367947644,-0.2307796481814355,-0.02613359816672435,-0.0699223369667335,0.43727599002306655,0
sample_01050.html,-0.3864924438645821,-0.3669041914141667,-0.34013138050983827,-0.40750770574536976,-0.5472127870879951,-0.2695580091221512,-0.10977361938621372,0.5632410026766638,0.3157361547073439,-0.2611587074595453,-0.02613359816672435,-0.09466808558352813,-0.6472252753246146,0
sample_07460.html,-0.13451898450407818,-0.11347354825791527,0.6153023457663196,-0.25208405096850267,0.8744166854242634,-0.17816821146280412,-0.10977361938621372,0.8079122123113357,1.6457635200295442,0.438736192394224,-0.02613359816672435,-0.0671728093426452,-1.2204703126480447,0
sample_07860.html,-0.23820955520040496,-0.46303305605964135,-0.34013138050983827,-0.1447190262871142,-0.1387883731422947,0.12646444740168616,-0.44887348689285445,0.4939695822367876,-0.6788752114500011,-0.26558736827502416,-0.02613359816672435,-0.08251227924545358,0.7446449295874776,0
sample_08968.html,-0.39884935125326354,-0.42807710527946874,-0.5789898120788778,-0.4453410953950019,-1.3551134896387114,-0.275650662299441,-0.44887348689285445,-1.9925510562714843,-0.3412524390026011,-0.26947215846404077,-0.002992550512523074,-0.09220798191987019,-0.4665302332828814,1
sample_05824.html,-0.18770741195970694,-0.15716848673313102,-0.5789898120788778,-0.34308869093653666,1.100821226869268,-0.30611392818589006,-0.10977361938621372,-1.9925510562714843,0.3163179842141385,-0.2694943572651209,0.0008642907631771383,-0.058345378549519634,-0.20849749927324426,1
sample_03455.html,-0.3483472080125655,-0.270775326768692,-0.5789898120788778,-0.45454381179626374,-1.6411871302584207,-0.3365771940723391,-0.44887348689285445,-1.9925510562714843,-0.008450354205593508,-0.2694943572651209,0.0021499045217438758,-0.07136945676888523,-0.9941139636180285,1
sample_07054.html,-0.4171160839147926,-0.46303305605964135,-0.5789898120788778,-0.46272400415294096,-0.5839699178082227,-0.30611392818589006,-0.10977361938621372,-1.9925510562714843,-0.010445903801396223,-0.26943886026242064,0.0034355182803106135,-0.10262724449536266,-0.484575681704401,1
sample_01588.html,0.07071312951663078,-0.0348226590025269,0.2968244370076003,-0.10586311259289742,0.41682596406606715,0.21176159188374347,-0.10977361938621372,0.41623878286782384,-0.3917560750340892,-0.20226528819405373,-0.02613359816672435,-0.09408923766266744,0.49307960402186085,1
sample_02656.html,-0.28548815738318606,-0.31447026524390775,-0.18089242613047862,-0.11199825686040533,0.6005782123726296,-0.03803718838513859,-0.44887348689285445,0.5421460818923787,-0.6011616636640762,-0.25161322299510447,-0.02613359816672435,-0.09408923766266744,0.10242173796078372,0
sample_07442.html,0.9679320573034997,0.13995709489833613,-0.021653471751118984,0.5250342229158329,0.8119277457725917,1.57651590359666,-0.10977361938621372,0.25326386061576167,-0.4277122377903324,-0.23907090038485093,-0.01584868809819045,-0.07165888072931557,0.1655581870995871,0
sample_08505.html,-0.4520377787088923,-0.4805110314497277,-0.4993703348891979,-0.49237720144589586,-2.256016803315404,-0.3365771940723391,-0.44887348689285445,0.9232313261349003,2.1711982234765856,3.1649265554385075,-0.027419211925291086,-0.10364022835686888,-1.5523844033566976,1
sample_04243.html,-0.4429044123781278,-0.4542940683645982,-0.4993703348891979,-0.4279581866370628,-1.1919346938205897,-0.3365771940723391,-0.44887348689285445,0.004534774356420329,-2.205508608949777,-0.2677961489824936,0.0034355182803106135,-0.10364022835686888,-0.30341129701470815,1
sample_06821.html,-0.4455906965930585,-0.46303305605964135,-0.5789898120788778,-0.4494311915733405,2.0410089126120043,-0.3365771940723391,-0.10977361938621372,-1.9925510562714843,-0.4636230069988015,-0.2694943572651209,0.012434814590277775,-0.1034955163766537,1.0998323087959543,1
sample_03479.html,-0.4106690017989588,-0.42807710527946874,-0.5789898120788778,-0.4576113839300177,-1.3581133468635507,-0.32439188771775945,-0.10977361938621372,-1.9925510562714843,-0.7574310686004345,-0.26947215846404077,-0.002992550512523074,-0.10175897261407163,1.2629106457973216,1
sample_07882.html,-0.4498887513369477,-0.4717720437546845,-0.5789898120788778,-0.486242057178388,-0.9368723521326343,-0.3365771940723391,-0.44887348689285445,-1.9925510562714843,0.20485366671049163,-0.2694943572651209,-0.0017069367539563366,-0.10364022835686888,0.1815394744040503,1
sample_09510.html,-0.24788017837415563,-0.11347354825791527,-0.34013138050983827,-0.34717878711487526,-0.10299202617367229,-0.3304845408950493,-0.44887348689285445,0.6391445861988644,0.3244298508579721,-0.2572295196683685,-0.008135005546790024,-0.09568106944503435,-0.5331796141636637,1
sample_03692.html,-0.44344166922111394,-0.4805110314497277,-0.5789898120788778,-0.4453410953950019,0.7087154325574094,-0.31220658136317986,-0.10977361938621372,-1.9925510562714843,-0.9906576553242784,-0.2694832578645808,-0.002992550512523074,-0.10074598875256541,0.3756994575430712,1
sample_02130.html,-0.41872785444375105,-0.44555508066955507,-0.4993703348891979,-0.41466537405746234,-0.8807664702485071,-0.30002127500860026,-0.10977361938621372,0.40973863008096567,0.42220264208583586,-0.25702973045864763,-0.014563074339623712,-0.10045656479213506,-0.37157295495220827,1
sample_00647.html,-0.22262910675380662,-0.1833854498182605,-0.34013138050983827,-0.33695354666902877,-1.4214344090117037,-0.2634653559448614,-0.44887348689285445,0.7142077093360674,1.1081097892204128,-0.20606128317874994,-0.004278164271089811,-0.02289094339680218,-1.0487118158981286,1
sample_05578.html,-0.4106690017989588,-0.44555508066955507,-0.5789898120788778,-0.4013725614778618,-0.5536660710694449,-0.275650662299441,-0.44887348689285445,-1.9925510562714843,-0.5406521159803239,-0.26943886026242064,-0.01584868809819045,-0.10045656479213506,0.7964993326968534,0
sample_04667.html,0.2764825003803259,0.5419505288703211,0.9337802545250389,-0.05984953058658808,0.20748112987320244,-0.3365771940723391,-0.10977361938621372,0.6961941131299019,0.14191208785984855,-0.1829856294559914,-0.01584868809819045,-0.030850102308636707,0.08178043969400824,0
sample_01121.html,-0.33330401640895335,-0.46303305605964135,-0.4197508576995181,-0.02201614093695596,-0.9508604074233149,-0.16598290510822453,-0.44887348689285445,0.2929388072260461,-1.0616400543028062,-0.2678627453857339,-0.01970552937389066,-0.0932209657813764,0.6286869829867412,0
sample_00158.html,-0.41819059760076494,-0.42807710527946874,-0.5789898120788778,-0.3297958783569362,0.2594611247932507,-0.19035351781738374,-0.44887348689285445,-1.9925510562714843,-1.2878535902533073,-0.2694832578645808,-0.02613359816672435,-0.10103541271299576,0.9217373929512789,1
sample_08807.html,-0.19415449407554072,-0.27951431446373515,-0.5789898120788778,3.4003718362878743,1.9237407221529232,0.2726881236566415,-0.10977361938621372,-1.9925510562714843,-1.6373625684228301,-0.2694832578645808,-0.02613359816672435,-0.08338055112674461,1.4794160533963319,1
sample_01116.html,-0.3768218206908314,-0.3232092529389509,-0.34013138050983827,-0.37580946036324553,-0.041574217966220406,-0.2878359686540206,0.22932624812042704,0.5636389140211698,0.3706676264346569,-0.26527658505990287,-0.013277460581056975,-0.1034955163766537,-0.33347425878736037,1
sample_01617.html,-0.42732396393152944,-0.4717720437546845,-0.34013138050983827,-0.4259131385478935,-0.4232580933048046,-0.29392862183131047,-0.44887348689285445,0.5357812633401041,-1.253412010977996,-0.24359945580519027,0.006006745797444088,-0.08497238290911152,-1.4170165522433773,1
sample_08753.html,0.15774873808038692,0.6905133196860547,1.3318776404734378,0.3675655200497964,1.1565857340162777,-0.1477049455763551,3.281225055680194,0.36537010421805405,-0.276863203055568,-0.12290457433271477,-0.02613359816672435,-0.04315062062692644,0.36439296590501746,0
sample_05131.html,-0.4520377787088923,-0.4805110314497277,-0.4993703348891979,-0.49237720144589586,-2.256016803315404,-0.3365771940723391,-0.44887348689285445,0.8158548968971763,1.5362767445723708,-0.267185681952791,-0.027419211925291086,-0.10364022835686888,-1.0168014571092276,1
sample_00376.html,3.0127316017087833,3.81033192681646,0.6949218229559994,2.6293887066710466,1.5739360111810416,-0.1294269860444857,-0.10977361938621372,0.6121193933955611,0.4274705571250437,3.3581782182412727,-0.02613359816672435,0.2422214043573953,-0.45596274217183264,1
sample_01258.html,0.010540363102182078,0.2186079841537245,0.7745413001456792,0.015817248712676164,-1.5200790387355052,-0.25128004959028183,-0.44887348689285445,0.6107712549614173,1.010697790174609,0.08284501347814399,-0.013277460581056975,-0.0011841463645261825,-0.9288677606723736,0
sample_06900.html,-0.34404915326867636,-0.4193381175844256,-0.4993703348891979,-0.2766246280385343,-0.16484570806975696,-0.013666575675979363,-0.44887348689285445,0.28522094978425,0.1689170565528573,-0.26679720293388937,-0.017134301856757187,-0.08120987142351702,0.026896554236497786,1
sample_08757.html,-0.4520377787088923,-0.4805110314497277,-0.4993703348891979,-0.4913546774013112,-2.256016803315404,-0.3365771940723391,-0.44887348689285445,0.5895565310796353,0.5068332827846372,-0.262501734924891,-0.027419211925291086,-0.10364022835686888,-0.7543716556224874,1
sample_02750.html,-0.3488844648555517,-0.27951431446373515,-0.4993703348891979,-0.3563815035161372,0.14577448335547225,-0.2878359686540206,-0.44887348689285445,-0.05524133963094125,-0.28115572591073984,-0.2686175046224571,-0.02613359816672435,-0.09654934132632538,0.0096036003179446,1
sample_06703.html,-0.44720246712201694,-0.4805110314497277,-0.5789898120788778,-0.43307080685998606,0.4751530376283746,-0.2817433154767308,-0.10977361938621372,-1.9925510562714843,-0.6815892321356279,-0.2694610590635007,-0.02613359816672435,-0.10364022835686888,-0.3423017440705612,1
sample_08477.html,6.201888221674564,1.3197204337291617,4.118559342112231,16.705454704423364,1.281807788096996,19.933679926770846,0.5684261156270678,0.20831244129259247,-1.7380340240253225,-0.106566256737765,-0.02613359816672435,3.3546866748253423,2.4696262908090745,0
sample_06535.html,-0.45096326502292,-0.4805110314497277,-0.5789898120788778,-0.45147623966250977,0.6953601823130514,-0.3304845408950493,-0.10977361938621372,-1.9925510562714843,-0.3478124040752843,-0.2694943572651209,-0.01584868809819045,-0.1034955163766537,-0.05797874232692409,1
sample_09317.html,-0.02653035906386221,0.131218107203293,0.5356828685766397,0.1150020810373874,0.9721347784850795,-0.05631514791700801,0.22932624812042704,0.5756500432800049,0.20750591632600074,-0.20080016732276748,-0.02613359816672435,-0.09090557409793362,-1.0492981584883865,0
sample_05135.html,-0.3295432185080503,-0.3406872283290372,-0.021653471751118984,-0.23879123838890218,1.4800981647374434,-0.2634653559448614,-0.10977361938621372,0.7116872089326881,0.8413545078616831,-0.08517771189709364,-0.013277460581056975,-0.09683876528675574,-0.4544011045421773,1
sample_08079.html,-0.3359903006238841,-0.3406872283290372,0.13758548262824066,-0.22243085367554774,0.5847042295639785,-0.23909474323570218,0.22932624812042704,0.8579569808408904,1.048282836582259,-0.08060475887459412,-0.02613359816672435,-0.07151416874910041,-0.7580881573554449,1
sample_07062.html,0.1190662453853842,0.42834368883476015,0.21720495981792048,0.20600672100542144,0.4017248995915018,-0.19644617099467354,0.5684261156270678,0.6771154376871099,-0.0915099012461315,-0.17261878935158712,-0.02613359816672435,-0.04242706072585057,0.1476389040938933,0
sample_08903.html,-0.12484836133032749,-0.31447026524390775,-0.34013138050983827,0.04138034982729246,0.8915119357644858,0.3579852681386988,-0.10977361938621372,0.596816175308603,-0.5082217711260638,-0.23568558322013647,-0.02613359816672435,-0.08974787825621224,0.7465508135372175,0
sample_05198.html,-0.4235631660306264,-0.4717720437546845,-0.34013138050983827,-0.46272400415294096,-0.7389887618657641,-0.2634653559448614,-0.10977361938621372,0.4210532498922086,-0.14208924211714405,-0.2643442354145389,-0.02613359816672435,-0.10060127677235024,-0.39806209912033086,1
sample_08098.html,-0.4337710460473632,-0.46303305605964135,-0.26051190332015844,-0.4606789560637717,-0.07026198971077695,-0.31220658136317986,-0.44887348689285445,0.27073757210414384,-0.6199538482446006,-0.24584153471427983,-0.02613359816672435,-0.10335080439643853,1.5223558666298511,0
sample_01559.html,-0.3993866080962497,-0.3581652037191235,-0.34013138050983827,-0.060872054631172734,0.44546640760592643,-0.2634653559448614,0.22932624812042704,0.17362252406377476,0.3035774615195415,-0.2573294142732289,-0.017134301856757187,-0.1003118528119199,-0.27995243049185425,1
sample_02948.html,0.15989776545233153,-0.2882533021587783,-0.021653471751118984,-0.0935928240578816,0.7530842406484738,0.4128191467343071,0.9075259831337085,0.5017326299078323,0.879715812777223,-0.16033175295375462,-0.02613359816672435,0.03094191324324229,-0.8463609241621838,0
sample_00186.html,-0.44182989869215544,-0.4805110314497277,-0.5789898120788778,-0.4044401336116158,0.39005498763978147,-0.20863147734925316,-0.10977361938621372,-1.9925510562714843,-0.5311948564767017,-0.2694943572651209,-0.013277460581056975,-0.09843059706912263,0.357549095088158,1
sample_01615.html,-0.3854179301786098,-0.42807710527946874,-0.4197508576995181,-0.34308869093653666,-0.36483304460550553,-0.1537975987536449,-0.44887348689285445,0.5009256584764864,-0.37934945808904064,-0.2614028942714263,-0.02613359816672435,-0.09886473300976815,0.6502219475165902,0
sample_07037.html,-0.3461981806406209,-0.4193381175844256,-0.1012729489407988,-0.39523741721035394,-1.0058525110023804,-0.31220658136317986,0.22932624812042704,0.9052395394556447,1.7097721176365466,-0.06398895626614315,0.0034355182803106135,-0.04242706072585057,-0.5143773036237698,1
sample_02633.html,1.4740280033964523,1.2410695444737734,1.5707360720424772,0.25099777896714615,0.11098951256609892,-0.04412984156242839,0.22932624812042704,0.6491245109335875,0.5845956489775702,0.19751292045737373,-0.022276756891024138,0.3399019910026373,-0.5040815303417199,0
sample_04419.html,0.03847771893746183,0.27104191032398345,0.2968244370076003,0.24384011065505357,0.14819042014925657,0.09600118151523715,0.22932624812042704,0.5234413952401539,-0.5112285837999613,-0.1247581742229027,-0.02613359816672435,-0.08902431835513637,0.18453404190423833,0
sample_03474.html,-0.3209471090202719,-0.3057312775488646,-0.18089242613047862,-0.4576113839300177,-0.7322308816740207,-0.3365771940723391,-0.44887348689285445,0.7029381088474748,0.7547384711159157,-0.22343184502392413,-0.01584868809819045,-0.0997330048910592,-0.9971174228009272,0
sample_01182.html,-0.41819059760076494,-0.4368160929745119,-0.5789898120788778,-0.412620325968293,0.2842599897372601,-0.3304845408950493,-0.10977361938621372,-1.9925510562714843,-0.07986321421318907,-0.2694943572651209,-0.009420619305356762,-0.0910502860781488,-0.37747992663228525,1
sample_05066.html,-0.23283698677054346,-0.4542940683645982,-0.26051190332015844,-0.3308184024015209,1.6915276806837183,-0.0014812693213997515,-0.44887348689285445,0.6072257922465649,-0.18993892125367187,-0.24096889787719902,0.006006745797444088,-0.09568106944503435,0.7552578308611099,0
sample_06663.html,-0.3091274584745766,-0.4717720437546845,-0.34013138050983827,-0.3972824652995232,0.2840576563631168,-0.11114902651261627,-0.10977361938621372,0.580210117289964,0.38289256618531764,-0.2527453618501893,-0.02613359816672435,0.03050777730259677,0.30778130394280084,0
sample_03271.html,0.6837231873638269,2.018839449332614,1.4114971176631177,0.6262641033297134,-0.389942749570307,-0.245187396412992,0.22932624812042704,0.5605877350363804,0.35335661621951686,4.6011334883179416,-0.02613359816672435,-0.08656421469147843,0.026522360416139066,1
sample_01642.html,-0.23283698677054346,-0.3406872283290372,-0.4197508576995181,1.382931896322356,-0.39583455692449027,0.07772322198336773,-0.44887348689285445,0.3403840820313414,-0.05184532923936127,-0.2507474697529808,-0.00042132299538959916,-0.009288017256575888,0.8061768211267075,0
sample_09071.html,-0.33867658483881485,-0.2183414005984331,-0.5789898120788778,-0.35229140733779857,0.483242036446379,-0.3365771940723391,-0.10977361938621372,-1.9925510562714843,0.10849279301414495,-0.2694943572651209,0.00472113203887735,-0.10074598875256541,-0.45705096940425294,0
sample_02131.html,-0.0952992349660893,-0.2358193759885194,0.21720495981792048,-0.11302078090498999,0.9627053104652481,0.132557100578976,-0.10977361938621372,0.6010129878301957,0.679348677443507,0.1720064980163448,-0.02613359816672435,-0.0574771066682286,-0.724474024390094,0
sample_00326.html,-0.4520377787088923,-0.4805110314497277,-0.5789898120788778,-0.49237720144589586,-2.256016803315404,-0.3365771940723391,-0.44887348689285445,-1.9925510562714843,-1.3820197317511476,-0.2694943572651209,-0.027419211925291086,-0.10364022835686888,-1.3089010697936254,1
sample_05440.html,-0.43538281657632166,-0.4717720437546845,-0.5789898120788778,-0.4023950855224465,0.7040099552539401,-0.275650662299441,1.58572571814699,-1.9925510562714843,0.8942778069405961,-0.2694943572651209,-0.01584868809819045,-0.10320609241622336,-0.11345398987299699,1
sample_06784.html,-0.4520377787088923,-0.4805110314497277,-0.5789898120788778,-0.48828710526755725,-0.8549851589824252,-0.3365771940723391,-0.44887348689285445,-1.9925510562714843,-1.9231918848263876,-0.2694943572651209,-0.027419211925291086,-0.10364022835686888,0.42861710773226586,1
sample_00086.html,0.9099083182609957,1.2410695444737734,-0.34013138050983827,0.42891696272487556,0.6219704216060785,-0.31829923454046966,1.2466258506403491,0.7650175820357767,-0.04313927011942725,-0.2593717039725976,-0.02613359816672435,0.19547943474789434,0.09715414606343933,1
sample_06678.html,-0.011487167460250037,0.12247911950824984,0.45606339138695995,-0.2817372482614576,-0.15330606223230867,-0.31829923454046966,-0.10977361938621372,0.7306995983485799,0.1206111346649811,-0.21753806333715897,-0.02613359816672435,-0.07093532082823971,-0.9148410790453493,1
sample_00051.html,0.41079671112686317,-0.052300634392613204,-0.1012729489407988,-0.2643543395035185,0.5045483039584125,0.004611383855890054,0.22932624812042704,0.6292901229295147,0.8423313601172837,-0.17703635076652596,-0.02613359816672435,0.09287864077533646,-0.49406091683036324,1
sample_01166.html,-0.43538281657632166,-0.4368160929745119,-0.4197508576995181,-0.4044401336116158,0.3799595515219421,-0.30611392818589006,-0.10977361938621372,0.5715388083530842,0.16791729121646995,-0.20107765233626865,-0.02613359816672435,-0.10364022835686888,-0.03318936977426574,1
sample_09060.html,0.0905916327071183,-0.1659074744281742,0.13758548262824066,-0.1784623197584077,0.7886022202557522,0.010704037033179861,0.22932624812042704,0.47034095997102415,0.3355248316948684,-0.22390911924714618,-0.013277460581056975,0.01603657928107944,-0.2174837180417894,1
sample_00009.html,-0.44075538500618316,-0.4717720437546845,-0.4197508576995181,-0.4617014801083563,-1.61853551235032,-0.30002127500860026,-0.10977361938621372,0.40139478109889704,0.37360462090678204,-0.2675630615711526,-0.02613359816672435,-0.10277195647557784,-0.5917277594587909,1
sample_09288.html,0.9007749519302312,-0.4105991298893824,-0.4993703348891979,-0.3001426810639813,0.861317976456831,-0.18426086464009395,-0.10977361938621372,-0.07358896549980586,2.4590736563637186,-0.2691724746494595,-0.014563074339623712,3.1701789000509963,-1.32281700955416,1
sample_04388.html,-0.4310847618324325,-0.4717720437546845,-0.34013138050983827,-0.42182304236955487,1.182785332137155,-0.2817433154767308,-0.10977361938621372,0.6991622601543741,0.6240075333251542,-0.24177915411662249,-0.014563074339623712,-0.10291666845579302,-0.08597676072304372,1
sample_08960.html,0.3543847426133175,0.2885198857140697,-0.4197508576995181,0.31643931782056384,0.9294262547157216,0.5895060888757114,0.22932624812042704,-0.5165103502920579,0.6249392057647946,-0.23273314267648385,-0.02613359816672435,-0.08063102350265633,0.7660549281660312,1
sample_06809.html,-0.3821943891206929,-0.2882533021587783,-0.5789898120788778,-0.37376441227407625,1.0558977128397216,-0.31829923454046966,-0.44887348689285445,-1.9925510562714843,-0.7758053585526814,-0.2694943572651209,-0.02613359816672435,-0.10204839657450197,0.2507114074171844,1
sample_02818.html,-0.25432726048998944,-0.34942621602408036,-0.4197508576995181,-0.389102272942846,0.49279468497594064,-0.20863147734925316,-0.10977361938621372,0.5890067430042442,0.31897533764242714,-0.2515244277907841,-0.011991846822490236,-0.08960316627599707,-0.40332417608836924,1
sample_08147.html,-0.08186781389143558,-0.31447026524390775,0.3764439141972801,0.23054729807545307,0.3711012013964115,0.44328241262075607,0.9075259831337085,0.20984981654282264,-0.6589353848667306,-0.22287687499692177,-0.02613359816672435,-0.037651565378749856,0.9028673257031031,0
sample_03735.html,-0.3273941911361057,-0.3406872283290372,-0.4993703348891979,-0.3931923691211846,0.4911933928541008,-0.2817433154767308,-0.10977361938621372,0.343253371727165,0.013881530544676085,-0.25871683934073486,-0.004278164271089811,-0.09582578142524951,-0.2023741806974135,1
sample_03946.html,0.1878351212876113,0.6293404058207527,-0.18089242613047862,0.12522732148323393,0.27485645987490986,-0.2695580091221512,-0.10977361938621372,0.42087275990101397,0.2292376550102883,-0.20226528819405373,-0.02613359816672435,-0.04980737171682441,-0.4901870636038023,0
sample_04735.html,-0.44397892606410005,-0.46303305605964135,-0.4197508576995181,-0.45045371561792513,-0.040616571260045246,-0.3365771940723391,-0.10977361938621372,0.792583397562627,1.5407968969625316,-0.24228972654146466,0.0304334072102121,-0.10306138043600818,-0.004651566264370048,0
sample_04547.html,-0.4283984776175017,-0.44555508066955507,-0.4993703348891979,-0.43307080685998606,0.23266365910690787,-0.30611392818589006,-0.44887348689285445,-0.1832356762288194,-0.7483061929728222,-0.26918357404999954,-0.02613359816672435,-0.09872002102955299,-0.10031617665092671,0
sample_01440.html,-0.28495090054019995,-0.46303305605964135,1.2522581632837582,-0.3195706379110897,0.07164308998369848,-0.1477049455763551,-0.10977361938621372,0.5616172496781442,0.6062333662631506,-0.16113090979263806,0.00472113203887735,-0.09929886895041368,-0.21149326623796214,1
sample_01282.html,-0.4278612207745156,-0.46303305605964135,-0.4993703348891979,-0.4300032347262321,0.05534658712574312,-0.2878359686540206,-0.44887348689285445,0.2145765162317499,-0.3174258761562596,-0.2638891599923969,-0.00042132299538959916,-0.10364022835686888,0.6650822830672194,0
sample_04137.html,-0.44075538500618316,-0.4717720437546845,-0.4993703348891979,-0.4709041965096182,-1.6380502483426695,-0.30002127500860026,-0.10977361938621372,0.17530077781688883,0.2626463714186053,-0.2687062998267775,-0.02613359816672435,-0.10277195647557784,-0.36206272663598704,1
sample_00293.html,-0.4498887513369477,-0.4805110314497277,-0.5789898120788778,-0.48010691291088003,-0.41798708786172795,-0.3304845408950493,-0.44887348689285445,-1.9925510562714843,-1.2386259151421526,-0.2694943572651209,-0.00042132299538959916,-0.10364022835686888,1.7705290804295617,1
sample_01903.html,-0.2790410752673523,-0.24455836368356254,-0.34013138050983827,-0.2469714307455794,0.5409949035175333,-0.17207555828551432,0.22932624812042704,0.4741851368306585,-0.15786382185456602,-0.26536538026422324,-0.013277460581056975,-0.03533617369530708,0.02849933871459232,1
sample_07653.html,0.11208190642656425,0.27978089801902656,0.45606339138695995,-0.26230929141434917,0.9890655580149162,-0.32439188771775945,-0.10977361938621372,0.678995245669614,0.3319222145434591,-0.18037727032908024,-0.02613359816672435,-0.038664549240256064,-0.35478816982694183,0
sample_01071.html,-0.3123509995324935,-0.31447026524390775,0.5356828685766397,-0.33695354666902877,0.7413203445113801,-0.23300209005841238,-0.10977361938621372,0.6680448676320245,0.4875607938853468,-0.16399455513197028,-0.02613359816672435,-0.06673867340199968,-0.7438225345714674,1
sample_06008.html,-0.10496985813983999,-0.22708038829347624,-0.26051190332015844,-0.012813424535694092,1.2726270732451657,0.2239468982383231,-0.10977361938621372,0.6402212666918854,-0.2135854060316252,-0.24438751324353364,-0.02613359816672435,0.042229447700025805,0.6057344860603789,0
sample_09588.html,-0.3096647153175628,-0.3406872283290372,-0.4993703348891979,-0.37376441227407625,0.06381297614258408,-0.2695580091221512,-0.10977361938621372,0.3316516123233787,-2.6903442224846508,-0.26031515301850167,-0.02613359816672435,-0.0910502860781488,3.5660843661725488,1
sample_05801.html,-0.12592287501629978,-0.2882533021587783,0.5356828685766397,1.8492028606529574,1.5118326616500442,0.4371897594434663,4.637624525706757,0.1197015875813161,-0.7293558648734861,-0.158777836878148,-0.02613359816672435,-0.07918390370050458,1.441890479636597,0
sample_02317.html,-0.4369945871052801,-0.4805110314497277,-0.5789898120788778,-0.4872645812229726,-1.6504095775041814,-0.32439188771775945,-0.44887348689285445,-1.9925510562714843,0.834552124557342,-0.2694832578645808,0.05228884110584664,-0.08222285528502322,-1.1165535427475908,1
sample_03779.html,-0.07542073177560178,-0.061039622087656356,-0.021653471751118984,-0.3563815035161372,0.09121925877303486,-0.3365771940723391,-0.10977361938621372,0.7724411606503256,1.0560251197136452,-0.14897706620128615,-0.002992550512523074,-0.038953973200686415,-0.76144304660795,1
sample_00239.html,-0.4396808713202109,-0.4805110314497277,-0.5789898120788778,-0.37580946036324553,0.27458627426718646,-0.21472413052654296,-0.10977361938621372,-1.9925510562714843,-0.35148484715371286,-0.2694943572651209,-0.02613359816672435,-0.10320609241622336,0.1721721909694155,1
sample_08713.html,-0.4488142376509754,-0.4805110314497277,-0.4993703348891979,-0.4852195331338033,-1.3384300946045464,-0.31829923454046966,-0.44887348689285445,-0.07134170978834635,-3.039051443683039,0.60635933935002,-0.017134301856757187,-0.10364022835686888,4.626342628098604,1
sample_04324.html,0.6745898210330624,0.24482494723885398,0.21720495981792048,1.3215804536472768,1.282355468991658,1.3145318169731985,-0.10977361938621372,0.6093863847180319,0.7547378788470273,2.1006938328576825,-0.02613359816672435,0.1679841585070114,-0.2695984571047878,0
sample_00876.html,-0.3053666605736736,-0.4805110314497277,-0.18089242613047862,-0.39216984507659997,0.990064155881701,-0.18426086464009395,-0.10977361938621372,0.6911953228541211,1.0737796955508094,-0.20676054541277292,-0.006849391788223287,-0.07947332766093494,0.04406880551789967,0
sample_08746.html,0.3726514752748466,0.5769064796504938,0.45606339138695995,0.5199216026929095,0.5597717313295213,0.07772322198336773,0.22932624812042704,0.5015692179526475,-0.13086992343963239,-0.08190338873777966,-0.02613359816672435,0.10431088721233515,0.7424937290660548,0
sample_04188.html,-0.3612413722442331,-0.31447026524390775,-0.4993703348891979,-0.4044401336116158,0.4614001335674042,-0.2878359686540206,-0.10977361938621372,0.6585935011687313,1.2121170628650604,-0.21875899739656418,-0.006849391788223287,-0.08063102350265633,-0.5230504230370342,1
sample_04697.html,6.989506753492259,14.31459513625833,0.9337802545250389,18.362966180695086,0.36415875029045736,7.181756826703282,1.58572571814699,0.6228099890345288,-0.5399918443217037,-0.0019433072472781472,-0.02613359816672435,2.130857458145622,0.5117121642554563,0
sample_08900.html,-0.45096326502292,-0.4805110314497277,-0.4993703348891979,-0.4913546774013112,-2.256016803315404,-0.3304845408950493,-0.44887348689285445,0.9256837396802093,2.200754792124994,0.0500462848823039,-0.013277460581056975,-0.10364022835686888,-1.5444713402880013,1
sample_07716.html,-0.4520377787088923,-0.4805110314497277,-0.5789898120788778,-0.49237720144589586,-2.256016803315404,-0.3365771940723391,-0.44887348689285445,-1.9925510562714843,0.5091931884761645,-0.2694943572651209,-0.027419211925291086,-0.10364022835686888,-1.4392246771276658,1
sample_05444.html,-0.3821943891206929,-0.2882533021587783,-0.5789898120788778,-0.37376441227407625,1.0584871682158452,-0.31829923454046966,-0.44887348689285445,-1.9925510562714843,-0.7605513986198389,-0.2694943572651209,-0.02613359816672435,-0.10204839657450197,0.251247385534844,1
sample_00257.html,-0.2554017741759617,-0.4805110314497277,-0.1012729489407988,-0.18459746402591562,0.7199650349262002,0.09600118151523715,-0.10977361938621372,0.3062213286314837,-0.07890679780936748,-0.24828340283309028,-0.02613359816672435,-0.08974787825621224,-0.15012823064496922,0
sample_02302.html,-0.4396808713202109,-0.4717720437546845,-0.4197508576995181,-0.46579157628669493,-1.7247823961965245,-0.2878359686540206,-0.10977361938621372,0.40139478109889704,0.29993066625912085,-0.2675630615711526,-0.02613359816672435,-0.10262724449536266,-0.43320073846554163,1
sample_03245.html,-0.4520377787088923,-0.4805110314497277,-0.5789898120788778,-0.4913546774013112,-2.256016803315404,-0.3365771940723391,-0.44887348689285445,-1.9925510562714843,-0.834531934820573,-0.2694943572651209,-0.027419211925291086,-0.10364022835686888,-1.2476211570692826,1
sample_01294.html,-0.019546020105042274,0.13995709489833613,0.45606339138695995,0.22338962976336052,0.7406876121379244,-0.05631514791700801,0.22932624812042704,0.6349956891870155,1.0330171832014694,0.3971134403690462,-0.014563074339623712,-0.06500212963941761,-0.467701562546972,0
sample_05820.html,-0.31020197216054896,-0.2358193759885194,-0.26051190332015844,-0.3011652051085659,0.4429404198670678,-0.18426086464009395,-0.44887348689285445,0.4468351384656433,0.5193823223720961,-0.25598638680788316,-0.02613359816672435,-0.09799646112847712,-0.7193201339075904,0
sample_07267.html,-0.08509135494935247,-0.061039622087656356,1.3318776404734378,0.0342226815151999,0.9336646756145003,0.12646444740168616,0.22932624812042704,0.6133346679723097,-0.09008235296609055,0.0609791944142506,-0.02613359816672435,-0.0639891457779114,0.5103961039506423,0
sample_07945.html,-0.44935149449396156,-0.4805110314497277,-0.4197508576995181,-0.41364285001287765,0.20010620859122413,-0.2817433154767308,-0.10977361938621372,0.5611960401714177,0.20119827840100563,-0.25795098070347156,-0.02613359816672435,-0.10320609241622336,-0.4718078772144927,1
sample_05305.html,-0.3053666605736736,-0.3319482406339941,-0.26051190332015844,-0.38398965271992275,0.23433066566882033,-0.2634653559448614,-0.10977361938621372,0.7037680817821454,1.4636910119073243,-0.1667694052669821,-0.01584868809819045,-0.026653454882396684,-0.8472539776553347,0
sample_09161.html,0.6751270778760485,1.1187237167431694,0.13758548262824066,0.05467316240689294,0.028361946414119005,-0.2878359686540206,-0.44887348689285445,0.7244455466929669,0.23565200691380428,-0.19719286214725207,-0.02613359816672435,0.048307350869063084,-0.22934049010825602,0
sample_02325.html,-0.057153999114072714,-0.1484294990380879,-0.18089242613047862,-0.05780448249741878,1.1100537877556995,0.19957628552916384,0.5684261156270678,0.6313454223707544,0.2449869834923511,-0.1461134208619539,-0.02613359816672435,-0.0786050557796439,-0.13114710862651296,0
sample_07437.html,3.6988085902020957,0.46329963961493276,0.854160777335359,2.4310190420216244,1.343643005028765,4.762973515319229,0.5684261156270678,0.5922494160345905,0.10742130134012744,0.06722815691829728,-0.02613359816672435,1.2789380306188969,0.2439499215608088,0
sample_05583.html,-0.155472001380538,0.2186079841537245,-0.18089242613047862,-0.368651792051153,-0.7397151513966914,-0.32439188771775945,-0.10977361938621372,0.397878922125774,-0.10270591543037247,0.4891940672492795,-0.01970552937389066,-0.0948127975637433,-1.3833623284798797,0
sample_05212.html,0.33396898257984386,0.2186079841537245,3.3223645702154334,0.7622598012594721,0.010224282524324361,0.9794358922222591,0.22932624812042704,0.5762765421992398,1.574928441499635,0.0005096602720723295,-0.02613359816672435,0.09302335275555164,-0.5124133890585664,0
sample_05971.html,-0.4488142376509754,-0.4805110314497277,-0.5789898120788778,-0.46988167246503354,-0.4298780888433753,-0.31829923454046966,-0.10977361938621372,-1.9925510562714843,-1.030771630664263,-0.2694943572651209,-0.014563074339623712,-0.10364022835686888,-0.11290910703496877,1
sample_02035.html,0.38662015319248644,0.5157335657851917,1.9688334579908764,0.9636970380426485,1.5371752468174595,1.424199574164415,-0.10977361938621372,0.5616799670587529,0.8986880393749851,0.27974837905858496,-0.02613359816672435,0.010682236013118029,-0.04157143651181557,0
sample_00600.html,-0.436457330262294,-0.4805110314497277,-0.4993703348891979,-0.41364285001287765,0.4254865834323703,-0.23300209005841238,-0.10977361938621372,0.5703736064963482,-0.7785394339779328,-0.2641222474037379,-0.02613359816672435,-0.10320609241622336,0.21310334439570203,1
sample_06972.html,1.5787930877787513,2.0363174247227,-0.1012729489407988,0.5751379011004808,0.5083385755100915,-0.21472413052654296,-0.44887348689285445,0.6266508608907195,2.3260694952960645,0.7714851211843052,-0.02613359816672435,2.306971938067488,-0.9581327917041601,0
sample_05433.html,-0.328468704822078,-0.3232092529389509,-0.26051190332015844,-0.30730034937607387,0.4051328815818874,-0.3365771940723391,-0.10977361938621372,0.8041356416349645,1.4534489471982244,0.24911403356805412,0.01500604210741125,-0.07889447974007424,-1.1195531688590572,1
sample_05158.html,-0.4289357344604879,-0.46303305605964135,-0.5789898120788778,-0.39216984507659997,-0.8364525059478121,-0.23300209005841238,-0.44887348689285445,-1.9925510562714843,-0.865575914683284,-0.2694610590635007,-0.017134301856757187,-0.10262724449536266,0.9325340600134883,0
sample_03722.html,-0.44612795343604467,-0.46303305605964135,-0.5789898120788778,-0.4893096293121419,-0.3243385845172794,-0.3365771940723391,-0.44887348689285445,-1.9925510562714843,-1.309122432174025,-0.2694943572651209,0.006006745797444088,-0.10364022835686888,0.3446755030417748,1
sample_01536.html,0.18568609391566668,0.4545606519198896,-0.1012729489407988,0.4197142463236137,1.3852612904459296,-0.2817433154767308,-0.44887348689285445,0.4216367934772808,-0.2315251920758606,5.160876257552532,-0.02613359816672435,-0.066159825481139,-1.0654286357125864,0
sample_00923.html,-0.4488142376509754,-0.4717720437546845,-0.5789898120788778,-0.4535212877516791,0.44525283416167194,-0.3365771940723391,-0.44887348689285445,-1.9925510562714843,1.213764700839614,-0.2694943572651209,0.013720428348844514,-0.10335080439643853,-0.24352655710352142,1
sample_06661.html,-0.35962960171527464,-0.3669041914141667,-0.34013138050983827,-0.44431857135041725,0.1306126583079411,-0.32439188771775945,-0.44887348689285445,0.3918261979569909,0.6689305698197179,-0.2572628178699886,-0.004278164271089811,-0.06789636924372107,-0.3027399097817481,0
sample_04167.html,-0.057153999114072714,0.17491304567850874,-0.021653471751118984,-0.21834075749720913,-0.2211094233090749,-0.32439188771775945,-0.44887348689285445,0.6960496125724138,0.1878975646147464,-0.21260992949737792,-0.017134301856757187,-0.07846034379942872,-0.5759119721841398,0
sample_05721.html,0.46022434068158885,0.6992523073810979,0.21720495981792048,0.3471150391581034,-0.20621740839278738,-0.2208167837038328,-0.10977361938621372,0.5920926597261228,0.4215085261227911,-0.09769783570626711,-0.02613359816672435,0.04613667116583549,0.061431315341529735,0
sample_04523.html,-0.31020197216054896,-0.3057312775488646,0.5356828685766397,-0.34002111880278274,0.7196990461765517,-0.23300209005841238,-0.10977361938621372,0.6675515335988521,0.471955386743494,-0.16395015752981007,-0.02613359816672435,-0.06673867340199968,-0.7749578567468346,1
sample_01686.html,-0.4520377787088923,-0.4805110314497277,-0.5789898120788778,-0.4872645812229726,-0.7067890193140784,-0.3365771940723391,-0.44887348689285445,-1.9925510562714843,0.22606251694284138,-0.2694943572651209,-0.027419211925291086,-0.10364022835686888,-0.8721332970100784,1
sample_00831.html,-0.3182608248053412,-0.38438216680425297,-0.4993703348891979,-0.4463636194395865,0.15356101770061767,-0.31829923454046966,-0.10977361938621372,0.7191852717500068,2.246241308091101,-0.20165482116435113,0.02529095217594515,0.1073498387968538,-0.2891878249788306,1
sample_04800.html,-0.4520377787088923,-0.4805110314497277,-0.5789898120788778,-0.3747869363186609,-1.6807962834235948,-0.3365771940723391,-0.44887348689285445,-1.9925510562714843,6.389405859024892,-0.2694943572651209,-0.027419211925291086,-0.10364022835686888,-0.5207484811145806,1
sample_03688.html,-0.3096647153175628,-0.3406872283290372,-0.4993703348891979,-0.37376441227407625,0.06381297614258408,-0.2695580091221512,-0.10977361938621372,0.3316516123233787,-2.6902008702375926,-0.26031515301850167,-0.02613359816672435,-0.0910502860781488,3.566025188243186,1
sample_03134.html,0.22329407292469713,-0.06977860978269951,2.685408752697995,0.3552952315147806,1.3941894428603068,0.39454118720243764,-0.10977361938621372,0.7498955307689839,0.2572566755953376,0.03180996979500601,-0.02613359816672435,0.009669252151611815,0.6393567805995968,0
sample_04648.html,-0.35103349222749625,-0.34942621602408036,-0.4197508576995181,-0.4381834270829093,-0.8808106311274132,-0.3365771940723391,-0.44887348689285445,0.6195806690532057,-0.4301595752453994,-0.2533003318771917,0.024005338417378414,-0.09018201419685776,0.7051224299126506,1
sample_09241.html,-0.28495090054019995,-0.38438216680425297,-0.18089242613047862,-0.3911473210320153,0.9467137187333441,-0.2817433154767308,0.22932624812042704,0.22367667837584237,0.4871378031695344,-0.25502073896089905,-0.006849391788223287,-0.0813545834037322,0.05758308111280886,1
sample_07432.html,-0.4144297996998619,-0.4805110314497277,-0.021653471751118984,-0.39523741721035394,0.36773112436228944,-0.20253882417196337,-0.10977361938621372,0.5123878949774493,0.1542322824735557,-0.2040633910815414,-0.02613359816672435,-0.10320609241622336,0.07737019114473408,1
sample_04787.html,0.3559965131422759,0.7866421843315294,1.4114971176631177,0.05365063836230829,0.985006960069697,-0.31220658136317986,-0.10977361938621372,0.5687711323403312,0.3088314041631145,-0.12169473967384961,-0.02613359816672435,-0.049517947756394065,-0.9816974588211469,0
sample_02346.html,0.11637996117045345,0.35843178727441494,-0.021653471751118984,0.013772200623506859,-0.11873082533737815,-0.2208167837038328,-0.10977361938621372,0.6754538342179804,-0.1921023481787331,-0.21064533560178952,-0.02613359816672435,-0.05574056290564652,-0.7880996594922325,1
sample_07556.html,-0.44344166922111394,-0.4805110314497277,-0.5789898120788778,-0.44431857135041725,0.7035593774218643,-0.31220658136317986,-0.10977361938621372,-1.9925510562714843,-0.8430300843844653,-0.2694832578645808,-0.002992550512523074,-0.10089070073278059,0.3150578685511679,1
sample_03461.html,0.3500866878694283,0.4807776150050191,-0.4993703348891979,-0.05575943440824947,0.28729234384583646,-0.275650662299441,0.22932624812042704,0.5019453600692422,-0.051811005969657715,-0.2642776390112986,-0.02613359816672435,0.054385254038100364,0.33950010042368045,0
sample_07098.html,-0.3273941911361057,-0.3406872283290372,-0.4993703348891979,-0.3931923691211846,0.4911933928541008,-0.2817433154767308,-0.10977361938621372,0.343253371727165,0.01189054399440673,-0.25871683934073486,-0.004278164271089811,-0.09582578142524951,-0.202201092750684,1
sample_03034.html,0.9706183415184305,0.6992523073810979,-0.26051190332015844,0.36552047196062715,1.3910572967930614,0.24222485777019248,0.5684261156270678,0.40783097791784223,-0.40337825758549006,-0.20636096699333123,-0.02613359816672435,-0.07788149587856803,1.007364088854401,0
sample_06833.html,-0.3096647153175628,-0.3406872283290372,-0.4993703348891979,-0.37376441227407625,0.06381297614258408,-0.2695580091221512,-0.10977361938621372,0.3316516123233787,-2.6902008702375926,-0.26031515301850167,-0.02613359816672435,-0.0910502860781488,3.566025188243186,1
sample_02301.html,-0.45096326502292,-0.4805110314497277,-0.4993703348891979,-0.4913546774013112,-2.256016803315404,-0.3304845408950493,-0.44887348689285445,0.9258000450188103,2.2013773388304196,0.0500462848823039,-0.013277460581056975,-0.10364022835686888,-1.5444713402880013,1
sample_05566.html,0.37157696158887427,0.8303371228067451,1.0133997317147188,0.12931741766157254,-0.030995779805435174,-0.2817433154767308,0.5684261156270678,0.62707862165519,-0.0036960212715064678,-0.02811569372070993,-0.02613359816672435,-0.020286127752929057,-0.02869064767825272,0
sample_05056.html,-0.4278612207745156,-0.4542940683645982,-0.5789898120788778,-0.45249876370709446,-0.30790964141511107,-0.32439188771775945,-0.10977361938621372,-1.9925510562714843,-0.6068170925125972,-0.2694943572651209,-0.014563074339623712,-0.1019036845942868,-0.30612715850124467,1
sample_03972.html,-0.4026101491541666,-0.39312115449929613,-0.1012729489407988,-0.28787239252896546,0.16380546953244007,-0.20863147734925316,0.22932624812042704,0.6455414002141799,0.2858739495610028,-0.22051270268189166,-0.02613359816672435,-0.10233782053493232,-0.29424275963761637,0
sample_09809.html,-0.3424373827397179,-0.4018601421943393,-0.4993703348891979,-0.3860347008090921,0.3090331345423895,-0.32439188771775945,0.22932624812042704,0.0472756464719266,-2.5951707938355253,-0.2359519688330976,0.027862179693078627,-0.03779627735896503,3.7860635664644207,1
sample_04921.html,-0.4455906965930585,-0.4805110314497277,-0.4993703348891979,-0.4678366243758642,-1.5831198864202758,-0.2878359686540206,-0.10977361938621372,0.3391934432522604,0.08599489014391715,-0.2680514351949147,-0.02613359816672435,-0.10306138043600818,-0.7999973567669533,1
sample_08667.html,0.1378702348898994,0.026350254862775167,-0.4197508576995181,0.08432635969984785,0.4107835179705359,0.40063384037972744,0.22932624812042704,0.4246703986998203,-0.4838966749545663,-0.2621243553065294,-0.02613359816672435,-0.07397427241275835,0.3343168752108259,0
sample_02067.html,0.8443629834166855,0.24482494723885398,-0.18089242613047862,1.720364831035291,0.5028946510358291,2.4051167357080736,-0.10977361938621372,0.42715612446582185,-0.6729250155252152,-0.2055396113533677,-0.02613359816672435,0.0937469126566275,1.247029370366869,0
sample_06216.html,1.2435448177553943,1.2061135936936007,0.45606339138695995,0.6385343918647293,0.9473942577412049,0.5224869039255235,0.9075259831337085,0.44093740667444625,-0.4011153114613757,0.48209045090364916,-0.02613359816672435,-0.034467901814016044,-0.2853314552515592,0
sample_00366.html,-0.4429044123781278,-0.4717720437546845,-0.4197508576995181,-0.4729492445987875,-2.092339174881454,-0.32439188771775945,-0.10977361938621372,0.43888944990502593,0.3281731859474228,-0.26769625437763317,-0.011991846822490236,-0.10306138043600818,-0.52299176661399,1
sample_03207.html,-0.425712193402571,-0.4805110314497277,-0.5789898120788778,-0.4576113839300177,-0.2812106292954685,-0.2817433154767308,-0.10977361938621372,-1.9925510562714843,0.24839407465767865,-0.2694832578645808,-0.002992550512523074,-0.10045656479213506,-0.39360823960526803,1
sample_01358.html,-0.4144297996998619,-0.3669041914141667,-0.4993703348891979,-0.4115978019237084,0.4255914624917362,-0.3365771940723391,0.5684261156270678,0.1713962772400776,1.3499133049957317,-0.2574182094775493,0.006006745797444088,-0.10364022835686888,0.0765862237355155,1
sample_05571.html,0.525769675525899,0.7866421843315294,0.7745413001456792,0.052628114317723636,0.0063572623689182725,-0.32439188771775945,-0.10977361938621372,0.6854693745282272,0.326889244847569,-0.11381416529041595,-0.02613359816672435,-0.035625597655737425,-0.1932433221517505,0
sample_08210.html,0.522008877624996,1.3546763845093344,0.2968244370076003,0.6671650651130995,0.5283936221571656,0.20566893870645367,-0.10977361938621372,0.60778609836068,0.0007316753698810078,-0.10593359090698229,-0.02613359816672435,0.017338987103016,0.14198225544614568,0
sample_02394.html,0.1378702348898994,-0.0348226590025269,0.21720495981792048,0.06694345094190876,-0.36201383396005365,0.2787807768339313,-0.44887348689285445,0.4714346223650939,0.5876518955031054,-0.20814797048027886,-0.02613359816672435,-0.05921365043081068,-0.40997817949273835,0
sample_09507.html,-0.3488844648555517,-0.3406872283290372,-0.5789898120788778,-0.30321025319773526,0.23487075830494342,-0.2573727027675716,-0.10977361938621372,-1.9925510562714843,-0.1499761521612404,-0.26943886026242064,-0.02613359816672435,-0.09625991736589504,-0.07872479817519788,1
sample_05166.html,1.5911499951674328,1.9838834985524414,0.6153023457663196,0.8338364843803977,0.4935090774277243,-0.20863147734925316,1.58572571814699,0.4919557470667496,-0.051530002707376385,-0.1834296054775933,-0.013277460581056975,0.06509394057402319,0.14535745736971142,0
sample_07321.html,0.43927132380512907,0.2623029226289403,-0.26051190332015844,1.8522704327867112,0.9357061896848546,0.7844709905489853,12.097821610852852,0.6062178841801259,-0.39923778045464386,-0.22606240295191538,-0.02613359816672435,-0.011313984979588314,-0.48147273215380915,0
sample_01586.html,0.5203971070960376,0.821598135111702,-0.26051190332015844,0.10784441272529484,0.7948437173342635,-0.03194453520784878,0.5684261156270678,0.24436505120606417,-0.4063803630092544,-0.23090174158737603,-0.02613359816672435,0.00243365314085315,0.08864249804368524,0
sample_00782.html,-0.25164097627505866,-0.04356164669757005,-0.18089242613047862,-0.3124129695989971,0.8179450531121795,-0.2878359686540206,0.9075259831337085,0.5753119618685567,0.2660797232714879,-0.20842545549378003,-0.02613359816672435,-0.09061615013750328,-0.060109108670968726,0
sample_09441.html,-0.41765334075777877,-0.4018601421943393,-0.021653471751118984,-0.43307080685998606,-0.34084865476341714,-0.32439188771775945,-0.10977361938621372,0.6819235384407217,0.35903141741089883,-0.24493138386999597,-0.02613359816672435,-0.10089070073278059,-0.18915331759430487,0
sample_05079.html,-0.33061773219402263,-0.3406872283290372,0.6153023457663196,-0.1958452285163468,0.7317431507209562,-0.245187396412992,0.22932624812042704,0.6845088119591852,1.0752391078971182,1.228958013842899,-0.017134301856757187,-0.0872877745925543,-1.1681002701673864,1
sample_04719.html,-0.35855508802930236,-0.3406872283290372,-0.5789898120788778,0.583318093457158,1.4432040819991707,-0.21472413052654296,0.9075259831337085,-1.9925510562714843,-0.7696871822953526,-0.2694943572651209,-0.02613359816672435,-0.09799646112847712,0.7044713032001196,1
sample_08087.html,-0.11195419709865992,-0.008605695917397443,-0.1012729489407988,0.23975001447671496,0.05546115590072195,-0.30611392818589006,-0.44887348689285445,0.3242309522303075,-0.12469436920229822,-0.1938297437836177,-0.023562370649590873,0.008656268290105601,0.4552284538682022,0
sample_01038.html,-0.4429044123781278,-0.4717720437546845,-0.4197508576995181,-0.46988167246503354,-1.486991754570104,-0.32439188771775945,-0.10977361938621372,0.40139478109889704,0.42418601411824997,-0.2675630615711526,-0.0107062330639235,-0.10306138043600818,-0.5740271049389891,1
sample_08075.html,-0.16030731296741335,-0.1659074744281742,-0.34013138050983827,-0.43307080685998606,-0.8296831797795008,-0.3365771940723391,-0.44887348689285445,0.6031191863636911,0.5285942512261735,-0.2598156799941995,0.006006745797444088,-0.07339542449189766,-1.0022024222989085,0
sample_09751.html,-0.4520377787088923,-0.4805110314497277,-0.5789898120788778,-0.4903321533567266,-1.114558160185379,-0.3365771940723391,-0.44887348689285445,-1.9925510562714843,-1.60279190543054,-0.2694943572651209,-0.027419211925291086,-0.10364022835686888,0.2457020263352195,0
sample_09315.html,0.8685395413510621,1.503239175325068,0.9337802545250389,0.24179506256588426,0.5861126660647585,-0.2878359686540206,0.9075259831337085,0.715146191452399,-0.12258735975160867,-0.17387302161261248,-0.02613359816672435,-0.06644924944156934,0.22808297451642548,0
sample_05959.html,-0.21510751095200054,-0.11347354825791527,-0.34013138050983827,-0.04757924205157226,0.4309582689418637,-0.07459310744887743,0.5684261156270678,0.32319714793004206,-0.5926443554891414,-0.1824528582300691,-0.02613359816672435,-0.04286119666649609,0.14203782194425968,0
sample_04614.html,-0.43162201867541866,-0.4542940683645982,-0.5789898120788778,-0.13858388201960628,-0.03972979876750662,-0.2573727027675716,-0.44887348689285445,-1.9925510562714843,-0.6071078089846713,-0.2694943572651209,-0.017134301856757187,-0.10320609241622336,0.6961887268302631,0
sample_00925.html,0.01537567468905742,0.5419505288703211,0.13758548262824066,0.3941511452089974,1.1099897569037143,0.1386497537562658,-0.10977361938621372,0.6371067959443705,-0.8849591578649566,-0.22534094191681228,-0.02613359816672435,-0.06630453746135417,1.4739265214479802,0
sample_00887.html,-0.27635479105242156,-0.2358193759885194,0.5356828685766397,-0.31752558982192036,1.1447316932436218,-0.2817433154767308,-0.10977361938621372,0.6619940414004323,0.4390690772467557,-0.16897818597445155,-0.02613359816672435,-0.06514684161963279,-0.6214313773034712,1
sample_01404.html,-0.38380615964965137,-0.3406872283290372,-0.5789898120788778,-0.28480482039521154,-0.4392334123705511,-0.2573727027675716,-0.44887348689285445,-1.9925510562714843,-1.3137475964134202,-0.26943886026242064,-0.0209911431324574,-0.10335080439643853,1.2970983314104974,0
sample_05686.html,-0.11249145394164607,-0.17464646212321733,0.21720495981792048,-0.3533139313823832,0.08133434989510382,-0.22690943688112258,-0.10977361938621372,0.3248744752917106,0.374841345300712,-0.23212267564678124,-0.002992550512523074,-0.0036442500281841286,-0.3280379465586944,1
sample_06089.html,-0.32578242060714724,-0.31447026524390775,-0.021653471751118984,-0.3338859745352748,0.6856631873012174,-0.30611392818589006,-0.10977361938621372,0.7003645419454393,0.9123227953901432,-0.11894208833991786,-0.02613359816672435,-0.06963291300630316,-0.828972912679635,1
sample_08351.html,1.4009610727503359,2.4645278217798148,0.9337802545250389,0.9739222784884951,0.8428268135732584,-0.22690943688112258,0.22932624812042704,0.6368315717462015,0.14390097314310263,-0.16010976494295368,-0.017134301856757187,0.012129355815269761,-0.06694361844943157,0
sample_08320.html,0.3828593552915834,-0.4018601421943393,-0.5789898120788778,-0.3124129695989971,0.13597957376736922,-0.275650662299441,-0.10977361938621372,-1.9925510562714843,2.0798847605367095,-0.2694943572651209,-0.02613359816672435,0.29431771723485767,-1.4120372360006077,1
sample_05759.html,-0.3402883553677733,-0.31447026524390775,-0.18089242613047862,-0.3349084985798595,0.8373231701704588,-0.32439188771775945,-0.10977361938621372,0.6196806775737402,0.879097630836006,-0.11480201193848016,-0.02613359816672435,-0.07339542449189766,-0.8289870455008355,1
sample_02336.html,2.920860681558152,-0.3057312775488646,-0.021653471751118984,-0.3267283062231823,0.1894059101444611,-0.2208167837038328,0.22932624812042704,0.5128275526861499,2.3418563993765598,-0.13622385498077166,-0.02613359816672435,8.490225428701413,-1.4186193888721035,1
sample_07536.html,-0.1216248202724106,0.05256721794790462,-0.1012729489407988,-0.13653883393043698,-0.4767775357367927,-0.245187396412992,-0.10977361938621372,0.6596945120609817,-0.1200979171286444,-0.19555015086732505,-0.0209911431324574,-0.013050528742170393,0.32714205648497446,0
sample_07965.html,0.3860828963495003,0.7691642089414431,1.5707360720424772,0.15079042259785022,0.26432464741444,-0.275650662299441,-0.44887348689285445,0.775965346464796,-0.25699170112643244,-0.2231210618088028,-0.02613359816672435,-0.03533617369530708,0.5142811174123945,0
sample_09733.html,-0.4520377787088923,-0.4805110314497277,-0.5789898120788778,-0.4893096293121419,-1.0776860004286806,-0.3365771940723391,-0.44887348689285445,-1.9925510562714843,-0.631236071028367,-0.2694943572651209,-0.027419211925291086,-0.10364022835686888,0.24054932227958792,0
sample_05335.html,0.2711099319504644,0.49825559039510536,0.05796600543856084,-0.010768376446524789,0.4269232715102345,-0.2878359686540206,-0.10977361938621372,0.6004193767783395,1.6188584439224984,-0.2061500783830703,-0.022276756891024138,0.5014005609227707,-0.607198948396593,0
sample_08330.html,0.41133396796984933,0.30599786110415605,-0.34013138050983827,1.0823098272144682,1.5892908735318,0.4128191467343071,0.9075259831337085,0.5260850173393165,-0.4225483689445628,-0.25701863105810757,-0.02613359816672435,-0.06471270567898726,0.36947842172102635,0
sample_08105.html,-0.2134957404230421,-0.26203633907364887,0.7745413001456792,-0.03837652565031039,0.33944273847101114,-0.1598902519309347,1.58572571814699,0.4233470281275326,-0.17213619395577126,0.06092369741155036,-0.018419915615323922,-0.06587040152070865,0.3191335707978604,0
sample_02144.html,-0.436457330262294,-0.4805110314497277,-0.5789898120788778,-0.41466537405746234,0.42914483866489467,-0.23300209005841238,-0.10977361938621372,-1.9925510562714843,-1.089610874500559,-0.26943886026242064,-0.02613359816672435,-0.10320609241622336,0.25224883411605653,1
sample_08662.html,-0.3402883553677733,-0.3232092529389509,-0.26051190332015844,-0.3236607340894283,0.5026509365199459,-0.11114902651261627,-0.44887348689285445,0.4821437618554668,1.0728589131334916,0.033941054698695114,-0.02613359816672435,-0.07846034379942872,-0.8932995826488752,0
sample_00319.html,0.882508219268702,0.8565540858918747,1.8095945036115169,0.518899078648325,1.0744989993412364,0.29705873636580077,0.5684261156270678,0.42434190893565044,0.09297632148379407,-0.16915577638309232,-0.0107062330639235,0.11255947008460003,0.40851224390117774,0
sample_07869.html,0.2592902814047691,-0.061039622087656356,1.4114971176631177,0.32870960635557966,0.9458108613128876,0.7540077246625362,0.9075259831337085,0.28908578594996903,-0.5726851333872712,0.2810692077228506,-0.02613359816672435,0.040782327897874074,1.3082003143462009,0
sample_01059.html,-0.2639978836637401,-0.2008634252083468,1.0133997317147188,-0.08950272787954298,-0.36947796118639376,-0.23300209005841238,-0.10977361938621372,0.4725517062460314,-0.05698726868571666,-0.031123631267062777,-0.02613359816672435,-0.04836025191467268,0.6002511861125194,0
sample_07320.html,0.45646354278068585,0.27978089801902656,-0.18089242613047862,0.5679802327883883,0.8521338459802481,1.485126105937313,-0.10977361938621372,0.5976945599647876,-0.2876519474003956,-0.20995717276830658,-0.0209911431324574,0.031954897104748504,0.6866297637486851,0
sample_07191.html,-0.4214141386586818,-0.4805110314497277,-0.5789898120788778,-0.4565888598854331,-0.28562008578696146,-0.2817433154767308,-0.10977361938621372,-1.9925510562714843,-0.6722464092818357,-0.26943886026242064,-0.0017069367539563366,-0.10320609241622336,-0.6158825631244942,1
sample_03284.html,-0.4520377787088923,-0.4805110314497277,-0.5789898120788778,-0.4637465281975256,-2.044246100370252,-0.3365771940723391,-0.44887348689285445,-1.9925510562714843,6.798464844899721,-0.2694943572651209,-0.027419211925291086,-0.10364022835686888,-1.1192546064923725,0
sample_00018.html,0.287764894083035,0.5594285042604075,1.0133997317147188,0.6058136224380204,0.9203229606916392,-0.18426086464009395,0.9075259831337085,0.6241517310950334,-0.021135368429807944,-0.14800031895376195,-0.02613359816672435,-0.000894722404095836,0.7028853764137335,0
sample_07202.html,0.16419582019622073,0.2535639349338971,1.9688334579908764,-0.07927748743369648,-0.6206144661451721,-0.20253882417196337,0.9075259831337085,0.6130403337946299,0.8603520294912018,0.011431470403478977,-0.02613359816672435,-0.024193351218738737,-0.6084713064720129,0
sample_01296.html,-0.3961630670383328,-0.3756431791092098,-0.34013138050983827,-0.43307080685998606,-0.9355198434591577,-0.3365771940723391,-0.44887348689285445,0.5779521522409179,0.29134425060508307,-0.2415904643074417,-0.0017069367539563366,-0.09423394964288262,-1.0033495927828475,0
sample_02242.html,-0.1280719023882444,0.026350254862775167,-0.021653471751118984,-0.1876650361596696,0.33753878808199983,-0.3304845408950493,0.22932624812042704,0.5573030218961247,0.4551373528262772,-0.22857086747396607,-0.01584868809819045,-0.06080548221317758,-0.2916412253735014,0
sample_01635.html,-0.4477397239650031,-0.46303305605964135,-0.5789898120788778,-0.4606789560637717,-0.820801453215054,-0.3365771940723391,-0.44887348689285445,-1.9925510562714843,0.2856914045639365,-0.2694943572651209,-0.00042132299538959916,-0.10364022835686888,-0.5573545479732169,1
sample_06425.html,-0.32255887954923035,-0.3669041914141667,-0.1012729489407988,-0.31036792150982784,-0.5466584626820655,-0.06240780109429781,-0.44887348689285445,0.33447932753266607,0.09231330478762323,-0.19884667282771912,-0.02613359816672435,-0.08323583914652945,0.47131223020168317,0
sample_05693.html,-0.44182989869215544,-0.4717720437546845,-0.34013138050983827,-0.483174485044634,-1.3243133780587422,-0.31829923454046966,-0.44887348689285445,0.35717551981489076,-0.5653676795803388,-0.2228657755963817,-0.0107062330639235,-0.1019036845942868,0.8388111871359899,0
sample_00373.html,-0.4520377787088923,-0.4805110314497277,-0.5789898120788778,-0.49237720144589586,-1.1549127552848037,-0.3365771940723391,-0.44887348689285445,-1.9925510562714843,-2.1285837392928504,-0.2694943572651209,-0.027419211925291086,-0.10364022835686888,0.086424244847509,0
sample_00019.html,0.31516499307532864,0.6206014181257095,-0.4197508576995181,0.5454847038075259,1.1787828739817683,0.510301597570944,-0.10977361938621372,0.3775799925094487,-0.4832412289998577,-0.2510027559654019,-0.02613359816672435,-0.0720930166699611,0.4465734046488342,0
sample_06733.html,0.10617208115371662,0.13995709489833613,0.21720495981792048,-0.042466621828649,-0.27447530797288655,0.08381587516065754,-0.10977361938621372,0.7168439402103995,0.05019569151886877,-0.1877916698898319,-0.02613359816672435,-0.09568106944503435,-0.0834049001683863,0
sample_01650.html,-0.44397892606410005,-0.46303305605964135,-0.4993703348891979,-0.4576113839300177,-1.5538634979392605,-0.3304845408950493,-0.10977361938621372,0.3391934432522604,-0.041253473099060155,-0.2680514351949147,-0.01584868809819045,-0.1034955163766537,0.20736287664509784,1
sample_08014.html,-0.4520377787088923,-0.4805110314497277,-0.4993703348891979,-0.49237720144589586,-2.256016803315404,-0.3365771940723391,-0.44887348689285445,0.7697084350368484,1.3591102854980488,2.1264555415111324,-0.027419211925291086,-0.10364022835686888,-1.5522331665246654,1
sample_00215.html,-0.3096647153175628,-0.3406872283290372,-0.4993703348891979,-0.37376441227407625,0.06381297614258408,-0.2695580091221512,-0.10977361938621372,0.3316516123233787,-2.690369538117064,-0.26031515301850167,-0.02613359816672435,-0.0910502860781488,3.5660843661725488,1
sample_02353.html,-0.25379000364700327,-0.04356164669757005,0.05796600543856084,0.08023626352150924,0.9458881670752626,-0.04412984156242839,-0.10977361938621372,0.5343593554035091,-1.082052869396514,-0.23244455826244262,-0.02613359816672435,-0.06485741765920243,1.6105558833053188,0
sample_09327.html,-0.3349157869379118,-0.3406872283290372,-0.26051190332015844,-0.35433645542696784,0.29325386264778264,-0.3365771940723391,-0.10977361938621372,0.7931616561524764,1.4066359729512279,0.2421103118272842,0.01500604210741125,-0.08207814330480806,-1.1389539339734294,1
sample_08648.html,-0.12055030658643831,-0.0348226590025269,-0.26051190332015844,-0.030196333293633176,-0.0006627730787342005,-0.12333433286719588,-0.44887348689285445,0.3057955925275628,0.733641626655866,-0.24746204719312676,-0.02613359816672435,-0.08410411102782048,-0.5590901601103412,0
sample_08090.html,-0.3273941911361057,-0.3406872283290372,-0.4993703348891979,-0.3931923691211846,0.4911933928541008,-0.2817433154767308,-0.10977361938621372,0.343253371727165,0.014782752638138018,-0.25871683934073486,-0.004278164271089811,-0.09582578142524951,-0.20254721649351112,1
sample_02020.html,-0.400461121782222,-0.4805110314497277,-0.4993703348891979,-0.46579157628669493,-0.1765221121309379,-0.29392862183131047,-0.44887348689285445,0.41926752356421365,0.5955967423200297,-0.26080352664226375,-0.02613359816672435,0.021101498588610504,-1.0795670370304458,0
sample_00514.html,-0.30053134898679823,-0.44555508066955507,-0.4993703348891979,-0.23265609412139426,0.18853889255962847,0.17520567282000463,0.22932624812042704,0.3907519135550516,0.05121013997355804,-0.2251855503092516,-0.02613359816672435,-0.09944358093062886,0.4121340661622198,0
sample_03075.html,-0.3821943891206929,-0.2882533021587783,-0.5789898120788778,-0.37376441227407625,1.043010887672384,-0.31829923454046966,-0.44887348689285445,-1.9925510562714843,-0.7306939393498637,-0.2694943572651209,-0.02613359816672435,-0.10204839657450197,0.24823936317166806,1
sample_04387.html,-0.3886414712365267,-0.38438216680425297,-0.5789898120788778,-0.46272400415294096,-0.20730834319329128,-0.3365771940723391,-0.44887348689285445,-1.9925510562714843,-1.298336360764447,-0.2694943572651209,0.040718317278746,-0.10146954865364127,1.9916220748010625,1
sample_03297.html,0.17870175495684676,-0.017344683612440594,0.05796600543856084,0.14158770619658836,1.0926851178651673,0.5651354761665522,-0.10977361938621372,0.573035966173429,0.5784382284685909,1.950996217774063,-0.02613359816672435,0.07551320314951566,-0.44892135083727586,0
sample_05392.html,0.251768685602963,0.008872279472688862,-0.26051190332015844,0.14363275428575767,0.87541260650711,0.09600118151523715,-0.10977361938621372,0.7811967124596106,0.3349756001527474,-0.1557587999312551,-0.01584868809819045,0.3493082697166236,-0.0999300142605849,0
sample_04231.html,-0.40207289231118043,-0.46303305605964135,-0.34013138050983827,-0.38194460463075347,-0.2543548860257861,-0.1598902519309347,-0.44887348689285445,0.4819386195585808,0.20615506686718144,-0.24026963564317605,-0.02613359816672435,-0.10132483667342611,0.2996177874651959,1
sample_05107.html,-0.24788017837415563,-0.11347354825791527,-0.34013138050983827,-0.34717878711487526,-0.10299202617367229,-0.3304845408950493,-0.44887348689285445,0.6391445861988644,0.3244298508579721,-0.2572295196683685,-0.008135005546790024,-0.09568106944503435,-0.5331796141636637,1
sample_03294.html,-0.016322479047125377,-0.17464646212321733,1.3318776404734378,-0.024061189026125265,0.854711158931494,0.18739097917458425,1.2466258506403491,0.5120264741337215,0.16313872933463133,0.026426760533083023,-0.02613359816672435,0.024574586113774666,0.3249262543684896,0
sample_06571.html,-0.4520377787088923,-0.4805110314497277,-0.5789898120788778,-0.4903321533567266,-1.114558160185379,-0.3365771940723391,-0.44887348689285445,-1.9925510562714843,-1.60279190543054,-0.2694943572651209,-0.027419211925291086,-0.10364022835686888,0.2457020263352195,0
sample_08218.html,-0.41872785444375105,-0.44555508066955507,-0.4993703348891979,-0.41466537405746234,-0.8807664702485071,-0.30002127500860026,-0.10977361938621372,0.40973863008096567,0.42220264208583586,-0.25702973045864763,-0.014563074339623712,-0.10045656479213506,-0.37157295495220827,1
sample_08108.html,-0.3999238649392358,-0.4193381175844256,-0.5789898120788778,-0.415687898102047,-0.47635857665797654,-0.275650662299441,-0.44887348689285445,-1.9925510562714843,-0.1968480391371926,-0.2694832578645808,-0.023562370649590873,-0.10335080439643853,-0.17467066995636105,0
sample_01822.html,3.987852771728644,4.544406893200085,0.13758548262824066,1.823639759538341,1.8653901449741823,-0.2695580091221512,-0.10977361938621372,0.5656699321017211,0.8244801646235438,0.5165762883815764,-0.009420619305356762,0.33266639199187864,-0.03937884142645281,0
sample_09171.html,-0.4520377787088923,-0.4805110314497277,-0.5789898120788778,-0.4903321533567266,-1.044802351692958,-0.3365771940723391,-0.44887348689285445,-1.9925510562714843,-0.7969564883191017,-0.2694943572651209,-0.027419211925291086,-0.10364022835686888,0.23688684860110826,0
sample_00710.html,-0.36285314277319153,-0.44555508066955507,-0.4993703348891979,-0.274579579949365,0.5328013829484262,-0.0014812693213997515,0.22932624812042704,0.19564902903814985,-0.6005608764026434,-0.26405565100049766,-0.02613359816672435,-0.09799646112847712,0.92469862316013,0
sample_03896.html,0.9297868214514832,-0.3057312775488646,12.637843401407974,0.18044361989080512,1.2074056822392119,-0.25128004959028183,-0.44887348689285445,0.2741955636569047,1.869969467875289,-0.25291185285829004,-0.01970552937389066,0.08245937819984399,-1.3375302542479794,1
sample_04997.html,0.23457646662740625,0.34969279957937177,-0.021653471751118984,-0.04348914587323365,0.33504364997522423,-0.23300209005841238,0.9075259831337085,0.23103612186186792,-0.42226787812362415,-0.09346896410050906,-0.02613359816672435,-0.07035647290737902,0.8202366444801997,1
sample_03957.html,-0.43054750498944633,-0.4805110314497277,-0.4993703348891979,-0.43511585494915533,-1.665180483087451,-0.18426086464009395,-0.10977361938621372,0.3703367708508456,0.1030789068693563,-0.26836221841003605,-0.02613359816672435,-0.0997330048910592,-0.5716649942251708,1
sample_03775.html,0.2243685866106694,0.7429472458563137,1.0133997317147188,0.20396167291625214,-0.238995366555461,-0.17207555828551432,-0.10977361938621372,0.6317231424601996,0.20164252641979571,0.11506657324590161,-0.02613359816672435,-0.08178871934437772,-0.7996982337809776,0
sample_04146.html,-0.34190012589673174,-0.34942621602408036,0.5356828685766397,-0.33695354666902877,1.3616895189750031,-0.2878359686540206,-0.10977361938621372,0.6336907168071013,0.5156832761201884,-0.11783214828591311,-0.02613359816672435,-0.07382956043254318,-0.6939710286245173,1
sample_08867.html,-0.31933533849131346,-0.3319482406339941,-0.5789898120788778,-0.368651792051153,-0.22621398971828183,-0.3304845408950493,-0.10977361938621372,-1.9925510562714843,1.7457675014687037,-0.26937226385918034,-0.01584868809819045,-0.07527668023469491,-0.7248996778463174,1
sample_05595.html,-0.27742930473839383,-0.4542940683645982,-0.34013138050983827,-0.45147623966250977,-0.7742118894830121,-0.245187396412992,-0.44887348689285445,0.39302769610246163,0.6142423223247674,-0.25888333034883554,0.022719724658811676,-0.06109490617360793,-0.45787094682468477,0
sample_00183.html,-0.3295432185080503,-0.3057312775488646,-0.4197508576995181,-0.2101605651405319,0.3631902934953013,-0.19644617099467354,-0.44887348689285445,0.40433383224613234,-2.2820535175132743,-0.26143619247304645,-0.02613359816672435,-0.09220798191987019,3.211450526806968,1
sample_01624.html,-0.23713504151443265,-0.2008634252083468,2.128072412370236,-0.26946695972644175,-1.204883242476382,-0.2817433154767308,-0.44887348689285445,0.5759674692696092,0.6824065694465217,1.745446419172925,-0.02613359816672435,-0.07990746360158046,-1.3834703976264933,0
sample_06586.html,-0.3612413722442331,-0.3406872283290372,-0.5789898120788778,0.5874081896354966,1.436860842906723,-0.2208167837038328,0.9075259831337085,-1.9925510562714843,-0.7459932876803157,-0.2694943572651209,-0.02613359816672435,-0.09799646112847712,0.6597059962156807,1
sample_05822.html,-0.059303026486017305,0.34969279957937177,0.6153023457663196,-0.18561998807050029,0.9714851981186026,-0.31220658136317986,-0.44887348689285445,0.6509371016424444,0.6377259125573831,-0.21722728012203762,-0.013277460581056975,-0.04864967587510303,-0.091247729373793,0
sample_05152.html,-0.37037473857499764,-0.3756431791092098,-0.4197508576995181,-0.3676292680065683,0.6297095308493702,-0.25128004959028183,-0.10977361938621372,0.20862571065894445,0.6530615592455306,-0.2649769012453216,-0.02613359816672435,-0.09785174914826195,0.5219023976965319,1
sample_06110.html,-0.0920756939081724,-0.2532973513786057,-0.26051190332015844,6.3667140896279495,0.5700685257938708,2.301541631694147,-0.44887348689285445,0.8256526065522309,1.5422301104232572,5.923960044680792,-0.02613359816672435,0.12760951602697806,0.25060598491513164,0
sample_02388.html,-0.09583649180907544,0.07878418103303408,-0.34013138050983827,-0.26230929141434917,0.13949622591835434,-0.32439188771775945,-0.44887348689285445,0.5394084266917181,0.045793714797787884,-0.2450534772759365,-0.01584868809819045,-0.0693434890458728,-0.3686101993373788,0
sample_06682.html,-0.41550431338583416,-0.4193381175844256,-0.4197508576995181,-0.44431857135041725,0.27088997478873683,-0.32439188771775945,-0.10977361938621372,0.14783153471400032,-2.4814442538058428,-0.2676296579743929,0.0008642907631771383,-0.1034955163766537,3.5473416507670694,0
sample_07374.html,0.8529590929044639,1.109984729048126,-0.18089242613047862,0.6518272044443297,0.49395627597148023,1.1256595684772144,-0.10977361938621372,0.600620984416041,-0.16786914381302176,-0.21425264077730494,-0.018419915615323922,0.07377665938693359,0.3827100800049041,0
sample_02570.html,0.4210045911436,0.7866421843315294,1.8095945036115169,0.04138034982729246,0.12535016164638757,-0.30611392818589006,-0.10977361938621372,0.6659866147111391,0.38245459106659446,0.0754750115195525,-0.01970552937389066,-0.05979249835167137,-0.4711446385177413,0
sample_03351.html,0.04385028736732332,-0.13095152364800158,-0.18089242613047862,0.07307859520941667,0.4269865998578377,0.32752200225224976,-0.10977361938621372,0.5943801998706225,-0.5928276575603546,-0.2092801093353637,-0.017134301856757187,-0.08034159954222597,0.6560193898323653,0
sample_00088.html,-0.3827316459636791,-0.2882533021587783,-0.4993703348891979,-0.3717193641849069,1.0272830076069597,-0.31829923454046966,-0.44887348689285445,-0.4061239611480421,-0.28286358990613614,-0.2629013133443327,-0.02613359816672435,-0.10219310855471715,0.10994819535876853,1
sample_03408.html,-0.4477397239650031,-0.4805110314497277,-0.4993703348891979,-0.48419700908921864,-1.2792309526931431,-0.31829923454046966,-0.44887348689285445,0.28704593753334845,0.3564502812634727,-0.2681957274019353,-0.011991846822490236,-0.10364022835686888,-0.8495846415382166,1
sample_06148.html,0.6831859305208408,1.2935034706440323,0.45606339138695995,0.34609251511351874,0.4626120565794809,-0.2878359686540206,1.58572571814699,0.5806779881821658,0.2677184617622026,0.010299331548394141,-0.02613359816672435,0.00460433284408075,0.08699271280873959,0
sample_01954.html,-0.15815828559546874,-0.4018601421943393,-0.4993703348891979,-0.43613837899374003,-0.3019639289617586,-0.30611392818589006,-0.10977361938621372,0.2803391397339202,0.7460432118904338,-0.22767181603022224,-0.02613359816672435,0.24034014861459804,-1.2553035709314717,1
sample_00160.html,-0.43162201867541866,-0.46303305605964135,-0.021653471751118984,-0.43613837899374003,-0.3645312220763056,-0.31829923454046966,-0.10977361938621372,0.6513873191454584,1.7601922592050763,1.614750977813867,0.02529095217594515,-0.09814117310869229,-1.347584205050673,1
sample_03425.html,0.0588934789709355,0.008872279472688862,-0.18089242613047862,0.14567780237492697,0.27595277246757915,0.39454118720243764,-0.10977361938621372,0.584253482876303,-0.21899589564308555,-0.21650581908693456,-0.02613359816672435,-0.07252715261060662,0.18757627508183233,0
sample_08239.html,1.0490578405944082,1.3109814460341187,0.21720495981792048,0.7101110749856548,1.3698398960853433,0.2483175109474823,1.58572571814699,0.5950300848330273,-0.011030334141141664,-0.16952205660091388,-0.02613359816672435,0.11646669355040971,0.07705600966384482,1
sample_03388.html,0.28669038039706274,0.46329963961493276,0.45606339138695995,-0.023038664981540613,-1.7972234489599754,-0.25128004959028183,0.5684261156270678,0.6876605223804348,0.2019283579610711,-0.162529434260684,-0.02613359816672435,0.04628138314605066,-1.0477088549485956,1
sample_07245.html,-0.3795081049057622,-0.4193381175844256,-0.4993703348891979,-0.4637465281975256,-2.256016803315404,-0.2573727027675716,-0.44887348689285445,0.2029208387094978,-0.5994827976685384,-0.26612013950094643,-0.0209911431324574,-0.08338055112674461,-0.9637969239675618,0
sample_06096.html,0.27164718879345057,0.5419505288703211,1.4911165948527976,0.2448626346996382,-0.17603461042630447,-0.025851882030558975,-0.10977361938621372,0.6309719079431027,0.5702307567505398,0.1262103713881092,-0.02613359816672435,-0.04995208369703959,-0.48319018283343174,0
sample_02706.html,-0.4488142376509754,-0.4805110314497277,-0.4197508576995181,-0.4903321533567266,-2.256016803315404,-0.3304845408950493,-0.44887348689285445,-0.3596074767925978,-4.339656543765288,-0.12772171416709535,0.006006745797444088,-0.10364022835686888,-1.5365467910426651,1
sample_05472.html,-0.38917872807951287,-0.4018601421943393,-0.4197508576995181,-0.4576113839300177,-0.8796367463051897,-0.3304845408950493,-0.10977361938621372,0.21629013308473186,-2.1220763985985616,-0.26557626887448416,-0.02613359816672435,-0.09843059706912263,2.891964922502838,1
sample_04206.html,-0.4337710460473632,-0.4805110314497277,-0.5789898120788778,-0.41773294619121626,0.2196739715522663,-0.23909474323570218,-0.10977361938621372,-1.9925510562714843,-0.05100135894687903,-0.2694166614613405,-0.013277460581056975,-0.10364022835686888,-0.3081360920992937,1
sample_08076.html,-0.3096647153175628,-0.3406872283290372,-0.4993703348891979,-0.37376441227407625,0.06381297614258408,-0.2695580091221512,-0.10977361938621372,0.3316516123233787,-2.6902092289541852,-0.26031515301850167,-0.02613359816672435,-0.0910502860781488,3.566025188243186,1
sample_01435.html,-0.40959448811298654,-0.4805110314497277,-0.4197508576995181,-0.34002111880278274,0.5714484442503874,-0.11724167968990606,-0.10977361938621372,0.20856731838053558,0.46978129640333577,-0.2648215096377609,-0.02613359816672435,-0.10074598875256541,0.29978616881741127,1
sample_02078.html,-0.43860635763423855,-0.4805110314497277,-0.5789898120788778,-0.48828710526755725,-1.6442923328601897,-0.3304845408950493,-0.44887348689285445,-1.9925510562714843,0.6656851989622758,-0.2694943572651209,0.2965554552335268,-0.08482767092889634,-1.0979823898828638,0
sample_02837.html,-0.4520377787088923,-0.4805110314497277,-0.4993703348891979,-0.48828710526755725,-2.256016803315404,-0.3365771940723391,-0.44887348689285445,0.6948797331186194,1.516934803132971,-0.23345460371158694,-0.027419211925291086,-0.10364022835686888,-1.3340155493845216,1
sample_08474.html,0.029881609449683443,0.061306205642947774,0.3764439141972801,0.13954265810741906,1.3377345253076558,0.21176159188374347,0.22932624812042704,0.6498511217912696,0.056932425679402314,-0.06509889632014788,-0.02613359816672435,-0.07773678389835285,0.0737781208190969,0
sample_01274.html,3.4710116887759686,0.6380793935157958,4.357417773681271,3.258240994090608,0.795254088902618,3.9465579895623946,-0.44887348689285445,0.4441947407719262,-0.4396417950201012,-0.15996547273593306,-0.013277460581056975,0.05380640611723967,0.15790578592596166,0
sample_05155.html,-0.29945683530082595,-0.27951431446373515,-0.4197508576995181,0.189646336292067,0.8701425276430892,-0.17207555828551432,-0.10977361938621372,0.24638683984479726,1.2648769214812225,-0.26810693219761494,-0.02613359816672435,-0.05646412280672238,-0.5439580676177397,1
sample_02973.html,-0.35640606065735775,-0.2969922898538215,-0.4993703348891979,-0.2592417192805952,0.6523581510017035,-0.31220658136317986,6.33312386323996,-0.41650874953288364,0.27550078227053443,-0.2629457109464929,-0.011991846822490236,-0.095391645484604,0.09143086194599193,1
sample_09398.html,-0.04157355066747439,-0.2008634252083468,3.083506138646394,-0.018948568803202004,0.05911759431156887,-0.06850045427158762,-0.44887348689285445,0.4483448686025983,0.17919685136531383,-0.09126018339303962,-0.02613359816672435,-0.0699223369667335,0.3316827728771921,0
sample_04410.html,-0.10980516972671532,0.08752316872807724,-0.18089242613047862,-0.0976829202362202,0.6993585041710857,-0.025851882030558975,-0.10977361938621372,0.1112546838628172,-0.07389766049858479,-0.1745611844460954,-0.02613359816672435,-0.05443815508370996,0.29039706034339513,1
sample_01068.html,-0.39455129650937437,-0.34942621602408036,-0.4993703348891979,-0.38807974889826136,-0.039475807097001284,-0.3304845408950493,-0.10977361938621372,0.5342148135759619,0.4196546781464023,-0.19287519533717362,-0.0209911431324574,-0.08424882300803566,-1.1006245494891003,1
sample_06479.html,-0.43538281657632166,-0.4717720437546845,-0.4993703348891979,-0.4535212877516791,0.3844307012215281,-0.31220658136317986,-0.10977361938621372,0.2783427996702551,-0.26113116367492034,-0.2668637993371296,-0.009420619305356762,-0.10291666845579302,-0.39466166932866303,1
sample_00465.html,0.669754509446187,1.555673101495327,1.0930192089043984,0.4340295829477988,0.4016766326956045,-0.09287106698074685,-0.10977361938621372,0.6465627885385299,0.05282029247755464,-0.134192664681943,-0.02613359816672435,-0.07296128855125214,-0.2019408089476932,0
sample_02037.html,-0.22477813412575123,-0.34942621602408036,-0.34013138050983827,-0.31445801768816645,0.18982053913161287,-0.32439188771775945,0.22932624812042704,0.8342380965859756,0.5834341890841162,-0.1998678176774035,-0.002992550512523074,-0.002341842206247569,0.311477805908488,1
sample_08177.html,-0.28226461632526917,-0.2532973513786057,0.3764439141972801,-0.30627782533148923,1.3310212420320209,-0.31220658136317986,-0.10977361938621372,0.2685172526320022,-0.1497348206142441,-0.24106879248205945,-0.00042132299538959916,-0.10320609241622336,0.34590654477920235,1
sample_06259.html,-0.4520377787088923,-0.4805110314497277,-0.5789898120788778,-0.48828710526755725,-1.6926612432945323,-0.3365771940723391,-0.44887348689285445,-1.9925510562714843,-2.0325633841569584,-0.2694943572651209,-0.027419211925291086,-0.10364022835686888,-1.192936082857605,1
sample_09070.html,-0.2951587805569368,-0.2532973513786057,-0.34013138050983827,-0.12733611752917512,-0.3426972708202058,-0.30002127500860026,0.22932624812042704,0.5754402549455181,0.1798701220385236,-0.05255657370989432,-0.02613359816672435,-0.049517947756394065,-0.7510976128868301,1
sample_03517.html,-0.2661469110356847,-0.24455836368356254,-0.26051190332015844,-0.32161568600025897,0.5058183470959502,-0.05631514791700801,0.22932624812042704,0.547044402394023,0.6453822188466318,-0.2577067938915905,-0.02613359816672435,-0.09510222152417365,-0.004497774051382569,0
sample_05993.html,-0.4144297996998619,-0.4805110314497277,-0.1012729489407988,-0.3942148931657693,0.37036230002019915,-0.20253882417196337,-0.10977361938621372,0.5349063613913825,0.2529851963113251,-0.21060093799962934,-0.006849391788223287,-0.10335080439643853,-0.05692434781684213,1
sample_06698.html,-0.3467354374836071,-0.34942621602408036,-0.26051190332015844,-0.3604715996944758,0.6047063885320222,-0.3365771940723391,-0.10977361938621372,0.8023171497931783,1.4049937297737356,0.2401124197300757,0.01500604210741125,-0.09003730221664259,-1.1386019693598477,1
sample_07531.html,-0.4488142376509754,-0.4717720437546845,-0.5789898120788778,-0.4790843888662954,-0.5623694765862514,-0.3365771940723391,-0.10977361938621372,-1.9925510562714843,0.2845463324931532,-0.2694943572651209,0.02529095217594515,-0.10364022835686888,-0.3963691331623081,1
sample_05636.html,-0.39240226913742976,-0.3756431791092098,-0.4197508576995181,-0.4340933309045707,-0.06429541408849505,-0.32439188771775945,-0.10977361938621372,0.4375796882561284,1.5055791621826151,-0.26656411552254833,0.006006745797444088,0.04411070344282306,-1.14106375296857,1
sample_04850.html,0.8954023835003696,1.7741477938714056,1.0133997317147188,0.6477371082659911,1.2536452776676021,0.19348363235187405,4.637624525706757,0.5622053844359153,0.8729201890634704,0.195703718169346,-0.02613359816672435,-0.055595850925431345,-0.22401147780438532,0
sample_06710.html,0.536514812385622,0.12247911950824984,-0.1012729489407988,-0.17539474762465376,-0.07250438975400479,-0.2695580091221512,0.22932624812042704,0.07638765933106514,2.483366316800716,-0.2290925392993483,-0.014563074339623712,2.0243494407072546,-1.0813977328068811,0
sample_00939.html,-0.4488142376509754,-0.4805110314497277,-0.5789898120788778,-0.4606789560637717,-0.10792279542121562,-0.32439188771775945,-0.10977361938621372,-1.9925510562714843,-0.7371812047038714,-0.2694943572651209,-0.008135005546790024,-0.10364022835686888,-0.32138339557269197,1
sample_01724.html,0.15828599492337309,0.19239102106859504,-0.18089242613047862,-0.0680297229432653,-1.5615035056161208,-0.3304845408950493,-0.44887348689285445,0.3125761355529365,0.332435036999353,0.004782929479990581,-0.009420619305356762,0.08231466621962881,0.8340010736178852,1
sample_06286.html,-0.18770741195970694,-0.15716848673313102,-0.5789898120788778,-0.34308869093653666,1.100821226869268,-0.30611392818589006,-0.10977361938621372,-1.9925510562714843,0.3163179842141385,-0.2694943572651209,0.0008642907631771383,-0.058345378549519634,-0.20849749927324426,1
sample_09411.html,14.760926987286906,-0.24455836368356254,-0.4197508576995181,9.717525383731854,1.6674946242449638,15.607896170895083,0.22932624812042704,0.5488017247251844,-0.3527344289327149,-0.1899671523956812,-0.02613359816672435,0.552628601918942,0.7553335796537053,0
sample_03796.html,-0.31396277006145196,-0.3406872283290372,-0.4993703348891979,-0.37376441227407625,0.05687775598690603,-0.2695580091221512,-0.10977361938621372,0.3316516123233787,-2.6988199894346754,-0.26031515301850167,-0.02613359816672435,-0.09683876528675574,3.571712814366185,1
sample_00769.html,-0.30053134898679823,-0.4717720437546845,-0.4197508576995181,0.0853488837444325,-0.8284423208541748,0.7905636437262752,-0.44887348689285445,0.5045807830214755,1.4288556922741058,-0.2520793978177865,-0.02613359816672435,-0.09249740588030053,-0.33592978432027437,1
sample_04590.html,-0.4520377787088923,-0.4805110314497277,-0.5789898120788778,-0.486242057178388,-1.0200836873138628,-0.3365771940723391,-0.44887348689285445,-1.9925510562714843,0.19333343166059386,-0.2694943572651209,-0.027419211925291086,-0.10364022835686888,0.25538278721721513,1
sample_03675.html,-0.40744546074104193,-0.38438216680425297,-0.4993703348891979,-0.415687898102047,-0.3765461000159925,-0.3304845408950493,-0.44887348689285445,0.6229963762744127,0.4706368210893301,-0.19725945855049234,-0.0209911431324574,-0.09495750954395848,-1.1241967262970571,1
sample_08374.html,-0.4310847618324325,-0.46303305605964135,-0.4197508576995181,-0.48010691291088003,-1.4148956556824754,-0.31829923454046966,-0.44887348689285445,0.5862183329137697,0.5331752373565575,-0.21405285156758408,-0.011991846822490236,-0.10089070073278059,-0.8953369904918514,1
sample_06283.html,0.24478434664414309,0.34969279957937177,0.21720495981792048,0.6150163388392822,1.0311219881478106,0.6748032333577687,-0.10977361938621372,0.4809850796970176,0.07296424067105445,-0.22070139249107246,-0.02613359816672435,0.18679671593498393,1.449833672732778,0
sample_05560.html,-0.38434341649263754,-0.4717720437546845,-0.34013138050983827,-0.37989955654158414,0.20438363665141812,-0.1598902519309347,0.22932624812042704,0.4668892244737018,0.6934666965467977,-0.26295681034703294,0.012434814590277775,-0.06196317805489897,-0.09498974580332702,1
sample_03118.html,-0.4332337892043771,-0.4717720437546845,-0.4197508576995181,-0.43511585494915533,-0.5860089973375293,-0.23300209005841238,-0.10977361938621372,0.4066228702510142,0.24212706122835748,-0.2642110426080583,-0.02613359816672435,-0.10118012469321093,-0.4193569751793288,1
sample_08408.html,0.4038123721680432,0.9439439628423061,4.5962762052503106,0.6211514831067901,1.0330309105721454,-0.23300209005841238,1.9248255856536307,0.6213620911567961,0.122072496348463,0.2290685161927285,-0.02613359816672435,-0.08092044746308667,-0.18797137567665634,1
sample_06642.html,0.2077136244780988,0.5244725534802348,1.4114971176631177,0.022974917024768726,0.8988942454546186,-0.3304845408950493,-0.10977361938621372,0.6737562845273236,0.7165969752109382,0.12263636441421394,-0.017134301856757187,-0.002775978146893089,-0.6246961241890218,0
sample_07732.html,-0.12538561817331365,-0.2532973513786057,-0.021653471751118984,-0.03837652565031039,0.29582868049725847,0.21785424506103326,-0.10977361938621372,0.6648538550051429,-0.2570435375296966,-0.22539643891951253,-0.01970552937389066,-0.05443815508370996,0.6604478259144573,0
sample_09387.html,0.1464663443776778,0.19239102106859504,-0.18089242613047862,-0.0680297229432653,-1.5636559245377377,-0.3304845408950493,-0.44887348689285445,0.3139624434509713,0.34520601519029315,0.004805128281070676,-0.009420619305356762,0.0834723620613502,0.8348844270935335,1
sample_04674.html,-0.30053134898679823,-0.4717720437546845,-0.4197508576995181,0.0853488837444325,-0.8284423208541748,0.7905636437262752,-0.44887348689285445,0.5045807830214755,1.4288556922741058,-0.2520793978177865,-0.02613359816672435,-0.09249740588030053,-0.33592978432027437,1
sample_01644.html,-0.4171160839147926,-0.4717720437546845,-0.4993703348891979,-0.38194460463075347,0.1044208119595543,-0.2634653559448614,-0.10977361938621372,0.30269624895608477,0.04994050603001389,-0.2667861035333493,-0.005563778029656549,-0.10291666845579302,-0.1878962657292995,1
sample_09739.html,-0.4520377787088923,-0.4805110314497277,-0.5789898120788778,-0.4933997254904805,-1.246671424944675,-0.3365771940723391,-0.44887348689285445,-1.9925510562714843,-2.040514866960532,-0.2694943572651209,-0.027419211925291086,-0.10364022835686888,-0.0686345505328166,0
sample_09998.html,-0.4488142376509754,-0.4805110314497277,-0.18089242613047862,-0.4064851817007851,-2.1038541846169565,-0.31829923454046966,-0.10977361938621372,0.2895989470906217,0.288053936839238,-0.18400677430567575,-0.011991846822490236,-0.10364022835686888,-1.1080914378279854,1
sample_09306.html,0.30119631515768874,0.7953811720265725,-0.34013138050983827,0.1599931389991121,0.14651877463599444,-0.17816821146280412,0.22932624812042704,0.6001286292115657,1.4254662893479246,-0.14181795285295556,-0.022276756891024138,0.8533400968060721,-0.9454637474731005,0
sample_02442.html,0.7804294191013338,1.4595442368498521,1.2522581632837582,0.8696248259408605,1.2469306378317813,-0.14161229239906528,-0.44887348689285445,-0.08267842219055252,-0.6716580725424993,-0.17227470793484564,-0.014563074339623712,0.06277854889058042,1.4626665220981183,0
sample_09984.html,0.36566713631602665,0.9177269997571766,0.854160777335359,0.1743084756232972,-0.018269458721154288,-0.23909474323570218,0.5684261156270678,0.6352343981223709,-0.6328191336683628,0.001075729699614747,-0.02613359816672435,-0.05067564359811545,0.9736011179860775,0
sample_08033.html,0.09166614639309059,-0.34942621602408036,-0.4197508576995181,0.26531311559133125,-0.06965518943873074,0.4554677189753357,0.5684261156270678,0.5915139782395495,0.05018746413146407,-0.2551983293695398,-0.02613359816672435,0.1966371305896157,0.6289761582397132,0
sample_07627.html,0.6649191978593116,0.1486960825933793,-0.18089242613047862,1.1497964141570554,0.24014880696005603,1.6861836607878766,-0.10977361938621372,0.5843795289199256,-0.6472226392519225,-0.19893546803203951,-0.01970552937389066,0.000552397398055897,0.9596263001623139,0
sample_09750.html,-0.4477397239650031,-0.4805110314497277,-0.4993703348891979,-0.4760168167325414,-1.3307835403135753,-0.31220658136317986,-0.10977361938621372,0.3391934432522604,0.23175519692944685,-0.2680514351949147,-0.009420619305356762,-0.10364022835686888,-0.7434063203795881,1
sample_06352.html,0.19374494656045893,0.7429472458563137,0.7745413001456792,0.9913051872464341,1.2422178447930246,0.3579852681386988,1.9248255856536307,0.6904134042908049,-0.45670902221005616,-0.1860823622066646,-0.017134301856757187,-0.07628966409620112,0.7884262454146772,0
sample_09229.html,0.27272170247942285,0.27978089801902656,-0.5789898120788778,0.2918987407505322,1.5753156328900175,0.3457999617841192,0.22932624812042704,-1.9925510562714843,-0.12400195279345767,-0.26939446266026046,-0.008135005546790024,0.06480451661359284,0.533152240710863,1
sample_06502.html,-0.17427599088505322,-0.04356164669757005,0.45606339138695995,8.499699246631533,1.8223910993064572,-0.31829923454046966,-0.44887348689285445,0.7068563703186004,-1.6341670202544276,-0.2061944759852305,-0.01584868809819045,-0.07397427241275835,1.344896680023687,0
sample_04712.html,-0.28548815738318606,-0.4368160929745119,2.3669308439392753,-0.10586311259289742,0.3776459744614643,0.004611383855890054,-0.10977361938621372,0.7085680071798031,0.6990268731073547,-0.06517659212392822,-0.02613359816672435,-0.08482767092889634,-0.058223772070132386,0
sample_04130.html,-0.43592007341930783,-0.4805110314497277,-0.4993703348891979,-0.4197779942803856,-0.5713389980302239,-0.2878359686540206,-0.10977361938621372,0.517596543018522,0.2870068569438046,-0.2665974137241685,-0.018419915615323922,-0.10320609241622336,0.23126001707705515,0
sample_02933.html,0.12873686855913488,0.5069945780901485,0.13758548262824066,0.007637056355998947,0.20415754530580585,-0.06850045427158762,0.9075259831337085,0.5409759174324117,-0.26088060303357274,-0.20951319674670468,-0.02613359816672435,-0.06456799369877209,0.35295083047382037,0
sample_01357.html,-0.43806910079125244,-0.46303305605964135,-0.4197508576995181,-0.4565888598854331,0.08274893330922617,-0.32439188771775945,-0.44887348689285445,0.9774241808410238,0.31867051229536775,-0.265542970672864,0.0034355182803106135,-0.10219310855471715,-0.04501349554526607,0
sample_08816.html,-0.2758175342094354,-0.44555508066955507,-0.18089242613047862,-0.3257057821785976,0.3714231058612192,-0.025851882030558975,-0.44887348689285445,0.5356425789477768,0.83881859015645,-0.24740655019042654,-0.005563778029656549,-0.09857530904933781,-0.04926932607397208,1
sample_08200.html,0.005167794672320586,0.5856454673455369,-0.18089242613047862,0.03729025364895385,0.6550632289093793,-0.3365771940723391,-0.44887348689285445,0.5928418904604649,-0.7686813346149756,-0.2541216875171552,-0.0017069367539563366,-0.07990746360158046,0.6540253452396769,0
sample_01703.html,0.018061958903988165,0.30599786110415605,0.6153023457663196,-0.09154777596871229,0.109191410208015,-0.245187396412992,-0.44887348689285445,0.24252326799947863,-0.1418715369486815,1.5187522625429968,-0.01584868809819045,-0.06760694528329073,1.7035752571983667,0
sample_04499.html,0.712735056885079,1.4245882860696797,0.6949218229559994,0.4197142463236137,0.3002289923196415,-0.31220658136317986,-0.10977361938621372,0.712834749631755,0.25297027886054835,-0.1720749187251248,-0.01584868809819045,0.011984643835054588,-0.22002818647712796,0
sample_05289.html,-0.4520377787088923,-0.4805110314497277,-0.5789898120788778,-0.4903321533567266,-1.114558160185379,-0.3365771940723391,-0.44887348689285445,-1.9925510562714843,-1.60279190543054,-0.2694943572651209,-0.027419211925291086,-0.10364022835686888,0.2457020263352195,0
sample_08934.html,-0.440218128163197,-0.4805110314497277,-0.5789898120788778,-0.48419700908921864,-2.256016803315404,-0.30611392818589006,-0.44887348689285445,-1.9925510562714843,-0.24369068605556432,-0.26943886026242064,-0.011991846822490236,-0.0948127975637433,-1.2020031351053397,1
sample_01414.html,-0.4520377787088923,-0.4805110314497277,-0.4993703348891979,-0.48828710526755725,-2.256016803315404,-0.3365771940723391,-0.44887348689285445,0.6948797331186194,1.5105161559924625,-0.23345460371158694,-0.027419211925291086,-0.10364022835686888,-1.3340155493845216,1
sample_06603.html,-0.23659778467144651,-0.4105991298893824,0.05796600543856084,-0.13244873775209837,0.7672205364758885,0.06553791562878812,0.5684261156270678,0.7530724761320536,0.5381913273890883,-0.2392484907934917,-0.02613359816672435,-0.07672380003684665,-0.42894124435495634,0
sample_01331.html,-0.3827316459636791,-0.39312115449929613,-0.4993703348891979,-0.3983049893441079,0.413983891747841,-0.2817433154767308,-0.10977361938621372,0.2579016500313576,-0.4555150313040648,-0.13368209225710082,-0.0107062330639235,-0.09770703716804677,1.3287569199870384,1
sample_08770.html,0.20180379920525116,0.026350254862775167,-0.021653471751118984,0.5117414103362323,0.8504191660175197,0.4371897594434663,0.22932624812042704,0.33702906753019396,-0.15464820092096482,-0.2171051867160971,-0.02613359816672435,-0.0007500104238806627,-0.3794896555274682,0
sample_05815.html,-0.3821943891206929,-0.2882533021587783,-0.5789898120788778,-0.37376441227407625,1.0455802247764663,-0.31829923454046966,-0.44887348689285445,-1.9925510562714843,0.02507780481221077,-0.2694943572651209,-0.02613359816672435,-0.10204839657450197,0.23395628296371732,1
sample_03782.html,-0.3768218206908314,-0.3232092529389509,-0.34013138050983827,-0.37580946036324553,-0.041574217966220406,-0.2878359686540206,0.22932624812042704,0.5636389140211698,0.3706676264346569,-0.26527658505990287,-0.013277460581056975,-0.1034955163766537,-0.33347425878736037,1
sample_07996.html,-0.2715194794655462,-0.3406872283290372,-0.5789898120788778,-0.2663993875926878,0.5098050473513209,-0.19035351781738374,0.5684261156270678,-1.9925510562714843,0.22047558785404076,-0.26921687225161967,-0.02613359816672435,-0.058634802509949985,-0.19668552459943836,0
sample_02907.html,-0.3273941911361057,-0.3406872283290372,-0.4993703348891979,-0.3931923691211846,0.4911933928541008,-0.2817433154767308,-0.10977361938621372,0.343253371727165,0.015596501766747371,-0.25871683934073486,-0.004278164271089811,-0.09582578142524951,-0.20254721649351112,1
sample_08537.html,-0.050169660155252774,-0.17464646212321733,0.21720495981792048,-0.0015656600452629206,-0.18535759452762182,0.2665954704793517,-0.44887348689285445,0.46653146307039617,0.56740230714033,-0.2103567511877483,-0.02613359816672435,-0.07903919172028942,-0.4827225350810033,0
sample_03216.html,-0.19630352144748534,-0.11347354825791527,2.207691889559916,-0.19277765638259284,-1.3261792720896834,-0.2878359686540206,-0.44887348689285445,0.769749071479217,1.457593498109,4.572097456505177,-0.02613359816672435,-0.07440840835340387,-1.4024704242489536,0
sample_04943.html,0.08253278006232606,-0.11347354825791527,0.6949218229559994,0.31643931782056384,0.7534589782876614,0.6382473142940299,1.9248255856536307,0.5749246379935804,-0.5148479904868547,-0.19205383969721013,-0.02613359816672435,-0.07165888072931557,0.7743337366527451,0
sample_08943.html,-0.4085199744270142,-0.44555508066955507,-0.4197508576995181,-0.46272400415294096,-1.196204158145764,-0.25128004959028183,-0.44887348689285445,0.5506045169509369,0.3264689502427473,-0.266486419718768,-0.011991846822490236,-0.09466808558352813,-1.0643769269600387,0
sample_05167.html,-0.4278612207745156,-0.4717720437546845,-0.34013138050983827,-0.43511585494915533,-1.7941129896874863,-0.19644617099467354,-0.10977361938621372,0.41172914281227757,0.15572232284671314,-0.2664198233155277,-0.02613359816672435,-0.1019036845942868,-0.660846511865213,1
sample_03506.html,-0.3773590775338176,-0.4368160929745119,-0.4197508576995181,-0.3972824652995232,0.24160119843328554,-0.19644617099467354,-0.44887348689285445,0.5402074839823079,0.939801545718882,-0.25924961056665713,-0.02613359816672435,-0.09365510172202192,0.3299756349849954,0
sample_08069.html,-0.1619190834963718,0.008872279472688862,0.45606339138695995,-0.1897100842488389,0.4418710204595135,-0.11114902651261627,-0.10977361938621372,0.6799252023627832,0.480574320534662,-0.1497207260374693,-0.01970552937389066,-0.025061623100029778,-0.2542723903374468,0
sample_01998.html,0.21039990869302955,-0.07851759747774266,1.2522581632837582,0.2387274904321303,0.4139227072498174,0.8088416032581446,0.9075259831337085,0.4260420013474815,0.1738940130622692,-0.059582494251744327,-0.02613359816672435,-0.013484664682815914,0.21490126350009198,0
sample_05511.html,-0.4477397239650031,-0.4717720437546845,-0.5789898120788778,-0.4903321533567266,-1.4990077710513754,-0.3304845408950493,-0.44887348689285445,-1.9925510562714843,-1.0728195364597766,-0.2694943572651209,-0.01584868809819045,-0.10364022835686888,-0.985740918939769,0
sample_02198.html,-0.44720246712201694,-0.4717720437546845,-0.26051190332015844,-0.47397176864337215,-2.256016803315404,-0.3365771940723391,-0.10977361938621372,0.10008186263401254,0.12943378062832028,-0.23844933395460827,0.08442918507001508,-0.10320609241622336,-0.9951519697920875,1
sample_08591.html,-0.33867658483881485,-0.4542940683645982,-0.5789898120788778,-0.33695354666902877,0.25876276276473403,-0.1598902519309347,-0.10977361938621372,-1.9925510562714843,-0.46926719818891116,-0.2694166614613405,-0.02613359816672435,-0.061673754094468625,-0.14942809537626497,0
sample_05015.html,-0.36715119751708075,-0.2532973513786057,-0.5789898120788778,-0.4197779942803856,0.4470733803235444,-0.3304845408950493,-0.44887348689285445,-1.9925510562714843,-0.007519899779798121,-0.2694943572651209,-0.02613359816672435,-0.1019036845942868,-0.07133659210194347,1
sample_07756.html,-0.37037473857499764,-0.34942621602408036,-0.1012729489407988,-0.3267283062231823,-0.31634490222054523,-0.21472413052654296,0.5684261156270678,0.6416441908429964,-1.7311024720262917,-0.2321559738484014,-0.01970552937389066,-0.10219310855471715,2.299075420162936,0
sample_01821.html,0.1453918306917055,0.4108657134446739,0.5356828685766397,-0.21118308918511658,-0.053064216123296946,-0.3304845408950493,-0.44887348689285445,0.7413684631165147,0.2953998144027146,-0.1921426349015305,-0.01584868809819045,-0.06760694528329073,-0.5049093303569121,0
sample_08622.html,0.007854078887251332,-0.13095152364800158,-0.34013138050983827,-0.180507367847577,0.8402567618526497,-0.06240780109429781,-0.10977361938621372,0.3190655848285699,0.046787639847905266,-0.26458842222641993,-0.011991846822490236,0.1219657487985863,0.023241942265752064,1
sample_08514.html,-0.07380896124664334,-0.3581652037191235,-0.26051190332015844,0.1364750859736651,-0.1605032983542337,0.49811629121636436,-0.44887348689285445,0.5784955740455361,-0.5130789708659701,-0.2344313509591111,-0.02613359816672435,-0.09264211786051571,0.10490318235767009,0
sample_07074.html,-0.425712193402571,-0.44555508066955507,0.05796600543856084,-0.42284556641413956,-0.09984624788777373,-0.30611392818589006,-0.44887348689285445,0.06856667966415342,-1.134537925548163,-0.20390799947398075,-0.017134301856757187,-0.10306138043600818,2.3742736194262424,1
sample_03573.html,-0.4520377787088923,-0.4805110314497277,-0.4993703348891979,-0.49237720144589586,-2.256016803315404,-0.3365771940723391,-0.44887348689285445,0.7697390010992521,1.3592723457167761,2.1264777403122124,-0.027419211925291086,-0.10364022835686888,-1.5522331665246654,1
sample_07041.html,0.5203971070960376,0.6293404058207527,-0.34013138050983827,0.3471150391581034,0.7440564355650893,0.5590428229892624,-0.10977361938621372,0.528726317633504,0.025043445491359,-0.2372616980968232,-0.0209911431324574,0.032099609084963676,0.25032538844107993,0
sample_01423.html,-0.4520377787088923,-0.4805110314497277,-0.4993703348891979,-0.49237720144589586,-2.256016803315404,-0.3365771940723391,-0.44887348689285445,0.28860104240099316,-0.8126906830434893,-0.26859530582137703,-0.027419211925291086,-0.10364022835686888,-1.0784989660171909,1
sample_09503.html,-0.425712193402571,-0.46303305605964135,-0.5789898120788778,-0.4340933309045707,-0.018431870466972245,-0.2817433154767308,-0.10977361938621372,-1.9925510562714843,0.195838693013077,-0.2694832578645808,-0.02613359816672435,-0.10277195647557784,-0.2824151136989741,1
sample_08499.html,-0.3467354374836071,-0.2969922898538215,-0.34013138050983827,-0.4044401336116158,0.09107340432877026,-0.3304845408950493,-0.10977361938621372,0.5707185634996522,0.3912424965969272,0.00024327465911119173,-0.00042132299538959916,-0.08584065479040257,-1.2719189316918882,1
sample_06954.html,0.09274066007906288,0.34969279957937177,1.0930192089043984,2.178455603009215,-0.008774264149105156,-0.275650662299441,0.5684261156270678,0.6155510410557354,-0.6802409809346772,-0.01587305492503764,-0.02613359816672435,-0.07513196825447974,-0.22486454480065335,0
sample_09727.html,-0.4520377787088923,-0.4805110314497277,-0.5789898120788778,-0.4913546774013112,-0.7419987387873467,-0.3365771940723391,-0.44887348689285445,-1.9925510562714843,-0.3106470574284852,-0.2694943572651209,-0.027419211925291086,-0.10364022835686888,-0.8970709077334444,1
sample_08521.html,-0.10335808761088153,-0.4018601421943393,-0.34013138050983827,-0.34308869093653666,0.26806452033278694,0.20566893870645367,-0.10977361938621372,0.34970538468937,-0.04210210171511099,-0.09781992911220765,-0.02613359816672435,-0.08294641518609909,0.10452642011869849,0
sample_08745.html,0.2592902814047691,0.5681674919554506,-0.021653471751118984,0.9238186003038471,0.7008900485087284,-0.21472413052654296,0.22932624812042704,0.7039605672801829,1.8912809145298348,8.588437740722412,-0.022276756891024138,-0.03967753310176228,-1.1724518362183003,0
sample_03679.html,-0.3676884543600669,-0.4717720437546845,0.3764439141972801,-0.32161568600025897,-0.45152796578318966,-0.06850045427158762,0.22932624812042704,0.38980464577142,2.0758520042414976,-0.14967632843530912,-0.004278164271089811,0.6901049831233567,-0.9523923891418458,1
sample_00220.html,0.6654564547022979,0.7953811720265725,-0.4993703348891979,0.49947112180121656,1.2144061323491817,-0.31220658136317986,-0.44887348689285445,0.4459778903916396,-0.40564388179501865,-0.2633896869680948,-0.0209911431324574,0.08260409018005915,0.18971991376165348,0
sample_04104.html,0.1324976664600379,-0.2183414005984331,0.2968244370076003,0.3000789331072094,0.4266287162677445,0.6869885397123483,0.22932624812042704,0.43366677587020047,-0.6455828604280284,-0.014052753236469867,-0.02613359816672435,-0.07831563181921355,0.12126335703934804,0
sample_01637.html,0.3989770605811679,-0.017344683612440594,0.2968244370076003,0.5035612179795551,0.7672340657413131,1.2475126320230105,-0.10977361938621372,0.5872664783168281,0.6293589788784733,-0.2064497621976516,-0.02613359816672435,-0.03649386953702847,0.2700565408451531,0
sample_01826.html,-0.4520377787088923,-0.4805110314497277,-0.5789898120788778,-0.4893096293121419,-0.9503498502515947,-0.3365771940723391,-0.44887348689285445,-1.9925510562714843,-0.676787049025418,-0.2694943572651209,-0.027419211925291086,-0.10364022835686888,0.40682118144121326,0
sample_09673.html,-0.231225216241585,-0.12221253595295842,0.13758548262824066,0.4350521069923835,0.8875397821946789,-0.08068576062616724,0.22932624812042704,0.4686971327301999,-0.3560609432031333,0.016881276068642252,-0.02613359816672435,-0.09828588508890747,0.34316408647048036,0
sample_08542.html,0.5026676312774947,0.17491304567850874,0.05796600543856084,0.5321918912279254,0.06967422455615285,1.0403624239951572,0.9075259831337085,0.5153505559972342,-0.06115465284973323,-0.22598470714813504,-0.02613359816672435,-0.05414873112327961,0.43388386521950256,0
sample_07451.html,0.24854514454504614,0.8041201597216157,-0.26051190332015844,0.1620381870882814,0.09858490820838565,-0.2634653559448614,0.5684261156270678,0.44760150161536755,0.14922632023903815,-0.23987005722373433,-0.02613359816672435,-0.09799646112847712,0.19301219618076035,0
sample_02825.html,-0.4520377787088923,-0.4805110314497277,-0.4993703348891979,-0.4913546774013112,-2.256016803315404,-0.3365771940723391,-0.44887348689285445,0.4500912388311192,-0.018778424082727417,-0.2679071429878941,-0.027419211925291086,-0.10364022835686888,-1.0001524852666577,1
sample_06536.html,-0.4520377787088923,-0.4805110314497277,-0.5789898120788778,-0.483174485044634,-1.2720318634131071,-0.3365771940723391,-0.44887348689285445,-1.9925510562714843,-0.016960580904672205,-0.2694943572651209,-0.027419211925291086,-0.10364022835686888,-0.014750783815409774,0
sample_05389.html,14.83023312003212,-0.04356164669757005,-0.34013138050983827,22.94694147256808,1.2851712882366455,34.80584633253526,-0.10977361938621372,0.6249618152599002,-1.4931521520693083,-0.24319987738574855,-0.02613359816672435,0.007353860468169042,0.6459447873795047,0
sample_03630.html,-0.4520377787088923,-0.4805110314497277,-0.5789898120788778,-0.486242057178388,-0.7123121087648986,-0.3365771940723391,-0.44887348689285445,-1.9925510562714843,0.011481041558787767,-0.2694943572651209,-0.027419211925291086,-0.10364022835686888,-0.7502781960856892,1
sample_06968.html,-0.44612795343604467,-0.4805110314497277,-0.4993703348891979,-0.40341760956703115,1.3599261300231025,-0.30611392818589006,-0.10977361938621372,0.4533584194791844,-0.5990583314306673,-0.261336297868186,-0.0107062330639235,-0.10364022835686888,-0.4202985678729673,1
sample_09823.html,-0.4520377787088923,-0.4805110314497277,-0.5789898120788778,-0.4872645812229726,-0.7067890193140784,-0.3365771940723391,-0.44887348689285445,-1.9925510562714843,0.22606251694284138,-0.2694943572651209,-0.027419211925291086,-0.10364022835686888,-0.8721332970100784,1
sample_09326.html,1.2338741945816436,2.237314141708693,1.4114971176631177,1.2397785300805046,0.3606022552400861,-0.30611392818589006,1.58572571814699,0.6627229667801382,0.03585984621825688,-0.010412149859334318,-0.02613359816672435,0.07652618701102187,0.2472717342751358,0
sample_08435.html,-0.4520377787088923,-0.4805110314497277,-0.5789898120788778,-0.49237720144589586,-2.256016803315404,-0.3365771940723391,-0.44887348689285445,-1.9925510562714843,-0.9414063744352418,-0.2694943572651209,-0.027419211925291086,-0.10364022835686888,-1.251726585176064,1
sample_00473.html,-0.4520377787088923,-0.4805110314497277,-0.4993703348891979,-0.49237720144589586,-2.256016803315404,-0.3365771940723391,-0.44887348689285445,0.029016349696854304,-2.5700044904346724,3.0560414361406423,-0.027419211925291086,-0.10364022835686888,-1.5523778845277307,1
sample_07393.html,-0.00020477375754090525,0.061306205642947774,0.6153023457663196,-0.1723271754908998,1.2580945104416865,-0.10505637333532646,-0.10977361938621372,0.5706503994422952,-0.29989971782921493,-0.20073357091952718,-0.02613359816672435,-0.09437866162309778,0.7240883109089823,0
sample_04509.html,-0.4520377787088923,-0.4805110314497277,-0.5789898120788778,-0.4903321533567266,-1.114558160185379,-0.3365771940723391,-0.44887348689285445,-1.9925510562714843,-1.60279190543054,-0.2694943572651209,-0.027419211925291086,-0.10364022835686888,0.2457020263352195,0
sample_00310.html,-0.09959728970997848,0.2186079841537245,-0.18089242613047862,-0.368651792051153,-0.7397151513966914,-0.32439188771775945,-0.10977361938621372,0.39798403016903033,-0.020432785596721258,0.48695198834018993,-0.01970552937389066,0.0406376159176589,-1.3860628967936601,0
sample_03667.html,-0.45096326502292,-0.4805110314497277,-0.5789898120788778,-0.47806186482171076,-1.5106540643212891,-0.3304845408950493,-0.44887348689285445,-1.9925510562714843,-0.6223662289597627,-0.2694943572651209,-0.004278164271089811,-0.10364022835686888,-0.8307365818566329,1
sample_04775.html,-0.2408958394153357,-0.3669041914141667,-0.4197508576995181,-0.3533139313823832,0.10904868069703597,-0.31829923454046966,0.22932624812042704,0.7503758462833773,0.9892301647889187,-0.1998456188763234,-0.02613359816672435,0.02529814601485053,0.3830027493502026,1
sample_01412.html,-0.16675439508324713,0.026350254862775167,-0.4993703348891979,-0.05166933822991087,0.8720795502427016,-0.10505637333532646,-0.44887348689285445,0.4950467817614936,0.23455335842364974,-0.19936834465310135,-0.02613359816672435,-0.07556610419512526,-0.13589363748687416,0
sample_08383.html,-0.400461121782222,-0.4368160929745119,0.21720495981792048,-0.3113904455544125,0.2760518740340109,-0.30002127500860026,-0.10977361938621372,0.40800874505619283,-0.9168711180859228,-0.26122530386278553,-0.02613359816672435,-0.10060127677235024,0.9694409447536321,1
sample_05329.html,-0.4455906965930585,-0.4717720437546845,-0.4993703348891979,-0.4893096293121419,-0.9394793580061619,-0.3365771940723391,-0.44887348689285445,-0.3811845513082638,-4.745657320902,27.5459141793088,0.04714638607157969,-0.10320609241622336,-1.550223476742456,1
sample_05501.html,-0.11840127921449371,-0.12221253595295842,0.05796600543856084,0.37370066431730437,1.4130419110147985,0.18129832599729442,0.5684261156270678,0.49713520358115404,-1.6531309087362533,-0.21517389102212886,-0.02613359816672435,-0.09018201419685776,2.229229818326704,0
sample_06687.html,1.7587741301791113,-0.026083671307483746,0.9337802545250389,0.5178765546037403,0.18987388101606248,1.0281771176405776,0.22932624812042704,0.6508100733714136,1.3747266882405957,1.061268270483863,-0.02613359816672435,1.1757583887254783,-1.1036003427618637,0
sample_03497.html,-0.3569433175003439,-0.27951431446373515,0.2968244370076003,-0.11506582899415929,1.63468198901254,-0.30611392818589006,-0.10977361938621372,0.49400408546283475,-1.1331877868120108,-0.22030181407163077,-0.0209911431324574,-0.09640462934611022,1.8044318280285936,0
sample_06317.html,-0.2408958394153357,-0.2358193759885194,0.9337802545250389,-0.1488091224654528,0.35017459511031124,-0.245187396412992,0.22932624812042704,0.5940106420278188,0.4331575358798143,-0.046118921396666825,-0.02613359816672435,-0.039098685180901586,-0.8710082644693111,0
sample_00042.html,-0.19845254881942992,-0.2532973513786057,-0.4993703348891979,-0.35024635924862924,0.6490053579978061,-0.14161229239906528,-0.10977361938621372,0.42415824163543037,0.3847096960656258,-0.26005986680608056,-0.01584868809819045,-0.07079060884802454,-0.13153115891626954,0
sample_04386.html,-0.19684077829047147,-0.31447026524390775,-0.34013138050983827,-0.29503006084105804,0.10151075417415839,-0.11724167968990606,-0.10977361938621372,0.6241632634061526,0.5391174196257547,-0.20595028917334945,-0.02613359816672435,0.029060657500445036,-0.21745804689331782,0
sample_03278.html,0.31785127729025936,0.07004519333799093,-0.1012729489407988,1.941230024665576,0.25854851709645876,0.7783783373716955,0.5684261156270678,0.6384264225939967,0.32994824928606414,0.0006761512801730405,-0.02613359816672435,-0.04864967587510303,-0.3228762334814306,0
sample_02858.html,-0.4520377787088923,-0.4805110314497277,-0.4993703348891979,-0.49237720144589586,-2.256016803315404,-0.3365771940723391,-0.44887348689285445,0.3849328585191046,-0.1664740235422336,-0.26700809154415023,-0.027419211925291086,-0.10364022835686888,-0.686457504583203,1
sample_05471.html,-0.1291464160742167,-0.19212443751330363,-0.26051190332015844,-0.12426854539542116,0.025326806512303995,0.0472599560969187,0.22932624812042704,0.5884127158530856,0.05830138311575531,-0.10319203897359058,-0.02613359816672435,-0.06196317805489897,-0.09606493537781352,0
sample_02260.html,-0.43538281657632166,-0.4717720437546845,-0.4197508576995181,-0.4494311915733405,-1.8285293515827974,-0.22690943688112258,-0.10977361938621372,0.4066228702510142,0.20549469220527664,-0.2642110426080583,-0.02613359816672435,-0.10233782053493232,-0.4970429029906451,1
sample_07901.html,-0.40637094705506965,-0.42807710527946874,-0.34013138050983827,-0.4422735232612479,-1.705464779300104,-0.30611392818589006,-0.10977361938621372,0.6035115893691249,0.592339260851333,-0.20194340557839235,-0.02613359816672435,-0.09886473300976815,-0.6700385431019014,1
sample_01600.html,-0.3096647153175628,-0.3406872283290372,-0.4993703348891979,-0.37376441227407625,0.06381297614258408,-0.2695580091221512,-0.10977361938621372,0.3316516123233787,-2.6902907612045635,-0.26031515301850167,-0.02613359816672435,-0.0910502860781488,3.5660843661725488,1
sample_06354.html,-0.2989195784578398,-0.4018601421943393,-0.26051190332015844,-0.39216984507659997,-0.40117078020971425,-0.30611392818589006,0.22932624812042704,0.6079117190799284,1.0151034183621495,-0.1516853199330577,0.0021499045217438758,-0.042137636765420226,-0.20603934013342756,1
sample_04977.html,-0.22477813412575123,-0.34942621602408036,-0.26051190332015844,-0.31343549364358175,0.1891255987839224,-0.32439188771775945,0.22932624812042704,0.7088246171247009,0.6336769512703309,-0.10715452496638751,-0.002992550512523074,-0.002341842206247569,0.6072679101982658,1
sample_05362.html,-0.3182608248053412,-0.38438216680425297,-0.4993703348891979,-0.4463636194395865,0.1441588141180918,-0.31829923454046966,-0.10977361938621372,0.7200703460400157,2.2462144705851492,-0.2013218391481497,0.02529095217594515,0.1073498387968538,-0.2918137918139135,1
sample_09525.html,1.051744124809339,2.0450564124177433,1.0930192089043984,0.3921060971198281,1.770954200834372,-0.29392862183131047,-0.10977361938621372,0.5793639815435364,0.8034519074760073,0.051067429731988266,-0.01970552937389066,0.1235575805809532,-0.27840914988456983,0
sample_08769.html,0.5827189008824308,0.646818381210839,-0.1012729489407988,0.32052941399890245,1.0963927058623062,0.5224869039255235,0.22932624812042704,0.5887471082067753,-0.21303069213965012,-0.07755242372608108,-0.02613359816672435,-0.07614495211598594,-0.015927797498359396,0
sample_04902.html,-0.05070691699823892,-0.42807710527946874,-0.26051190332015844,-0.14778659842086816,-0.8023225114852981,0.23613220459290268,-0.44887348689285445,0.3306843873101985,-0.9029562832629644,-0.2665974137241685,-0.017134301856757187,0.005762028685802135,0.7688670857940669,0
sample_01987.html,0.3049571130585918,0.6118624304306663,0.21720495981792048,-0.02712876115987922,0.2438597197408644,-0.12333433286719588,0.5684261156270678,0.5976033808092627,0.6022059223623697,-0.01912517928327153,-0.02613359816672435,0.020667362647964985,-0.28446700637991496,0
sample_09874.html,10.574084409895846,-0.1833854498182605,0.3764439141972801,0.518899078648325,0.5641083938324715,-0.2634653559448614,-0.44887348689285445,0.5705142072760107,1.9199889292395753,-0.22692815619403905,-0.011991846822490236,28.73499732486351,-1.2346541502038033,1
sample_06603.html,-0.2715194794655462,-0.38438216680425297,-0.4993703348891979,-0.08132253552286578,-1.6519756111733341,0.31533669589767016,0.22932624812042704,-0.0711560047182641,0.03393931391504575,-0.26888389023541825,-0.02613359816672435,-0.09133971003857914,-0.06758831759660126,1
sample_03090.html,-0.11087968341268763,-0.08725658517278581,0.05796600543856084,-0.0935928240578816,0.4359993979941668,0.10209383469252695,0.9075259831337085,0.49008636487224905,-0.29390968795897027,-0.1813540175766044,-0.02613359816672435,-0.07542139221491008,0.26720216728072754,0
sample_00469.html,-0.2408958394153357,-0.3669041914141667,-0.4197508576995181,-0.3533139313823832,0.10904868069703597,-0.31829923454046966,0.22932624812042704,0.754072826436835,0.9930284856070752,-0.19893546803203951,-0.02613359816672435,0.02833709759936917,0.3777661870787407,1
sample_00666.html,-0.13075818660317515,0.1486960825933793,0.05796600543856084,-0.17539474762465376,0.37520693980808756,-0.2573727027675716,-0.10977361938621372,0.5750600363181383,-0.27427480775162016,-0.21168867925255397,-0.02613359816672435,-0.07817091983899838,0.4426169969722364,0
sample_04056.html,-0.15708377190949643,-0.0348226590025269,-0.26051190332015844,0.4790206409095235,0.5474034331249953,0.035074649742339085,-0.44887348689285445,0.542426065256664,0.6263086112654386,-0.23911529798701112,-0.02613359816672435,-0.040690516963268496,-0.01435792006888988,1
sample_08527.html,-0.059303026486017305,-0.20960241290338993,-0.18089242613047862,0.014794724668091511,-0.40065648644141094,-0.025851882030558975,-0.10977361938621372,0.5535797930139816,-0.006199454315679726,-0.17257439174942693,-0.02613359816672435,-0.026798166862611855,0.12423038900597987,1
sample_09803.html,1.8963118819835654,6.519418112279837,0.13758548262824066,3.5731783998226807,2.0004146000043868,1.1987714066046922,-0.10977361938621372,0.6386633559457482,-2.6876398738075014,-0.22589591194381464,-0.02613359816672435,0.0807228344372619,3.4531702172683585,0
sample_08833.html,-0.18555838458776236,-0.38438216680425297,-0.1012729489407988,0.16919585540037396,0.4817406997971593,0.29096608318851097,1.2466258506403491,0.5866537179575221,0.5804886118632551,0.05193318297411196,-0.02613359816672435,-0.07744735993792251,-0.19363805028335504,0
sample_07583.html,-0.3768218206908314,-0.3232092529389509,-0.34013138050983827,-0.37580946036324553,-0.041574217966220406,-0.2878359686540206,0.22932624812042704,0.5636389140211698,0.3706676264346569,-0.26527658505990287,-0.013277460581056975,-0.1034955163766537,-0.33347425878736037,1
sample_00988.html,-0.12968367291720284,-0.15716848673313102,-0.26051190332015844,0.07512364329858598,0.574233880180856,0.25441016412477213,0.22932624812042704,0.3456381635522469,-0.5199592349542297,0.3540810644752824,-0.014563074339623712,-0.06283144993619001,0.37262140991913306,0
sample_01800.html,-0.2811901026392969,-0.27951431446373515,1.0133997317147188,-0.07416486721077321,1.3568068894458398,-0.18426086464009395,-0.44887348689285445,0.5193795833939612,0.43282447733228796,-0.03467543943987795,-0.02613359816672435,-0.009722153197221407,0.1323844531815827,0
sample_09722.html,-0.2833391300112415,-0.20960241290338993,2.0484529351805563,-0.20198037278385472,-0.48829112229531413,-0.31829923454046966,-0.44887348689285445,0.6562093652948249,-0.4943487298860667,-0.17839047763241175,-0.002992550512523074,-0.08670892667169361,0.8589496750868894,0
sample_04847.html,-0.4520377787088923,-0.4805110314497277,-0.5789898120788778,-0.4913546774013112,-2.256016803315404,-0.3365771940723391,-0.44887348689285445,-1.9925510562714843,-0.834531934820573,-0.2694943572651209,-0.027419211925291086,-0.10364022835686888,-1.2476211570692826,1
sample_05457.html,-0.3209471090202719,-0.4542940683645982,-0.18089242613047862,-0.40546265765620043,0.2785878785163845,-0.25128004959028183,-0.10977361938621372,0.34644773499732023,0.5746592928687023,-0.24848319204281114,-0.02613359816672435,-0.09466808558352813,-0.05664020509983233,1
sample_00957.html,-0.03781275276657134,0.08752316872807724,-0.021653471751118984,-0.27560210399394963,0.48670285161114407,-0.30611392818589006,0.5684261156270678,0.8406085084450915,0.4474475344181941,-0.20884723271430183,-0.02613359816672435,-0.054004019143064436,-0.7598538212941066,0
sample_02848.html,1.5170085508353441,2.324704018659124,0.7745413001456792,0.8041832870874428,-0.029977039442320063,0.028981996565049278,0.5684261156270678,0.4402245673927404,-0.1825255765384072,-0.16188566902936127,-0.02613359816672435,0.08853728136888127,0.035602476397123564,0
sample_03943.html,-0.42302590918764027,-0.44555508066955507,-0.5789898120788778,-0.4606789560637717,-1.0331560584230444,-0.31829923454046966,-0.10977361938621372,-1.9925510562714843,-0.03985032372219392,-0.26943886026242064,-0.018419915615323922,-0.10161426063385645,-0.10105722409022729,1
sample_02257.html,-0.4520377787088923,-0.4805110314497277,-0.4993703348891979,-0.49237720144589586,-2.256016803315404,-0.3365771940723391,-0.44887348689285445,0.7696887909742189,1.3590066616180827,2.126355646906272,-0.027419211925291086,-0.10364022835686888,-1.5522331665246654,1
sample_06967.html,0.4467929196069351,0.8565540858918747,1.9688334579908764,1.5731213686151013,0.7021171662061009,0.8210269096127242,0.5684261156270678,0.5091184755500574,-0.4437791794773103,0.027270314974126623,-0.02613359816672435,0.13585809889924294,1.0402692079059948,0
sample_06573.html,-0.267221424721657,-0.08725658517278581,0.05796600543856084,0.2622455434575773,0.31661218179589956,-0.09896372015803664,-0.10977361938621372,0.5346000836585824,-1.4533565135323157,-0.2324334588619026,-0.02613359816672435,-0.07382956043254318,1.9268583825378802,0
sample_04821.html,-0.4052964333690973,-0.4368160929745119,-0.34013138050983827,-0.37785450845241486,1.4924336087499686,-0.22690943688112258,-0.10977361938621372,-0.05915746282747223,-0.39825358148972867,-0.2633674881670147,-0.02613359816672435,-0.10132483667342611,0.679003503079217,1
sample_04750.html,0.27487072985136746,-0.04356164669757005,-0.18089242613047862,0.4677728764190923,1.0022097601971514,1.2475126320230105,-0.10977361938621372,0.6036063648461579,-0.36780959318807055,-0.21121140502933194,-0.017134301856757187,-0.061673754094468625,0.5026365723417748,0
sample_01497.html,0.0030187673003759896,0.19239102106859504,0.6949218229559994,-0.24594890670099476,0.7617198847727845,-0.14161229239906528,-0.10977361938621372,0.5897344691245843,0.5815646562824766,1.8211776290576684,-0.02613359816672435,-0.06529155359984795,-1.395784217829488,1
sample_03622.html,0.28669038039706274,0.15743507028842244,2.0484529351805563,-0.1447190262871142,-0.01916835547035366,-0.3304845408950493,-0.44887348689285445,0.7372388994280261,1.2707390804981709,3.0734230973863568,0.0008642907631771383,0.06147614106864385,-1.2210854293493625,0
sample_07417.html,0.06587781792975543,0.31473684879919916,0.6949218229559994,-0.2531065750130873,0.7355118263189626,-0.3304845408950493,0.22932624812042704,0.6775019895692149,0.18391538293255627,-0.17700305256490584,-0.02613359816672435,-0.0503862196376851,-0.46859899669318855,0
sample_03624.html,0.04170125999537873,0.10500114411816354,0.6949218229559994,0.07103354712024737,0.06640822717985875,-0.06240780109429781,-0.44887348689285445,0.6263563077389611,0.8734372398042205,3.334358904682331,-0.02613359816672435,-0.03808570131939537,-1.0301753953541373,0
sample_05043.html,-0.3741355364759007,-0.4105991298893824,-0.5789898120788778,-0.3574040275607218,-0.1709287964662127,-0.3365771940723391,0.22932624812042704,-1.9925510562714843,-0.03941816313891961,-0.2694943572651209,0.008577973314577563,-0.09712818924718608,0.4945612034694604,0
sample_06920.html,-0.16997793614116402,-0.13095152364800158,0.05796600543856084,-0.029173809249048523,-0.4253181086759073,-0.08068576062616724,-0.10977361938621372,0.649743028708911,0.1453380904283366,-0.20102215533356843,-0.02613359816672435,0.07826273077360396,0.2735383777729596,0
sample_05624.html,0.8056804907216828,3.0325620219576197,0.13758548262824066,1.6344728112901803,1.630000990353138,0.37017057449327845,-0.10977361938621372,0.6369380562673129,-1.513563419538654,-0.22582931554057437,-0.02613359816672435,0.07898629067467983,2.1623430086572886,0
sample_01943.html,-0.4498887513369477,-0.4717720437546845,-0.5789898120788778,-0.49237720144589586,-1.0618617076929069,-0.3365771940723391,-0.44887348689285445,-1.9925510562714843,-0.3556289448500328,-0.2694943572651209,-0.002992550512523074,-0.10364022835686888,-0.1945062409628261,1
sample_09050.html,0.5144872818231899,1.4158492983746365,-0.1012729489407988,0.09455160014569436,1.7862087443481747,-0.32439188771775945,0.9075259831337085,0.5902391601925071,0.08575205732403872,0.05275453861407547,-0.02613359816672435,0.0493203347305693,0.5139787610872514,0
sample_08942.html,-0.1903936961746377,-0.061039622087656356,0.3764439141972801,-0.1723271754908998,-0.12843147216078368,-0.0014812693213997515,0.22932624812042704,0.7322844157166984,0.8845129332759687,-0.13694531601587476,-0.02613359816672435,-0.095391645484604,-0.5991234230723835,0
sample_01015.html,2.348682143777903,3.8452878775966326,-0.26051190332015844,2.211176372435924,1.051238570545099,0.21176159188374347,1.58572571814699,0.5108784585862097,-0.8563211184369999,-0.21858140698792342,-0.02613359816672435,0.04034819195722855,0.8882186826043454,0
sample_04360.html,0.24424708980115695,-0.08725658517278581,-0.1012729489407988,0.4984485977566319,1.126956158250573,0.44328241262075607,0.22932624812042704,0.5211148466357376,-0.9435288601295284,-0.20379700546858026,-0.02613359816672435,-0.028100574684548418,1.0946253941586337,0
sample_04100.html,-0.04157355066747439,-0.27951431446373515,1.9688334579908764,-0.3277508302677669,-0.6072996220149202,-0.3365771940723391,-0.10977361938621372,0.688074777639428,1.1217537743299242,2.859593145982344,0.012434814590277775,0.03890107215507682,-1.25165719876054,1
sample_00254.html,0.24961965823101842,-0.11347354825791527,0.45606339138695995,0.4606152081069998,1.542160248192074,0.5590428229892624,0.22932624812042704,0.667891322134159,0.023807869584060004,-0.09795312191868821,-0.022276756891024138,0.13310857127515463,0.06496697172128726,0
sample_07538.html,1.4342709970154772,0.5157335657851917,8.019913724406543,3.5844261643131117,1.5953045048355277,4.050133093576321,0.5684261156270678,0.20376186425154108,-0.2007062512155126,-0.038604627231054726,-0.02613359816672435,0.6546505479706393,1.2713359454085797,0
sample_07040.html,-0.39777483756729126,-0.4717720437546845,-0.18089242613047862,-0.34308869093653666,0.10158653986239652,-0.2208167837038328,-0.10977361938621372,-0.1853553443385642,-0.24688385999824394,-0.2525233738393884,-0.014563074339623712,-0.09683876528675574,0.4646835850419952,1
sample_06183.html,0.23350195294143394,0.30599786110415605,0.7745413001456792,0.35427270747019596,0.8585740791259813,0.3397073086068294,-0.10977361938621372,0.6605769761411315,-0.5529899009800551,-0.07154764803391543,-0.02613359816672435,-0.07831563181921355,1.3514075820945743,0
sample_07365.html,0.18998414865955587,0.13995709489833613,0.7745413001456792,0.27144825985883914,1.2304935553684981,0.32752200225224976,-0.10977361938621372,0.6605769761411315,-0.40096009323586723,-0.07154764803391543,-0.02613359816672435,-0.07614495211598594,1.17726773104773,0
sample_05702.html,-0.4450534397500724,-0.4717720437546845,-0.18089242613047862,-0.4238680904587242,-0.20395926256168834,-0.3304845408950493,-0.10977361938621372,0.7883408058637651,1.6761635001776116,-0.23439805275749095,0.009863587073144301,-0.1034955163766537,-0.22164398253784048,0
sample_03365.html,-0.31073922900353507,-0.3581652037191235,0.6153023457663196,-0.33695354666902877,1.1000565750738138,-0.23300209005841238,-0.10977361938621372,0.6560910828776253,0.47440252076707196,-0.1685897069555499,-0.02613359816672435,-0.05805595458908929,-0.6250491318152378,1
sample_08323.html,-0.436457330262294,-0.4805110314497277,-0.5789898120788778,-0.41466537405746234,0.42914483866489467,-0.23300209005841238,-0.10977361938621372,-1.9925510562714843,-1.089610874500559,-0.26943886026242064,-0.02613359816672435,-0.10320609241622336,0.25224883411605653,1
sample_02094.html,-0.13022092976018898,0.07878418103303408,0.05796600543856084,0.7704399936161493,1.5134031707565956,0.9672505858676795,-0.10977361938621372,0.5352441796455125,-1.8071168080927773,-0.2324334588619026,-0.02613359816672435,0.08216995423941363,2.70331516207531,0
sample_01493.html,-0.3349157869379118,-0.38438216680425297,0.3764439141972801,1.0260710047623123,2.0810291701302757,-0.29392862183131047,0.22932624812042704,0.624229711114579,0.7507742969830548,1.471713003054276,-0.02613359816672435,-0.066159825481139,-0.5195176870926539,1
sample_04864.html,1.635742313135283,2.7878703664964113,0.3764439141972801,4.3318912409044925,0.29456347616145506,0.016796690210469666,0.22932624812042704,0.5418016560590129,0.4216116787627275,-0.1016270234974439,-0.0209911431324574,0.13267443533450912,-0.3937744175932926,0
sample_01487.html,0.06641507477274158,0.04382823025286147,0.21720495981792048,0.0833038356552632,-0.3729221282085215,0.25441016412477213,-0.44887348689285445,0.46988572985517785,0.5895567970577904,-0.20976848295912578,-0.02613359816672435,-0.04575543627079956,-0.24623127139252457,0
sample_03910.html,0.013763904160098971,-0.13969051134304472,0.6949218229559994,0.09659664823486366,0.06303153691483065,0.18739097917458425,0.5684261156270678,0.6289562466943296,0.4133190954301397,-0.19143227326696746,-0.02613359816672435,-0.08265699122566875,0.021136151906912776,0
sample_04095.html,0.651487776784658,0.24482494723885398,0.21720495981792048,1.23875600603592,1.5035262316697564,1.302346510618619,-0.10977361938621372,0.6050778308408509,0.747211233093152,1.7198623009281158,-0.02613359816672435,0.15886730375345548,-0.25524588618004945,0
sample_08880.html,-0.3913277554514574,-0.39312115449929613,-0.18089242613047862,-0.43613837899374003,-0.4865904742520079,-0.2817433154767308,-0.44887348689285445,0.7056979605425417,0.8812699495196591,-0.2411020906836796,-0.02613359816672435,-0.08395939904760531,-0.5348135586442201,0
sample_02308.html,-0.3940140396663882,-0.38438216680425297,-0.5789898120788778,-0.23674619029973287,0.830411205332252,-0.3304845408950493,-0.10977361938621372,-1.9925510562714843,-1.2606097183157499,-0.2694943572651209,0.011149200831711038,-0.09394452568245226,1.2215453644371543,1
sample_07702.html,-0.4289357344604879,-0.46303305605964135,-0.4993703348891979,-0.47397176864337215,-1.5435377130570114,-0.31829923454046966,-0.10977361938621372,0.43619300261567,-0.22157088764455046,-0.26772955257925335,-0.006849391788223287,-0.10089070073278059,0.5328237178062468,0
sample_06326.html,1.0614147479830898,0.2972588734091129,0.3764439141972801,1.373729179921094,1.0674966052320713,2.0943914236662935,-0.44887348689285445,0.17801418418737827,-0.6502408930157226,-0.1343147580878835,-0.02613359816672435,0.3015533162456164,1.1512137317508067,0
sample_03471.html,-0.45096326502292,-0.4805110314497277,-0.5789898120788778,-0.47397176864337215,-0.6585489215366661,-0.3304845408950493,-0.10977361938621372,-1.9925510562714843,0.6205463731603569,-0.2694943572651209,-0.011991846822490236,-0.10364022835686888,-0.35337707803344837,1
sample_08913.html,8.336409658858535,14.323334123953371,6.347904703423267,5.021072446954547,1.5685884267042616,0.07163056880607792,1.2466258506403491,0.6342680723109501,-0.2622660178198129,0.68833951173881,-0.02613359816672435,0.6006729793503796,0.7098285941840489,0
sample_05092.html,-0.4445161829070862,-0.4805110314497277,-0.5789898120788778,-0.4555663358408484,-0.13599150940347526,-0.30611392818589006,-0.44887348689285445,-1.9925510562714843,-0.9082315990882114,-0.2694943572651209,-0.013277460581056975,-0.1034955163766537,0.6368340459400337,0
sample_06648.html,-0.4214141386586818,-0.4805110314497277,-0.5789898120788778,-0.4565888598854331,-0.2176315057962528,-0.2817433154767308,-0.10977361938621372,-1.9925510562714843,-0.6603472534716854,-0.26943886026242064,-0.0017069367539563366,-0.10320609241622336,-0.6114483252846218,1
sample_06829.html,-0.23015070255561274,-0.44555508066955507,-0.5789898120788778,-0.18255241593674632,0.29256967182835025,0.351892614961409,-0.44887348689285445,-1.9925510562714843,-0.363476929952664,-0.26937226385918034,-0.02613359816672435,-0.0019077062656020492,-0.27384878574184557,1
sample_07699.html,-0.3273941911361057,-0.3406872283290372,-0.4993703348891979,-0.3931923691211846,0.4911933928541008,-0.2817433154767308,-0.10977361938621372,0.343253371727165,0.01502291509784923,-0.25871683934073486,-0.004278164271089811,-0.09582578142524951,-0.20254721649351112,1
sample_06302.html,2.0843517770287177,-0.3756431791092098,-0.4197508576995181,-0.3614941237390604,0.06319101752167589,-0.25128004959028183,-0.10977361938621372,0.3067651009888398,-0.12010784149517094,22.323801616824056,-0.0107062330639235,4.56809662892957,-1.5482974626488664,1
sample_04525.html,-0.33115498903700874,-0.34942621602408036,-0.4993703348891979,-0.39216984507659997,0.4292988566945629,-0.2817433154767308,-0.10977361938621372,0.3316516123233787,-0.23453511802405155,-0.26031515301850167,-0.004278164271089811,-0.09582578142524951,0.5645987717811106,1
sample_04831.html,-0.09959728970997848,-0.270775326768692,0.3764439141972801,0.00047938804390638344,0.058889528686400815,0.38844853402514784,-0.44887348689285445,0.5315932602767866,-0.01731099808083235,-0.19804751598883572,-0.014563074339623712,-0.09857530904933781,0.44404528543654476,0
sample_06238.html,0.3565337699852621,0.6642963566009252,0.6949218229559994,0.4411872512598914,-0.150244536023665,-0.013666575675979363,-0.10977361938621372,0.6100726863806385,0.18178317372814756,-0.1461800172651942,-0.02613359816672435,0.051780438394227246,-0.21265429575228498,0
sample_02222.html,0.7283155053316773,0.05256721794790462,0.6153023457663196,0.8144085275332894,2.2234552113286106,2.557433065140319,-0.44887348689285445,0.6089531136723685,0.6266826805709582,1.450868328840067,-0.02613359816672435,0.02833709759936917,-0.34289096798322233,0
sample_08976.html,0.07554844110350611,0.061306205642947774,0.6949218229559994,0.22850224998628377,0.7901437934490552,0.5529501698119726,0.5684261156270678,0.5846971248450679,0.5283706053432389,-0.14162926304377474,-0.02613359816672435,-0.06500212963941761,-0.07801664474686439,0
sample_07994.html,-0.4450534397500724,-0.4717720437546845,-0.5789898120788778,-0.4760168167325414,-0.5084934647318502,-0.3304845408950493,-0.44887348689285445,-1.9925510562714843,1.5192452801230276,-0.2694943572651209,0.01629165586597799,-0.10320609241622336,0.4326640228302404,1
sample_02096.html,-0.01471070851816693,0.19239102106859504,-0.4197508576995181,-0.23879123838890218,0.24670784813134886,-0.2817433154767308,-0.10977361938621372,-0.011271581102115779,-0.2620418620706178,-0.25858364653425425,0.01629165586597799,-0.06297616191640518,0.7504797769438646,0
sample_02927.html,0.8502728086895331,0.4458216642248465,-0.26051190332015844,0.9115483117688313,0.355302840762047,0.5407648634573929,0.5684261156270678,0.48623271192150214,0.518553843773705,-0.1677683513155864,-0.02613359816672435,0.008945692250535948,-0.7184501309936665,0
sample_08992.html,-0.45096326502292,-0.4805110314497277,-0.4993703348891979,-0.4913546774013112,-2.256016803315404,-0.3304845408950493,-0.44887348689285445,0.9258501648352429,2.201668088778562,0.0500462848823039,-0.013277460581056975,-0.10364022835686888,-1.5444713402880013,1
sample_06216.html,-0.34458641011166247,-0.4717720437546845,-0.4993703348891979,0.5424171316737719,1.4549236476873348,0.3457999617841192,0.9075259831337085,0.23092557442481462,0.45025879793027335,-0.2620466595027491,-0.02613359816672435,-0.08482767092889634,0.3339500215918839,1
sample_06019.html,0.10187402640982743,0.8041201597216157,0.13758548262824066,0.32461951017724106,0.7386089380081947,0.10209383469252695,-0.10977361938621372,0.6365244739530491,-0.8422717278475376,-0.2256295263308535,-0.02613359816672435,-0.06688338538221486,1.0465408037655068,0
sample_00656.html,-0.4520377787088923,-0.4805110314497277,-0.4993703348891979,-0.48828710526755725,-2.256016803315404,-0.3365771940723391,-0.44887348689285445,0.6948797331186194,1.5000473784776165,-0.23345460371158694,-0.027419211925291086,-0.10364022835686888,-1.3340155493845216,1
sample_00244.html,-0.4445161829070862,-0.4717720437546845,-0.4993703348891979,-0.4811294369554647,-2.096646483602169,-0.3304845408950493,-0.44887348689285445,0.9561604252157808,-0.2763772567318587,-0.2662755311085071,0.012434814590277775,-0.1019036845942868,1.8431145721559035,1
sample_07572.html,-0.4246376797165987,-0.4542940683645982,-0.4993703348891979,-0.42898071068164745,0.6951168190493591,-0.29392862183131047,-0.10977361938621372,0.31879378847296186,0.19343435427940697,-0.26226864751355,-0.0107062330639235,-0.10175897261407163,-0.6420905241239581,1
sample_04535.html,0.001406996771417542,0.5506895165653642,-0.18089242613047862,0.05365063836230829,-0.7008810180226771,-0.3304845408950493,-0.44887348689285445,0.49090920051433595,0.181628509145297,-0.19031123381242268,-0.011991846822490236,-0.07556610419512526,0.21006383608861623,0
sample_01397.html,-0.436457330262294,-0.4805110314497277,-0.5789898120788778,-0.41466537405746234,0.42914483866489467,-0.23300209005841238,-0.10977361938621372,-1.9925510562714843,-1.089610874500559,-0.26943886026242064,-0.02613359816672435,-0.10320609241622336,0.25224883411605653,1
sample_05105.html,-0.4289357344604879,-0.46303305605964135,-0.4993703348891979,-0.47397176864337215,-1.5435377130570114,-0.31829923454046966,-0.10977361938621372,0.43619300261567,-0.22157088764455046,-0.26772955257925335,-0.006849391788223287,-0.10089070073278059,0.5328237178062468,0
sample_05134.html,0.9421437288401646,1.0400728274877808,3.2427450930257535,0.27962845221551635,0.09816218225262485,0.004611383855890054,-0.10977361938621372,0.6302774144165182,0.8037697035117549,0.2651193691468025,-0.02613359816672435,0.16335337514012585,-0.631530151574141,0
sample_03548.html,0.5392010966005528,-0.3232092529389509,-0.34013138050983827,0.7765751378836573,0.6987327665610884,2.1431326490846123,-0.10977361938621372,0.527993493932563,-0.21457831907446664,-0.2620577589032891,-0.01970552937389066,0.03904578413529199,0.4606230455914801,0
sample_02238.html,0.5961503219570846,1.2235915690836872,-0.26051190332015844,0.6794353536481152,0.17916248178885028,-0.01975922885326917,1.9248255856536307,0.6660872869513309,0.9543445229007322,-0.08838543865316735,-0.02613359816672435,0.2834643187187197,-0.4895320255938913,0
sample_00007.html,0.4430321217060321,-0.3057312775488646,0.6949218229559994,0.6385343918647293,1.2557425863316705,1.046455077172447,-0.10977361938621372,0.5183353426240295,-0.03406371503983865,0.12596618457622816,-0.02613359816672435,-0.06384443379769622,0.060460075013749705,0
sample_03109.html,-0.09261295075115855,-0.2008634252083468,-0.4993703348891979,0.49538102562287795,-0.001851755689097087,0.4310971062661765,-0.44887348689285445,0.4461323802455644,0.561790402329958,-0.2629013133443327,-0.02613359816672435,-0.09785174914826195,-0.22502408662078952,0
sample_05118.html,-0.20328786040630525,-0.17464646212321733,-0.4993703348891979,-0.1508541705546221,0.3952671462287259,-0.18426086464009395,-0.10977361938621372,0.24876567178780673,-0.2478997917002412,-0.2593051075693574,-0.0107062330639235,-0.08801133449363016,-0.2505334507951852,1
sample_06433.html,-0.4310847618324325,-0.4805110314497277,-0.4993703348891979,-0.4167104221466316,0.30311084092045915,-0.2573727027675716,-0.10977361938621372,0.2877338094003232,-0.6306058505781964,-0.24691817656666445,-0.02613359816672435,-0.10103541271299576,0.3116071655505073,1
sample_05749.html,-0.43538281657632166,-0.4805110314497277,-0.18089242613047862,-0.4535212877516791,-0.09516472840615761,-0.275650662299441,-0.10977361938621372,0.4550564425616962,-0.0374059115604255,-0.18799145909955275,-0.01584868809819045,-0.10132483667342611,-0.19752117328470672,1
sample_03732.html,-0.42624945024555716,-0.4542940683645982,-0.4197508576995181,-0.4688591484204489,-1.2622959702491594,-0.31220658136317986,-0.10977361938621372,0.5784257018932597,0.45933208436250583,-0.1915321678718279,-0.006849391788223287,-0.10074598875256541,-0.8324964179621981,1
sample_01142.html,0.7573273748529293,-0.12221253595295842,0.3764439141972801,1.3369183143160466,1.1505135162695255,1.7410175393834848,-0.10977361938621372,0.5867581273229528,-0.12460193662926586,0.06495277980758757,-0.02613359816672435,0.1387523385035464,0.6007647133832168,0
sample_09392.html,-0.33975109852478713,-0.3406872283290372,-0.26051190332015844,-0.3574040275607218,0.2157134577533396,-0.3365771940723391,-0.10977361938621372,0.7932286461980331,1.4080731288626946,0.24385291771207165,0.01500604210741125,-0.08207814330480806,-1.1418922439796328,1
sample_06620.html,-0.43054750498944633,-0.4368160929745119,0.45606339138695995,-0.45147623966250977,-1.107236084189925,-0.3304845408950493,-0.44887348689285445,0.8608611704408589,1.7061555280895047,-0.198347199803417,-0.002992550512523074,-0.10132483667342611,-0.5998823712160272,1
sample_01311.html,-0.42087688181569566,-0.4105991298893824,0.5356828685766397,-0.44329604730583255,-0.9508288189504165,-0.3304845408950493,-0.44887348689285445,0.872988427334276,1.6991316928722038,-0.188046956102253,-0.002992550512523074,-0.10089070073278059,-0.35785952913235985,1
sample_08406.html,-0.029753900121779107,0.12247911950824984,0.2968244370076003,-0.2592417192805952,0.31504207844618903,-0.3365771940723391,-0.10977361938621372,0.6893905020835783,0.2135353269272509,-0.20403009287992127,-0.01584868809819045,-0.07354013647211283,-0.6247495394735766,0
sample_05168.html,-0.3821943891206929,-0.2882533021587783,-0.5789898120788778,-0.37376441227407625,1.0298242566479083,-0.31829923454046966,-0.44887348689285445,-1.9925510562714843,-0.2285732750027962,-0.2694943572651209,-0.02613359816672435,-0.10204839657450197,0.2305492430794769,1
sample_07486.html,-0.4520377787088923,-0.4805110314497277,-0.5789898120788778,-0.4872645812229726,-0.7067890193140784,-0.3365771940723391,-0.44887348689285445,-1.9925510562714843,0.22606251694284138,-0.2694943572651209,-0.027419211925291086,-0.10364022835686888,-0.8721332970100784,1
sample_00640.html,-0.12216207711539676,-0.052300634392613204,0.854160777335359,-0.27560210399394963,0.5396891901143954,-0.19644617099467354,-0.44887348689285445,0.6113790357239384,0.48090449499020266,-0.1730405665721089,-0.02613359816672435,-0.0699223369667335,-0.38638806286746474,0
sample_07775.html,-0.4520377787088923,-0.4805110314497277,-0.5789898120788778,-0.4913546774013112,-2.256016803315404,-0.3365771940723391,-0.44887348689285445,-1.9925510562714843,-0.9020327326323595,-0.2694943572651209,-0.027419211925291086,-0.10364022835686888,-1.2365311818165359,1
sample_06876.html,-0.4520377787088923,-0.4805110314497277,-0.4993703348891979,-0.4913546774013112,-2.256016803315404,-0.3365771940723391,-0.44887348689285445,0.3497800058116304,-0.3874899390454958,-0.2679404411895142,-0.027419211925291086,-0.10364022835686888,-0.9906276026229187,1
sample_01811.html,-0.35640606065735775,-0.2969922898538215,-0.4993703348891979,-0.2592417192805952,0.6523581510017035,-0.31220658136317986,6.33312386323996,-0.41650874953288364,0.2758760129380944,-0.2629457109464929,-0.011991846822490236,-0.095391645484604,0.09143086194599193,1
sample_01637.html,-0.4332337892043771,-0.4717720437546845,-0.5789898120788778,-0.43920595112749394,0.060889631334653804,-0.275650662299441,-0.10977361938621372,-1.9925510562714843,-0.9011003185690662,-0.2694166614613405,-0.02613359816672435,-0.10262724449536266,0.6029879860776979,1
sample_04428.html,-0.385955187021596,-0.4805110314497277,-0.4993703348891979,-0.3829671286753381,0.08877014681542057,-0.11724167968990606,-0.44887348689285445,0.5356730260553041,1.2739216682782168,-0.2633896869680948,-0.02613359816672435,-0.09394452568245226,-0.32093892877607005,1
sample_02477.html,-0.4396808713202109,-0.46303305605964135,-0.5789898120788778,-0.4300032347262321,0.13712741747888305,-0.32439188771775945,-0.44887348689285445,-1.9925510562714843,-1.5374595894300318,-0.2694943572651209,-0.018419915615323922,-0.10320609241622336,2.0282763288434214,1
sample_05683.html,-0.07112267703171259,-0.08725658517278581,0.3764439141972801,-0.01792604475861735,0.6746249176299463,0.132557100578976,0.5684261156270678,0.23403387117147947,-0.6325087023675083,-0.17595970891414137,-0.02613359816672435,-0.06312087389662036,0.5779103378704646,0
sample_07200.html,-0.43592007341930783,-0.4805110314497277,-0.4993703348891979,-0.4422735232612479,0.0762998643540682,-0.2878359686540206,-0.10977361938621372,0.5861664666455396,1.1781561072186957,-0.25939390277367774,-0.02613359816672435,-0.1034955163766537,-0.14475237403614236,1
sample_07577.html,0.030956123135655742,0.30599786110415605,-0.18089242613047862,-0.17539474762465376,0.680683751457008,-0.245187396412992,0.5684261156270678,0.4427735761819259,-0.40791069826757115,-0.23047996436685422,-0.02613359816672435,-0.09944358093062886,0.34882528526084705,0
sample_04975.html,0.05298365369808786,0.131218107203293,0.6949218229559994,0.012749676578922207,0.6746420260340753,0.06553791562878812,-0.10977361938621372,0.6660418335647638,-0.1082367798310526,-0.08316872039934506,-0.02613359816672435,-0.08106515944330184,0.8167435690912541,0
sample_04214.html,-0.45150052186590617,-0.4805110314497277,-0.5789898120788778,-0.4893096293121419,-0.6410641991334519,-0.3304845408950493,-0.44887348689285445,-1.9925510562714843,-1.5526441122732568,-0.2694943572651209,-0.013277460581056975,-0.10364022835686888,-0.2791499496083696,1
sample_07277.html,-0.43054750498944633,-0.4805110314497277,-0.4993703348891979,-0.3512688832932139,0.006150629183471659,-0.20253882417196337,-0.44887348689285445,0.19483909587314654,-0.7834055460770873,-0.2673410735603517,-0.02613359816672435,-0.10103541271299576,0.8532032621642676,1
sample_05518.html,-0.4445161829070862,-0.4805110314497277,-0.4993703348891979,-0.4729492445987875,-1.43018877032049,-0.30611392818589006,-0.44887348689285445,0.2641027143297212,0.347236122388272,-0.2634562833713351,-0.009420619305356762,-0.09987771687127438,-0.5527348624868939,1
sample_05713.html,0.25606674034685223,0.27978089801902656,-0.4197508576995181,0.29496631288428615,0.9699128964146624,0.5834134356984216,0.22932624812042704,-0.5165103502920579,0.6003309587125206,-0.23273314267648385,-0.02613359816672435,-0.07325071251168248,0.7650669996360958,1
sample_06318.html,-0.44666521027903083,-0.4805110314497277,-0.4197508576995181,-0.4678366243758642,-1.5106540643212891,-0.29392862183131047,-0.10977361938621372,0.37736588198594256,0.20308214410977832,-0.26721898015441115,-0.02613359816672435,-0.10320609241622336,-0.4544497350062705,1
sample_03024.html,-0.4520377787088923,-0.4805110314497277,-0.4993703348891979,-0.49237720144589586,-2.256016803315404,-0.3365771940723391,-0.44887348689285445,0.7697084350368484,1.3591102854980488,2.1264555415111324,-0.027419211925291086,-0.10364022835686888,-1.5522331665246654,1
sample_01981.html,-0.2870999279121445,-0.4717720437546845,3.879700910543192,0.12727236957240323,0.6336580657373703,-0.025851882030558975,-0.10977361938621372,0.6019915213251154,0.6933913805446795,0.9467002581094937,-0.013277460581056975,-0.0612396181538231,0.17828298035597176,0
sample_03316.html,-0.4283984776175017,-0.4717720437546845,-0.4197508576995181,-0.2960525848856427,-1.179905390316784,-0.1537975987536449,-0.10977361938621372,0.3882993295886745,0.30972184953786547,-0.24827230343255022,-0.02613359816672435,-0.10335080439643853,-0.6572820944120537,1
sample_06170.html,-0.42947299130347405,-0.44555508066955507,-0.4993703348891979,-0.35024635924862924,0.7512922609794431,-0.31829923454046966,0.22932624812042704,0.2484794950014673,-0.279336484463087,-0.2687173992273175,-0.018419915615323922,-0.10204839657450197,-0.7500972073182519,1
sample_02411.html,-0.4450534397500724,-0.4805110314497277,-0.4993703348891979,-0.40546265765620043,0.8870080408821999,-0.30611392818589006,-0.10977361938621372,0.17159173224025348,-0.18775191430155222,-0.26785164598519384,-0.013277460581056975,-0.10320609241622336,-0.41779385125666907,1
sample_00784.html,0.5913150103702093,1.4333272737647227,0.5356828685766397,1.0853773993482223,0.45646065568795363,0.4189117999115969,0.22932624812042704,0.6462042847596897,0.0028561902288864478,-0.036873120746807334,-0.02613359816672435,0.038032800273785784,0.22618830295250855,0
sample_02118.html,-0.14257783714887043,0.19239102106859504,2.685408752697995,-0.13960640606419095,0.16548432177168956,-0.32439188771775945,0.22932624812042704,0.5844884843037553,0.6476519065357605,1.80278592236281,-0.0209911431324574,-0.08092044746308667,-0.8050167638078694,0
sample_05991.html,-0.4520377787088923,-0.4805110314497277,-0.5789898120788778,-0.4903321533567266,-1.1379726917961956,-0.3365771940723391,-0.44887348689285445,-1.9925510562714843,-0.9373187122388675,-0.2694943572651209,-0.027419211925291086,-0.10364022835686888,-0.7749107516887197,0
sample_09747.html,0.522008877624996,1.3459373968142911,0.3764439141972801,1.0025529517368654,0.5063000046908547,0.30924404272038036,-0.10977361938621372,0.600409687053979,-0.16695656560736985,-0.09426812093939246,-0.02613359816672435,0.006630300567093176,0.3167779006870613,0
sample_05037.html,1.0313283647758653,-0.3406872283290372,1.8095945036115169,0.9882376151126802,0.7950433920926857,0.8210269096127242,-0.10977361938621372,0.6862706793376858,0.1587170867113277,0.3788882246822884,-0.014563074339623712,0.13730521870139467,0.42060461948416644,0
sample_05755.html,1.2505291567142143,2.211097178623563,0.5356828685766397,0.4667503523745077,0.5568392115721199,-0.275650662299441,-0.10977361938621372,0.6086274700856907,0.2539855719421773,0.035428374371061465,-0.02613359816672435,-0.06572568954049347,-0.008783695494599928,0
sample_05484.html,-0.26023708576283705,-0.34942621602408036,-0.1012729489407988,-0.4279581866370628,-0.062478822541807276,-0.3304845408950493,0.22932624812042704,0.7061333679206787,1.3719449428949648,-0.25195730441184594,-0.004278164271089811,0.002144229180422803,-0.7886231605712491,0
sample_08910.html,-0.4520377787088923,-0.4805110314497277,-0.5789898120788778,-0.47806186482171076,-1.2762208304258267,-0.3365771940723391,-0.44887348689285445,-1.9925510562714843,-1.1947329964770348,-0.2694943572651209,-0.027419211925291086,-0.10364022835686888,0.20022651901015115,1
sample_04928.html,-0.17588776141401166,-0.2358193759885194,-0.26051190332015844,-0.23367861816597893,0.1402371560787732,-0.05631514791700801,-0.44887348689285445,0.18199729937158662,-0.08300273116954165,-0.2440545312273322,-0.02613359816672435,-0.0422823487456354,0.4286000675133466,0
sample_04989.html,-0.425712193402571,-0.4717720437546845,-0.4197508576995181,-0.4310257587708167,-1.6826608511747114,-0.20253882417196337,-0.10977361938621372,0.40139478109889704,0.3705069155589649,-0.2675630615711526,-0.02613359816672435,-0.09958829291084402,-0.6038208390753079,1
sample_01568.html,1.9156531283310667,-0.1659074744281742,1.8892139808011965,1.3604363673414936,1.1265409539365567,1.801944071156383,3.6203249231868346,0.5851474457659946,-0.11073592021331558,0.3405619946175047,-0.02613359816672435,-0.04937323577617889,0.24862707704330408,0
sample_04652.html,0.3312826983649131,0.6730353442959685,0.21720495981792048,0.08841645587818646,-0.2841898353139074,-0.2817433154767308,-0.44887348689285445,0.6003549610134139,0.6722416438976898,-0.0007001743867928378,-0.02613359816672435,0.010248100072472508,-0.29630096254499727,0
sample_08314.html,-0.4477397239650031,-0.4805110314497277,-0.5789898120788778,-0.4688591484204489,-0.6502400691274753,-0.30002127500860026,-0.10977361938621372,-1.9925510562714843,-0.14469037377730304,-0.2694943572651209,-0.02613359816672435,-0.1034955163766537,-0.6095858697734594,1
sample_03557.html,-0.4520377787088923,-0.4805110314497277,-0.5789898120788778,-0.48828710526755725,-0.4857802989613899,-0.3365771940723391,-0.44887348689285445,-1.9925510562714843,-2.374105694263592,-0.2694943572651209,-0.027419211925291086,-0.10364022835686888,-0.06926926283400898,0
sample_00101.html,-0.41872785444375105,-0.44555508066955507,-0.5789898120788778,-0.44329604730583255,-0.11002123051472375,-0.30611392818589006,-0.10977361938621372,-1.9925510562714843,-0.6544276031711179,-0.26939446266026046,-0.011991846822490236,-0.10233782053493232,-0.426141967932959,1
sample_05293.html,1.3628158368983194,2.4470498463897283,-0.34013138050983827,0.6456920601768218,0.28054352959426315,-0.30002127500860026,-0.44887348689285445,0.6649100133595257,0.9163048483182299,-0.20777059086191724,-0.024847984408157612,0.07999927453618604,0.016694769430492744,1
sample_06166.html,-0.37897084806277603,-0.4717720437546845,-0.18089242613047862,-0.15698931482213002,0.8529063525014203,-0.20253882417196337,0.22932624812042704,-0.2983747855912968,-0.8103824412247207,-0.1592662105019101,-0.002992550512523074,-0.10103541271299576,1.642709785544424,1
sample_05710.html,-0.40153563546819426,-0.4018601421943393,-0.26051190332015844,-0.4678366243758642,-1.5494750378502866,-0.3365771940723391,-0.44887348689285445,0.5591359971010251,0.37329863162259996,0.02241987693812591,0.038147089761612525,-0.09047143815728811,-1.2259376153896193,0
sample_01154.html,-0.23229972992755732,-0.3406872283290372,1.0133997317147188,-0.1897100842488389,0.6957700572834805,-0.1598902519309347,0.22932624812042704,0.5866558635150685,0.3184987053907795,-0.12358163776565767,-0.017134301856757187,-0.08164400736416254,-0.0876619171239642,1
sample_07624.html,-0.3327667595659672,-0.1659074744281742,-0.4197508576995181,-0.39216984507659997,0.2746974698099178,-0.32439188771775945,-0.44887348689285445,0.18518275219320413,0.23414616841178443,-0.26821792620301543,-0.02613359816672435,-0.09944358093062886,0.22800645650201198,0
sample_02355.html,-0.45042600817993383,-0.4805110314497277,-0.4993703348891979,-0.48419700908921864,-1.091387524772613,-0.3304845408950493,-0.44887348689285445,0.19867672293162741,-0.33425918288558676,-0.2687173992273175,0.0008642907631771383,-0.10364022835686888,-0.887651317215179,1
sample_02353.html,-0.44397892606410005,-0.4717720437546845,-0.5789898120788778,-0.4463636194395865,0.08141459285252393,-0.31829923454046966,-0.10977361938621372,-1.9925510562714843,-0.338158585977648,-0.2694943572651209,-0.013277460581056975,-0.10335080439643853,-0.09981832064506582,1
sample_06576.html,-0.08186781389143558,0.2535639349338971,-0.26051190332015844,-0.07109729507701926,-0.22104269144886277,-0.2573727027675716,-0.44887348689285445,0.5163933833890227,0.08771583040636638,-0.13957587394386597,-0.02613359816672435,-0.07628966409620112,-0.7460978666340781,0
sample_05590.html,-0.292472496342006,-0.4018601421943393,0.21720495981792048,-0.17334969953548446,0.2046090981655152,0.035074649742339085,0.22932624812042704,0.49958387466039245,0.3935049663308471,-0.26265712653245166,-0.02613359816672435,-0.10161426063385645,-0.15985527521263,0
sample_02759.html,-0.43538281657632166,-0.4717720437546845,-0.4197508576995181,-0.44329604730583255,-0.5229898364475154,-0.2634653559448614,-0.10977361938621372,0.40139478109889704,0.28761655656448565,-0.2675630615711526,-0.02613359816672435,-0.10204839657450197,-0.354609449611985,1
sample_05114.html,-0.09798551918102004,-0.0348226590025269,-0.4197508576995181,-0.22856599794305565,0.19897836203030717,-0.22690943688112258,-0.44887348689285445,0.4954380724174507,-0.09946748956943385,-0.2557865975981623,-0.02613359816672435,-0.0320077981503581,-0.38040251322302054,0
sample_09087.html,0.07071312951663078,0.7167302827711842,0.13758548262824066,0.27247078390342383,1.097546290730321,0.09600118151523715,-0.10977361938621372,0.6368095578111161,-0.7939315316165201,-0.2257183215351739,-0.02613359816672435,-0.06514684161963279,1.0892761734849656,0
sample_07165.html,0.08038375269038146,0.34095381188432866,-0.5789898120788778,0.22952477403086843,0.7197024739134497,-0.07459310744887743,-0.10977361938621372,-1.9925510562714843,0.2001104864571101,-0.2694832578645808,-0.02613359816672435,-0.0851170948893267,-0.9374631104560628,1
sample_05834.html,-0.08509135494935247,0.1661740579834656,-0.4197508576995181,-0.21220561322970122,-0.07926922231670061,-0.1598902519309347,-0.44887348689285445,0.591286663724763,-0.22596118894325834,-0.26103661405360473,-0.02613359816672435,-0.05414873112327961,0.14431965979817934,0
sample_06794.html,-0.22531539096873737,-0.4368160929745119,-0.34013138050983827,-0.19482270447176214,0.026871262396001273,0.4615603721526255,-0.44887348689285445,0.6556062898045782,0.11626430590278229,-0.25020359912651846,-0.01584868809819045,-0.08280170320588393,-0.5425292576471141,0
sample_02741.html,-0.11302871078463221,-0.26203633907364887,1.0133997317147188,-0.1467640743762835,0.11585462793429215,0.39454118720243764,-0.44887348689285445,0.20834283159309674,-0.8503075214151085,0.09111406688047931,-0.02613359816672435,-0.07382956043254318,1.7496254384098417,0
sample_00434.html,-0.4477397239650031,-0.4805110314497277,-0.5789898120788778,-0.4647690522421103,-0.6596462939419805,-0.30002127500860026,-0.10977361938621372,-1.9925510562714843,-0.1490206138604244,-0.2694943572651209,-0.02613359816672435,-0.1034955163766537,-0.41888622446431234,1
sample_04196.html,1.264497834631854,0.6642963566009252,-0.18089242613047862,0.7458994165461177,0.5468091386421624,0.9977138517541285,-0.10977361938621372,0.2130101863935438,-0.6695081441979609,-0.26377816598699644,-0.02613359816672435,0.2216723031668407,0.15305598577710672,0
sample_04579.html,1.0452970426935053,1.1536796675233418,0.13758548262824066,1.0056205238706193,0.8598477377386573,-0.10505637333532646,0.9075259831337085,0.47612242672261906,-0.04118086865842213,-0.05254547430935427,-0.02613359816672435,0.2752157358464548,-0.0021940329321342112,0
sample_05039.html,-0.20436237409227756,-0.3756431791092098,-0.021653471751118984,-0.1764172716692384,-0.1397190279344157,0.18129832599729442,-0.10977361938621372,0.5939290802526682,0.13454043114917605,-0.1512191451103757,-0.022276756891024138,-0.0813545834037322,-0.13441411102688608,0
sample_09463.html,0.47634204597117336,1.3197204337291617,0.5356828685766397,0.868602301896276,0.8732371684548399,0.2848734300112211,0.22932624812042704,0.6547647724205357,-0.006296282553906917,-0.047606241069033176,-0.02613359816672435,0.023851026212698797,0.2423257031730713,0
sample_09076.html,0.08683083480621524,0.34095381188432866,0.21720495981792048,0.00047938804390638344,-0.22518839993744255,-0.2817433154767308,0.22932624812042704,0.6707191718352862,1.4336402643976376,-0.08767507701860432,-0.02613359816672435,0.006340876606662829,-0.5069179640888284,0
sample_05927.html,-0.3526452627564547,-0.38438216680425297,-0.4993703348891979,-0.3021877291531506,-0.1454111968666103,-0.20863147734925316,0.5684261156270678,0.3091541174113895,-0.3833975000717721,-0.26436643421561895,-0.02613359816672435,-0.09872002102955299,-0.11175459634961285,1
sample_01056.html,-0.42678670708854327,-0.46303305605964135,-0.34013138050983827,-0.43920595112749394,-1.0239791831210265,-0.2878359686540206,0.22932624812042704,0.13527702637719657,-1.1751845514764356,-0.23442025155857107,-0.01584868809819045,-0.1024825325151475,1.7259918933459908,1
sample_00222.html,-0.3821943891206929,-0.38438216680425297,-0.4993703348891979,-0.4453410953950019,-0.16301841544338883,-0.31829923454046966,-0.10977361938621372,0.3096974926051173,0.3437791106807852,-0.24273370256306656,-0.0107062330639235,-0.09828588508890747,0.47419128405257754,1
sample_02146.html,1.1677916028943474,1.5993680399705426,-0.34013138050983827,0.8174760996670433,0.7104112660232705,0.4615603721526255,0.22932624812042704,0.5070149110173963,0.36262239519108336,4.245963770436965,-0.02613359816672435,0.10329790335082895,-0.9118297320794005,0
sample_01503.html,0.32752190046401003,0.9264659874522199,0.5356828685766397,1.1671793229149945,0.3212785550407982,-0.23909474323570218,3.6203249231868346,0.705103276469147,1.9469358324056483,9.682860832772166,-0.02613359816672435,-0.027955862704333242,-1.1562539412649249,0
sample_02247.html,-0.12431110448734135,-0.4542940683645982,-0.4993703348891979,-0.3011652051085659,-1.3806129936944065,0.5955987420530012,-0.44887348689285445,0.15898309020961596,-0.07396909842701778,-0.26145839127412657,-0.01584868809819045,0.10373203929147445,-0.8653586561568476,1
sample_08809.html,0.07071312951663078,0.27104191032398345,-0.34013138050983827,-0.02201614093695596,0.207873817710563,-0.23909474323570218,0.22932624812042704,0.6865560273241313,0.2599016454536663,-0.23054656077009453,-0.02613359816672435,-0.009288017256575888,-0.06609219419806328,0
sample_02567.html,-0.3515707490704824,-0.4717720437546845,-0.4197508576995181,-0.35229140733779857,0.3655895882025203,-0.17816821146280412,-0.10977361938621372,0.4178924576302937,-0.4644806535524698,-0.261336297868186,-0.0107062330639235,-0.10306138043600818,0.4686142303065156,0
sample_05071.html,-0.4520377787088923,-0.4805110314497277,-0.5789898120788778,-0.48828710526755725,-0.4857802989613899,-0.3365771940723391,-0.44887348689285445,-1.9925510562714843,-2.374105694263592,-0.2694943572651209,-0.027419211925291086,-0.10364022835686888,-0.06926926283400898,0
sample_04490.html,0.4124084816558216,0.7866421843315294,1.1726386860940783,0.19373643247040562,0.19420287047546178,-0.2695580091221512,0.22932624812042704,0.6869385871776904,-0.05046899419270795,-0.17688095915896532,-0.02613359816672435,-0.05617469884629204,-0.4141470749183416,0
sample_05861.html,-0.2231663635967928,-0.4717720437546845,-0.34013138050983827,-0.180507367847577,0.9107414428656233,0.0472599560969187,-0.44887348689285445,0.5840746475717152,-1.087295914292515,-0.2569742334559474,-0.011991846822490236,-0.07846034379942872,1.7129202071249607,0
sample_06338.html,-0.29677055108589523,-0.46303305605964135,-0.18089242613047862,-0.26230929141434917,0.37350388750409497,0.20566893870645367,-0.10977361938621372,0.40115038272173914,-0.2334710966632918,-0.25980458059365946,-0.02613359816672435,-0.10045656479213506,-0.041265116738660436,1
sample_02380.html,-0.4423671555351416,-0.4805110314497277,-0.5789898120788778,-0.3850121767645074,0.46366534077875626,-0.2634653559448614,-0.10977361938621372,-1.9925510562714843,-0.050399448949638825,-0.2694943572651209,-0.02613359816672435,-0.10233782053493232,-0.2033696580312926,1
sample_09649.html,1.4530749865199923,1.0051168767076082,5.15361254557807,1.7234324031690451,0.69909587654154,0.6504326206486095,-0.10977361938621372,0.5144686337686847,0.9941802374409012,1.2917917203001075,-0.009420619305356762,0.47853606804877336,-0.857013798895041,0
sample_02068.html,0.5236206481539545,0.8478150981968314,0.13758548262824066,0.17124090348954327,1.1129612535421685,-0.2695580091221512,0.22932624812042704,0.617140204889379,0.26953995640671974,-0.13900980451632355,-0.02613359816672435,-0.06471270567898726,-0.26294228944920156,0
sample_02371.html,0.44034583749110134,0.1836520333735519,0.6153023457663196,0.580250521323404,0.8193889115795973,0.9063240540947815,-0.10977361938621372,0.5963415511781327,-0.05490675425505702,-0.1938075449825376,-0.02613359816672435,-0.004801945869905515,0.026450379506686505,0
sample_06863.html,-0.38810421439354054,-0.3581652037191235,-0.26051190332015844,-0.41466537405746234,-0.31966738458279076,-0.3365771940723391,-0.10977361938621372,0.5850600760796951,0.08238938890052223,-0.24832780043525046,0.006006745797444088,-0.0997330048910592,-0.5895955808802935,0
sample_09037.html,-0.40744546074104193,-0.4105991298893824,-0.5789898120788778,-0.4238680904587242,0.16664315725435164,-0.32439188771775945,-0.44887348689285445,-1.9925510562714843,-1.4592848238340848,-0.2694943572651209,-0.018419915615323922,-0.10233782053493232,1.9407770210936073,1
sample_08119.html,-0.44397892606410005,-0.4717720437546845,-0.5789898120788778,-0.4617014801083563,-0.5914823240426046,-0.32439188771775945,-0.10977361938621372,-1.9925510562714843,0.14761444243001395,-0.2694832578645808,-0.0017069367539563366,-0.10364022835686888,-0.47609175174541446,1
sample_03166.html,-0.31879808164832735,-0.3057312775488646,0.45606339138695995,-0.3768319844078302,0.5968436809100147,-0.2878359686540206,-0.10977361938621372,0.6552719023061897,0.4026367534788947,-0.19757024176561366,-0.02613359816672435,-0.06239731399554449,-0.794437956009734,1
sample_00372.html,-0.28226461632526917,-0.2532973513786057,0.3764439141972801,-0.30627782533148923,1.3310212420320209,-0.31220658136317986,-0.10977361938621372,0.2685172526320022,-0.1497348206142441,-0.24106879248205945,-0.00042132299538959916,-0.10320609241622336,0.34590654477920235,1
sample_06058.html,-0.17964855931491472,-0.2183414005984331,-0.18089242613047862,-0.21322813727428588,0.5349938022273077,-0.11114902651261627,-0.10977361938621372,0.1963431079220225,0.5334757571662971,-0.08162590372427847,-0.02613359816672435,0.05858190146434039,0.6033657261410147,1
sample_04136.html,-0.24250760994429416,-0.20960241290338993,-0.4993703348891979,-0.31752558982192036,0.8298338557395974,-0.3365771940723391,-0.10977361938621372,0.01660112101228969,0.024221177991065417,-0.2653542808636832,0.0008642907631771383,-0.08395939904760531,-0.14945186302667832,1
sample_06624.html,-0.389715984922499,-0.46303305605964135,-0.4197508576995181,-0.42489061450330884,-0.11757320712523982,-0.25128004959028183,-0.10977361938621372,0.6851318242867168,0.09268221362855407,-0.1724079007413262,-0.006849391788223287,-0.09177384597922467,-0.2147086264752594,1
sample_07193.html,-0.37359827963291453,-0.4805110314497277,-0.5789898120788778,-0.38194460463075347,0.8156123146390777,-0.2695580091221512,-0.10977361938621372,-1.9925510562714843,-0.14438337506092508,-0.2694943572651209,0.01500604210741125,-0.09669405330654056,-0.12196996639518501,1
sample_08273.html,1.7877859997003633,-0.46303305605964135,-0.4197508576995181,1.861473149187973,-0.6959824065188243,3.264180833705936,-0.10977361938621372,0.45176325158022884,0.2541985698605045,-0.26209105710490926,-0.02613359816672435,1.1061519262419799,-0.08180875185818003,0
sample_08840.html,0.33289446889387153,0.8390761105017883,1.5707360720424772,0.08432635969984785,0.929888351197232,-0.12333433286719588,0.5684261156270678,0.6614535657925076,0.5295429217829496,0.2083237365833799,-0.017134301856757187,-0.07513196825447974,-0.6801581515499495,1
sample_04935.html,0.6955428379095222,-0.04356164669757005,2.287311366749596,0.5649126606546343,1.1346744103810082,1.7897587648018034,0.5684261156270678,0.4899205476009103,0.24913517556925702,0.21445060568148608,-0.02613359816672435,0.08144639433833777,0.11355372054739318,0
sample_08341.html,1.5170085508353441,2.6305685879856346,-0.1012729489407988,2.5261137781679968,1.025663062782565,2.1309473427300323,0.22932624812042704,0.2762088831939683,0.5043831668159515,0.06373184574818236,-0.02613359816672435,0.031086625223457464,-0.6993392060528211,0
sample_00454.html,0.6864094715787576,1.101245741353083,3.003886661456714,0.27247078390342383,0.171492090797471,-0.2634653559448614,0.9075259831337085,0.5391370687697974,0.577645556387209,0.6259053837010434,-0.02613359816672435,0.009669252151611815,-0.5395899046282758,0
sample_04109.html,-0.41765334075777877,-0.4368160929745119,-0.021653471751118984,-0.39523741721035394,-0.828870806134653,-0.275650662299441,-0.44887348689285445,0.5624933795325082,-0.2555507006173486,-0.2572628178699886,-0.02613359816672435,-0.10291666845579302,0.49224717563810205,0
sample_01850.html,-0.3676884543600669,-0.4542940683645982,-0.5789898120788778,-0.2858273444397962,0.44539417683210375,-0.08068576062616724,-0.10977361938621372,-1.9925510562714843,0.01953895250676549,-0.26928346865485997,-0.02613359816672435,-0.09799646112847712,-0.43245428039819866,1
sample_00216.html,-0.08294232757740787,-0.4018601421943393,-0.4993703348891979,-0.28787239252896546,0.7278144191892398,0.2787807768339313,-0.44887348689285445,0.4205030267818411,-0.027730841309976145,1.211143475976123,-0.02613359816672435,0.1977948264313371,-1.410205979604881,0
sample_03702.html,-0.3461981806406209,-0.4542940683645982,-0.4197508576995181,-0.43307080685998606,-1.0051716146862564,-0.22690943688112258,-0.44887348689285445,0.13261122720483198,-0.2815217970111649,-0.26246843672327086,-0.00042132299538959916,-0.0959704934054647,0.25591308091601533,0
sample_05498.html,-0.44666521027903083,-0.4805110314497277,-0.4993703348891979,-0.4647690522421103,-0.3081573044901068,-0.30002127500860026,-0.10977361938621372,0.3703367708508456,0.16227970253693957,-0.26836221841003605,-0.02613359816672435,-0.10306138043600818,-0.4672886077695759,1
sample_02086.html,-0.267221424721657,-0.22708038829347624,-0.4993703348891979,-0.3706968401403223,-0.05351207477892879,-0.3365771940723391,-0.44887348689285445,0.5809410008125943,-1.282230244353035,-0.2152515868259092,0.007292359556010826,-0.08005217558179563,2.0323059690446343,1
sample_07779.html,-0.4520377787088923,-0.4805110314497277,-0.5789898120788778,-0.48828710526755725,-0.4857802989613899,-0.3365771940723391,-0.44887348689285445,-1.9925510562714843,-2.374105694263592,-0.2694943572651209,-0.027419211925291086,-0.10364022835686888,-0.06926926283400898,0
sample_06891.html,0.3194630478192178,0.7429472458563137,0.3764439141972801,0.48924588135537,1.451629653088992,-0.06240780109429781,-0.10977361938621372,0.7301721470857957,0.30325897536178553,-0.16484920897355393,-0.018419915615323922,-0.06601511350092382,0.15267460820722645,0
sample_00770.html,-0.4337710460473632,-0.4542940683645982,-0.5789898120788778,-0.2060704689621933,0.45187017108452127,-0.19035351781738374,-0.10977361938621372,-1.9925510562714843,-1.2514702986242705,-0.2694943572651209,-0.02613359816672435,-0.10320609241622336,-0.7124516871055259,1
sample_01063.html,-0.41872785444375105,-0.44555508066955507,-0.4993703348891979,-0.41466537405746234,-0.8807664702485071,-0.30002127500860026,-0.10977361938621372,0.40973863008096567,0.42220264208583586,-0.25702973045864763,-0.014563074339623712,-0.10045656479213506,-0.37157295495220827,1
sample_05782.html,-0.2408958394153357,-0.4368160929745119,-0.4197508576995181,-0.2612867673697645,0.006051606345979112,-0.2878359686540206,0.5684261156270678,0.34635009780583204,-7.851757030852685e-05,-0.2530894432669308,-0.02613359816672435,-0.002341842206247569,-0.7872033074716241,1
sample_06886.html,-0.1565465150665103,0.061306205642947774,-0.18089242613047862,-0.2469714307455794,0.8889474859107163,-0.3365771940723391,0.5684261156270678,0.6429944248250853,0.08212322068638729,-0.21040114878990848,0.009863587073144301,-0.0851170948893267,0.12578923657683722,0
sample_05468.html,-0.4369945871052801,-0.4805110314497277,-0.5789898120788778,-0.4463636194395865,-1.1351804306722921,-0.30002127500860026,-0.44887348689285445,-1.9925510562714843,-1.3986014890075875,-0.2694943572651209,-0.024847984408157612,-0.10291666845579302,0.6767686659821487,0
sample_03034.html,-0.3676884543600669,-0.4542940683645982,-0.5789898120788778,-0.2858273444397962,0.44539417683210375,-0.08068576062616724,-0.10977361938621372,-1.9925510562714843,0.01953895250676549,-0.26928346865485997,-0.02613359816672435,-0.09799646112847712,-0.43245428039819866,1
sample_09551.html,-0.24250760994429416,-0.20960241290338993,-0.4993703348891979,-0.31752558982192036,0.8298338557395974,-0.3365771940723391,-0.10977361938621372,0.01660112101228969,0.024221177991065417,-0.2653542808636832,0.0008642907631771383,-0.08395939904760531,-0.14945186302667832,1
sample_08753.html,0.2657373635206029,1.1973746059985577,-0.18089242613047862,0.25713292323465403,0.5424632890775963,0.10209383469252695,-0.44887348689285445,0.21153350677655364,-1.2813220257614273,-0.25316713907071114,-0.008135005546790024,0.012997627696560802,2.148841523004813,1
sample_00886.html,-0.27850381842436617,-0.42807710527946874,-0.021653471751118984,-0.1958452285163468,-1.6079202593262774,0.07163056880607792,0.22932624812042704,0.5384375325275136,0.0757935426334487,-0.2526343678447889,-0.02613359816672435,-0.09119499805836398,-0.9262889771213534,1
sample_06782.html,0.45109097435082435,0.2623029226289403,1.1726386860940783,0.6027460503042664,0.45563670283294844,1.3267171233277781,0.5684261156270678,0.21742011798616248,-0.48747765626592554,-0.17735823338218734,-0.02613359816672435,0.08144639433833777,1.099095316068271,0
sample_02391.html,0.9383829309392616,1.1187237167431694,1.0930192089043984,0.4677728764190923,1.2584049749859985,0.3336146554295396,0.9075259831337085,0.7149650731852442,1.4217051012140738,2.668417071080567,-0.01584868809819045,0.46276246220531947,-0.8830975501273695,0
sample_05597.html,0.44894194697887974,1.276025495253946,-0.4197508576995181,0.45448006383949185,1.2160134563189906,-0.08068576062616724,0.5684261156270678,-1.9925510562714843,-0.6042907850138701,-0.2694166614613405,-0.02613359816672435,-0.09162913399900949,0.6204102474876388,1
sample_05484.html,-0.4488142376509754,-0.4805110314497277,0.13758548262824066,-0.4637465281975256,-1.6752975454393244,-0.30611392818589006,-0.44887348689285445,0.44344866209904354,0.09432211348131143,-0.1904333272183632,-0.018419915615323922,-0.10335080439643853,0.7501675771869813,1
sample_06517.html,-0.09906003286699235,0.2623029226289403,0.13758548262824066,-0.0976829202362202,0.5753517342225473,-0.275650662299441,-0.10977361938621372,0.6737447925152033,-0.004992358816731958,-0.17784660700594943,-0.011991846822490236,-0.09133971003857914,0.020307686971165976,0
sample_00162.html,-0.44129264184916933,-0.4542940683645982,-0.4993703348891979,-0.48419700908921864,-2.256016803315404,-0.32439188771775945,-0.44887348689285445,0.7369676327857655,1.904452943736846,-0.26325649416161423,-0.011991846822490236,-0.10306138043600818,-1.256285202272625,0
sample_00681.html,0.07393667057454767,-0.026083671307483746,0.3764439141972801,0.11909217721572601,-0.44747133000538236,0.09600118151523715,0.22932624812042704,0.5619164163369865,0.28181154119507007,-0.2266506711805379,-0.02613359816672435,-0.05820066656930446,0.12943379651331582,0
sample_00008.html,0.00248151045738984,0.3322148241892855,0.6153023457663196,0.13238498979532648,0.8684348908923967,0.12037179422439637,-0.44887348689285445,0.5938182109091537,-0.27532716399033397,-0.216605713691795,-0.02613359816672435,-0.04416360448843265,-0.06181761551724852,0
sample_02806.html,0.40649865638297394,0.935204975147263,0.6153023457663196,0.4555025878840765,1.587419577484405,-0.22690943688112258,-0.10977361938621372,0.4431873119237039,-0.36267939869130456,-0.17756912199244826,-0.011991846822490236,0.026021705915926396,0.3736616716080148,0
sample_05458.html,-0.33921384168180096,-0.2358193759885194,0.7745413001456792,-0.3379760707136134,-0.37427240824740676,-0.29392862183131047,-0.44887348689285445,0.37016745679167085,0.2573849275607887,0.1337912619569616,-0.02613359816672435,-0.09524693350438883,0.6783731714310904,0
sample_05333.html,1.3176862620874827,2.6742635264608503,0.21720495981792048,0.9657420861318179,0.9072892757720425,0.10818648786981676,-0.10977361938621372,0.7263519961980132,0.4798105228491977,-0.2340983689429097,-0.02613359816672435,0.3976420711084915,-0.235606792678647,1
sample_02258.html,0.5268441892118714,0.49825559039510536,-0.021653471751118984,0.41357910205610576,-0.32420377029274144,0.4310971062661765,-0.44887348689285445,0.5567427701613815,0.7041586976311085,3.8061500240375863,-0.02613359816672435,0.25871857010192506,-0.977852184140777,0
sample_07229.html,-0.42624945024555716,-0.4542940683645982,-0.5789898120788778,-0.47703934077712606,-1.514456932503265,-0.30611392818589006,-0.44887348689285445,-1.9925510562714843,-0.15947920950053243,-0.26943886026242064,0.006006745797444088,-0.09249740588030053,-1.092829333810468,0
sample_04888.html,-0.4520377787088923,-0.4805110314497277,-0.5789898120788778,-0.49237720144589586,-2.256016803315404,-0.3365771940723391,-0.44887348689285445,-1.9925510562714843,-1.4078000403100033,-0.2694943572651209,-0.027419211925291086,-0.10364022835686888,-1.3155472897162082,1
sample_04623.html,-0.3327667595659672,-0.3406872283290372,-0.26051190332015844,-0.35842655160530645,0.4683136184797478,-0.3365771940723391,-0.10977361938621372,0.8006238844201923,1.4085016482798387,0.2422213058326847,0.01500604210741125,-0.08178871934437772,-1.1364229855893682,1
sample_03703.html,-0.4488142376509754,-0.4805110314497277,-0.4993703348891979,-0.4852195331338033,-1.3384300946045464,-0.31829923454046966,-0.44887348689285445,-0.07134170978834635,-3.039051443683039,0.60635933935002,-0.017134301856757187,-0.10364022835686888,4.626342628098604,1
sample_01872.html,-0.4321592755184048,-0.4542940683645982,-0.4993703348891979,-0.44022847517207864,-1.3548822082391743,-0.3365771940723391,-0.44887348689285445,0.278463688413073,-0.7079519650452514,-0.26850651061705666,0.040718317278746,-0.10364022835686888,-0.11801852606625986,1
sample_03914.html,-0.019546020105042274,0.12247911950824984,0.5356828685766397,-0.14574155033169886,0.5134391267433909,-0.2817433154767308,2.942125188173553,0.6052028815477527,0.23917886514896913,-0.20664955140737246,-0.011991846822490236,-0.07455312033361905,0.1576472100561602,1
sample_09712.html,-0.4106690017989588,-0.4193381175844256,-0.4197508576995181,-0.4576113839300177,-0.8708513415700084,-0.32439188771775945,-0.10977361938621372,0.29937557357180783,0.07176855278593894,-0.2654208772669235,-0.01584868809819045,-0.10103541271299576,-0.051271245412052455,0
sample_07211.html,-0.08240507073442171,-0.13095152364800158,-0.1012729489407988,-0.1723271754908998,1.4994471884245946,0.004611383855890054,-0.10977361938621372,0.5699153738623154,0.5462409620231036,-0.24502017907431634,-0.02613359816672435,-0.07440840835340387,0.19654932581586398,0
sample_06962.html,-0.42195139550166794,-0.44555508066955507,-0.5789898120788778,-0.4688591484204489,0.32103522205746726,-0.31220658136317986,-0.10977361938621372,-1.9925510562714843,0.5085048947738157,-0.26943886026242064,-0.02613359816672435,-0.10175897261407163,-0.5993294962936854,1
sample_09812.html,1.8560176187596042,1.4857611999349816,1.4911165948527976,1.3941796608127872,1.5079129718342092,0.8758607882083325,0.5684261156270678,0.44131266512624495,-0.5439388581072551,-0.15285075698976267,-0.02613359816672435,0.6574000755947276,0.9500196453280139,0
sample_04399.html,-0.2870999279121445,-0.2969922898538215,2.7650282298876747,-0.3113904455544125,0.8888278421471847,-0.245187396412992,-0.10977361938621372,0.62511749903236,0.6286796567622597,0.7834502749664763,0.0034355182803106135,-0.09307625380116123,-0.3023557943037017,0
sample_03860.html,-0.3827316459636791,-0.39312115449929613,-0.4993703348891979,-0.3983049893441079,0.413983891747841,-0.2817433154767308,-0.10977361938621372,0.2579016500313576,-0.4555150313040648,-0.13368209225710082,-0.0107062330639235,-0.09770703716804677,1.3287569199870384,1
sample_07775.html,-0.18878192564567925,-0.3057312775488646,0.6949218229559994,-0.0680297229432653,1.019339948018231,0.2239468982383231,0.5684261156270678,0.6396605954591292,0.33796865673791077,-0.17837937823187172,-0.02613359816672435,-0.09553635746481917,-0.0539914614763391,0
sample_09791.html,-0.4520377787088923,-0.4805110314497277,-0.5789898120788778,-0.4903321533567266,-1.114558160185379,-0.3365771940723391,-0.44887348689285445,-1.9925510562714843,-1.60279190543054,-0.2694943572651209,-0.027419211925291086,-0.10364022835686888,0.2457020263352195,0
sample_06080.html,-0.36930022488902536,-0.44555508066955507,-0.5789898120788778,-0.3706968401403223,1.0103620631384702,-0.2695580091221512,-0.44887348689285445,-1.9925510562714843,0.7487872683340187,-0.2694610590635007,-0.02613359816672435,-0.044742452409293344,-0.39357821387904646,1
sample_07362.html,0.33450623942283,0.9264659874522199,3.2427450930257535,0.32052941399890245,-0.2774535389636919,-0.30611392818589006,0.22932624812042704,0.6274894801455494,0.6546665281092019,0.5753587136416676,-0.0209911431324574,0.02660055383678709,-0.956783276769088,0
sample_06296.html,-0.2145702541090144,-0.008605695917397443,-0.4197508576995181,-0.32161568600025897,1.3877168884569318,-0.17207555828551432,-0.44887348689285445,0.6046431629250679,-0.1541800432646039,-0.26529878386098293,-0.011991846822490236,-0.0726718645908218,0.806362738128844,1
sample_05669.html,-0.3145000269044381,-0.24455836368356254,-0.5789898120788778,-0.12426854539542116,-0.05590086825685209,-0.20253882417196337,-0.10977361938621372,-1.9925510562714843,0.2638696873598853,-0.2694832578645808,-0.02613359816672435,-0.09510222152417365,-0.1845284431201242,0
sample_03348.html,0.04385028736732332,0.07878418103303408,-0.021653471751118984,-0.274579579949365,-1.6540359656844832,-0.32439188771775945,0.22932624812042704,0.5246740935503492,0.24613020665416346,-0.20654965680251203,-0.02613359816672435,-0.051254491518976146,-1.136333599406574,1
sample_02112.html,3.498411787768262,1.0488118151828238,0.21720495981792048,2.3594423589006985,1.7574969784453323,4.543638000936795,-0.10977361938621372,0.5818000220425515,-1.0697312636377998,-0.22900374409502794,-0.02613359816672435,0.30676294753336264,1.5650320714576063,0
sample_06681.html,0.5907777535272231,0.10500114411816354,-0.18089242613047862,0.3297321304001643,0.8051785923809718,0.918509360449361,-0.10977361938621372,0.6101781867322216,0.06904821284876522,-0.20795928067109803,-0.017134301856757187,0.051346302453581724,0.2408339995405729,0
sample_05123.html,3.1610144903729602,2.315965030964081,0.21720495981792048,1.5547159358125775,1.5234073297533615,-0.06850045427158762,1.2466258506403491,0.7291186351184565,0.696085876957601,-0.2368621196773815,-0.02613359816672435,0.5740459749907877,0.36841195433969764,1
sample_05996.html,-0.22961344571262657,-0.26203633907364887,-0.18089242613047862,-0.14778659842086816,-0.2996698040053741,-0.06240780109429781,-0.10977361938621372,0.48751095684004486,-0.621600373783676,-0.25250117503830827,-0.02613359816672435,-0.06037134627253206,0.3789243613459761,0
sample_00027.html,-0.3864924438645821,-0.39312115449929613,-0.4993703348891979,-0.4340933309045707,0.27578598218151873,-0.30002127500860026,-0.10977361938621372,0.32173375581551045,-0.41520345446180223,-0.195072876644103,-0.02613359816672435,-0.09958829291084402,1.0751967023809674,1
sample_03281.html,-0.4477397239650031,-0.4805110314497277,-0.4993703348891979,-0.4749942926879568,-1.514456932503265,-0.31220658136317986,-0.10977361938621372,0.3703367708508456,0.11804270139770026,-0.26836221841003605,-0.0107062330639235,-0.10320609241622336,-0.48721588566194773,1
sample_05987.html,0.20502734026316805,0.533211541175278,1.4911165948527976,-0.05984953058658808,-0.25195250877778774,-0.2573727027675716,-0.10977361938621372,0.6211981791055999,-0.2526113834211427,-0.08303552759286449,-0.02613359816672435,-0.031573662209712576,-0.758286329756039,0
sample_06637.html,-0.4520377787088923,-0.4805110314497277,-0.5789898120788778,-0.49237720144589586,-2.256016803315404,-0.3365771940723391,-0.44887348689285445,-1.9925510562714843,0.6477034081783477,-0.2694943572651209,-0.027419211925291086,-0.10364022835686888,-1.4280320042433743,1
sample_09547.html,-0.4520377787088923,-0.4805110314497277,-0.4993703348891979,-0.49237720144589586,-2.256016803315404,-0.3365771940723391,-0.44887348689285445,0.7697396080118865,1.3592755619943566,2.1264777403122124,-0.027419211925291086,-0.10364022835686888,-1.5522331665246654,1
sample_04914.html,0.4220791048295723,0.821598135111702,0.6949218229559994,0.059785782629816195,0.9787402757866644,-0.30611392818589006,0.5684261156270678,0.7742951044439895,0.6587421208956344,-0.04072461273420378,-0.02613359816672435,-0.04416360448843265,-0.05082482296674056,0
sample_03884.html,-0.4289357344604879,-0.4542940683645982,-0.26051190332015844,-0.3860347008090921,0.7622828754181153,-0.32439188771775945,0.22932624812042704,-0.06323373230368341,-1.4938066812947786,-0.1646605191643731,-0.008135005546790024,-0.10219310855471715,2.6790204121893444,1
sample_04633.html,-0.4520377787088923,-0.4805110314497277,-0.4993703348891979,-0.49237720144589586,-2.256016803315404,-0.3365771940723391,-0.44887348689285445,0.756200169806523,1.31030558307713,-0.267185681952791,-0.027419211925291086,-0.10364022835686888,-1.0168014571092276,1
sample_06042.html,-0.4488142376509754,-0.4805110314497277,-0.5789898120788778,-0.46988167246503354,-0.4298780888433753,-0.31829923454046966,-0.10977361938621372,-1.9925510562714843,-1.0897108829652162,-0.2694943572651209,-0.014563074339623712,-0.10364022835686888,-0.0949130191863865,1
sample_03133.html,-0.37574730700485914,-0.39312115449929613,0.3764439141972801,-0.3901247969874307,0.06725971093934928,-0.30002127500860026,0.22932624812042704,0.6605254385767844,0.5209430358742926,-0.20400789407884118,-0.011991846822490236,-0.09741761320761642,-0.5197261331677,0
sample_00355.html,-0.21188396989408365,-0.13969051134304472,1.8095945036115169,-0.22038580558637844,-1.2820870569307916,-0.30002127500860026,-0.44887348689285445,0.7454511362493169,1.3374857629333001,5.576726398185948,-0.02613359816672435,-0.07310600053146732,-1.4424070390527326,0
sample_04556.html,0.06963861583065847,0.08752316872807724,0.6153023457663196,0.13545256192908045,0.767589781257538,0.29096608318851097,-0.10977361938621372,0.6081910173612314,-0.2633140376202235,-0.10617777771886333,-0.01584868809819045,-0.04416360448843265,0.6961433818559692,0
sample_00947.html,-0.3821943891206929,-0.2882533021587783,-0.5789898120788778,-0.37376441227407625,1.0460069961884957,-0.31829923454046966,-0.44887348689285445,-1.9925510562714843,-0.22549788789179268,-0.2694943572651209,-0.02613359816672435,-0.10204839657450197,0.22733286590486096,1
sample_03003.html,0.10026225588086898,0.5157335657851917,0.7745413001456792,0.8849626866096304,1.042288725279893,0.3579852681386988,1.9248255856536307,0.6904134042908049,-0.5059289514741676,-0.1860823622066646,-0.017134301856757187,-0.06485741765920243,0.6908786452057123,0
sample_02584.html,-0.4520377787088923,-0.4805110314497277,-0.4993703348891979,-0.49237720144589586,-2.256016803315404,-0.3365771940723391,-0.44887348689285445,0.7697084350368484,1.3591102854980488,2.1264555415111324,-0.027419211925291086,-0.10364022835686888,-1.5522331665246654,1
sample_05600.html,0.13464669383198252,0.07878418103303408,1.8892139808011965,0.2959888369288708,0.43220046020308656,0.06553791562878812,-0.10977361938621372,0.6627377011623181,0.09619113126652373,-0.11715508485297021,-0.02613359816672435,-0.06905406508544246,0.32117831884225345,0
sample_06411.html,-0.4224886523446541,-0.44555508066955507,-0.5789898120788778,-0.459656432019187,-0.4571834591417893,-0.32439188771775945,-0.10977361938621372,-1.9925510562714843,0.48185902128374275,-0.26943886026242064,-0.004278164271089811,-0.10161426063385645,-0.6631970190634702,1
sample_05696.html,-0.3601668585582608,-0.3669041914141667,-0.4993703348891979,-0.38092208058616883,0.3680691258671591,-0.31829923454046966,-0.10977361938621372,0.32406544035740675,-0.1394855662758389,-0.26636432631282747,-0.02613359816672435,-0.08280170320588393,0.1677260497478496,1
sample_08533.html,0.05190914001211556,0.34969279957937177,1.0930192089043984,-0.06700719889868065,0.418870051967131,-0.23300209005841238,-0.44887348689285445,0.6104010251449444,0.6584761355123321,-0.18308552406085182,-0.01970552937389066,-0.07730264795770733,0.21114682218254704,0
sample_08365.html,-0.40637094705506965,-0.4717720437546845,-0.4993703348891979,-0.44431857135041725,-0.6835629526719341,-0.23300209005841238,-0.10977361938621372,0.4990936727819451,0.08751345470182108,-0.2648659072399211,-0.006849391788223287,-0.09437866162309778,-0.3987380104205939,0
sample_03603.html,-0.4198023681297234,-0.4193381175844256,-0.4993703348891979,-0.43716090303832467,0.3061676131123799,-0.3365771940723391,-0.10977361938621372,0.3237292301789934,-0.5467022482674657,-0.26603134429662606,0.0021499045217438758,-0.09987771687127438,0.9115942124176863,1
sample_06442.html,-0.23391150045651576,-0.008605695917397443,-0.4993703348891979,-0.345133739025706,0.5430807904293226,-0.32439188771775945,-0.44887348689285445,-0.16356004103301786,-0.724779900153256,-0.2687506974289377,-0.02613359816672435,-0.09452337360331296,0.3383134779868336,1
sample_06007.html,-0.3096647153175628,-0.3406872283290372,-0.4993703348891979,-0.37376441227407625,0.06381297614258408,-0.2695580091221512,-0.10977361938621372,0.3316516123233787,-2.6902627571864066,-0.26031515301850167,-0.02613359816672435,-0.0910502860781488,3.566025188243186,1
sample_07148.html,-0.2897862121270753,-0.34942621602408036,-0.34013138050983827,-0.1447190262871142,-0.5325903885086387,0.016796690210469666,-0.10977361938621372,0.5993915313890862,-0.26123774889933554,-0.2539662959095945,-0.01970552937389066,-0.09336567776159158,-0.015101783642304127,0
sample_01390.html,-0.23176247308457118,0.04382823025286147,-0.021653471751118984,-0.31752558982192036,0.9090377788983321,-0.31220658136317986,-0.10977361938621372,0.6612510676925886,-0.10901392931735984,-0.2498373189086969,-0.02613359816672435,-0.0699223369667335,0.8165191649228972,1
sample_04621.html,-0.27957833211033845,-0.2882533021587783,0.21720495981792048,-0.2152731853634552,0.7507519382125744,0.010704037033179861,-0.10977361938621372,0.6786622375622614,0.8574696550861219,-0.0911602887881792,-0.02613359816672435,-0.08395939904760531,-0.6646699875815176,0
sample_02539.html,-0.3907904986084713,-0.4018601421943393,-0.4993703348891979,-0.43920595112749394,0.2239584852170019,-0.31220658136317986,-0.10977361938621372,0.5802459280485912,0.7974661367916046,-0.2152737856269893,-0.01970552937389066,-0.09611520538567987,-0.44845649314364544,1
sample_04040.html,-0.4520377787088923,-0.4805110314497277,-0.5789898120788778,-0.48828710526755725,-0.4857802989613899,-0.3365771940723391,-0.44887348689285445,-1.9925510562714843,-2.374105694263592,-0.2694943572651209,-0.027419211925291086,-0.10364022835686888,-0.06926926283400898,0
sample_07763.html,0.04868559895419866,0.46329963961493276,-0.021653471751118984,-0.09052525192412764,0.5208986392426703,-0.25128004959028183,0.5684261156270678,0.5321490164882623,0.0632444978958251,-0.2092357117332035,-0.022276756891024138,-0.09423394964288262,-0.08686737617416108,0
sample_07002.html,-0.12753464554525823,-0.052300634392613204,-0.021653471751118984,-0.24799395479016403,-2.16728314174846,-0.11724167968990606,-0.10977361938621372,0.3068549357114964,0.30734271570807703,-0.2455307514991585,-0.014563074339623712,-0.07600024013577078,0.3318040752466086,1
sample_08577.html,-0.3821943891206929,-0.2882533021587783,-0.5789898120788778,-0.37376441227407625,1.0382979916803985,-0.31829923454046966,-0.44887348689285445,-1.9925510562714843,-0.19263587171986446,-0.2694943572651209,-0.02613359816672435,-0.10204839657450197,0.24316066086246899,1
sample_09659.html,-0.17266422035609477,0.026350254862775167,0.05796600543856084,0.7366967001448558,0.8930252392124873,1.0098991581087082,-0.10977361938621372,0.5347550444767118,-1.5060183825482125,-0.2324334588619026,-0.02613359816672435,0.07782859483295844,2.2824008553978423,0
sample_04584.html,-0.4520377787088923,-0.4805110314497277,-0.4993703348891979,-0.49237720144589586,-2.256016803315404,-0.3365771940723391,-0.44887348689285445,-0.41551431055716403,-4.855792836800019,-0.07216921446415808,-0.027419211925291086,-0.10364022835686888,-1.548941562063771,1
sample_02710.html,-0.4160415702288203,-0.4805110314497277,-0.4197508576995181,-0.31343549364358175,0.4027466255982401,-0.2695580091221512,-0.10977361938621372,0.5631546453206389,0.3776277901712267,-0.2433996665954694,-0.002992550512523074,-0.10277195647557784,-0.20181482605907874,1
sample_03022.html,-0.23928406888637727,-0.15716848673313102,-0.4993703348891979,-0.049624290140741566,0.7678388796216586,-0.32439188771775945,0.22932624812042704,-0.31773689457531945,-0.6236207085449729,-0.26910587824621923,-0.02613359816672435,-0.09727290122740126,0.5391098897673289,1
sample_09816.html,-0.3064411742596459,-0.44555508066955507,-0.34013138050983827,-0.345133739025706,0.05837774213201204,-0.12333433286719588,-0.10977361938621372,0.606824438008065,1.164066998562471,-0.2351306131931341,-0.02613359816672435,-0.08482767092889634,-0.7044588466079325,0
sample_04159.html,-0.19200546670359614,-0.26203633907364887,0.05796600543856084,-0.15698931482213002,-0.30431601052965307,0.010704037033179861,-0.10977361938621372,0.48115505504819905,-0.24804510615988187,-0.2340095737385893,-0.02613359816672435,-0.08989259023642741,0.24541755767676135,0
sample_00638.html,0.13518395067496866,0.37590976266450127,1.4911165948527976,0.20191662482708284,-0.28632621775618505,-0.025851882030558975,-0.10977361938621372,0.6317857661334975,0.5451669107174482,0.08890528617300987,-0.02613359816672435,-0.05950307439124102,-0.5003759541661109,0
sample_07517.html,0.15237616965052544,-0.08725658517278581,0.45606339138695995,1.6641260085831353,1.3137792167245508,0.6626179270031891,3.9594247906934754,0.11296811427223832,-0.48711361690529936,-0.15325033540920438,-0.02613359816672435,-0.02650874290218151,1.125206342080997,0
sample_08118.html,0.39199272162234794,0.9614219382323924,0.2968244370076003,0.22543467785252982,0.8520231349232975,-0.2208167837038328,-0.44887348689285445,0.565434099446724,0.26577548504315224,-0.06858410808972278,-0.02613359816672435,-0.003933673988614475,-0.3122566438892783,0
sample_06485.html,0.04492480105329562,0.08752316872807724,0.6949218229559994,-0.010768376446524789,0.6811637072956078,0.3397073086068294,-0.10977361938621372,0.23777222140329848,0.11230084506767074,0.16289389017296588,-0.02613359816672435,-0.02954769448670015,0.28451793710066503,0
sample_03433.html,-0.3800453617487483,-0.39312115449929613,0.3764439141972801,-0.3942148931657693,-0.4330320125464609,-0.31220658136317986,-0.44887348689285445,0.45079573767663433,0.050213534262941784,-0.09774223330842731,-0.01584868809819045,-0.09785174914826195,1.1911276088791491,1
sample_00425.html,-0.41872785444375105,-0.44555508066955507,-0.4993703348891979,-0.41466537405746234,-0.8807664702485071,-0.30002127500860026,-0.10977361938621372,0.40973863008096567,0.42220264208583586,-0.25702973045864763,-0.014563074339623712,-0.10045656479213506,-0.37157295495220827,1
sample_08625.html,-0.3821943891206929,-0.2882533021587783,-0.5789898120788778,-0.37376441227407625,1.0099697750018788,-0.31829923454046966,-0.44887348689285445,-1.9925510562714843,-0.0914440563960865,-0.2694943572651209,-0.02613359816672435,-0.10204839657450197,0.246923537544697,1
sample_05644.html,-0.44397892606410005,-0.4717720437546845,-0.4993703348891979,-0.4412509992166633,0.9408296994880847,-0.31220658136317986,-0.10977361938621372,0.5778393786483206,0.3218779032664842,-0.2597601829914993,-0.02613359816672435,-0.10320609241622336,-1.3239339717846665,1
sample_05959.html,-0.411206258641945,-0.38438216680425297,-0.4197508576995181,-0.42284556641413956,0.28190450465675637,-0.30611392818589006,-0.10977361938621372,0.17914302760752557,-0.8423953549654859,-0.2122325498790163,-0.0017069367539563366,-0.1034955163766537,1.2581170509918191,1
sample_03120.html,0.5322167576417328,-0.052300634392613204,2.446550321128955,0.44527734743823,0.9741773039195012,0.796656296903565,0.5684261156270678,0.6054289225170665,0.5430536232165293,0.018257601735608132,-0.023562370649590873,0.12442585246224425,-0.45010533966722,0
sample_00080.html,-0.4391436144772247,-0.4717720437546845,-0.4993703348891979,-0.44431857135041725,-0.2405252454732331,-0.30611392818589006,-0.10977361938621372,0.5255688852399345,0.0742923315540139,-0.2554092179798007,-0.02613359816672435,-0.10364022835686888,-0.4835076628417781,1
sample_09078.html,0.6246249346353505,0.3671707749694581,0.13758548262824066,0.23565991829837635,0.5448229286236692,0.37626322767056825,0.9075259831337085,0.7445648932883385,0.21874462537194742,-0.2052066293371663,-0.014563074339623712,0.03991405601658304,-0.30300027181068645,1
sample_08437.html,0.30119631515768874,0.533211541175278,-0.26051190332015844,0.9176834560363392,1.6257937218900542,-0.2208167837038328,-0.10977361938621372,-0.033056543101897075,-1.0777173787209287,-0.2160285448637125,-0.02613359816672435,0.8630357994804888,2.4664997300599643,0
sample_08248.html,-0.4520377787088923,-0.4805110314497277,-0.4993703348891979,-0.49237720144589586,-2.256016803315404,-0.3365771940723391,-0.44887348689285445,0.3840380100224967,-0.4037339202039471,-0.2575181040824097,-0.027419211925291086,-0.10364022835686888,1.3035923366767026,1
sample_07816.html,-0.4520377787088923,-0.4805110314497277,-0.5789898120788778,-0.4913546774013112,-0.6043607312695036,-0.3365771940723391,-0.44887348689285445,-1.9925510562714843,-0.8860676792199954,-0.2694943572651209,-0.027419211925291086,-0.10364022835686888,-0.5614286335503255,1
sample_08484.html,-0.4455906965930585,-0.4805110314497277,-0.4993703348891979,-0.3911473210320153,0.9524247765549114,-0.29392862183131047,0.22932624812042704,0.2819067950693202,-0.033037722491962115,-0.26799593819221446,-0.02613359816672435,-0.10364022835686888,0.23228301690683253,1
sample_08141.html,-0.4343083028903494,-0.4805110314497277,-0.5789898120788778,-0.3931923691211846,-0.7630267661155536,-0.30002127500860026,0.22932624812042704,-1.9925510562714843,0.18932311978122132,-0.2694943572651209,0.00472113203887735,-0.1034955163766537,0.47376810775136136,1
sample_03078.html,0.4296007006313784,-0.3669041914141667,0.2968244370076003,1.0679944905902832,0.8507657671449957,3.4957016544429487,0.5684261156270678,0.5836213338432041,-1.4831897181037157,-0.21791544295552057,-0.02613359816672435,-0.09799646112847712,1.524569491457461,0
sample_09224.html,-0.36715119751708075,-0.2532973513786057,-0.5789898120788778,-0.4197779942803856,0.4470733803235444,-0.3304845408950493,-0.44887348689285445,-1.9925510562714843,-0.007519899779798121,-0.2694943572651209,-0.02613359816672435,-0.1019036845942868,-0.07133659210194347,1
sample_00759.html,-0.23391150045651576,-0.3581652037191235,-0.4197508576995181,-0.3512688832932139,0.8240346699545295,-0.31829923454046966,0.22932624812042704,0.7510007036253178,0.9443210852394958,-0.1999455134811838,-0.02613359816672435,0.028915945520229865,0.4510979413075562,1
sample_09295.html,-0.42678670708854327,-0.4717720437546845,-0.4197508576995181,-0.43307080685998606,-1.672298996326093,-0.20863147734925316,-0.10977361938621372,0.40139478109889704,0.38366508824903756,-0.2675630615711526,-0.02613359816672435,-0.0997330048910592,-0.5989337642624202,1
sample_02614.html,-0.41657882707180643,-0.4717720437546845,-0.4993703348891979,-0.42080051832497023,0.5242065506950628,-0.245187396412992,-0.10977361938621372,0.34566993372931776,0.7861480250882033,-0.2608146260428038,-0.02613359816672435,-0.10262724449536266,0.2408325523605423,1
sample_00969.html,-0.4429044123781278,-0.4805110314497277,-0.5789898120788778,-0.46579157628669493,0.675035961422321,-0.30611392818589006,-0.44887348689285445,-1.9925510562714843,-1.6930150888971793,-0.2694943572651209,-0.02613359816672435,-0.10364022835686888,1.068732436012509,1
sample_07924.html,-0.4391436144772247,-0.4717720437546845,-0.5789898120788778,-0.4381834270829093,0.11018550841311188,-0.23300209005841238,-0.10977361938621372,-1.9925510562714843,-0.6628820999427533,-0.2694832578645808,-0.02613359816672435,-0.10146954865364127,-0.006867863811856326,1
sample_07213.html,-0.3526452627564547,-0.31447026524390775,-0.4197508576995181,-0.43920595112749394,-1.873528027525139,-0.3365771940723391,-0.44887348689285445,0.6028537062692548,0.8875703360133795,-0.18598246760180417,0.020148497141678202,-0.07194830468974593,-0.8376869312258377,0
sample_03556.html,0.4747302754422149,0.5594285042604075,0.05796600543856084,1.9995138952069011,1.0107017785117884,3.3433853250107037,-0.10977361938621372,0.5352279134158427,-1.6013349806135657,-0.23242235946136253,-0.02613359816672435,0.3620429239755588,2.638504729808435,0
sample_00371.html,-0.4520377787088923,-0.4805110314497277,-0.5789898120788778,-0.486242057178388,-0.2877933194289294,-0.3365771940723391,-0.44887348689285445,-1.9925510562714843,-0.10966955037765397,-0.2694943572651209,-0.027419211925291086,-0.10364022835686888,-0.20700749053627746,0
sample_06480.html,-0.4520377787088923,-0.4805110314497277,-0.4993703348891979,-0.4913546774013112,-2.256016803315404,-0.3365771940723391,-0.44887348689285445,0.102033089182186,-1.024426484092972,-0.26124750266386565,-0.027419211925291086,-0.10364022835686888,-1.4293080650136472,0
sample_00847.html,-0.3075156879456182,-0.38438216680425297,0.13758548262824066,-0.1528992186437914,-0.10478961982168644,-0.0502224947397182,0.9075259831337085,0.3446390838797575,-0.32844835040564,-0.23953707520753292,-0.02613359816672435,-0.08265699122566875,0.4862996959548247,1
sample_07043.html,-0.411206258641945,-0.46303305605964135,-0.5789898120788778,-0.2214083296309631,0.21979632238009691,-0.22690943688112258,0.22932624812042704,-1.9925510562714843,-0.6914191266240239,-0.26930566745594003,-0.018419915615323922,-0.09987771687127438,0.2565057598080289,1
sample_00233.html,-0.4192651112867372,-0.4805110314497277,-0.5789898120788778,-0.1917551323380082,1.093022683332835,0.23613220459290268,0.22932624812042704,-1.9925510562714843,-0.05058239823460091,-0.2694943572651209,-0.02613359816672435,-0.1034955163766537,0.1825113535770693,1
sample_08731.html,-0.4310847618324325,-0.46303305605964135,-0.5789898120788778,-0.4688591484204489,-0.36259086863695095,-0.29392862183131047,-0.44887348689285445,-1.9925510562714843,0.00037260849284860803,-0.26943886026242064,-0.014563074339623712,-0.10277195647557784,-0.20074867158154033,1
sample_09063.html,1.7023621616655655,0.2885198857140697,1.1726386860940783,1.925892163996806,0.12803851873855854,2.929084908954997,0.9075259831337085,0.5944615625784287,-0.13798570453944173,-0.04116858875580568,-0.02613359816672435,0.1176243893921311,0.2846699301168575,0
sample_02469.html,-0.4455906965930585,-0.4717720437546845,-0.5789898120788778,-0.4760168167325414,-0.5084934647318502,-0.3304845408950493,-0.44887348689285445,-1.9925510562714843,1.5185439874060893,-0.2694943572651209,0.0304334072102121,-0.10320609241622336,0.42675951526751277,1
sample_01290.html,-0.3666139406740946,-0.2969922898538215,-0.5789898120788778,-0.2602642433251799,0.7818047212392962,-0.31220658136317986,6.33312386323996,-1.9925510562714843,-0.2033319337086931,-0.2694943572651209,-0.011991846822490236,-0.09336567776159158,0.16785737807621698,1
sample_09228.html,0.04868559895419866,0.4807776150050191,0.21720495981792048,0.1405651821520037,1.4885388578396932,-0.1598902519309347,-0.10977361938621372,0.7457926542428679,0.4687196209423933,-0.20376370726696014,-0.018419915615323922,-0.09249740588030053,0.010692844487683786,0
sample_04015.html,-0.05285594437018352,0.17491304567850874,2.526169798318635,0.022974917024768726,0.09299266446845007,-0.1294269860444857,-0.10977361938621372,0.3789411951022021,0.10959593502261648,-0.14886607219588566,-0.02613359816672435,-0.011603408940018661,0.5243881705958526,0
sample_03888.html,-0.3612413722442331,-0.31447026524390775,-0.4993703348891979,-0.4044401336116158,1.1829905724259824,-0.2878359686540206,-0.10977361938621372,0.656798030737004,1.0363247834936473,-0.21889219020304473,-0.006849391788223287,-0.08063102350265633,-0.16814967673823264,1
sample_06974.html,-0.41657882707180643,-0.4805110314497277,-0.5789898120788778,-0.45147623966250977,-0.33035327563365174,-0.30611392818589006,-0.10977361938621372,-1.9925510562714843,-0.19768486357676246,-0.2694943572651209,-0.014563074339623712,-0.1019036845942868,-0.29847220194666424,1
sample_01558.html,0.756252861166957,-0.4193381175844256,-0.4993703348891979,-0.43716090303832467,-0.1761536061901042,-0.30002127500860026,-0.44887348689285445,0.11700010000391163,2.519987986357547,-0.21760465974039925,-0.02613359816672435,2.641256612364538,-1.3046490592986941,1
sample_09064.html,0.12766235487316258,0.20986899645868135,-0.021653471751118984,-0.042466621828649,1.5360568416731923,0.035074649742339085,-0.10977361938621372,0.6159126002755442,0.1512378585197829,-0.06794034285840002,-0.02613359816672435,-0.08989259023642741,-0.10485690608080266,0
sample_02930.html,0.932473105666414,1.4508052491548091,10.169639608527898,0.4238043425019523,1.4706810692732346,-0.32439188771775945,0.22932624812042704,0.6349787548679173,0.7227017430156194,1.8805372231458422,-0.01584868809819045,0.15293411256463338,-0.6916276921381238,0
sample_09269.html,-0.4520377787088923,-0.4805110314497277,-0.4993703348891979,-0.4913546774013112,-2.256016803315404,-0.3365771940723391,-0.44887348689285445,0.6986013286774803,1.1461679142663728,0.5685769799116985,-0.027419211925291086,-0.10364022835686888,-1.5508144868142544,1
sample_06272.html,-0.0678991359737957,0.19239102106859504,1.0930192089043984,-0.07211981912160391,0.8306086877925168,-0.20863147734925316,-0.44887348689285445,0.5329693011551629,0.3181130301901056,-0.041035395949325114,-0.02613359816672435,-0.01768131210905594,-0.657572795071004,0
sample_01370.html,1.4928319929009675,0.9526829505373493,-0.18089242613047862,1.2878371601759833,0.4422332099169821,2.423394695239943,-0.10977361938621372,0.6374431488686353,-0.0364985195701812,-0.18318541866571222,-0.022276756891024138,0.20184676187736195,0.5106058537914815,0
sample_01351.html,-0.4520377787088923,-0.4805110314497277,-0.5789898120788778,-0.4893096293121419,-0.8410466484188883,-0.3365771940723391,-0.44887348689285445,-1.9925510562714843,-0.6869518509703066,-0.2694943572651209,-0.027419211925291086,-0.10364022835686888,0.12607279259924012,0
sample_07210.html,-0.05984028332900346,-0.2008634252083468,-0.1012729489407988,0.0618308307189855,0.14056300910269315,0.4554677189753357,0.9075259831337085,0.5749402414746532,0.05839682338471659,-0.24803921602120924,-0.02613359816672435,-0.06456799369877209,0.33162566793544196,0
sample_04821.html,-0.33545304378089796,-0.4717720437546845,-0.5789898120788778,-0.2766246280385343,0.49394863320829047,-0.18426086464009395,-0.10977361938621372,-1.9925510562714843,-0.6338292173588431,-0.2693500650581003,-0.02613359816672435,-0.10204839657450197,0.32383633224053765,0
sample_03115.html,0.06910135898767233,-0.17464646212321733,-0.34013138050983827,0.1518129466424349,0.7046813617048358,0.3397073086068294,-0.10977361938621372,0.46739343583787857,-0.09019921019312105,3.6689614333626,-0.01970552937389066,-0.027666438743902896,-0.5419937619227984,0
sample_09701.html,-0.05124417384122507,-0.008605695917397443,0.13758548262824066,0.04035782578270781,0.2821789537393496,0.10209383469252695,-0.44887348689285445,0.5850888490794104,0.8742282380822194,0.24312035727642853,-0.023562370649590873,0.11284889404503037,-0.5163055471568664,0
sample_03573.html,-0.27635479105242156,-0.4542940683645982,0.45606339138695995,-0.3645616958728144,-0.49315091437599246,-0.17207555828551432,-0.10977361938621372,0.24103750217205186,0.04741046208711675,-0.03710620815814833,0.006006745797444088,-0.06427856973834174,1.1593627112398155,0
sample_01246.html,0.36889067737394354,0.008872279472688862,-0.021653471751118984,0.3829033807185662,1.1507851553345907,1.0403624239951572,-0.10977361938621372,0.3061596808737025,1.2048722624253236,-0.18221977081872812,-0.02613359816672435,-0.006538489632487595,0.3315790713459864,0
sample_09966.html,-0.4520377787088923,-0.4805110314497277,-0.5789898120788778,-0.4913546774013112,-0.7419987387873467,-0.3365771940723391,-0.44887348689285445,-1.9925510562714843,-0.6259315408963629,-0.2694943572651209,-0.027419211925291086,-0.10364022835686888,-0.9414553977672945,1
sample_07367.html,0.13840749173288555,-0.4717720437546845,-0.4993703348891979,-0.25412909905767195,-1.919369381697908,0.0472599560969187,-0.44887348689285445,0.5029846396925334,2.939506646831898,-0.26795154059005427,-0.005563778029656549,0.8411842904679976,-1.40475291398577,1
sample_03791.html,0.5096519702363146,1.0138558644026514,-0.4993703348891979,1.050611581832344,1.3111484104870492,0.022889343387759473,3.9594247906934754,0.4702843257971356,0.3141966418563182,-0.26306780435243343,-0.02613359816672435,-0.07411898439297353,-0.6670882775633726,0
sample_08233.html,0.33504349626581614,0.05256721794790462,-0.18089242613047862,0.41460162610069046,0.44856783727467847,0.8393048691445936,-0.10977361938621372,0.6000020005318139,-0.2593000819996361,-0.21390855936056347,-0.017134301856757187,-0.03808570131939537,0.38006914593851326,0
sample_01960.html,-0.4520377787088923,-0.4805110314497277,-0.5789898120788778,-0.48828710526755725,-0.5884027022900539,-0.3365771940723391,-0.44887348689285445,-1.9925510562714843,-2.372239040403773,-0.2694943572651209,-0.027419211925291086,-0.10364022835686888,-0.10396695555023992,0
sample_04483.html,-0.4520377787088923,-0.4805110314497277,-0.5789898120788778,-0.49237720144589586,-2.256016803315404,-0.3365771940723391,-0.44887348689285445,-1.9925510562714843,-1.0058048446267909,-0.2694943572651209,-0.027419211925291086,-0.10364022835686888,-1.3608653542840676,1
sample_04201.html,-0.39777483756729126,-0.4193381175844256,-0.34013138050983827,-0.41057527787912373,0.24540434519458515,-0.275650662299441,-0.10977361938621372,0.2005770071753655,-0.35203079031595474,-0.2605260416287626,-0.009420619305356762,-0.09900944498998333,0.246250963884865,1
sample_05049.html,-0.42947299130347405,-0.4717720437546845,-0.4993703348891979,-0.4279581866370628,-0.5477806770957832,-0.2634653559448614,-0.10977361938621372,0.02124032914686059,-0.6144386120173643,-0.26565396467826446,-0.02613359816672435,-0.10364022835686888,0.16475974789006204,0
sample_01386.html,-0.3515707490704824,-0.4018601421943393,-0.26051190332015844,-0.3901247969874307,0.5614731969425825,-0.17207555828551432,-0.10977361938621372,0.1310747094007723,-0.20535252855328587,-0.2662644317079671,-0.02613359816672435,-0.09611520538567987,-0.07884960767459835,0
sample_02180.html,-0.08724038232129706,-0.34942621602408036,0.3764439141972801,-0.010768376446524789,0.5287333072501231,0.4798383316844949,0.22932624812042704,0.31900762564301716,-0.5904989747396422,-0.19907976023906013,-0.018419915615323922,-0.09177384597922467,0.9422716650840756,0
sample_04476.html,-0.3569433175003439,-0.31447026524390775,-0.4197508576995181,-0.36967431609573764,0.2011600560052197,-0.3304845408950493,-0.10977361938621372,0.5256343953897229,0.8351989542872464,-0.18500572035428,-0.02613359816672435,-0.09799646112847712,-0.6124448586687935,1
sample_03225.html,-0.4520377787088923,-0.4805110314497277,-0.4993703348891979,-0.4913546774013112,-2.256016803315404,-0.3365771940723391,-0.44887348689285445,0.28472399515306424,-0.2831022176168971,-0.26840661601219623,-0.027419211925291086,-0.10364022835686888,-0.9804100031378399,1
sample_01339.html,-0.34727269432659325,-0.26203633907364887,-0.4993703348891979,-0.39216984507659997,0.37039824886512324,-0.32439188771775945,-0.10977361938621372,0.6795834736491656,1.4323336187986486,-0.20718232263329472,-0.004278164271089811,-0.08005217558179563,-0.6223270774411828,1
sample_02301.html,0.13357218014601022,0.07004519333799093,2.207691889559916,0.15692556686535813,1.1704170218204843,-0.31829923454046966,-0.10977361938621372,0.7013670965569098,1.2433945846513268,2.9973589054854117,-0.006849391788223287,0.10257434344975307,-1.2502006446538314,0
sample_02219.html,-0.43484555973333555,-0.4717720437546845,-0.4197508576995181,-0.4647690522421103,-1.7339416059357657,-0.2817433154767308,-0.10977361938621372,0.3955316321606848,0.4120069108294919,-0.2675408627700725,-0.02613359816672435,-0.09857530904933781,-0.4727510735400572,1
sample_01674.html,0.20825088132108494,-0.2532973513786057,-0.4197508576995181,0.37983580858481225,1.0749692896885121,0.7844709905489853,0.22932624812042704,0.5867374000426531,-0.4716248223576729,-0.26235744271787037,-0.02613359816672435,0.04946504671078447,0.5388616266849531,0
sample_03152.html,-0.39240226913742976,-0.4368160929745119,-0.4197508576995181,-0.37580946036324553,-0.955520312783042,-0.25128004959028183,-0.44887348689285445,0.6692791366321182,1.6880958050200134,-0.2551206335657595,-0.02613359816672435,-0.0786050557796439,0.06004185302254848,1
sample_03196.html,-0.43860635763423855,-0.4717720437546845,-0.4197508576995181,-0.41875547023580095,-2.034453183229922,-0.2573727027675716,-0.10977361938621372,0.5279248550267606,-0.2772858178093881,-0.26316769895729386,-0.02613359816672435,-0.0975623251878316,-0.8560129761214093,1
sample_01710.html,-0.3864924438645821,-0.39312115449929613,-0.4993703348891979,-0.42693566259247817,0.3554103299885563,-0.32439188771775945,-0.10977361938621372,0.6548724464904108,0.9922750217261956,-0.17548243469091934,-0.02613359816672435,-0.08309112716631427,-0.9594364662339369,1
sample_01769.html,0.8239472233832118,1.6605409538358447,-0.1012729489407988,0.4708404485528463,0.3957327612882186,-0.2817433154767308,0.9075259831337085,0.28539762108114775,0.26201806167937497,1.3384203019688468,-0.02613359816672435,-0.07455312033361905,-0.9844262667020119,1
sample_05916.html,-0.3821943891206929,-0.38438216680425297,-0.4993703348891979,-0.4259131385478935,-0.0891652622554419,-0.3304845408950493,-0.10977361938621372,0.2166780502775002,1.7026483924083695,-0.26532098266206305,-0.02613359816672435,-0.09741761320761642,-1.425324747611074,1
sample_04275.html,-0.4520377787088923,-0.4805110314497277,-0.4197508576995181,-0.4678366243758642,-0.6192405189759023,-0.3365771940723391,-0.44887348689285445,0.30717085947094713,2.140565054191214,-0.26729667595819145,-0.027419211925291086,-0.10364022835686888,-1.482749555260965,1
sample_01683.html,0.7460449811502202,1.162418655218385,0.5356828685766397,0.9861925670235109,0.9387999099736226,0.07772322198336773,0.22932624812042704,0.5690793211196353,-0.5863784081438208,-0.2103567511877483,-0.02613359816672435,-0.0019077062656020492,0.5920997816191351,0
sample_04534.html,0.04385028736732332,-0.061039622087656356,-0.18089242613047862,-0.16312445908963794,0.5157585418575255,-0.11114902651261627,0.22932624812042704,0.6269084501498448,-0.139899719309784,-0.23746148730654404,-0.011991846822490236,-0.09683876528675574,-0.005700237242619184,0
sample_03903.html,-0.17051519298415016,-0.4805110314497277,-0.34013138050983827,-0.44329604730583255,-0.24812118916834344,-0.25128004959028183,-0.10977361938621372,0.03919824573132944,1.843642142344946,-0.21107821222285136,0.006006745797444088,0.594305652220912,0.09854883648325219,1
sample_07797.html,-0.10335808761088153,-0.3406872283290372,0.13758548262824066,0.5086738382024785,0.24115410284275815,0.4615603721526255,-0.10977361938621372,0.1970433981925635,-0.30391921245146114,-0.1524067809681608,-0.02613359816672435,-0.024627487159384256,0.9302524698750696,0
sample_02377.html,0.06587781792975543,0.4895166027000622,-0.1012729489407988,-0.18868756020425423,0.4080499522989582,-0.3304845408950493,-0.10977361938621372,0.5797919277805078,-0.31944253627536023,-0.20063367631466675,-0.02613359816672435,-0.0671728093426452,-1.1862924965419248,1
sample_01682.html,-0.41657882707180643,-0.42807710527946874,-0.5789898120788778,-0.4238680904587242,-0.6339085803400847,-0.32439188771775945,-0.44887348689285445,-1.9925510562714843,-1.103423862250219,-0.2694943572651209,-0.0017069367539563366,-0.10089070073278059,0.8650108040343757,0
sample_01378.html,-0.4369945871052801,-0.4717720437546845,-0.4993703348891979,-0.43613837899374003,0.5421950111326344,-0.2817433154767308,-0.10977361938621372,0.3485175216859154,-0.3201282368700076,-0.2631122019545936,-0.009420619305356762,-0.10364022835686888,0.417702136961965,1
sample_08454.html,-0.34458641011166247,-0.42807710527946874,0.7745413001456792,-0.35433645542696784,0.29947935352731564,-0.1598902519309347,-0.10977361938621372,0.7721539972668071,1.0916544633463607,-0.14970962663692927,-0.004278164271089811,-0.09611520538567987,-0.8882355477048516,1
sample_00096.html,-0.3349157869379118,-0.34942621602408036,0.45606339138695995,-0.3338859745352748,1.1631748496424046,-0.275650662299441,-0.10977361938621372,0.6487077775289242,0.5809338821896505,-0.19252001451989212,-0.02613359816672435,-0.07194830468974593,-0.6379774429119695,1
sample_01765.html,-0.4369945871052801,-0.4805110314497277,-0.5789898120788778,-0.4790843888662954,-1.1921122154666917,-0.29392862183131047,-0.44887348689285445,-1.9925510562714843,-0.23275624871402373,-0.2694610590635007,-0.011991846822490236,-0.09958829291084402,-0.7648702818243297,1
sample_04893.html,-0.3778963343768037,-0.4018601421943393,-0.5789898120788778,-0.23572366625514823,-1.2932565980243298,-0.2695580091221512,-0.10977361938621372,-1.9925510562714843,0.5863279608027012,-0.26943886026242064,0.013720428348844514,-0.08164400736416254,-0.7022944259013647,1
sample_04772.html,-0.40153563546819426,-0.4018601421943393,-0.021653471751118984,-0.4412509992166633,-0.4926735687045357,-0.32439188771775945,-0.10977361938621372,0.5751659017883625,0.37794720078346816,-0.17107597267652053,-0.009420619305356762,-0.09785174914826195,-0.3701324110894424,1
sample_09320.html,1.390215935890613,0.6293404058207527,-0.34013138050983827,0.4851557851770314,0.6567580873476068,0.5407648634573929,0.22932624812042704,0.5513904770668702,0.052686498935360156,-0.25755140228402984,-0.02613359816672435,0.20937178484855096,-0.38933410420482295,0
sample_01011.html,-0.3875669575505544,-0.42807710527946874,-0.4993703348891979,-0.3972824652995232,-1.1288110777962679,-0.2634653559448614,-0.44887348689285445,0.32760936539840785,-1.2343894003232918,-0.26691929633982986,-0.02613359816672435,-0.09177384597922467,0.5514662909611353,0
sample_04684.html,0.41402025218478006,0.6905133196860547,-0.18089242613047862,0.09659664823486366,0.06415473846832592,0.04116730291962889,-0.10977361938621372,0.27490335148336936,-0.6491163804006618,-0.2120216612687554,-0.02613359816672435,-0.0547275790441403,0.8871754613671129,0
sample_03368.html,0.30334534252963335,0.7254692704662273,-0.4197508576995181,0.05365063836230829,1.3819336361979755,-0.31829923454046966,-0.44887348689285445,0.3021989194956554,-0.3698158422501209,-0.26443303061885925,-0.02613359816672435,0.04787321492841756,0.08071471545918178,0
sample_02409.html,-0.43484555973333555,-0.46303305605964135,-0.34013138050983827,-0.4637465281975256,-1.665180483087451,-0.2878359686540206,-0.10977361938621372,0.5541003803376322,0.4555034110512906,-0.26518778985558245,-0.02613359816672435,-0.10262724449536266,-0.4888456189789914,1
sample_08640.html,-0.3042921468877013,-0.19212443751330363,-0.4993703348891979,-0.3277508302677669,0.6264047624984795,-0.32439188771775945,0.22932624812042704,-0.09451604823644333,-0.9422895323275653,-0.22540753832005256,-0.02613359816672435,-0.10161426063385645,1.6376601702500753,1
sample_03922.html,0.15882325176635922,-0.07851759747774266,2.0484529351805563,-0.2684444356818571,0.4113267839885219,-0.3365771940723391,-0.10977361938621372,0.693337940029939,1.192577728505036,2.0509352202366498,0.012434814590277775,0.07580262710994601,-1.2016996966545879,1
sample_09021.html,-0.30160586267277056,-0.39312115449929613,-0.1012729489407988,-0.4013725614778618,-0.1149240933813016,-0.2634653559448614,-0.10977361938621372,0.828153518728943,1.2204172195141905,-0.2117885738574144,-0.00042132299538959916,-0.07773678389835285,-0.8122259758753504,1
sample_02279.html,0.4639851385824919,0.9701609259274356,0.13758548262824066,0.34609251511351874,-0.6905403291466008,-0.31220658136317986,0.5684261156270678,0.6769111601193458,0.31661116503981074,-0.06624213457577277,-0.017134301856757187,-0.030850102308636707,-0.06937705818980573,0
sample_01941.html,-0.3864924438645821,-0.4368160929745119,-0.1012729489407988,-0.34820131115945996,0.8850348332508452,-0.25128004959028183,-0.10977361938621372,0.6364512739774145,-0.08786600295310815,-0.24879397525793245,-0.024847984408157612,-0.0948127975637433,0.5983684570432701,1
sample_02929.html,-0.013636194832194633,0.35843178727441494,-0.34013138050983827,0.304169029285548,1.2551182173940039,-0.2695580091221512,-0.44887348689285445,0.6190913328749406,0.6987507496257074,0.586924289004397,-0.02613359816672435,-0.08280170320588393,-0.8311476592112863,0
sample_04662.html,0.8706885687230068,0.46329963961493276,-0.34013138050983827,0.374723188361889,0.7336561004333427,-0.2208167837038328,-0.10977361938621372,0.3889606410166353,2.2995932398907697,-0.26361167497889576,-0.02613359816672435,2.546904401264245,-0.8339338197494021,0
sample_01500.html,2.1058420507481634,1.739191843091233,0.5356828685766397,1.847157812563788,-0.07453586891262719,0.2787807768339313,0.5684261156270678,0.5677435967192864,0.2685848944960982,0.19931102334486142,-0.02613359816672435,0.4879423467627596,-0.3449340863203738,0
sample_03933.html,0.4242281322015169,0.8128591474166589,0.6153023457663196,0.17942109584622049,-0.20095196848011626,-0.2817433154767308,0.22932624812042704,0.7073318154804827,-0.4068704603653566,-0.19119918585562645,-0.02613359816672435,-0.07918390370050458,0.5545513528450422,0
sample_00129.html,-0.3085902016315905,-0.2358193759885194,-0.4993703348891979,-0.05269186227449552,0.14338751275529885,-0.19035351781738374,0.22932624812042704,0.5648423941005405,-1.2832602900801822,-0.2047626533155644,-0.004278164271089811,-0.0883007584540605,2.415918597662064,1
sample_03615.html,-0.3467354374836071,-0.44555508066955507,-0.4993703348891979,-0.3492238352040446,-0.20791992776242157,-0.14161229239906528,-0.44887348689285445,0.32414412099689754,-0.2887298510289151,-0.26721898015441115,-0.01584868809819045,-0.10364022835686888,0.09039451155449046,0
sample_05831.html,-0.436457330262294,-0.4717720437546845,-0.4197508576995181,-0.44840866752875586,-1.4437906419954152,-0.32439188771775945,-0.10977361938621372,0.7817503799205625,1.9987017530962836,-0.24343296479708956,0.0304334072102121,-0.09987771687127438,-0.460115249261413,1
sample_07837.html,-0.4477397239650031,-0.46303305605964135,-0.5789898120788778,-0.4606789560637717,-0.820801453215054,-0.3365771940723391,-0.44887348689285445,-1.9925510562714843,0.2856914045639365,-0.2694943572651209,-0.00042132299538959916,-0.10364022835686888,-0.5573545479732169,1
sample_07285.html,0.49031072388881325,1.1536796675233418,1.1726386860940783,1.2091028087429652,1.497053562201009,-0.17816821146280412,0.5684261156270678,0.677648950307759,0.8773611113266752,0.3129133878722466,-0.017134301856757187,0.07999927453618604,-0.18342676102471617,1
sample_03332.html,-0.2833391300112415,-0.31447026524390775,-0.34013138050983827,-0.3747869363186609,0.1083401747474871,-0.22690943688112258,-0.10977361938621372,0.6398939577369378,0.7765802018582761,-0.20384140307074047,-0.02613359816672435,-0.02824528666476359,-0.599900545711187,0
sample_05151.html,-0.44666521027903083,-0.4805110314497277,-0.4197508576995181,-0.4678366243758642,-1.5106540643212891,-0.29392862183131047,-0.10977361938621372,0.37736588198594256,0.20308214410977832,-0.26721898015441115,-0.02613359816672435,-0.10320609241622336,-0.4544497350062705,1
sample_00287.html,0.1770899844278883,-0.06977860978269951,1.0133997317147188,0.6364893437755599,1.2995292120844182,0.1508350601108454,0.22932624812042704,0.5274291598606737,-0.7321994327908772,-0.10234848453254698,-0.02613359816672435,0.02442987413355949,1.1238099046150207,0
sample_08136.html,-0.3273941911361057,-0.3406872283290372,-0.4993703348891979,-0.3931923691211846,0.4911933928541008,-0.2817433154767308,-0.10977361938621372,0.343253371727165,0.015084786596169244,-0.25871683934073486,-0.004278164271089811,-0.09582578142524951,-0.2023741806974135,1
sample_01439.html,-0.008263626402333142,-0.270775326768692,-0.021653471751118984,-0.005655756223601528,0.19948318410159874,0.24222485777019248,-0.10977361938621372,0.5975733104730996,-0.2038734142536038,-0.213564477943822,-0.02613359816672435,-0.04401889250821748,0.0629420800299273,0
sample_05821.html,-0.3096647153175628,-0.3406872283290372,-0.4993703348891979,-0.37376441227407625,0.06381297614258408,-0.2695580091221512,-0.10977361938621372,0.3316516123233787,-2.6902907612045635,-0.26031515301850167,-0.02613359816672435,-0.0910502860781488,3.5660843661725488,1
sample_06522.html,1.2306506535237267,0.5419505288703211,-0.4993703348891979,3.8114265022109044,-0.5462745440373348,1.6618130480787174,0.22932624812042704,0.5681944546365124,-0.8737199853042271,-0.26099221645144455,-0.02613359816672435,-0.06066077023296241,-0.0031225358172072295,0
sample_01815.html,-0.4450534397500724,-0.4805110314497277,-0.18089242613047862,-0.4688591484204489,-1.6699452917308333,-0.31220658136317986,-0.44887348689285445,0.46146343620125047,0.11928239228624164,-0.23307722409322532,-0.011991846822490236,-0.10320609241622336,0.2438085151228588,1
sample_08115.html,-0.2704449657795739,-0.4542940683645982,-0.34013138050983827,-0.412620325968293,-1.7090167262402094,-0.025851882030558975,-0.44887348689285445,0.531172107577083,0.4757095629287074,0.10579857379496202,-0.009420619305356762,-0.06833050518436659,-1.4049413211805717,0
sample_05344.html,-0.4310847618324325,-0.4717720437546845,12.558223924218295,0.1702183794449586,-1.522464386308314,-0.2573727027675716,-0.44887348689285445,-0.2107556368357033,2.041559349690971,-0.26555407007340404,-0.01970552937389066,-0.10118012469321093,-1.3843941808793943,1
sample_05874.html,5.234825904299496,12.523102658774482,0.21720495981792048,3.410597076733721,1.3386696434250307,-0.2208167837038328,-0.44887348689285445,0.5005092139622374,-0.740446983087189,-0.020401610345376985,-0.011991846822490236,0.471589892998445,0.8145558892029325,0
sample_07578.html,0.3049571130585918,-0.17464646212321733,0.05796600543856084,0.3327997025339183,1.1547435131717934,0.4798383316844949,-0.10977361938621372,0.017215449148313938,-1.0441683821385364,0.36448120278130686,-0.02613359816672435,0.13860762652333122,1.89921903011152,0
sample_02783.html,-0.14257783714887043,-0.3581652037191235,0.5356828685766397,0.26531311559133125,1.6823094726885386,0.5651354761665522,-0.44887348689285445,0.46959297996223964,-0.15040276086744422,0.701891879798208,-0.02613359816672435,-0.08164400736416254,0.046081324471880444,0
sample_07601.html,-0.4450534397500724,-0.4805110314497277,-0.5789898120788778,-0.42898071068164745,0.2621742996695351,-0.30002127500860026,-0.10977361938621372,-1.9925510562714843,-0.49507394769106994,-0.26943886026242064,-0.008135005546790024,-0.10364022835686888,0.036300929807954324,1
sample_04162.html,-0.3424373827397179,-0.4018601421943393,-0.4993703348891979,-0.38194460463075347,0.29237840289822226,-0.31829923454046966,0.22932624812042704,0.0472756464719266,-2.590032160794621,-0.2359519688330976,-0.02613359816672435,-0.03779627735896503,3.7817067853503326,1
sample_03993.html,-0.4520377787088923,-0.4805110314497277,-0.5789898120788778,-0.48828710526755725,-0.4857802989613899,-0.3365771940723391,-0.44887348689285445,-1.9925510562714843,-2.374105694263592,-0.2694943572651209,-0.027419211925291086,-0.10364022835686888,-0.06926926283400898,0
sample_02978.html,-0.4520377787088923,-0.4805110314497277,-0.5789898120788778,-0.49237720144589586,-2.256016803315404,-0.3365771940723391,-0.44887348689285445,-1.9925510562714843,-0.08460225888467404,-0.2694943572651209,-0.027419211925291086,-0.10364022835686888,-1.2952734187253236,1
sample_04862.html,-0.42195139550166794,-0.4805110314497277,-0.34013138050983827,-0.35842655160530645,0.4294621647390753,-0.2817433154767308,-0.10977361938621372,0.14553905527171462,0.4016347658466288,-0.25628607062246445,-0.005563778029656549,-0.10060127677235024,-0.04281491617491175,1
sample_09170.html,1.8200214102795322,0.6905133196860547,0.7745413001456792,2.1610726942512763,0.13449713206359498,1.454662840050864,-0.10977361938621372,0.6496106396999607,0.20870939898472401,-0.06045934689440807,-0.023562370649590873,0.5679680718217505,-0.2571379110994059,0
sample_09790.html,0.3054943699015779,0.31473684879919916,1.1726386860940783,-0.1488091224654528,-0.17402113597050523,-0.30611392818589006,0.22932624812042704,0.6036947308402383,0.31707222061965906,0.013906636723909549,-0.02613359816672435,-0.030560678348206364,-0.7328480338550406,0
sample_09220.html,-0.4498887513369477,-0.4805110314497277,-0.4993703348891979,-0.4749942926879568,-1.4990077710513754,-0.3304845408950493,-0.44887348689285445,-0.03047974402593423,-0.732923293527598,-0.26761855857385286,-0.009420619305356762,-0.10364022835686888,-0.2530219876779878,1
sample_06115.html,-0.44344166922111394,-0.4805110314497277,-0.5789898120788778,-0.44738614348417116,0.6504347000600212,-0.31220658136317986,-0.10977361938621372,-1.9925510562714843,-1.0067847895560287,-0.2694832578645808,-0.002992550512523074,-0.10103541271299576,0.28561203127915535,1
sample_06930.html,-0.4198023681297234,-0.4105991298893824,-0.4197508576995181,-0.42898071068164745,-0.29021751064920137,-0.31220658136317986,-0.10977361938621372,0.45345059979779156,0.19721439973969135,-0.2661978353047268,-0.013277460581056975,-0.10161426063385645,-0.7996296035496139,0
sample_08497.html,-0.4375318439482663,-0.4805110314497277,-0.5789898120788778,-0.4811294369554647,-2.256016803315404,-0.30002127500860026,-0.44887348689285445,-1.9925510562714843,2.8595445708067,-0.2694610590635007,-0.011991846822490236,-0.09307625380116123,-1.510067438155651,1
sample_07279.html,-0.4300102481464602,-0.4717720437546845,-0.34013138050983827,-0.41875547023580095,-0.045316906958167334,-0.29392862183131047,-0.44887348689285445,0.535522654953283,-1.253233964649409,-0.2437215492111308,-0.02613359816672435,-0.08685363865190877,-1.413663892430379,1
sample_08460.html,-0.440218128163197,-0.4805110314497277,-0.4993703348891979,-0.42898071068164745,0.18186843177093107,-0.30611392818589006,-0.10977361938621372,0.3144451264101702,-0.7155851548222268,-0.26451072642263956,-0.0107062330639235,-0.1034955163766537,0.7091377678031094,1
sample_04417.html,-0.4423671555351416,-0.4717720437546845,-0.4197508576995181,-0.4852195331338033,-2.256016803315404,-0.3365771940723391,-0.44887348689285445,0.6583555234417187,1.0640793379938505,-0.2502590961292187,0.11271268775848331,-0.09958829291084402,0.5523505179598651,1
sample_04446.html,-0.2613115994488094,-0.08725658517278581,0.05796600543856084,0.48924588135537,-0.10499465420405708,-0.0014812693213997515,-0.10977361938621372,0.5350130682852836,-1.6991807599693023,-0.2324334588619026,-0.02613359816672435,-0.06326558587683553,1.9712412819774627,0
sample_06780.html,0.007316822044265182,0.131218107203293,-0.18089242613047862,-0.2970751089302273,0.7648945323551373,-0.3304845408950493,-0.44887348689285445,0.6372491014202414,0.21064497749281533,-0.20458506290692363,-0.017134301856757187,-0.05110977953876097,-0.7357672045793973,0
sample_01909.html,0.4091849405979047,0.7516862335513568,0.21720495981792048,0.23054729807545307,0.44391436346368984,-0.2634653559448614,0.22932624812042704,0.62854286296188,0.6266929165224208,-0.2149963006134881,-0.02613359816672435,-0.06601511350092382,-0.4852370560160679,0
sample_02874.html,0.040089489466420276,-0.2882533021587783,0.13758548262824066,0.036267729604369206,0.6360098142212909,0.6199693547621605,-0.10977361938621372,0.4033146725049764,0.7166380451958185,-0.23389857973318884,-0.02613359816672435,-0.0726718645908218,0.1650432647994908,0
sample_04836.html,3.2292461094322014,1.7654088061763626,-0.18089242613047862,3.377876307307012,1.1114667723667453,6.395804566832896,-0.10977361938621372,0.5937969553720964,-0.3639441657296218,-0.20061147751358666,-0.01970552937389066,0.5345396043920454,1.0082153305785582,0
sample_06815.html,-0.4520377787088923,-0.4805110314497277,-0.4993703348891979,-0.49237720144589586,-2.256016803315404,-0.3365771940723391,-0.44887348689285445,0.20563977138367337,-1.1131431518109927,-0.2682401250040955,-0.027419211925291086,-0.10364022835686888,-0.5598805420472632,1
sample_09794.html,-0.43054750498944633,-0.4717720437546845,-0.4993703348891979,-0.44840866752875586,-0.4802532427832406,-0.30002127500860026,-0.10977361938621372,0.15641832936714456,1.0097295232428287,-0.25876123694289505,-0.011991846822490236,-0.10364022835686888,0.526540205527383,1
sample_08128.html,-0.45150052186590617,-0.4805110314497277,-0.4993703348891979,-0.4913546774013112,-0.8647569585987913,-0.3304845408950493,-0.44887348689285445,0.7414513693245336,0.9003882064498936,-0.267185681952791,-0.0209911431324574,-0.10364022835686888,-0.5521038789558707,1
sample_02204.html,1.667440466871466,0.4021267257496307,2.128072412370236,4.5343510017322535,1.600004337879652,2.051742851425265,2.2639254531602715,0.3457256939490121,-0.2733797195037901,-0.07545463702401212,-0.02613359816672435,0.140923018206774,1.135974143768541,0
sample_05849.html,3.692898764929248,4.859010450221638,0.5356828685766397,1.197855044252534,0.9700645768004389,-0.20863147734925316,-0.10977361938621372,0.6576174307680483,-0.5277159359704572,-0.1548708478880513,-0.02613359816672435,0.009813964131826988,0.813091004032804,0
sample_07729.html,-0.4498887513369477,-0.4805110314497277,-0.5789898120788778,-0.48010691291088003,-1.270144573278878,-0.32439188771775945,-0.10977361938621372,-1.9925510562714843,-0.30208545784092733,-0.2694943572651209,-0.009420619305356762,-0.1034955163766537,-0.7602008576729892,1
sample_03999.html,-0.40422191968312504,-0.4542940683645982,-0.5789898120788778,-0.38807974889826136,-0.13850901864117263,-0.23300209005841238,-0.10977361938621372,-1.9925510562714843,-0.22470067079045383,-0.2693500650581003,-0.02613359816672435,-0.10060127677235024,-0.558438694418704,1
sample_04266.html,0.2743334730083813,0.42834368883476015,0.3764439141972801,-0.07211981912160391,0.05063028156507622,-0.30611392818589006,0.22932624812042704,0.744961450003844,0.5611607046214595,-0.12330415275215648,-0.02613359816672435,-0.023614503297878044,-0.559190093758404,0
sample_01718.html,-0.013098937989208484,-0.06977860978269951,0.3764439141972801,0.37676823645105834,0.9812644164234845,0.30315138954309057,0.22932624812042704,0.5702753963793328,0.889901086625039,-0.1346921377062451,-0.02613359816672435,-0.052267475380482355,-0.13351257001842012,0
sample_05603.html,-0.41335528601388954,-0.4717720437546845,-0.4993703348891979,-0.42080051832497023,-0.2898673182708759,-0.2573727027675716,-0.10977361938621372,0.21414332481302428,-0.14677203411951129,-0.2568521400500069,0.0008642907631771383,-0.08873489439470603,0.16434319471907635,1
sample_00378.html,-0.36930022488902536,-0.4805110314497277,-0.5789898120788778,-0.34820131115945996,0.19583431578107452,-0.06850045427158762,1.2466258506403491,-1.9925510562714843,-0.6679594254283227,-0.2694610590635007,-0.011991846822490236,-0.06746223330307555,-0.3836357350516872,1
sample_02953.html,-0.4369945871052801,-0.4805110314497277,-0.4993703348891979,-0.45863390797460235,-1.8468227292024928,-0.2208167837038328,-0.44887348689285445,0.3391934432522604,0.04512442777663247,-0.2680514351949147,-0.02613359816672435,-0.10291666845579302,-0.7093422708765987,1
sample_04026.html,-0.4520377787088923,-0.4805110314497277,-0.4993703348891979,-0.4913546774013112,-2.256016803315404,-0.3365771940723391,-0.44887348689285445,0.5218850940263239,0.2758069775612879,-0.25284525645504974,-0.027419211925291086,-0.10364022835686888,-0.602987093888098,1
sample_04084.html,0.19589397393240351,0.4895166027000622,0.05796600543856084,-0.09257030001329694,1.2937524337667055,-0.245187396412992,-0.10977361938621372,0.5636822378726841,0.20892560030521984,0.1480539916509225,-0.02613359816672435,-0.04908381181574854,0.11601553023143142,0
sample_01450.html,-0.32470790692117496,-0.4805110314497277,-0.5789898120788778,-0.34820131115945996,-0.14810215201377983,0.016796690210469666,-0.10977361938621372,-1.9925510562714843,-0.19684875501002433,-0.26930566745594003,-0.02613359816672435,-0.07874976775985908,-0.2157173239942835,1
sample_01991.html,0.7358371011334833,-0.008605695917397443,-0.18089242613047862,0.933021316705109,0.951578173989661,1.6374424353695582,1.58572571814699,0.4097843738145372,-0.021748812219906034,-0.22567392393301372,-0.02613359816672435,0.7057338769865954,0.7768535769522465,0
sample_05709.html,-0.24358212363026646,-0.4542940683645982,0.13758548262824066,-0.15494426673296072,1.9089996487815966,-0.05631514791700801,-0.10977361938621372,0.48834417748560627,0.6948735694924223,-0.2467405861580237,-0.00042132299538959916,-0.10219310855471715,0.40805536525420266,1
sample_03000.html,-0.3827316459636791,-0.4805110314497277,-0.26051190332015844,-0.39216984507659997,0.6214101985857693,-0.17207555828551432,0.22932624812042704,0.5821859597290703,0.53504032556644,-0.17751362498974801,-0.014563074339623712,-0.10161426063385645,-0.632219687226945,1
sample_03863.html,-0.3590923448722885,-0.4805110314497277,-0.26051190332015844,-0.43613837899374003,-0.9164014895082458,-0.21472413052654296,-0.44887348689285445,0.679793397446553,0.3337921181569263,-0.2513024397799832,-0.004278164271089811,-0.10364022835686888,-0.44218491032179114,0
sample_01449.html,0.08683083480621524,-0.06977860978269951,-0.18089242613047862,0.38903852498607416,0.6758721414872151,0.4310971062661765,-0.10977361938621372,0.5914392910851947,-0.566626132517274,-0.21822622617064188,-0.0209911431324574,-0.03504674973487674,0.8190969706495724,0
sample_05715.html,-0.39670032388131893,-0.4805110314497277,1.4911165948527976,-0.34820131115945996,0.11776221196665808,-0.23300209005841238,-0.10977361938621372,-1.9925510562714843,0.41059447828154977,-0.26892828783757844,-0.008135005546790024,-0.09640462934611022,-0.6038606951956117,1
sample_02607.html,0.011614876788154375,0.1661740579834656,-0.26051190332015844,-0.13858388201960628,-1.212667893383055,-0.17816821146280412,0.22932624812042704,0.35814459809649246,0.007457269725125325,-0.25389969950635427,-0.02613359816672435,-0.02433806319895391,-0.2882987740466654,1
sample_03248.html,-0.2715194794655462,-0.3756431791092098,-0.34013138050983827,0.23463739425379168,-0.4381503746882716,0.10818648786981676,2.6030253206669123,0.12426934170651936,-0.6925623600861635,-0.19936834465310135,-0.02613359816672435,-0.08063102350265633,0.588547502225512,0
sample_05665.html,-0.3075156879456182,-0.38438216680425297,0.13758548262824066,-0.1528992186437914,-0.10478961982168644,-0.0502224947397182,0.9075259831337085,0.3446390838797575,-0.3282655788013458,-0.23953707520753292,-0.02613359816672435,-0.08265699122566875,0.4862996959548247,1
sample_09351.html,2.0419084864328116,1.0750287782679535,4.118559342112231,4.164197297592609,1.4625045178185947,4.805622087560257,0.5684261156270678,0.20809500780102863,-0.2721412080028632,-0.106566256737765,-0.02613359816672435,0.7641975169935254,1.2167860586720178,0
sample_03868.html,-0.4343083028903494,-0.4805110314497277,-0.4993703348891979,-0.43613837899374003,0.5040515243510796,-0.25128004959028183,-0.10977361938621372,0.008710264823331124,0.3699602848497948,-0.26680830233442937,-0.02613359816672435,-0.10306138043600818,-0.0887055425285929,1
sample_06486.html,-0.3316922458799949,-0.38438216680425297,0.05796600543856084,-0.2602642433251799,-0.06252194783235729,-0.1294269860444857,-0.10977361938621372,0.3356255849756576,0.29905140446605893,-0.23912639738755118,-0.022276756891024138,-0.08366997508717497,0.4277406772529808,0
sample_05396.html,0.38876918056443105,-0.39312115449929613,-0.1012729489407988,0.1916913843812363,-0.06926994451417533,1.387643655100676,-0.44887348689285445,0.54882085606802,-0.3922433475250974,-0.26012646320932087,-0.02613359816672435,0.01777312304366152,0.1523468414867704,0
sample_06665.html,0.022897270490863507,0.39338773805458754,-0.18089242613047862,-0.15187669459920677,1.2431505707618578,-0.22690943688112258,-0.10977361938621372,0.6073870649560952,1.1380973622402215,-0.19815850999423618,-0.011991846822490236,-0.0693434890458728,-1.1467530218364683,1
sample_08482.html,-0.31933533849131346,-0.31447026524390775,0.6153023457663196,-0.345133739025706,0.8617993736406288,-0.2695580091221512,-0.10977361938621372,0.669295339742874,0.471192132400356,-0.17154214749920252,-0.02613359816672435,-0.06789636924372107,-0.8024823995574295,1
sample_02772.html,1.2011015271594885,1.8178427323466215,0.45606339138695995,0.6323992475972213,1.4869991378045013,-0.03194453520784878,0.9075259831337085,0.7567808303138157,-0.37097441547650467,-0.19454010541818073,-0.02613359816672435,-0.002341842206247569,0.04689875954901525,0
sample_07246.html,1.5949107930683357,2.8228263172765837,5.07399306838839,0.4984485977566319,0.7007452902135427,-0.2208167837038328,-0.10977361938621372,0.6781277645630591,0.22848119888397384,0.6526216408009375,-0.02613359816672435,0.14193600206828022,-0.6402124886115647,0
sample_08608.html,-0.44344166922111394,-0.4805110314497277,-0.5789898120788778,-0.4729492445987875,0.4127608013385202,-0.31220658136317986,-0.44887348689285445,-1.9925510562714843,-1.3410129728618396,-0.2694943572651209,-0.017134301856757187,-0.10364022835686888,0.5851104626903658,1
sample_02617.html,-0.2790410752673523,-0.38438216680425297,-0.4993703348891979,-0.1743722235800691,0.06477259712831535,0.132557100578976,-0.44887348689285445,0.2072178083238372,0.029347401711186504,-0.2684288148132763,-0.02613359816672435,-0.06369972181748104,-1.245544597139531,0
sample_02854.html,-0.44666521027903083,-0.4805110314497277,-0.18089242613047862,-0.4412509992166633,-0.11242070690411045,-0.30002127500860026,-0.10977361938621372,0.6159075012383525,0.5719195187866983,-0.17912303806805488,-0.02613359816672435,-0.10364022835686888,-0.5958993015289547,1
sample_08700.html,0.06695233161572774,-0.12221253595295842,-0.18089242613047862,-0.014858472624863396,0.5526289756336301,0.2483175109474823,-0.10977361938621372,0.6065916758454694,-0.05382017259976179,-0.20451846650368335,-0.017134301856757187,-0.06847521716458177,-0.03554188477184473,0
sample_09016.html,1.0415362447926022,-0.31447026524390775,0.2968244370076003,0.40539890969942854,1.19180611217672,1.6191644758376889,0.22932624812042704,0.7062007298822982,-0.3341877475322361,-0.13108483253072972,-0.02613359816672435,-0.07426369637318869,0.2978712106577495,0
sample_07837.html,0.6557858315285472,0.2972588734091129,2.9242671842670345,0.2489527308779768,0.8501993608749114,0.857582828676463,-0.10977361938621372,0.6286193630856571,1.5734911851599658,0.10943917717209757,-0.02613359816672435,0.19938665821370402,0.14597866265728443,0
sample_09836.html,0.01967372943294661,0.10500114411816354,0.7745413001456792,0.18453371606914373,0.8882976209088426,0.40063384037972744,0.5684261156270678,0.5819724789381138,-0.13425398049531462,-0.16005426794025343,-0.02613359816672435,-0.06066077023296241,0.2076864973903313,0
sample_05384.html,-0.3456609237976348,-0.4805110314497277,1.2522581632837582,-0.1958452285163468,-0.23994730238549689,0.016796690210469666,-0.10977361938621372,0.08917376844244689,-1.278621421253695,0.23354157461036762,-0.02613359816672435,-0.09466808558352813,2.7261289252835983,1
sample_02540.html,-0.4391436144772247,-0.4805110314497277,-0.5789898120788778,-0.4422735232612479,-1.7967885745232648,-0.30002127500860026,-0.10977361938621372,-1.9925510562714843,0.01058998073940729,-0.2694832578645808,-0.02613359816672435,-0.1034955163766537,-0.06643376779827155,1
sample_08889.html,-0.35103349222749625,-0.3756431791092098,0.45606339138695995,-0.35842655160530645,0.7392585002064553,-0.2695580091221512,-0.10977361938621372,0.6547740892577731,0.39804622666922135,-0.19768123577101415,-0.02613359816672435,-0.07469783231383421,-0.7670096702276645,1
sample_06403.html,-0.440218128163197,-0.4805110314497277,-0.5789898120788778,-0.48419700908921864,-2.256016803315404,-0.30611392818589006,-0.44887348689285445,-1.9925510562714843,-0.24369068605556432,-0.26943886026242064,-0.011991846822490236,-0.0948127975637433,-1.2020031351053397,1
sample_08859.html,-0.4520377787088923,-0.4805110314497277,-0.4993703348891979,-0.4913546774013112,-2.256016803315404,-0.3365771940723391,-0.44887348689285445,0.3183084428666517,-0.2338190597861832,-0.2684288148132763,-0.027419211925291086,-0.10364022835686888,-0.8362407811701604,1
sample_03529.html,-0.2747430205234631,-0.24455836368356254,-0.5789898120788778,0.2775834041263471,1.169471971744606,0.24222485777019248,0.5684261156270678,-1.9925510562714843,0.4651960279113687,-0.2691946734505396,-0.02613359816672435,-0.03504674973487674,0.2707631949428243,1
sample_05353.html,-0.3612413722442331,-0.4105991298893824,-0.4993703348891979,-0.4238680904587242,0.1281784079516485,-0.2695580091221512,-0.10977361938621372,0.2066623021603674,-0.13766392485164197,-0.2618690690941083,0.0008642907631771383,-0.07730264795770733,0.6446687657222056,0
sample_01073.html,-0.42087688181569566,-0.4805110314497277,-0.5789898120788778,-0.3318409264461055,0.2453351666811807,-0.05631514791700801,-0.10977361938621372,-0.787483954740287,0.10198835186233379,-0.2681957274019353,-0.02613359816672435,-0.10364022835686888,-0.08482785623059946,1
sample_03151.html,-0.3864924438645821,-0.39312115449929613,-0.4993703348891979,-0.4340933309045707,0.27578598218151873,-0.30002127500860026,-0.10977361938621372,0.4752288066171837,0.08604870678533796,-0.22661737297891774,-0.02613359816672435,-0.09958829291084402,0.1838791212332485,1
sample_04831.html,-0.03835000960955749,0.11374013181320669,-0.4993703348891979,-0.0956378721470509,0.8963770693008961,-0.17816821146280412,-0.10977361938621372,0.3008470565600547,-0.6753837580190344,-0.26787384478627396,-0.02613359816672435,-0.09133971003857914,0.5180369798346541,1
sample_07666.html,0.9050730066741204,2.4033549079145127,0.21720495981792048,1.4483734351757738,1.0518703157787765,0.04116730291962889,-0.44887348689285445,0.6309075285929356,1.8719443936383175,-0.11810963329941429,-0.02613359816672435,-0.06760694528329073,-0.6117907072196219,0
sample_05476.html,1.0608774911401035,0.49825559039510536,2.0484529351805563,2.008716611608163,0.6168376460122933,2.112669383198163,0.22932624812042704,0.6716314746537378,0.15892982969652583,0.541760828206944,-0.02613359816672435,0.030363065322381595,-0.18712218086479462,0
sample_00219.html,-0.37843359121978987,-0.34942621602408036,-0.4993703348891979,-0.42080051832497023,1.2521318046495775,-0.3365771940723391,-0.10977361938621372,-0.06345675133360645,-0.6246128155871075,-0.2574959052813296,-0.0017069367539563366,-0.10118012469321093,0.8544691796366678,0
sample_04182.html,-0.42624945024555716,-0.4193381175844256,-0.5789898120788778,-0.45249876370709446,0.34809426767285473,-0.3365771940723391,-0.44887348689285445,-1.9925510562714843,-0.7513328595299351,-0.2694943572651209,-0.0017069367539563366,-0.10364022835686888,0.5500660986496744,0
sample_08339.html,0.7890255285891121,1.1973746059985577,4.99437359119871,0.6589848727564223,0.748695078055118,-0.17207555828551432,1.58572571814699,0.3518619132738352,0.3150746264086435,1.2861865230273837,-0.02613359816672435,0.17753514920121286,1.0198635653063732,0
sample_01180.html,-0.4423671555351416,-0.46303305605964135,-0.4993703348891979,-0.4576113839300177,-0.6043607312695036,-0.3365771940723391,-0.10977361938621372,0.3141702323724746,-0.7635035216994747,-0.24024743684209596,0.02529095217594515,-0.10306138043600818,1.7522990709223312,1
sample_09389.html,-0.4251749365595848,-0.4542940683645982,-0.4993703348891979,-0.45863390797460235,0.018316012630917245,-0.30002127500860026,-0.10977361938621372,0.25670494066933913,-0.4246963556771752,-0.254776552149018,-0.017134301856757187,-0.10233782053493232,0.849837434316756,1
sample_03584.html,-0.3821943891206929,-0.2882533021587783,-0.5789898120788778,-0.37376441227407625,1.0298242566479083,-0.31829923454046966,-0.44887348689285445,-1.9925510562714843,-0.2285732750027962,-0.2694943572651209,-0.02613359816672435,-0.10204839657450197,0.2305492430794769,1
sample_05376.html,1.7738173217827233,0.4370826765298033,-0.18089242613047862,1.894193918614682,0.32014265390377783,3.574906145747716,-0.10977361938621372,0.777737733824141,1.2382727617465652,-0.20517333113554614,-0.0209911431324574,1.2968823161655783,0.7078755660632201,0
sample_00986.html,-0.425712193402571,-0.4717720437546845,-0.4197508576995181,-0.4300032347262321,-1.6893667702664803,-0.19644617099467354,-0.10977361938621372,0.40139478109889704,0.37437922106178073,-0.2675630615711526,-0.02613359816672435,-0.09958829291084402,-0.6044989667774199,1
sample_03514.html,-0.003965571658443949,-0.19212443751330363,0.854160777335359,-0.2193632815417938,0.2350948269224212,-0.0502224947397182,0.5684261156270678,0.06878913936339241,-0.8333024026310307,-0.008769438579407303,-0.02613359816672435,-0.04980737171682441,1.664961351904948,0
sample_08467.html,-0.4520377787088923,-0.4805110314497277,-0.4993703348891979,-0.4913546774013112,-2.256016803315404,-0.3365771940723391,-0.44887348689285445,0.5103248532731112,0.23846730042941544,-0.25324483487449145,-0.027419211925291086,-0.10364022835686888,-0.5821293183489893,1
sample_02769.html,-0.205974144621236,-0.4193381175844256,-0.021653471751118984,-0.14062893010877558,0.8118764750648543,0.16911301964271483,0.22932624812042704,0.2786772425190758,-0.9472346170454646,-0.24765073700230758,-0.02613359816672435,-0.09220798191987019,0.6134753216677697,0
sample_03576.html,0.6025974040729184,0.7342082581612704,-0.26051190332015844,-0.08950272787954298,-0.4736605782987707,-0.31220658136317986,-0.44887348689285445,0.6920993274775012,0.9053988991102829,-0.10251497554064769,-0.02613359816672435,0.122544596719447,-0.9718902196195353,1
sample_06601.html,-0.2983823216148537,-0.2969922898538215,0.3764439141972801,-0.35433645542696784,-0.1388174725694949,-0.17816821146280412,-0.10977361938621372,0.6787161085843066,0.6721236871105928,-0.16247393725798379,-0.017134301856757187,-0.06977762498651832,-0.38656839975200546,0
sample_01205.html,3.4366272508248548,1.109984729048126,0.2968244370076003,1.426900430239496,0.8548505697148756,0.17520567282000463,6.672223730746601,0.6630758777376675,1.3911554083660884,8.277166151977323,-0.02613359816672435,2.232589980236889,-1.2205017334036654,0
sample_03756.html,-0.20489963093526373,-0.09599557286782896,-0.4993703348891979,-0.33593102262444413,-0.04825790521672996,-0.30611392818589006,0.22932624812042704,0.1808024340529173,1.581041529394676,-0.26859530582137703,-0.004278164271089811,-0.05820066656930446,-0.3415837472104876,1
sample_04718.html,0.5644521682209018,1.3109814460341187,0.5356828685766397,0.8778050182975378,0.5387832925456656,0.3457999617841192,0.22932624812042704,0.6407228542513597,-0.07763529178111822,-0.03859352783051468,-0.02613359816672435,0.0037360609627897098,0.26913215785998706,0
sample_06619.html,8.802211341727526,0.9701609259274356,-0.26051190332015844,2.305248584537712,1.0808497721875727,5.512369856125875,-0.10977361938621372,0.5228269685415182,-1.0369776944746647,-0.25054768054325993,-0.017134301856757187,0.19142749930186947,0.9882877528200539,0
sample_09624.html,1.46596915075166,1.905232609297053,0.6153023457663196,1.0894674955265609,1.0917345143710289,0.016796690210469666,-0.10977361938621372,0.6231372207901893,0.5314693123980049,0.1722395854276858,-0.02613359816672435,0.3284697445656386,-0.36263403680664713,0
sample_02237.html,-0.4079827175840281,-0.44555508066955507,-0.5789898120788778,-0.4729492445987875,-1.1680996285521696,-0.2817433154767308,-0.44887348689285445,-1.9925510562714843,-0.05402684354129743,-0.26943886026242064,-0.002992550512523074,-0.0932209657813764,-0.9258764395490112,1
sample_03537.html,-0.31933533849131346,-0.4105991298893824,0.21720495981792048,-0.060872054631172734,0.9054335680546396,-0.04412984156242839,-0.10977361938621372,0.30968092825996124,0.4687114553569625,-0.1247137766207425,-0.02613359816672435,-0.08945845429578189,0.4882487606276415,0
sample_03709.html,-0.3886414712365267,-0.4805110314497277,-0.4993703348891979,-0.43920595112749394,0.13229338187351822,-0.2208167837038328,-0.10977361938621372,-0.1268481045386658,-0.4471929066292876,-0.2651655910545024,-0.02613359816672435,-0.10320609241622336,-0.02373773269279918,1
sample_03231.html,-0.4235631660306264,-0.4542940683645982,-0.4993703348891979,-0.47397176864337215,-0.14436002623655278,-0.31220658136317986,-0.10977361938621372,0.5766664835670271,0.4117523665360877,-0.21536258083130966,-0.02613359816672435,-0.09828588508890747,-0.8214535868805402,1
sample_08267.html,-0.436457330262294,-0.4542940683645982,-0.4993703348891979,-0.4555663358408484,-0.13554332371994163,-0.32439188771775945,-0.10977361938621372,0.2287021509586939,0.048499757878979026,-0.26673060653064906,-0.0209911431324574,-0.10060127677235024,0.5383973426482718,1
sample_01893.html,-0.061989310700948055,0.3322148241892855,-0.4197508576995181,-0.28071472421687294,1.1967473523731977,-0.3365771940723391,0.5684261156270678,0.7119366417715332,-0.113432713599499,-0.24076910866747817,-0.01584868809819045,-0.09351038974180675,0.05803091162517777,0
sample_08140.html,0.38232209844859727,0.2186079841537245,-0.26051190332015844,0.21623196145126794,0.41004756590151326,0.38235588084785804,-0.10977361938621372,0.6535795963406966,-0.35171466035834537,-0.2536777114955533,-0.02613359816672435,-0.08395939904760531,0.5824221888880172,0
sample_07082.html,-0.17911130247192855,-0.3581652037191235,-0.4993703348891979,0.5444621797629412,-0.39057016471231976,0.2300395514156129,-0.44887348689285445,0.4654316422124399,0.5296917975811748,-0.2606481350347031,-0.02613359816672435,-0.08366997508717497,-0.420997425451194,0
sample_07513.html,-0.4321592755184048,-0.4717720437546845,-0.34013138050983827,-0.4197779942803856,-0.2610753518031188,-0.30611392818589006,-0.44887348689285445,0.5290079386908423,-1.2451997727829247,-0.2437215492111308,0.006006745797444088,-0.08916903033535155,-1.4147826799329963,1
sample_06128.html,0.46183611121054735,-0.4368160929745119,-0.4993703348891979,0.40948900587776715,1.2235488937961703,1.7958514179790932,-0.10977361938621372,0.15894232121752824,-1.1245919566577067,-0.2658537538879853,-0.02613359816672435,0.06263383691036524,1.3507137570523102,0
sample_05448.html,-0.3940140396663882,-0.4105991298893824,-0.5789898120788778,-0.3594490756498911,-0.1572322502136763,-0.3365771940723391,0.22932624812042704,-1.9925510562714843,-0.12769147896673227,-0.2694943572651209,0.008577973314577563,-0.10262724449536266,0.5609632860545538,0
sample_01125.html,-0.4300102481464602,-0.44555508066955507,-0.4197508576995181,-0.4790843888662954,-0.9810542213852353,-0.3304845408950493,-0.44887348689285445,0.5583980437744961,0.44625724133013994,-0.2516798193983448,-0.002992550512523074,-0.10146954865364127,-1.0008685655910148,0
sample_08747.html,3.551600215223891,3.3384265912841298,-0.1012729489407988,2.880929621638871,1.1494628422373927,-0.245187396412992,-0.10977361938621372,0.3975176833558366,-0.15067608523481632,-0.24908255967197368,-0.009420619305356762,0.003446637002359363,-0.013336445645090676,0
sample_02040.html,-0.24895469206012794,-0.46303305605964135,-0.5789898120788778,-0.47806186482171076,-0.4722282445368599,-0.32439188771775945,-0.44887348689285445,-1.9925510562714843,2.275925863471504,-0.2694943572651209,0.03557586224447905,0.3950372554646183,-1.5051251358237554,1
sample_05444.html,-0.18770741195970694,-0.1484294990380879,0.3764439141972801,-0.04348914587323365,0.33340894044666425,-0.19644617099467354,-0.10977361938621372,0.5643505656962321,1.0900047884818413,-0.08652073936243938,-0.02613359816672435,0.030218353342166424,-0.9757496010457896,0
sample_04093.html,-0.26292336997776783,-0.3319482406339941,-0.18089242613047862,-0.31445801768816645,0.5042563043784155,-0.05631514791700801,-0.44887348689285445,0.5013524714861861,-0.20454838963118244,-0.24164596131014193,-0.02613359816672435,-0.0932209657813764,0.22311215882662883,0
sample_08174.html,-0.1946917509185269,-0.1484294990380879,0.21720495981792048,-0.30730034937607387,0.2393721520293867,-0.22690943688112258,-0.10977361938621372,0.593227118301966,0.6960732590551685,-0.16461612156221292,-0.01584868809819045,0.000986533338701417,-0.22086390035068615,0
sample_01987.html,-0.43538281657632166,-0.4717720437546845,-0.4197508576995181,-0.44329604730583255,-0.5229898364475154,-0.2634653559448614,-0.10977361938621372,0.40139478109889704,0.28761655656448565,-0.2675630615711526,-0.02613359816672435,-0.10204839657450197,-0.354609449611985,1
sample_00572.html,-0.35640606065735775,-0.4717720437546845,-0.4993703348891979,-0.13960640606419095,0.20874207073413634,0.19348363235187405,-0.10977361938621372,0.546141238223259,-0.4867790982862061,-0.22380922464228575,-0.02613359816672435,-0.08294641518609909,0.44944174154490685,0
sample_04433.html,-0.36392765645916386,-0.4193381175844256,-0.18089242613047862,-0.3277508302677669,1.0813937225417236,-0.1477049455763551,-0.10977361938621372,0.6342317459193484,-0.500691880768707,-0.09781992911220765,-0.02613359816672435,-0.09814117310869229,-0.5458695316850755,0
sample_05830.html,-0.31127648584652123,-0.2532973513786057,-0.4197508576995181,-0.2786696761277036,-1.054843900879845,-0.23300209005841238,-0.44887348689285445,0.5086974442328805,-0.12359567693574613,-0.2607036320374033,-0.02613359816672435,-0.09235269390008537,0.22372718426434082,0
sample_02212.html,0.12819961171614874,-0.13095152364800158,0.45606339138695995,0.32052941399890245,0.4747971343739099,0.5590428229892624,-0.10977361938621372,0.6173595314628326,0.5652898797168403,-0.16492690477733427,-0.02613359816672435,-0.06963291300630316,-0.5812160564860409,0
sample_09436.html,-0.4450534397500724,-0.4717720437546845,-0.4993703348891979,-0.4647690522421103,-0.020262530269515782,-0.3365771940723391,-0.10977361938621372,0.5305177596219276,0.4706762224209897,-0.22666177058107792,0.05486006862298012,-0.10320609241622336,-0.560359741164621,1
sample_04189.html,-0.24250760994429416,-0.20960241290338993,-0.4993703348891979,-0.31752558982192036,0.8298338557395974,-0.3365771940723391,-0.10977361938621372,0.01660112101228969,0.024221177991065417,-0.2653542808636832,0.0008642907631771383,-0.08395939904760531,-0.14945186302667832,1
sample_05126.html,-0.2408958394153357,-0.3669041914141667,-0.4197508576995181,-0.3533139313823832,0.10904868069703597,-0.31829923454046966,0.22932624812042704,0.7515529679042586,0.990298285680429,-0.19996771228226393,-0.02613359816672435,0.02529814601485053,0.38342752928334456,1
sample_05387.html,-0.43538281657632166,-0.46303305605964135,-0.4197508576995181,-0.4749942926879568,-0.9381150702721435,-0.3365771940723391,-0.44887348689285445,0.5803923037233554,0.45781059966146803,-0.21183297145957458,0.0780011162771814,-0.10089070073278059,-0.75193097998196,1
sample_05090.html,-0.31127648584652123,-0.3669041914141667,-0.18089242613047862,-0.3083228734206585,-0.5713589830686759,-0.06850045427158762,-0.10977361938621372,0.4099225571397933,-0.6671673919673091,-0.26481041023722085,-0.02613359816672435,-0.09293154182094605,0.7467746310109676,0
sample_08398.html,0.057281708441977046,-0.1484294990380879,-0.021653471751118984,0.07103354712024737,1.0415457481670514,0.5468575166346828,-0.10977361938621372,0.6259621315775743,-0.35403784795379417,-0.20227638759459377,-0.02613359816672435,-0.06688338538221486,0.6324079044857381,0
sample_01582.html,0.8475865244746024,1.1886356183035145,1.3318776404734378,0.22645720189711446,-0.08860145404035609,-0.2573727027675716,0.5684261156270678,0.640234164799198,0.3874961435112228,-0.07063749718963154,-0.02613359816672435,0.02732411373786296,-0.5453022501507168,0
sample_08862.html,-0.3827316459636791,-0.4018601421943393,-0.5789898120788778,-0.39523741721035394,0.8116879192550982,-0.3304845408950493,0.22932624812042704,-1.9925510562714843,0.4123076186202266,-0.2694943572651209,-0.02613359816672435,-0.08439353498825083,0.29999328505134787,1
sample_06727.html,-0.38702970070756826,-0.44555508066955507,-0.1012729489407988,-0.342066166891952,0.16448852181028822,-0.25128004959028183,-0.10977361938621372,0.3836989449270499,-0.07975903411548269,-0.22964750932635067,0.01629165586597799,-0.0883007584540605,0.5195882786015681,1
sample_05378.html,-0.41819059760076494,-0.4368160929745119,-0.5789898120788778,-0.412620325968293,0.4285615238410655,-0.3304845408950493,-0.10977361938621372,-1.9925510562714843,-0.0765121465346668,-0.2694943572651209,-0.009420619305356762,-0.0910502860781488,-0.37840241915705086,1
sample_05596.html,1.3665766347992223,1.852798683126794,0.5356828685766397,0.6589848727564223,0.7198897337237428,-0.23300209005841238,-0.10977361938621372,0.6508747532647176,0.20596530648998865,-0.15293955219408306,-0.02613359816672435,0.1766668773199218,-0.506760260578461,0
sample_09426.html,-0.20866042883616676,-0.3756431791092098,-0.34013138050983827,-0.24390385861182545,-0.1046071140281159,0.028981996565049278,-0.10977361938621372,0.5934532359850371,-0.4984428993149804,-0.25303394626423054,-0.0209911431324574,-0.09076086211771846,0.3867913493315343,0
sample_06073.html,-0.2408958394153357,-0.270775326768692,-0.1012729489407988,-0.13551630988585234,0.32451975885726786,0.24222485777019248,-0.44887348689285445,0.28049839700797335,-0.5215701316569615,-0.22951431651987012,-0.02613359816672435,-0.09003730221664259,0.8319617231638768,0
sample_06777.html,-0.24680566468818335,-0.22708038829347624,2.207691889559916,-0.12222349730625186,0.32044874596391965,-0.2634653559448614,-0.10977361938621372,0.5838857535398849,0.5117336409010297,0.5644924005129611,-0.02613359816672435,-0.06326558587683553,-0.4040759144071755,1
sample_04244.html,-0.3085902016315905,-0.2358193759885194,-0.4993703348891979,-0.049624290140741566,0.15339476640498773,-0.19035351781738374,0.22932624812042704,0.5648423941005405,-1.28002524787716,-0.2047626533155644,-0.004278164271089811,-0.0883007584540605,2.4130021778835316,1
sample_07693.html,0.7014526631823699,0.8390761105017883,1.0930192089043984,0.42073677036819834,-0.3610221824081491,0.3640779213159886,0.5684261156270678,0.13526928022985743,-0.8165623241751157,-0.010167963047453274,-0.02613359816672435,-0.05443815508370996,1.2844550365538567,0
sample_03683.html,-0.1216248202724106,-0.11347354825791527,0.6153023457663196,-0.24799395479016403,1.084608334144908,-0.17207555828551432,-0.10977361938621372,0.8121815771113992,1.6425405395112167,0.455596181814556,-0.02613359816672435,-0.0634102978570507,-1.2144823901498565,0
sample_05728.html,-0.3821943891206929,-0.2882533021587783,-0.5789898120788778,-0.37376441227407625,1.0511664063880717,-0.31829923454046966,-0.44887348689285445,-1.9925510562714843,-0.221954639258877,-0.2694943572651209,-0.02613359816672435,-0.10204839657450197,0.22782943118258636,1
sample_00827.html,-0.4520377787088923,-0.4805110314497277,-0.4993703348891979,-0.49237720144589586,-2.256016803315404,-0.3365771940723391,-0.44887348689285445,-0.47662752153848936,-5.238772080990912,1.3379208289445446,-0.027419211925291086,-0.10364022835686888,-1.5520558543767653,1
sample_05480.html,-0.04157355066747439,0.1836520333735519,0.13758548262824066,0.19066886033665165,0.2745282692070982,-0.3304845408950493,0.5684261156270678,0.6740460401560876,-0.3227777002466509,-0.21512949341996868,-0.01584868809819045,-0.05892422647038033,-0.7840731744042404,0
sample_09389.html,-0.10873065604074303,0.061306205642947774,0.13758548262824066,-0.13244873775209837,-0.02221210105084746,-0.245187396412992,-0.10977361938621372,0.6062388474280582,0.39322662570348593,-0.13536920113918802,-0.02613359816672435,-0.0010394343843110093,-0.4143831738658652,0
sample_09569.html,0.5735855345516664,1.0313338397927376,0.21720495981792048,0.7315840799219325,0.8992735009237106,-0.0014812693213997515,-0.44887348689285445,0.5023031127330061,-0.07428628416829834,0.009755460921931818,-0.02613359816672435,0.1219657487985863,0.10279555368906237,0
sample_09625.html,0.029881609449683443,0.1486960825933793,0.6949218229559994,0.07103354712024737,0.3555186973455431,-0.0502224947397182,-0.44887348689285445,0.6222757626846214,0.9410717951070534,3.1960270757517204,-0.02613359816672435,-0.009722153197221407,-1.1265333614272726,0
sample_04856.html,-0.42410042287361255,-0.4542940683645982,-0.4993703348891979,-0.46681410033127957,-0.3715857710797572,-0.29392862183131047,-0.44887348689285445,0.4404640988160978,0.24486452031152545,-0.26576495868366495,-0.014563074339623712,-0.10219310855471715,-0.24712703671852582,1
sample_04248.html,1.5857774267375713,-0.3756431791092098,-0.18089242613047862,1.629360191067257,1.5320630739814962,5.4879992434167155,0.22932624812042704,0.8500211810719773,-1.876401303493588,-0.25991557459905995,-0.02613359816672435,-0.08106515944330184,1.9345913433998791,0
sample_01851.html,0.37802404370470805,0.03508924255781832,3.959320387732872,0.47697559282035423,0.2666622852499989,0.23613220459290268,0.22932624812042704,0.5747249511129849,0.9582085932908964,4.910174097554481,-0.02613359816672435,0.1056132950342717,-1.0587185051908121,0
sample_00254.html,-0.4520377787088923,-0.4805110314497277,-0.5789898120788778,-0.4893096293121419,-2.256016803315404,-0.3365771940723391,-0.44887348689285445,-1.9925510562714843,-0.3883151859158148,-0.2694943572651209,-0.027419211925291086,-0.10364022835686888,-1.280977744139809,1
sample_02915.html,-0.4391436144772247,-0.46303305605964135,-0.4993703348891979,-0.4453410953950019,-0.13902459024072258,-0.31220658136317986,-0.10977361938621372,0.3498149853427134,-0.288761666168623,-0.25054768054325993,-0.02613359816672435,-0.10320609241622336,0.4753483631565463,1
sample_04828.html,0.8991631814012727,0.008872279472688862,0.21720495981792048,0.583318093457158,0.6905914977834243,1.8263146838655422,0.22932624812042704,0.5811722757964698,-0.5405606567883346,-0.24818350822822985,-0.02613359816672435,-0.08395939904760531,0.810201102850509,0
sample_02738.html,0.05137188316912941,0.00013329177764570985,-0.26051190332015844,-0.12529106944000581,0.17596876969102895,-0.04412984156242839,-0.44887348689285445,0.5323145914800771,0.2169981196941184,-0.16604794423187905,-0.02613359816672435,-0.04995208369703959,-0.08746862080743724,0
sample_09843.html,0.19213317603150049,-0.2183414005984331,0.21720495981792048,0.6886380700493772,0.9411491027950496,1.204864059781982,-0.10977361938621372,0.5642757523040491,0.2684307681054091,-0.23801645733354643,-0.02613359816672435,-0.07122474478867005,-1.0612549685041794,0
sample_02441.html,-0.4214141386586818,-0.4805110314497277,-0.5789898120788778,-0.4565888598854331,-0.28562008578696146,-0.2817433154767308,-0.10977361938621372,-1.9925510562714843,-0.6722464092818357,-0.26943886026242064,-0.0017069367539563366,-0.10320609241622336,-0.6158825631244942,1
sample_01582.html,-0.34404915326867636,-0.3057312775488646,-0.4197508576995181,-0.41875547023580095,-0.2808055446781955,-0.3365771940723391,-0.10977361938621372,0.5584816763355559,0.3202200962925998,-0.012831819177064652,-0.00042132299538959916,-0.0888796063749212,-1.3079091908533362,1
sample_06624.html,-0.19307998038956845,-0.12221253595295842,2.207691889559916,-0.1917551323380082,-1.3162814516656984,-0.2878359686540206,-0.44887348689285445,0.7944017146135747,1.5715464316342456,4.919741780820003,-0.02613359816672435,-0.07874976775985908,-1.41153203979333,0
sample_09363.html,-0.4396808713202109,-0.4717720437546845,-0.34013138050983827,-0.4617014801083563,-1.6771275451299916,-0.2878359686540206,-0.10977361938621372,0.41172914281227757,0.3068192272620038,-0.2664198233155277,-0.02613359816672435,-0.10277195647557784,-0.41488414587197225,1
sample_06327.html,-0.4214141386586818,-0.4368160929745119,-0.1012729489407988,-0.3706968401403223,0.012691229614738639,-0.30002127500860026,-0.44887348689285445,0.6320192386266404,1.1231242278889946,-0.14867738238670486,-0.02613359816672435,-0.09683876528675574,0.037207790180857195,1
sample_04901.html,-0.3741355364759007,-0.44555508066955507,-0.26051190332015844,-0.4320482828154014,-0.2302553278575651,-0.29392862183131047,0.22932624812042704,0.5330326589499836,2.453412680788289,-0.25924961056665713,-0.02613359816672435,0.1707336861310997,-1.1770723039640996,1
sample_04378.html,-0.24573115100221105,-0.4018601421943393,-0.34013138050983827,-0.15596679077754538,0.9569171043391842,0.07163056880607792,-0.10977361938621372,0.4150878395737624,-0.39172832852414613,-0.20472935511394424,-0.02613359816672435,-0.08584065479040257,0.3685754726455037,0
sample_02326.html,1.409019925395128,1.2061135936936007,1.3318776404734378,1.7387702638378149,0.39045075801792134,-0.3304845408950493,-0.44887348689285445,0.5991191674487818,1.574785205131273,0.011686756615900067,-0.018419915615323922,0.5222390860737557,-0.40138336425302457,0
sample_00712.html,-0.33008047535103646,-0.4368160929745119,-0.26051190332015844,-0.42284556641413956,-0.10309086127292443,-0.17207555828551432,-0.10977361938621372,0.7147208593095274,0.7541193183687379,-0.252445678035608,-0.005563778029656549,-0.09177384597922467,-0.7837476240856328,1
sample_01643.html,5.291775129656028,6.169858604478111,-0.4993703348891979,2.1794781270538,1.3974796100209832,-0.3365771940723391,-0.44887348689285445,0.5561861094073152,-0.7708447795656109,-0.21875899739656418,-0.0017069367539563366,0.31703749812863996,0.4345730358178846,1
sample_08663.html,-0.4520377787088923,-0.4805110314497277,-0.5789898120788778,-0.49237720144589586,-2.256016803315404,-0.3365771940723391,-0.44887348689285445,-1.9925510562714843,-1.3820197317511476,-0.2694943572651209,-0.027419211925291086,-0.10364022835686888,-1.3089010697936254,1
sample_00366.html,-0.4396808713202109,-0.4805110314497277,-0.34013138050983827,-0.4637465281975256,-0.9498051368323387,-0.30611392818589006,-0.44887348689285445,0.5518693112289047,-0.04888743540067421,-0.24731775498610614,-0.0107062330639235,-0.10016714083170472,0.6038856809770733,0
sample_09718.html,-0.37306102278992836,-0.46303305605964135,-0.4197508576995181,-0.3594490756498911,-0.4360628586930447,-0.2573727027675716,-0.10977361938621372,0.33385505719662556,-0.720542769889766,-0.2624129397205706,-0.014563074339623712,-0.10262724449536266,0.8583422766790686,1
sample_01531.html,-0.39347678282340204,-0.3756431791092098,-0.26051190332015844,-0.40955275383453904,0.34912918986104335,-0.3365771940723391,-0.10977361938621372,0.6073132896272826,0.45682308141568795,-0.08906250208611023,0.0008642907631771383,-0.09640462934611022,-0.4558855201238905,1
sample_03477.html,-0.43162201867541866,-0.46303305605964135,-0.4197508576995181,-0.4494311915733405,-1.8285293515827974,-0.23300209005841238,-0.10977361938621372,0.4066228702510142,0.2239738137510099,-0.2642110426080583,-0.02613359816672435,-0.10204839657450197,-0.5049011818207034,1
sample_06872.html,-0.44720246712201694,-0.4805110314497277,-0.4993703348891979,-0.4913546774013112,-2.256016803315404,-0.3304845408950493,-0.44887348689285445,-0.034424177511987855,-2.735835136691033,-0.14702357170623778,0.013720428348844514,-0.10364022835686888,-1.5293866136066734,1
sample_04819.html,-0.4520377787088923,-0.4805110314497277,-0.5789898120788778,-0.49237720144589586,-2.256016803315404,-0.3365771940723391,-0.44887348689285445,-1.9925510562714843,-0.8647119308524948,-0.2694943572651209,-0.027419211925291086,-0.10364022835686888,-1.2033726367700244,1
sample_02206.html,-0.4520377787088923,-0.4805110314497277,-0.5789898120788778,-0.49237720144589586,-2.256016803315404,-0.3365771940723391,-0.44887348689285445,-1.9925510562714843,-0.5071369482518621,-0.2694943572651209,-0.027419211925291086,-0.10364022835686888,-1.2182966873549759,1
sample_07555.html,-0.4520377787088923,-0.4805110314497277,-0.5789898120788778,-0.4688591484204489,-2.0387925285728823,-0.3365771940723391,-0.44887348689285445,-1.9925510562714843,6.837313007718044,-0.2694943572651209,-0.027419211925291086,-0.10364022835686888,-1.1372089868732245,1
sample_08099.html,-0.44666521027903083,-0.4717720437546845,-0.4993703348891979,-0.4852195331338033,-2.256016803315404,-0.3365771940723391,-0.44887348689285445,0.8791344514540946,2.0550848140703986,-0.17501625986823735,0.027862179693078627,-0.10320609241622336,-1.4815575613090495,1
sample_00341.html,0.3162395067613009,0.9439439628423061,0.21720495981792048,0.04853801813938503,0.2254914587876978,-0.275650662299441,-0.44887348689285445,0.6031270344723532,0.13124875773996625,-0.03459774363609761,-0.02613359816672435,-0.04271648468628092,-0.8272421635889202,0
sample_07057.html,0.8841199897976605,1.8265817200416645,-0.021653471751118984,0.4115340539669365,1.197615563004265,-0.2695580091221512,1.2466258506403491,0.49026498654358974,-0.10077730251944102,-0.2512913403794431,-0.02613359816672435,-0.02375921527809322,0.16973068091878005,1
sample_03197.html,-0.44666521027903083,-0.4717720437546845,-0.4197508576995181,-0.4872645812229726,-1.410983463284096,-0.3365771940723391,-0.44887348689285445,0.5364352233567037,0.38300334621852095,-0.26092562004820424,0.06385936493294728,-0.10364022835686888,-0.35537176147137545,0
sample_08278.html,-0.14204058030588426,-0.20960241290338993,0.5356828685766397,0.2469076827888075,-0.10515478886670585,0.23613220459290268,-0.44887348689285445,0.32156826870464467,-0.5939003183216596,-0.19281969833447338,-0.02613359816672435,-0.02694287884282703,0.8000520684085038,0
sample_08245.html,0.5144872818231899,1.3197204337291617,1.650355549232157,0.30621407737471734,0.9045567759691825,-0.25128004959028183,-0.10977361938621372,0.5846044997808818,-0.012628404359787189,0.02193150331436382,-0.024847984408157612,-0.05053093161790028,0.19831831435729916,0
sample_09915.html,0.7014526631823699,0.1486960825933793,-0.1012729489407988,3.9525348203635864,0.4892090723301522,0.48593098486178476,-0.10977361938621372,0.32368621269697695,-0.20678323903418255,-0.19219813190423074,-0.02613359816672435,0.13976532236505262,0.3275852586287766,0
sample_08711.html,-0.4520377787088923,-0.4805110314497277,-0.5789898120788778,-0.48828710526755725,-0.4857802989613899,-0.3365771940723391,-0.44887348689285445,-1.9925510562714843,-2.374105694263592,-0.2694943572651209,-0.027419211925291086,-0.10364022835686888,-0.06926926283400898,0
sample_07773.html,-0.4520377787088923,-0.4805110314497277,-0.5789898120788778,-0.48828710526755725,-0.926635088858582,-0.3365771940723391,-0.44887348689285445,-1.9925510562714843,-1.4767133504972776,-0.2694943572651209,-0.027419211925291086,-0.10364022835686888,0.4531979168709572,1
sample_05589.html,-0.3370648143098564,-0.270775326768692,-0.021653471751118984,-0.3717193641849069,-0.4768447036342072,-0.2695580091221512,-0.10977361938621372,0.717778885725426,0.6854866097309315,-0.24879397525793245,-0.006849391788223287,-0.0888796063749212,-0.14536367070368544,1
sample_09419.html,0.15828599492337309,0.19239102106859504,-0.18089242613047862,-0.0680297229432653,-1.5607830570920789,-0.3304845408950493,-0.44887348689285445,0.31252772091824205,0.3323475176830228,0.004782929479990581,-0.009420619305356762,0.08231466621962881,0.8340689998157205,1
sample_06468.html,-0.3821943891206929,-0.2882533021587783,-0.5789898120788778,-0.37376441227407625,1.0511664063880717,-0.31829923454046966,-0.44887348689285445,-1.9925510562714843,-0.7295247593601852,-0.2694943572651209,-0.02613359816672435,-0.10204839657450197,0.24563514315001875,1
sample_04654.html,-0.35640606065735775,-0.3669041914141667,-0.26051190332015844,-0.3717193641849069,0.6554282768329536,-0.3365771940723391,-0.10977361938621372,0.7948160562969272,1.3693139969339132,0.2354395721027157,0.01500604210741125,-0.0937998137022371,-1.1347103718808393,1
sample_08259.html,-0.43592007341930783,-0.4805110314497277,-0.4993703348891979,0.031155109381445945,1.977399908452267,-0.275650662299441,-0.10977361938621372,0.2773733654950843,-2.294547393691357,-0.2684510136143564,-0.014563074339623712,-0.10306138043600818,2.776183779581342,1
sample_06020.html,-0.44344166922111394,-0.4805110314497277,-0.5789898120788778,-0.44738614348417116,0.6504347000600212,-0.31220658136317986,-0.10977361938621372,-1.9925510562714843,-0.9935260444583117,-0.2694832578645808,-0.002992550512523074,-0.10089070073278059,0.28481245779338993,1
sample_00043.html,-0.42195139550166794,-0.44555508066955507,-0.5789898120788778,-0.4688591484204489,0.32103522205746726,-0.31220658136317986,-0.10977361938621372,-1.9925510562714843,0.5085048947738157,-0.26943886026242064,-0.02613359816672435,-0.10175897261407163,-0.5993294962936854,1
sample_07605.html,-0.155472001380538,0.05256721794790462,-0.4993703348891979,-0.26946695972644175,0.3475415239017845,-0.32439188771775945,-0.44887348689285445,0.684927250545587,-0.06871466136767619,-0.24478709166297535,-0.022276756891024138,-0.05501700300457065,-0.00847676295152186,0
sample_03583.html,-0.07165993387469874,0.061306205642947774,0.21720495981792048,-0.25208405096850267,0.3419504247595056,-0.2878359686540206,-0.10977361938621372,0.3871066180815637,0.32906473345732484,-0.052223591693692895,-0.02613359816672435,-0.08714306261233912,0.5277903995843151,1
sample_03553.html,-0.4450534397500724,-0.4717720437546845,-0.5789898120788778,-0.4893096293121419,-0.9781299984468278,-0.3365771940723391,-0.44887348689285445,-1.9925510562714843,-0.49624520319694254,-0.2694832578645808,0.08314357131144834,-0.10364022835686888,-0.44822929891649066,1
sample_08246.html,0.5332912713277052,0.00013329177764570985,4.91475411400903,0.14874537450868092,0.5654894326623557,0.12037179422439637,0.9075259831337085,0.6790964636456464,0.896021155567734,1.3346576051857706,-0.017134301856757187,0.13991003434526778,-0.4585908341451589,0
sample_09167.html,-0.21725653832394515,-0.1484294990380879,-0.4197508576995181,-0.061894578675757386,0.7014329451063069,-0.2573727027675716,-0.44887348689285445,0.3672348248379899,-0.3620714887527029,-0.26102551465306467,-0.0107062330639235,-0.08366997508717497,-0.09504262654390663,1
sample_02087.html,0.22598035713962786,0.7779031966364862,1.0133997317147188,0.14976789855326558,-0.06233118761229873,-0.17207555828551432,-0.10977361938621372,0.6355767177261298,0.20664993842555307,0.11561044387236392,-0.02613359816672435,-0.07701322399727699,-0.8989265967001392,0
sample_01398.html,-0.4455906965930585,-0.4805110314497277,-0.4993703348891979,-0.459656432019187,-1.6831451007685423,-0.30002127500860026,-0.10977361938621372,0.3391934432522604,0.2634045528499451,-0.2680514351949147,-0.008135005546790024,-0.10335080439643853,-0.5391840292991381,1
sample_00172.html,1.2489173861852558,0.6031234427356232,-0.18089242613047862,1.1109405004628385,-2.1072037255100513,1.8689632561065708,0.22932624812042704,0.6761062696700414,1.2204118530430326,-0.16062033736779585,-0.02613359816672435,0.10329790335082895,-1.1478807010217962,1
sample_05599.html,0.06802684530170003,0.11374013181320669,-0.4993703348891979,0.21214186527292933,0.8917137119799814,-0.07459310744887743,-0.44887348689285445,0.46455849691164813,-0.32860969475153556,-0.2658759526890654,-0.02613359816672435,-0.0547275790441403,-1.3558582287169252,0
sample_00536.html,-0.02760487274983451,0.2186079841537245,0.05796600543856084,0.04138034982729246,0.5574436863124189,-0.275650662299441,-0.10977361938621372,0.7209241662714589,-0.18197657932876113,-0.2102457571823478,-0.02613359816672435,-0.05602998686607686,0.6931656459721736,0
sample_04432.html,-0.4310847618324325,-0.4805110314497277,-0.5789898120788778,-0.45454381179626374,-0.3042968309488118,-0.2817433154767308,-0.10977361938621372,-1.9925510562714843,-0.6416707621810689,-0.26943886026242064,-0.004278164271089811,-0.10320609241622336,-0.6317447774990477,1
sample_02841.html,-0.4488142376509754,-0.4805110314497277,-0.4993703348891979,-0.40955275383453904,-0.2554308986642461,-0.31829923454046966,-0.10977361938621372,0.29222178364587176,-0.01637312484342374,-0.2639779551967173,-0.011991846822490236,-0.10364022835686888,0.21470676771903519,1
sample_02789.html,-0.24358212363026646,-0.4542940683645982,0.13758548262824066,-0.15494426673296072,1.9089996487815966,-0.05631514791700801,-0.10977361938621372,0.48834417748560627,0.6948735694924223,-0.2467405861580237,-0.00042132299538959916,-0.10219310855471715,0.40805536525420266,1
sample_00943.html,-0.032977441179696,-0.15716848673313102,0.21720495981792048,-0.1702821274017305,0.6554758775609024,-0.1477049455763551,1.2466258506403491,0.6916441609660992,0.5136604255036512,-0.07131456062257444,-0.02613359816672435,-0.06471270567898726,-0.29438768624320877,0
sample_05300.html,-0.45096326502292,-0.4805110314497277,-0.4993703348891979,-0.4749942926879568,-0.8763790396918171,-0.3304845408950493,-0.10977361938621372,0.21520007526618232,-0.3652701244445802,-0.26873959802839764,-0.0107062330639235,-0.10364022835686888,-0.3007361912468727,1
sample_01910.html,0.7025271768683421,1.0225948520976944,-0.1012729489407988,0.04035782578270781,0.40096591627968176,-0.29392862183131047,-0.10977361938621372,0.4429153106743903,-0.01977745809579129,-0.18879061593843618,-0.011991846822490236,0.23715648504986425,0.16774078230131464,0
sample_05076.html,-0.4171160839147926,-0.44555508066955507,-0.4993703348891979,-0.4637465281975256,0.26547052895854195,-0.30611392818589006,-0.10977361938621372,0.36740477251395554,0.07718551872895525,-0.25881673394559523,-0.02613359816672435,-0.10175897261407163,0.4960332332761365,1
sample_04051.html,-0.35962960171527464,-0.3756431791092098,0.6153023457663196,-0.4259131385478935,-1.477019959223486,-0.3304845408950493,-0.44887348689285445,0.5933660653660818,0.44725972080309206,4.3294423618986615,-0.002992550512523074,-0.0932209657813764,-1.349761194059489,0
sample_03533.html,0.04331303052433717,0.07878418103303408,-0.18089242613047862,-0.22243085367554774,0.35633930119258944,-0.245187396412992,0.22932624812042704,0.549041450360585,0.4119741866857926,-0.09849699254515053,-0.022276756891024138,-0.03880926122047124,-0.6539254841887013,0
sample_09440.html,1.2134584345481698,1.905232609297053,0.6153023457663196,0.5608225644762956,0.17151449826482595,-0.30611392818589006,0.22932624812042704,0.5452961716141287,-0.09051720708527315,-0.19808081419045587,-0.02613359816672435,0.012852915716345628,-0.04270498264321373,0
sample_02646.html,-0.33115498903700874,-0.34942621602408036,-0.4993703348891979,-0.4003500374332772,0.4618700726624893,-0.2817433154767308,-0.10977361938621372,0.3316516123233787,0.10413319956983151,-0.26031515301850167,-0.004278164271089811,-0.09582578142524951,-0.3917082617145721,1
sample_09024.html,-0.39455129650937437,-0.34942621602408036,-0.4993703348891979,-0.38807974889826136,-0.11914320752172182,-0.3304845408950493,-0.10977361938621372,0.6265123357522677,0.5829011985849862,-0.1916986588799286,-0.0209911431324574,-0.08482767092889634,-1.101088950864703,1
sample_05136.html,0.19213317603150049,-0.026083671307483746,0.9337802545250389,0.16919585540037396,0.7376098253752681,0.3640779213159886,-0.44887348689285445,0.4842792514493027,-0.08744898127767146,0.5395076498973144,-0.022276756891024138,-0.004223097949044822,0.6353882479011204,0
sample_05220.html,0.2576785108758107,0.9177269997571766,1.4911165948527976,0.08943897992277111,0.8494741159416408,-0.31829923454046966,0.22932624812042704,0.570244628821935,0.27420785155896893,0.013429362500687509,-0.02613359816672435,-0.04546601231036921,-0.1411108127609884,0
sample_02657.html,-0.36715119751708075,-0.3756431791092098,-0.34013138050983827,-0.4555663358408484,-0.20127800318620384,-0.3304845408950493,-0.44887348689285445,0.7841645545711754,1.3061152858323268,0.22912401319542874,-0.013277460581056975,-0.09625991736589504,-1.1706741385213657,1
sample_06406.html,0.0830700369053122,-0.026083671307483746,-0.34013138050983827,0.4943585015782933,0.11569274306676054,1.1195669152999246,-0.44887348689285445,0.5114131733794053,-0.9707324886835689,-0.23539699880609524,-0.02613359816672435,-0.09452337360331296,0.9974527439541876,0
sample_01455.html,0.6676054820742424,1.1449406798282988,1.0930192089043984,-0.007700804312770832,0.7045661085936916,-0.2695580091221512,-0.10977361938621372,0.6417184347083629,0.2093477772950783,-0.14209543786645673,-0.02613359816672435,-0.07976275162136529,-0.40414290189363955,0
sample_06164.html,-0.4520377787088923,-0.4805110314497277,-0.5789898120788778,-0.486242057178388,-1.0200836873138628,-0.3365771940723391,-0.44887348689285445,-1.9925510562714843,0.19333343166059386,-0.2694943572651209,-0.027419211925291086,-0.10364022835686888,0.25538278721721513,1
sample_09587.html,-0.13183270028914743,-0.4368160929745119,-0.5789898120788778,0.02092986893559942,0.7060933046714533,0.26050281730206193,1.58572571814699,-1.9925510562714843,-0.5085988944789877,-0.2694166614613405,-0.02613359816672435,-0.07773678389835285,0.007789253764558012,1
sample_04478.html,-0.4520377787088923,-0.4805110314497277,-0.5789898120788778,-0.49237720144589586,-2.256016803315404,-0.3365771940723391,-0.44887348689285445,-1.9925510562714843,-1.3950323556491044,-0.2694943572651209,-0.027419211925291086,-0.10364022835686888,-1.3133725301468988,1
sample_08562.html,-0.40744546074104193,-0.4805110314497277,-0.5789898120788778,-0.37376441227407625,0.3188285104480563,-0.09287106698074685,-0.10977361938621372,-1.9925510562714843,-0.9588745058615857,-0.26939446266026046,-0.02613359816672435,-0.10364022835686888,0.40425114615866653,1
sample_07712.html,-0.32470790692117496,-0.4805110314497277,-0.5789898120788778,-0.34820131115945996,-0.1469738573035153,0.016796690210469666,-0.10977361938621372,-1.9925510562714843,-0.19534572592260674,-0.26930566745594003,-0.02613359816672435,-0.07874976775985908,-0.2125796812359297,1
sample_07975.html,-0.2913979826560337,-0.3232092529389509,0.854160777335359,-0.13244873775209837,0.19479311344595396,-0.11114902651261627,-0.44887348689285445,0.3021848735951683,-0.800075072432822,-0.14998711165043044,-0.02613359816672435,-0.0851170948893267,1.7640046583073965,0
sample_06161.html,-0.44075538500618316,-0.4805110314497277,-0.5789898120788778,-0.459656432019187,-0.05868085372228814,-0.2878359686540206,-0.10977361938621372,-1.9925510562714843,-1.0061420078552301,-0.2694832578645808,-0.008135005546790024,-0.10364022835686888,-0.43351692774575273,1
sample_08134.html,-0.3574805743433301,-0.4805110314497277,-0.5789898120788778,-0.4893096293121419,-1.134521941823523,-0.3304845408950493,-0.44887348689285445,-1.9925510562714843,2.2550509550398505,-0.2694943572651209,19.7890312626224,0.2364329251487884,-1.5360901601111911,1
sample_00998.html,1.3133882073435936,1.5731510768854131,-0.4197508576995181,0.6129712907501129,1.1174825354079072,0.38844853402514784,0.5684261156270678,0.5881238832170566,0.7240427814115261,-0.2625683313281313,0.009863587073144301,-0.07021176092716384,0.40672513301521473,1
sample_06402.html,-0.004502828501430098,-0.061039622087656356,-0.26051190332015844,0.589453237724666,0.5619295401554479,0.40063384037972744,0.5684261156270678,0.1962953720584188,-0.8012088991199446,-0.009601893619910857,-0.02613359816672435,0.10011423978609513,0.6775300912807999,0
sample_07581.html,-0.4214141386586818,-0.4805110314497277,-0.5789898120788778,-0.4565888598854331,-0.2176315057962528,-0.2817433154767308,-0.10977361938621372,-1.9925510562714843,-0.6603472534716854,-0.26943886026242064,-0.0017069367539563366,-0.10320609241622336,-0.6114483252846218,1
sample_04761.html,1.2972705020540092,2.412093895609556,-0.18089242613047862,0.9054131675013234,1.412475105043945,0.760100377839826,0.22932624812042704,0.6211065974456156,-0.006619990978223318,-0.21458562279350635,-0.02613359816672435,0.02312746631162293,0.35625216102753327,0
sample_06396.html,3.0127316017087833,3.81033192681646,0.6949218229559994,2.6293887066710466,1.5739360111810416,-0.1294269860444857,-0.10977361938621372,0.6121193933955611,0.4274705571250437,3.3581782182412727,-0.02613359816672435,0.2422214043573953,-0.45596274217183264,1
sample_04072.html,1.0485205837514222,1.4595442368498521,0.13758548262824066,1.306242592978507,1.192383479937592,1.460755493228154,-0.10977361938621372,0.07635927232778517,-0.7537792030033001,-0.020035330127555418,-0.02613359816672435,0.023706314232483625,1.486427640644852,0
sample_05668.html,-0.4289357344604879,-0.44555508066955507,-0.18089242613047862,-0.4340933309045707,-1.7321351219736767,-0.29392862183131047,-0.10977361938621372,0.6399958457445191,-0.13405164599208222,-0.24959313209681586,-0.00042132299538959916,-0.10060127677235024,0.5545629172476292,1
sample_07579.html,1.6233854057466017,2.4557888340847716,1.8892139808011965,1.8931713945700974,0.7321701522637311,-0.05631514791700801,0.9075259831337085,0.469965338342705,0.8997075452909741,0.6763521591555589,-0.02613359816672435,0.7151401557005816,-0.14395603388954442,0
sample_04607.html,0.08897986217815984,0.533211541175278,0.45606339138695995,0.18044361989080512,0.06442520871144548,-0.2817433154767308,0.22932624812042704,0.5673557844010219,0.7801433275501484,-0.1262565932958091,-0.02613359816672435,-0.09162913399900949,-0.5335218005337949,0
sample_07886.html,1.1360934491581645,1.1274627044382124,0.6153023457663196,0.6272866273742981,0.9572562141052777,0.163020366465425,-0.10977361938621372,0.49168750867577105,-0.011988148814560813,-0.19498408143978263,-0.018419915615323922,0.06465980463337767,-0.2687241648014035,1
sample_05356.html,-0.40959448811298654,-0.4805110314497277,-0.4197508576995181,-0.34002111880278274,0.5714484442503874,-0.11724167968990606,-0.10977361938621372,0.20856731838053558,0.46978129640333577,-0.2648215096377609,-0.02613359816672435,-0.10074598875256541,0.29978616881741127,1
sample_02875.html,-0.44075538500618316,-0.4717720437546845,-0.4197508576995181,-0.46579157628669493,-1.61853551235032,-0.30002127500860026,-0.10977361938621372,0.40139478109889704,0.2951084567351899,-0.2675630615711526,-0.02613359816672435,-0.10277195647557784,-0.3964595102071054,1
sample_08112.html,-0.1565465150665103,-0.1484294990380879,0.6949218229559994,-0.044511669917818304,0.1525548860799437,0.07772322198336773,0.22932624812042704,0.6137124725439936,0.619192992395803,-0.004174286755827676,-0.02613359816672435,-0.08916903033535155,-0.26827492622197774,0
sample_05770.html,-0.4026101491541666,-0.38438216680425297,-0.4197508576995181,0.03320015747061525,0.0728055651657876,-0.3304845408950493,-0.44887348689285445,0.3959849735644118,-0.520280790609884,-0.2566745496413661,-0.022276756891024138,-0.1024825325151475,0.5290536052238654,0
sample_02289.html,-0.19630352144748534,-0.11347354825791527,2.207691889559916,-0.180507367847577,-1.3322091700034961,-0.2878359686540206,-0.44887348689285445,0.7752468983392853,1.4794082651663831,4.62656221495519,-0.02613359816672435,-0.07672380003684665,-1.400188977524772,0
sample_05735.html,-0.012561681146222334,-0.11347354825791527,-0.021653471751118984,0.20293914887166747,0.6724833935823216,0.29705873636580077,1.2466258506403491,0.5505529031583626,0.49825741466699797,-0.17867906204645298,-0.02613359816672435,-0.05646412280672238,0.006929524525085895,0
sample_00455.html,-0.3886414712365267,-0.38438216680425297,-0.5789898120788778,-0.46272400415294096,-0.20730834319329128,-0.3365771940723391,-0.44887348689285445,-1.9925510562714843,-1.298336360764447,-0.2694943572651209,0.040718317278746,-0.10146954865364127,1.9916220748010625,1
sample_02800.html,-0.34995897854152397,-0.39312115449929613,-0.4197508576995181,-0.3942148931657693,0.047161254366329036,-0.3304845408950493,-0.44887348689285445,0.5533141614341516,0.6798164771634521,-0.23281083848026418,-0.02613359816672435,-0.07759207191813769,-0.809401315133356,1
sample_05742.html,-0.3290059616650642,-0.4717720437546845,-0.34013138050983827,0.3726781402727197,1.1658727389923096,0.9306946668039406,-0.44887348689285445,0.620995204700645,0.3152383604307561,-0.25969358658825903,-0.02613359816672435,-0.004657233889690342,-0.6499885286977408,0
sample_07207.html,-0.43269653236139094,-0.4805110314497277,-0.4993703348891979,-0.21322813727428588,-0.18759798395486002,-0.23300209005841238,0.22932624812042704,0.21331023040529057,-0.4047863794459478,-0.2639335575945571,-0.02613359816672435,-0.10103541271299576,-0.2581461523004022,1
sample_08146.html,0.9190416845917602,-0.4018601421943393,-0.4197508576995181,0.7458994165461177,1.6221941681659282,3.0631232788553726,-0.10977361938621372,0.6549361470694874,-0.9505761543450267,-0.21021245898072768,-0.02613359816672435,0.0493203347305693,1.387223632070711,0
sample_09246.html,-0.003965571658443949,-0.4368160929745119,-0.4993703348891979,0.026042489158522683,0.25514139506833405,0.7722856841944056,-0.10977361938621372,0.4641475704470736,-0.7398858907167801,-0.25898322495369597,-0.02613359816672435,0.0025783651210683233,1.1908419016431873,0
sample_05351.html,-0.3236333932352027,-0.46303305605964135,-0.5789898120788778,-0.44431857135041725,-1.4990077710513754,-0.1477049455763551,-0.44887348689285445,-1.9925510562714843,-0.2867811627777027,-0.26888389023541825,0.012434814590277775,-0.047926115974027156,-1.1544411070798584,0
sample_06991.html,-0.411206258641945,-0.4805110314497277,-0.5789898120788778,-0.4064851817007851,0.40527968682949617,-0.25128004959028183,0.22932624812042704,-1.9925510562714843,0.05235809356124232,-0.2694166614613405,-0.02613359816672435,-0.10320609241622336,-0.4184015756059383,1
sample_02878.html,-0.4520377787088923,-0.4805110314497277,-0.4993703348891979,-0.49237720144589586,-2.256016803315404,-0.3365771940723391,-0.44887348689285445,0.7696887909742189,1.3590066616180827,2.126355646906272,-0.027419211925291086,-0.10364022835686888,-1.5522331665246654,1
sample_04895.html,-0.119475792900466,0.5594285042604075,0.9337802545250389,-0.32059316195567433,-1.9338853024148226,-0.31220658136317986,-0.44887348689285445,0.6929280899856135,0.9169524170967048,0.08656331265905987,-0.01970552937389066,-0.07744735993792251,-0.8529241463543596,0
sample_00050.html,0.7772058780434169,-0.2532973513786057,0.2968244370076003,0.7295390318327633,1.2332926416858363,2.082206117311714,-0.10977361938621372,0.5256106583082849,0.38517132073862376,-0.1931748791517549,-0.02613359816672435,-0.06890935310522729,0.21515055655744472,0
sample_07852.html,1.8775078924790503,-0.052300634392613204,0.6949218229559994,2.140622213359583,1.8257043401024373,3.0874938915645322,1.2466258506403491,0.3126567767630029,-0.7196946743157142,-0.0340316742085552,-0.02613359816672435,0.09562816839942476,0.6565151598129567,0
sample_03435.html,-0.29408426687096445,-0.4193381175844256,-0.1012729489407988,0.02092986893559942,0.30770803565195337,0.016796690210469666,-0.10977361938621372,0.3567645603342692,-0.44547634915662376,-0.25924961056665713,-0.011991846822490236,-0.07773678389835285,0.7663216264967255,0
sample_03332.html,-0.44344166922111394,-0.4717720437546845,-0.34013138050983827,-0.4576113839300177,-1.4903065154402204,-0.31829923454046966,0.22932624812042704,0.340009227055062,0.12028035506513798,-0.24819460762876988,-0.005563778029656549,-0.10291666845579302,0.12479445023882861,1
sample_02360.html,-0.4520377787088923,-0.4805110314497277,-0.5789898120788778,-0.49237720144589586,-2.256016803315404,-0.3365771940723391,-0.44887348689285445,-1.9925510562714843,-1.3820197317511476,-0.2694943572651209,-0.027419211925291086,-0.10364022835686888,-1.3089010697936254,1
sample_05104.html,0.9872733036510012,-0.2183414005984331,-0.26051190332015844,1.2469361983925973,1.6193559475096575,3.489609001265659,-0.10977361938621372,0.6079380527763822,-1.1869641899997174,-0.1361572585775314,-0.02613359816672435,-0.054004019143064436,1.0379853622527533,0
sample_00460.html,-0.38917872807951287,-0.4018601421943393,-0.34013138050983827,-0.19686775256093145,0.9099263682125486,-0.32439188771775945,-0.10977361938621372,0.6848413792052002,1.7157290989027443,-0.02956971519145614,0.0008642907631771383,-0.10219310855471715,-0.8215418257494362,1
sample_05192.html,1.5186203213643026,0.20986899645868135,-0.18089242613047862,1.7459279321499075,0.8441915676248409,4.0257624808671615,-0.10977361938621372,0.5932920205680596,-0.7749238409876729,-0.20606128317874994,-0.01970552937389066,0.045557823244974795,1.3083697387110511,0
sample_02206.html,-0.12538561817331365,0.09626215642312039,-0.1012729489407988,-0.1702821274017305,-0.2323095717918057,-0.275650662299441,0.22932624812042704,0.7213377286789883,0.040771503795034636,-0.2389710057799905,-0.02613359816672435,-0.06456799369877209,-0.20167537526981852,0
sample_04738.html,-0.4332337892043771,-0.4717720437546845,-0.4197508576995181,-0.43920595112749394,-0.5498168799907667,-0.2573727027675716,-0.10977361938621372,0.4132812903160362,0.31287655432861566,-0.267651856775473,-0.02613359816672435,-0.10132483667342611,-0.7518343318236965,1
sample_00392.html,-0.3145000269044381,-0.4193381175844256,0.21720495981792048,0.2469076827888075,0.19749409139271093,-0.1537975987536449,-0.10977361938621372,0.2929689814656527,-0.4569669398610499,-0.20596138857388951,-0.02613359816672435,-0.09437866162309778,1.0894897694348955,1
sample_02675.html,-0.2156447677949867,-0.2882533021587783,-0.021653471751118984,-0.10893068472665138,0.8420426612251337,0.163020366465425,-0.44887348689285445,0.6522976958659725,-0.3828064105696404,-0.22999159074309214,-0.02613359816672435,-0.08945845429578189,0.5418870673591284,0
sample_04445.html,-0.41872785444375105,-0.44555508066955507,-0.4993703348891979,-0.41466537405746234,-0.8807664702485071,-0.30002127500860026,-0.10977361938621372,0.40973863008096567,0.42220264208583586,-0.25702973045864763,-0.014563074339623712,-0.10045656479213506,-0.37157295495220827,1
sample_02210.html,0.16204679282427611,0.7254692704662273,-0.1012729489407988,-0.0036107081344322243,-0.23795429139785795,-0.0502224947397182,-0.10977361938621372,-0.30472376372380616,0.12614913976840436,-0.20578379816524875,-0.02613359816672435,0.06437038067294733,0.8345656954700251,0
sample_01525.html,-0.24250760994429416,-0.20960241290338993,-0.4993703348891979,-0.31752558982192036,0.8298338557395974,-0.3365771940723391,-0.10977361938621372,0.01660112101228969,0.024221177991065417,-0.2653542808636832,0.0008642907631771383,-0.08395939904760531,-0.14945186302667832,1
sample_06923.html,-0.4520377787088923,-0.4805110314497277,-0.5789898120788778,-0.48828710526755725,-0.4857802989613899,-0.3365771940723391,-0.44887348689285445,-1.9925510562714843,-2.374105694263592,-0.2694943572651209,-0.027419211925291086,-0.10364022835686888,-0.06926926283400898,0
sample_09856.html,-0.30268037635874284,-0.3319482406339941,-0.4993703348891979,-0.36660674396198367,0.1450017406474816,-0.2695580091221512,-0.10977361938621372,0.343253371727165,-2.671862868342712,-0.25871683934073486,-0.02613359816672435,-0.0910502860781488,3.551261852867586,1
sample_04805.html,0.061042506342880096,0.131218107203293,-0.4993703348891979,-0.007700804312770832,-0.04093635609956271,0.21785424506103326,-0.44887348689285445,0.23303603882583698,0.09910403584533013,-0.2666085131247085,-0.02613359816672435,-0.057042970727583076,0.011147741410652726,0
sample_03333.html,0.5999111198579876,1.2847644829489893,1.3318776404734378,0.25713292323465403,0.6748396538400743,-0.10505637333532646,-0.10977361938621372,0.623703882493415,0.6211688323129878,-0.11547907537142306,-0.02613359816672435,0.01994380274688912,-0.19954459172072006,0
sample_02054.html,-0.4498887513369477,-0.4805110314497277,-0.4993703348891979,-0.4903321533567266,-2.256016803315404,-0.3304845408950493,-0.44887348689285445,0.8160152621509351,1.713425160046213,-0.2669747933425301,0.0780011162771814,-0.10306138043600818,-1.3256743557045945,1
sample_00353.html,2.618922335799936,3.583118246745338,4.437037250870951,1.447350911131189,1.418038764122823,0.1386497537562658,0.22932624812042704,0.38580796924577254,-0.20003518481260724,0.36560224223585164,-0.02613359816672435,0.10358732731125929,1.029890058801458,0
sample_04963.html,-0.33008047535103646,-0.3232092529389509,-0.26051190332015844,-0.34308869093653666,0.21811027552700488,-0.3365771940723391,-0.10977361938621372,0.8045268196479364,1.4340885012186444,0.2416663358056823,0.01500604210741125,-0.0807757354828715,-1.1516939812895963,1
sample_09777.html,0.5306049871127744,-0.0348226590025269,0.5356828685766397,-0.2766246280385343,0.7683754779040884,-0.16598290510822453,0.22932624812042704,0.6178805946059889,0.5179515500892278,0.198511866505978,-0.017134301856757187,-0.07354013647211283,0.07052658108103332,0
sample_01599.html,0.3468631468115114,-0.2358193759885194,-0.34013138050983827,0.7428318444123637,1.2214659016869205,1.3571803892142271,-0.10977361938621372,0.5762700870764574,0.7007488717285575,7.075878031527992,-0.02613359816672435,0.15568364018872166,-1.0119392581476774,0
sample_04862.html,0.07930923900440916,0.3671707749694581,0.6949218229559994,0.9146158839025853,0.17649504842633099,-0.1537975987536449,1.58572571814699,0.7071519027845861,1.2940093844032599,2.2052390865443887,-0.0209911431324574,-0.031428950229497404,-0.786145809998954,0
sample_02699.html,-0.06897364965976799,0.03508924255781832,0.13758548262824066,-0.09052525192412764,-0.19646678080503557,-0.18426086464009395,0.5684261156270678,0.10907791886899121,-0.21549110843685235,-0.11011806491058017,-0.02613359816672435,-0.04763669201359681,0.8609481003326437,1
sample_06960.html,0.1781644981138606,0.15743507028842244,-0.1012729489407988,0.24384011065505357,-0.32289015977137875,0.06553791562878812,-0.10977361938621372,0.6260964583371845,-0.5879034284326219,-0.24745094779258672,-0.02613359816672435,-0.052267475380482355,0.2034020622401185,0
sample_02422.html,-0.1721269635131086,-0.04356164669757005,0.45606339138695995,0.47595306877576954,-0.2598450849481724,0.10818648786981676,-0.10977361938621372,0.6458414519944082,0.33865613928939264,-0.15523712810587287,-0.02613359816672435,-0.07484254429404939,0.27627490394732157,0
sample_03892.html,-0.41872785444375105,-0.44555508066955507,-0.4993703348891979,-0.41466537405746234,-0.8807664702485071,-0.30002127500860026,-0.10977361938621372,0.40973863008096567,0.42220264208583586,-0.25702973045864763,-0.014563074339623712,-0.10045656479213506,-0.37157295495220827,1
sample_04583.html,0.6042091746018768,0.07878418103303408,-0.18089242613047862,1.2285307655900735,1.704824665456881,1.57651590359666,-0.10977361938621372,0.560356756225871,0.8316723921865281,3.8591274628152323,-0.02613359816672435,0.30661823555314743,-0.6494114689199318,0
sample_01377.html,-0.40422191968312504,-0.4542940683645982,-0.5789898120788778,-0.38807974889826136,-0.13850901864117263,-0.23300209005841238,-0.10977361938621372,-1.9925510562714843,-0.22470067079045383,-0.2693500650581003,-0.02613359816672435,-0.10060127677235024,-0.558438694418704,1
sample_04655.html,-0.44397892606410005,-0.46303305605964135,-0.4197508576995181,-0.4494311915733405,0.06815445322297943,-0.3365771940723391,-0.10977361938621372,0.803485141020383,1.8656548791413503,-0.24189014812202297,0.022719724658811676,-0.10335080439643853,-0.20044123056980293,0
sample_00340.html,-0.3096647153175628,-0.3406872283290372,-0.4993703348891979,-0.37376441227407625,0.06381297614258408,-0.2695580091221512,-0.10977361938621372,0.3316516123233787,-2.6902685408208695,-0.26031515301850167,-0.02613359816672435,-0.0910502860781488,3.566025188243186,1
sample_08691.html,-0.3827316459636791,-0.2882533021587783,-0.4993703348891979,-0.3717193641849069,1.007093613052911,-0.31829923454046966,-0.44887348689285445,-0.4061239611480421,-0.25742742819845593,-0.2629013133443327,-0.02613359816672435,-0.10219310855471715,0.10642212165759236,1
sample_08802.html,-0.4332337892043771,-0.46303305605964135,-0.4993703348891979,-0.4760168167325414,-1.399602547100533,-0.32439188771775945,-0.10977361938621372,0.4829012174698343,0.6683987097816425,-0.2678294471841138,-0.02613359816672435,-0.10262724449536266,-0.7583552207405614,0
sample_04439.html,0.3474004036544976,0.27104191032398345,-0.021653471751118984,0.6180839109730362,1.1107037981033068,0.3579852681386988,-0.44887348689285445,0.5521312770564211,1.1018377337802814,-0.2248747670941303,-0.02613359816672435,0.5050183604281501,-1.0072912418306643,0
sample_05255.html,-0.4520377787088923,-0.4805110314497277,-0.4993703348891979,-0.48419700908921864,-0.9932613130023225,-0.3365771940723391,-0.44887348689285445,0.06545647089992432,-1.5035199940899318,-0.2506697739492005,-0.027419211925291086,-0.10364022835686888,2.4883159038337888,1
sample_03130.html,-0.40690820389805576,-0.4193381175844256,-0.34013138050983827,-0.415687898102047,0.1181861006882925,-0.31829923454046966,-0.10977361938621372,0.5738114839933351,0.2671100084812724,-0.20223198999243358,-0.004278164271089811,-0.0975623251878316,-0.17567394380968443,1
sample_07334.html,-0.2790410752673523,-0.24455836368356254,-0.34013138050983827,-0.2469714307455794,0.5409949035175333,-0.17207555828551432,0.22932624812042704,0.4741851368306585,-0.15786382185456602,-0.26536538026422324,-0.013277460581056975,-0.03533617369530708,0.02849933871459232,1
sample_01163.html,-0.4520377787088923,-0.4805110314497277,-0.5789898120788778,-0.4903321533567266,-1.114558160185379,-0.3365771940723391,-0.44887348689285445,-1.9925510562714843,-1.60279190543054,-0.2694943572651209,-0.027419211925291086,-0.10364022835686888,0.2457020263352195,0
sample_07888.html,1.5293654582240257,2.4033549079145127,0.21720495981792048,1.3900895646344484,0.465024777598896,0.14474240693355558,-0.44887348689285445,0.4923198815382499,-0.38936485634386736,-0.16995493322197572,-0.02613359816672435,0.20039964207521022,0.6439658273570458,0
sample_03717.html,-0.4520377787088923,-0.4805110314497277,-0.5789898120788778,-0.49237720144589586,-2.256016803315404,-0.3365771940723391,-0.44887348689285445,-1.9925510562714843,-0.7413168664311375,-0.2694943572651209,-0.027419211925291086,-0.10364022835686888,-1.2493942655106245,1
sample_02642.html,-0.15977005612442718,-0.11347354825791527,1.729975026421837,-0.2081155170513626,0.5650619345216558,-0.19035351781738374,-0.10977361938621372,0.6516025862016812,0.44143090652463723,-0.09627711243714104,-0.02613359816672435,-0.014352936564106952,-0.603211471981139,0
sample_03569.html,-0.400461121782222,-0.39312115449929613,-0.4197508576995181,-0.3338859745352748,0.48926552703574255,-0.2878359686540206,-0.44887348689285445,0.4013183902193941,-0.3628380598016212,-0.2660868412993263,-0.0107062330639235,-0.09886473300976815,0.4517833961734269,1
sample_05832.html,-0.13398172766109204,-0.11347354825791527,0.6153023457663196,-0.25208405096850267,0.8869403763868601,-0.17816821146280412,-0.10977361938621372,0.8158488287418895,1.6769617447367229,0.439202367216906,-0.02613359816672435,-0.06587040152070865,-1.2219760317628219,0
sample_09711.html,-0.2811901026392969,-0.3406872283290372,-0.34013138050983827,-0.4085302297899544,-0.529184956124674,-0.32439188771775945,-0.44887348689285445,0.5794111503079739,0.9334696144690791,-0.18290793365221106,-0.00042132299538959916,-0.013484664682815914,-0.8588634383884546,1
sample_02861.html,-0.43054750498944633,-0.4717720437546845,-0.4993703348891979,-0.44840866752875586,-0.4802532427832406,-0.30002127500860026,-0.10977361938621372,0.15641832936714456,1.0097295232428287,-0.25876123694289505,-0.011991846822490236,-0.10364022835686888,0.526540205527383,1
sample_06881.html,-0.2951587805569368,-0.31447026524390775,0.13758548262824066,-0.36558421991739903,0.37462456367545877,-0.3304845408950493,-0.10977361938621372,0.7033954349967964,0.6622518471093933,-0.228781756084227,-0.00042132299538959916,-0.06022663429231689,-0.4623172836111198,1
sample_00269.html,0.4801028438720764,1.2235915690836872,-0.26051190332015844,0.11806965317114136,1.1188449881520317,-0.16598290510822453,-0.10977361938621372,0.3640246735853209,-0.23680481858859195,-0.23477543237585258,-0.02613359816672435,-0.031139526269067054,-0.11922404006945284,0
sample_07056.html,-0.4477397239650031,-0.4805110314497277,-0.5789898120788778,-0.4688591484204489,-0.6502400691274753,-0.30002127500860026,-0.10977361938621372,-1.9925510562714843,-0.14469037377730304,-0.2694943572651209,-0.02613359816672435,-0.1034955163766537,-0.6095858697734594,1
sample_01298.html,-0.44129264184916933,-0.4805110314497277,-0.5789898120788778,-0.4555663358408484,-1.6380502483426695,-0.275650662299441,-0.10977361938621372,-1.9925510562714843,0.24632709485868998,-0.2694943572651209,-0.014563074339623712,-0.10320609241622336,-0.9080687328199147,1
sample_09380.html,-0.4283984776175017,-0.4805110314497277,-0.4993703348891979,-0.2827597723060422,0.5908983802695755,-0.10505637333532646,0.22932624812042704,0.31175186516938147,-0.5911675613384577,-0.24621891433264145,-0.02613359816672435,-0.10364022835686888,0.21375690915026677,1
sample_04574.html,-0.4520377787088923,-0.4805110314497277,-0.5789898120788778,-0.4872645812229726,-0.7067890193140784,-0.3365771940723391,-0.44887348689285445,-1.9925510562714843,0.22606251694284138,-0.2694943572651209,-0.027419211925291086,-0.10364022835686888,-0.8721332970100784,1
sample_08006.html,-0.4520377787088923,-0.4805110314497277,-0.5789898120788778,-0.4903321533567266,-1.114558160185379,-0.3365771940723391,-0.44887348689285445,-1.9925510562714843,-1.60279190543054,-0.2694943572651209,-0.027419211925291086,-0.10364022835686888,0.2457020263352195,0
sample_07140.html,-0.3526452627564547,-0.4717720437546845,-0.4993703348891979,-0.44022847517207864,-0.9155423084809153,-0.17207555828551432,-0.44887348689285445,0.5091260444789073,0.3765595018993778,-0.26607574189878624,0.017577269624544724,-0.005525505770981381,-0.9518407919099815,0
sample_00502.html,0.4951460354756886,1.1362016921332556,0.13758548262824066,-0.0680297229432653,0.18360769333095486,-0.31829923454046966,-0.10977361938621372,0.6960318072123023,-0.03116177516074049,-0.21335358933356108,-0.017134301856757187,-0.05183333943983684,-0.22357269542662261,0
sample_01341.html,1.004465522626558,1.3546763845093344,-0.4993703348891979,0.6283091514188827,-1.7285876807513314,0.5773207825211318,0.5684261156270678,-0.7043542538141186,1.3771193129256598,-0.2670857873479306,-0.02613359816672435,-0.0693434890458728,-1.0385634333390206,1
sample_04867.html,0.1212152727573288,-0.1833854498182605,1.9688334579908764,-0.22038580558637844,0.5028605614050882,-0.3365771940723391,-0.10977361938621372,0.6846444137208587,1.1369331444338076,3.083079575856198,0.012434814590277775,0.27666285564860654,-1.2466068272820312,1
sample_07467.html,-0.36285314277319153,-0.3406872283290372,-0.4197508576995181,-0.34002111880278274,1.0565483106263387,-0.2634653559448614,-0.10977361938621372,0.619808702638082,0.265021714727499,-0.16488250717517405,-0.02613359816672435,-0.09872002102955299,-0.21755021009725198,1
sample_08490.html,-0.16299359718234407,0.2885198857140697,-0.1012729489407988,-0.2152731853634552,0.9098795426618487,-0.29392862183131047,-0.10977361938621372,0.6698264120892018,0.9782095909501514,-0.21048994399422885,-0.02613359816672435,-0.09423394964288262,-0.5641750422694009,0
sample_09791.html,-0.3273941911361057,-0.4018601421943393,-0.4197508576995181,-0.3676292680065683,-0.19605170366853694,-0.22690943688112258,-0.10977361938621372,-0.040176184238764685,0.10906547067905399,-0.2664198233155277,0.0034355182803106135,-0.08613007875083291,0.15772355858102063,1
sample_03436.html,-0.4106690017989588,-0.4805110314497277,-0.5789898120788778,0.005592008266829643,2.6963523949080788,-0.09287106698074685,-0.10977361938621372,-1.9925510562714843,-2.6163952207396743,-0.2694943572651209,-0.02613359816672435,-0.10219310855471715,3.3665695692046063,1
sample_09586.html,-0.05446771489914196,0.13995709489833613,0.6949218229559994,0.0853488837444325,2.3825702736522385,-0.11114902651261627,0.22932624812042704,0.6901184918467668,0.893824690338953,1.2240298800031182,-0.02613359816672435,-0.07469783231383421,-0.5801816878185452,1
sample_05506.html,-0.10443260129685383,0.026350254862775167,-0.1012729489407988,-0.21629570940803983,-0.3470794870986817,-0.31829923454046966,-0.10977361938621372,0.6541983932958324,0.43515811976118013,-0.21642812328315422,-0.02613359816672435,-0.0796180396411501,-0.18342500094089514,0
sample_01189.html,-0.3821943891206929,-0.2882533021587783,-0.5789898120788778,-0.37376441227407625,0.9967473344221405,-0.31829923454046966,-0.44887348689285445,-1.9925510562714843,-0.08055213108541676,-0.2694943572651209,-0.02613359816672435,-0.10204839657450197,0.24826405649579475,1
sample_02727.html,-0.4026101491541666,-0.42807710527946874,-0.34013138050983827,-0.4340933309045707,-0.12160492216570515,-0.30611392818589006,0.22932624812042704,-0.10704674957547404,-1.8830343468220214,-0.18915689615625775,-0.01584868809819045,-0.10074598875256541,2.8987863294350773,1
sample_00519.html,-0.19093095301762383,-0.2358193759885194,0.3764439141972801,-0.23061104603222496,0.4018585994987442,-0.11724167968990606,-0.44887348689285445,0.586620360096999,0.43743886485297,-0.18381808449649495,-0.008135005546790024,-0.07455312033361905,-0.30235424282240764,0
sample_07983.html,0.5322167576417328,1.1274627044382124,0.05796600543856084,0.5710478049221422,0.9046962412572143,-0.25128004959028183,0.22932624812042704,0.5713883134408858,-0.5057856146776013,-0.08680932377648061,-0.02613359816672435,-0.08670892667169361,0.9486830376742963,0
sample_02888.html,2.215979703560324,3.4345554559296048,0.2968244370076003,1.5690312724367625,0.6284476452411643,-0.04412984156242839,0.22932624812042704,0.5502026048383432,0.15195413048946965,-0.11458002392767923,-0.005563778029656549,-0.03041596636799119,-0.18733350826224401,1
sample_03500.html,-0.4214141386586818,-0.4193381175844256,-0.4993703348891979,-0.4494311915733405,0.46176972354517243,-0.3365771940723391,-0.10977361938621372,0.20342950918218355,-0.2555403178862017,-0.2650989946512621,0.0034355182803106135,-0.1034955163766537,0.08712874773162077,0
sample_08415.html,-0.010949910617263888,0.017611267167732012,-0.1012729489407988,-0.007700804312770832,0.7028268409775954,0.163020366465425,-0.44887348689285445,0.5627657692059083,1.2556286607933838,0.05473023191020391,-0.02613359816672435,-0.007406761513778635,-0.7574252837131157,0
sample_01417.html,-0.4337710460473632,-0.46303305605964135,-0.4993703348891979,-0.48828710526755725,-0.9915621547527916,-0.3365771940723391,-0.44887348689285445,0.5206144529947982,0.5602003457668988,-0.2658759526890654,0.08700041258714855,-0.09872002102955299,-1.0372731615215998,1
sample_01282.html,-0.32578242060714724,-0.4193381175844256,-0.021653471751118984,-0.31854811386650506,1.2836706238114464,-0.17207555828551432,-0.44887348689285445,0.6120085789169489,-0.8679800628608789,-0.24750644479528697,-0.002992550512523074,-0.07571081617534044,-0.35558185029132106,1
sample_04216.html,0.17870175495684676,0.24482494723885398,1.9688334579908764,0.11602460508197206,-0.2252608971784444,0.4067264935570173,-0.10977361938621372,0.5308366781310833,0.28015624235118136,0.5692429439441014,-0.02613359816672435,0.11284889404503037,-0.9154474605158514,0
sample_06373.html,-0.3886414712365267,-0.38438216680425297,-0.5789898120788778,-0.46272400415294096,-0.20730834319329128,-0.3365771940723391,-0.44887348689285445,-1.9925510562714843,-1.298336360764447,-0.2694943572651209,0.040718317278746,-0.10146954865364127,1.9916220748010625,1
sample_00427.html,-0.3096647153175628,-0.3406872283290372,-0.4993703348891979,-0.37376441227407625,0.06381297614258408,-0.2695580091221512,-0.10977361938621372,0.3316516123233787,-2.6902423213346274,-0.26031515301850167,-0.02613359816672435,-0.0910502860781488,3.566025188243186,1
sample_09700.html,-0.42624945024555716,-0.4805110314497277,-0.18089242613047862,-0.44840866752875586,-1.807418858718652,-0.2634653559448614,-0.10977361938621372,0.34422625025291975,-0.06920176132817885,-0.2647216150329005,-0.008135005546790024,-0.09582578142524951,-0.7606517911479462,1
sample_07218.html,-0.2956960373999229,-0.2882533021587783,-0.18089242613047862,-0.19073260829342353,-0.256707869948447,-0.11724167968990606,-0.44887348689285445,0.5614478613328628,-0.12787135617871145,-0.24850539084389123,-0.02613359816672435,-0.05979249835167137,0.07744378872377049,0
sample_03857.html,1.1731641713242087,0.19239102106859504,1.0930192089043984,0.19987157673791353,0.6768210916736278,0.48593098486178476,-0.10977361938621372,0.6614286940272084,1.25582433870931,0.8946551689772113,-0.02613359816672435,0.5948845001417726,-1.0722756486050078,0
sample_00804.html,-0.33652755746687024,-0.3756431791092098,-0.4197508576995181,-0.36251664778364506,0.14303388052793062,-0.245187396412992,-0.10977361938621372,0.41360882747013433,0.19806807036655236,-0.21943606082950706,-0.02613359816672435,-0.08815604647384534,0.015179689277319011,1
sample_07264.html,0.31462773623234247,0.6293404058207527,1.0133997317147188,0.0321776334260306,-0.16363454812278477,-0.07459310744887743,0.5684261156270678,0.71878424815751,0.18186994369557785,-0.12559062926340625,-0.02613359816672435,-0.044453028448863,-0.19819481603248945,0
sample_03693.html,-0.4520377787088923,-0.4805110314497277,-0.5789898120788778,-0.4913546774013112,-2.256016803315404,-0.3365771940723391,-0.44887348689285445,-1.9925510562714843,-1.6241803805168198,-0.2694943572651209,-0.027419211925291086,-0.10364022835686888,-1.0836151124799762,1
sample_05036.html,0.36351810894408204,0.5506895165653642,1.729975026421837,0.08637140778901715,-0.3063861516535714,-0.17816821146280412,0.9075259831337085,0.629892398751674,0.9896962881303983,0.07840525326212502,-0.02613359816672435,0.17710101326056732,-0.04723654659956213,0
sample_08881.html,0.1443173170057332,-0.27951431446373515,0.7745413001456792,0.1364750859736651,0.4654433914815935,0.6808958865350585,0.5684261156270678,0.9013688643048497,0.9200895675525792,-0.10502344006269841,-0.02613359816672435,-0.01073513705872762,0.015054958003866286,0
sample_03954.html,-0.44612795343604467,-0.4805110314497277,-0.5789898120788778,-0.4688591484204489,-0.3480860729247746,-0.3304845408950493,-0.44887348689285445,-1.9925510562714843,-1.0257997805427128,-0.2694943572651209,0.051003227347279904,-0.10219310855471715,0.23433554843301233,0
sample_04564.html,-0.04533434856837743,0.017611267167732012,-0.1012729489407988,-0.006678280268186181,0.6615009911776311,-0.17816821146280412,0.9075259831337085,0.442311642837412,0.1590050349701124,-0.2459747275207604,-0.011991846822490236,-0.04836025191467268,1.1083080641434162,0
sample_01062.html,0.7347625874475111,0.4720386273099759,-0.1012729489407988,0.3675655200497964,1.0246685769888433,0.6748032333577687,0.22932624812042704,0.5124557050833578,-0.1209377569893902,-0.2111337092255516,-0.02613359816672435,-0.07600024013577078,0.13488343322839025,0
sample_03238.html,-0.44344166922111394,-0.4805110314497277,-0.5789898120788778,-0.44738614348417116,0.6504347000600212,-0.31220658136317986,-0.10977361938621372,-1.9925510562714843,-0.9938509966472966,-0.2694832578645808,-0.002992550512523074,-0.10074598875256541,0.28401358834115287,1
sample_00472.html,-0.21725653832394515,-0.13969051134304472,-0.26051190332015844,-0.15596679077754538,1.470060618614319,0.0472599560969187,-0.10977361938621372,0.6390556370831247,2.262142285734843,-0.24729555618502605,-0.02613359816672435,0.38085548140353137,-1.1108768161066251,0
sample_01936.html,-0.3854179301786098,-0.3756431791092098,-0.34013138050983827,-0.19993532469468542,-0.4266551440847641,-0.2817433154767308,0.22932624812042704,0.3675598416052989,0.0025123755633056004,-0.19735935315535277,-0.018419915615323922,-0.10291666845579302,-0.08321578894005623,1
sample_02414.html,1.462745609693743,1.2498085321688166,0.7745413001456792,2.049617573391549,0.9503756621138736,3.0143820534370542,-0.10977361938621372,0.6658510527629347,-0.7361111602260113,-0.08230296715722137,-0.02613359816672435,0.15582835216893684,1.6227889873680454,0
sample_07551.html,-0.19630352144748534,-0.3057312775488646,-0.34013138050983827,-0.2868498684843808,1.0848573658922336,-0.03803718838513859,-0.44887348689285445,0.6735629556634896,0.8362905831035164,-0.2087695369105215,-0.024847984408157612,0.00851155630989043,-0.332701256048464,0
sample_06271.html,-0.4224886523446541,-0.4717720437546845,-0.5789898120788778,-0.4719267205542028,-1.1322095820335694,-0.2634653559448614,-0.44887348689285445,-1.9925510562714843,-0.20240851698235857,-0.2694166614613405,-0.017134301856757187,-0.0975623251878316,-0.9640555780633108,0
sample_04602.html,-0.012561681146222334,0.07878418103303408,0.45606339138695995,0.19066886033665165,0.4457223311634819,-0.05631514791700801,0.22932624812042704,0.6271980402128416,1.0427179759473075,0.3641260219640253,-0.014563074339623712,-0.07006704894694868,-0.4593222076422724,0
sample_09382.html,-0.4520377787088923,-0.4805110314497277,-0.4993703348891979,-0.49237720144589586,-2.256016803315404,-0.3365771940723391,-0.44887348689285445,-0.4228497780809389,-4.9669725742523045,12.752899525146578,-0.027419211925291086,-0.10364022835686888,-1.552440465285813,1
sample_05964.html,-0.20328786040630525,-0.17464646212321733,-0.4993703348891979,-0.1508541705546221,0.3952671462287259,-0.18426086464009395,-0.10977361938621372,0.24876567178780673,-0.2478997917002412,-0.2593051075693574,-0.0107062330639235,-0.08801133449363016,-0.2505334507951852,1
sample_06474.html,-0.42678670708854327,-0.44555508066955507,-0.4197508576995181,-0.4688591484204489,-0.45754685981370957,-0.3304845408950493,-0.10977361938621372,0.3848362137511568,0.5079819393697415,-0.247051369373145,-0.014563074339623712,-0.1019036845942868,0.11627144641901434,1
sample_02926.html,-0.4391436144772247,-0.44555508066955507,-0.5789898120788778,-0.44329604730583255,-0.21477084739226635,-0.31829923454046966,-0.44887348689285445,-1.9925510562714843,-0.37901550083784996,-0.2694943572651209,-0.01584868809819045,-0.10320609241622336,-0.10076627571577618,1
sample_00375.html,-0.0920756939081724,-0.34942621602408036,-0.4197508576995181,-0.08541263170120439,0.6704982191521845,0.32142934907495996,-0.10977361938621372,0.5136991069047784,-0.334600309165424,-0.2636338737799758,-0.02613359816672435,-0.060081922312101715,0.43762474737279655,0
sample_06811.html,0.004630537829334437,0.11374013181320669,0.3764439141972801,-0.3379760707136134,0.040293504911678574,-0.2817433154767308,-0.10977361938621372,0.4964521967258587,-0.090114083128088,-0.19829170280071676,-0.02613359816672435,-0.02911355854605463,-0.6982200404581237,1
sample_04652.html,-0.34727269432659325,-0.26203633907364887,-0.4993703348891979,-0.39216984507659997,0.37039824886512324,-0.32439188771775945,-0.10977361938621372,0.6795834736491656,1.4323336187986486,-0.20718232263329472,-0.004278164271089811,-0.08005217558179563,-0.6223270774411828,1
sample_06165.html,-0.050169660155252774,0.09626215642312039,0.05796600543856084,0.2550878751454847,0.715134814646358,-0.04412984156242839,-0.10977361938621372,0.6316015016312446,1.8244558671953457,-0.15165202173143755,-0.02613359816672435,-0.0726718645908218,-0.7187444300462066,0
sample_06262.html,-0.28495090054019995,-0.38438216680425297,-0.18089242613047862,-0.3911473210320153,0.9467137187333441,-0.2817433154767308,0.22932624812042704,0.22367667837584237,0.4871378031695344,-0.25502073896089905,-0.006849391788223287,-0.0813545834037322,0.05758308111280886,1
sample_01533.html,-0.40153563546819426,-0.4805110314497277,-0.4197508576995181,-0.4678366243758642,-0.9102229695251469,-0.25128004959028183,-0.10977361938621372,0.5649619568606343,0.41641107637038316,-0.21599524666209238,0.012434814590277775,-0.09683876528675574,-1.0750988752046293,0
sample_07649.html,-0.4488142376509754,-0.4805110314497277,-0.4197508576995181,-0.4903321533567266,-2.256016803315404,-0.3304845408950493,-0.44887348689285445,-0.3596074767925978,-4.339656543765288,-0.12772171416709535,0.006006745797444088,-0.10364022835686888,-1.5365467910426651,1
sample_08276.html,-0.18824466880269308,-0.44555508066955507,1.3318776404734378,0.2387274904321303,1.7248329471139774,-0.20863147734925316,0.22932624812042704,0.6374831332440687,0.2502071565088784,0.03696009164558801,-0.004278164271089811,-0.0590689384505955,0.42964516617332177,1
sample_03417.html,-0.4106690017989588,-0.4368160929745119,-0.5789898120788778,-0.42693566259247817,0.3935148096086965,-0.29392862183131047,-0.10977361938621372,-1.9925510562714843,0.03741058900244925,-0.26943886026242064,-0.02613359816672435,-0.10118012469321093,-0.34326946423069915,1
sample_09597.html,-0.19630352144748534,-0.11347354825791527,2.207691889559916,-0.1764172716692384,-1.3326004467760206,-0.2878359686540206,-0.44887348689285445,0.7900607661676052,1.549452487047811,5.120962813210522,-0.02613359816672435,-0.07874976775985908,-1.4042908854639111,0
sample_04046.html,-0.4520377787088923,-0.4805110314497277,-0.5789898120788778,-0.4903321533567266,-0.6655331777094177,-0.3365771940723391,-0.44887348689285445,-1.9925510562714843,-0.6516391703371995,-0.2694943572651209,-0.027419211925291086,-0.10364022835686888,0.28452891480864495,0
sample_05409.html,0.7068252316122313,-0.4018601421943393,2.7650282298876747,1.1058278802399153,0.6104237749490998,1.4120142678098353,-0.10977361938621372,0.5598595054213191,-0.22152307866973814,-0.19436251500953997,-0.02613359816672435,0.011405795914193894,0.4565868213730114,0
sample_02504.html,-0.3467354374836071,-0.3581652037191235,-0.5789898120788778,-0.2940075367964734,0.2513359591117207,-0.17207555828551432,0.22932624812042704,-1.9925510562714843,-0.33252878434647837,-0.26943886026242064,-0.02613359816672435,-0.10146954865364127,0.18732363134639052,1
sample_07507.html,-0.44344166922111394,-0.4805110314497277,-0.4993703348891979,-0.4647690522421103,-1.660337563224084,-0.2695580091221512,-0.10977361938621372,0.3391934432522604,0.2602642427682996,-0.2680514351949147,-0.02613359816672435,-0.10262724449536266,-0.5221404988145169,1
sample_04139.html,0.5977620924860431,1.3022424583390755,-0.26051190332015844,0.6017235262596817,0.21243692281131624,-0.17207555828551432,1.9248255856536307,0.6737386481316897,0.6684207241587671,-0.05095826003212749,-0.02613359816672435,0.23527522930706699,-0.45433705052874845,0
sample_06759.html,-0.2580880583908925,-0.4717720437546845,-0.4993703348891979,-0.37376441227407625,-0.6333795824283386,-0.23300209005841238,0.22932624812042704,0.602755132975719,2.168813965233359,-0.03980336248937985,-0.02613359816672435,0.11907150919428283,-0.29437579589917306,1
sample_07688.html,-0.4520377787088923,-0.4805110314497277,-0.4993703348891979,-0.49237720144589586,-2.256016803315404,-0.3365771940723391,-0.44887348689285445,0.7992675497522992,1.5406626502058838,-0.267185681952791,-0.027419211925291086,-0.10364022835686888,-1.0168014571092276,1
sample_05529.html,0.06856410214468618,-0.1659074744281742,-0.021653471751118984,0.23054729807545307,0.19220979287102785,0.06553791562878812,0.5684261156270678,0.5342578597042549,1.2855420714478654,-0.1915321678718279,-0.02613359816672435,0.022693330370977413,-0.7672666946161719,0
sample_04519.html,-0.32470790692117496,-0.3581652037191235,0.5356828685766397,-0.27969220017228824,1.083192424450961,-0.17816821146280412,-0.10977361938621372,0.6645674121483044,0.4405007533834508,-0.16568166401405748,-0.02613359816672435,-0.07050118488759419,-0.5690098230363162,1
sample_06649.html,-0.4520377787088923,-0.4805110314497277,-0.5789898120788778,-0.486242057178388,-0.7123121087648986,-0.3365771940723391,-0.44887348689285445,-1.9925510562714843,0.011481041558787767,-0.2694943572651209,-0.027419211925291086,-0.10364022835686888,-0.7502781960856892,1
sample_03790.html,0.30656888358755024,0.6905133196860547,-0.34013138050983827,0.18657876415831304,0.4756528271036198,-0.0502224947397182,0.5684261156270678,0.3256203044021179,-0.2411179781519496,0.9164987892400246,-0.0209911431324574,-0.07325071251168248,-0.7010448706896713,0
sample_02471.html,-0.39455129650937437,-0.34942621602408036,-0.4993703348891979,-0.389102272942846,-0.08044832141713842,-0.3304845408950493,-0.10977361938621372,0.5313069975516184,0.40962367746895284,-0.19092170084212529,-0.0209911431324574,-0.08366997508717497,-1.0908376099208916,1
sample_08110.html,-0.45096326502292,-0.4805110314497277,-0.4993703348891979,-0.48419700908921864,-1.091387524772613,-0.3304845408950493,-0.44887348689285445,0.19867672293162741,-0.33585272868493177,-0.2687173992273175,-0.0017069367539563366,-0.10364022835686888,-0.8852200678013379,1
sample_03183.html,0.8771356508388406,0.24482494723885398,2.8446477070773546,1.6886665856531669,1.4002158888129326,2.52696979925387,-0.10977361938621372,0.7466893613487285,1.1346804651621438,1.5388421775204826,-0.02613359816672435,0.9513101074117445,-0.5950541223157367,0
sample_04538.html,-0.2613115994488094,-0.1659074744281742,0.05796600543856084,-0.28787239252896546,-0.2108514179875386,-0.2817433154767308,-0.44887348689285445,0.769568839790039,0.2709781732520224,-0.1793561254793959,-0.02613359816672435,-0.04850496389488785,-0.8902592268940237,0
sample_03422.html,-0.4138925428568757,-0.4805110314497277,-0.5789898120788778,-0.44022847517207864,0.20426255154268927,-0.23300209005841238,-0.10977361938621372,-1.9925510562714843,-0.6138841710840947,-0.26939446266026046,-0.02613359816672435,-0.10364022835686888,-0.14964701069063183,1
sample_01165.html,0.7831157033162645,-0.26203633907364887,-0.021653471751118984,0.5209441267374942,1.1162942129094207,2.0943914236662935,-0.10977361938621372,0.3391942390361069,-0.32697876390983804,-0.16454952515897264,-0.02613359816672435,0.07160597968370598,0.5845886695445384,0
sample_04336.html,-0.4375318439482663,-0.4805110314497277,-0.5789898120788778,-0.48215196100004937,-0.3570788920787245,-0.30002127500860026,-0.44887348689285445,-1.9925510562714843,-0.24200638406165234,-0.2694943572651209,-0.017134301856757187,-0.1034955163766537,0.7816575497334644,1
sample_07954.html,-0.17588776141401166,0.08752316872807724,-0.4197508576995181,-0.12324602135083651,-0.0676965648293734,-0.0502224947397182,-0.10977361938621372,0.5463436673779031,-1.0895421893349215,-0.2641222474037379,-0.018419915615323922,-0.08960316627599707,1.5429302817114259,0
sample_07647.html,-0.18770741195970694,-0.15716848673313102,-0.5789898120788778,-0.34308869093653666,1.100821226869268,-0.30611392818589006,-0.10977361938621372,-1.9925510562714843,0.3163179842141385,-0.2694943572651209,0.0008642907631771383,-0.058345378549519634,-0.20849749927324426,1
sample_09876.html,-0.3940140396663882,-0.38438216680425297,-0.5789898120788778,-0.29298501275188876,0.5711545733440624,-0.3304845408950493,-0.10977361938621372,-1.9925510562714843,-0.1892732341973338,-0.2694943572651209,0.011149200831711038,-0.09394452568245226,-0.4664328289404579,1
sample_07152.html,0.16043502229531767,0.2972588734091129,0.5356828685766397,0.3706330921835504,0.04400653731777751,-0.17207555828551432,0.5684261156270678,0.684616838038389,1.4607062239108786,-0.19131017986102694,-0.02613359816672435,0.04642609512626583,-0.8735198780066563,0
sample_09198.html,-0.3413628690537456,-0.34942621602408036,-0.26051190332015844,-0.3267283062231823,0.3532163179626705,-0.3365771940723391,-0.10977361938621372,0.8051552524335904,1.395207580780554,0.24083388076517875,0.01500604210741125,-0.09061615013750328,-1.13894673718625,1
sample_05942.html,-0.31879808164832735,-0.3057312775488646,0.45606339138695995,-0.3768319844078302,0.5968436809100147,-0.2878359686540206,-0.10977361938621372,0.6552719023061897,0.4026367534788947,-0.19757024176561366,-0.02613359816672435,-0.06239731399554449,-0.794437956009734,1
sample_03916.html,-0.2102721993651252,-0.39312115449929613,-0.26051190332015844,-0.2725345318601957,0.10421047851395773,0.0472599560969187,-0.10977361938621372,0.5206469830264876,-0.2925957239765725,-0.26335638876647466,-0.02613359816672435,-0.08395939904760531,-0.030131830386257545,0
sample_08884.html,-0.2430448667872803,-0.3669041914141667,-0.34013138050983827,2.901380102530564,-0.8048829582753053,0.028981996565049278,-0.10977361938621372,0.2658128382791084,-1.3857607415414328,-0.2518907080086057,-0.02613359816672435,-0.09915415697019851,-0.041643313120004716,0
sample_09122.html,0.6547113178425749,0.6817743319910116,2.128072412370236,0.3348447506230876,0.6266936371451918,-0.18426086464009395,0.22932624812042704,0.4452538994544187,0.6372840799656289,1.2749761284819356,-0.0209911431324574,0.07276367552542737,0.2786564798844349,0
sample_08058.html,-0.4520377787088923,-0.4805110314497277,-0.5789898120788778,-0.49237720144589586,-2.256016803315404,-0.3365771940723391,-0.44887348689285445,-1.9925510562714843,-1.2489793212523583,-0.2694943572651209,-0.027419211925291086,-0.10364022835686888,-1.2944241717628304,0
sample_09334.html,0.3183885341332455,0.27104191032398345,0.6949218229559994,0.4831107370878621,1.2303799797893697,0.5590428229892624,0.22932624812042704,0.35501144317937083,-0.13989294941886618,0.5888333858972851,-0.02613359816672435,-0.09611520538567987,1.4447329889323026,0
sample_00632.html,-0.3778963343768037,-0.3756431791092098,-0.4993703348891979,-0.42080051832497023,-1.5977480806607833,-0.29392862183131047,-0.10977361938621372,0.14490518891862492,-0.3488225753185573,-0.19945713985742172,-0.02613359816672435,-0.0969834772669709,1.2949744969330774,1
sample_00627.html,-0.400461121782222,-0.4805110314497277,-0.5789898120788778,-0.36558421991739903,0.03349143356066756,-0.245187396412992,-0.10977361938621372,-1.9925510562714843,-1.3355601875264023,-0.26939446266026046,-0.0017069367539563366,-0.1034955163766537,1.0061440378626116,1
sample_06958.html,-0.02599310222087606,0.6992523073810979,0.6949218229559994,-0.026106237115294566,0.9932999516256442,-0.30002127500860026,-0.44887348689285445,0.5057961925755936,-0.6041555004991229,-0.2542659797241758,-0.0209911431324574,-0.049228523795963715,1.2840443372912835,0
sample_06950.html,1.6744248058302857,2.883999231141886,-0.4993703348891979,3.865620276573891,1.7561024709107453,2.1004840768435833,-0.44887348689285445,0.3513873595452303,0.08346368998914433,-0.2659203502912256,-0.022276756891024138,1.84939265662711,0.026551747297121994,1
sample_09199.html,-0.0034283148154578,0.05256721794790462,0.05796600543856084,-0.13858388201960628,0.4572327140597793,-0.20253882417196337,0.22932624812042704,0.5701294741896893,0.8597839071465814,-0.1413406786297335,-0.02613359816672435,0.08911612928974195,-0.15588335272309092,0
sample_08243.html,0.799233408605849,1.0750287782679535,1.4114971176631177,0.10784441272529484,0.03271810946974044,-0.25128004959028183,0.22932624812042704,0.6913891993959171,0.04138119826555095,-0.11605624419950553,-0.02613359816672435,-0.003933673988614475,-0.20452006185439936,0
sample_02805.html,-0.4498887513369477,-0.4805110314497277,-0.5789898120788778,-0.4790843888662954,-1.3476059645985698,-0.32439188771775945,-0.10977361938621372,-1.9925510562714843,0.27527684025315774,-0.2694943572651209,-0.002992550512523074,-0.10277195647557784,-0.792065571621464,1
sample_09365.html,-0.436457330262294,-0.4805110314497277,-0.5789898120788778,-0.41466537405746234,0.42914483866489467,-0.23300209005841238,-0.10977361938621372,-1.9925510562714843,-1.0892560410585455,-0.26943886026242064,-0.02613359816672435,-0.10320609241622336,0.2528407698615679,1
sample_00918.html,3.847628735709259,1.3546763845093344,-0.18089242613047862,4.488337419725944,0.77754694513358,8.625715629720965,-0.10977361938621372,0.5929472106803777,-0.46020448246881823,-0.20501793952798547,-0.01970552937389066,0.5704281754854084,1.1253458450208889,0
sample_08061.html,-0.3832689028066652,-0.46303305605964135,0.21720495981792048,-0.11302078090498999,0.7762366472837426,0.08381587516065754,1.58572571814699,0.4609210442059906,-0.08647422513892367,-0.16549297420487669,-0.02613359816672435,-0.0726718645908218,0.6844554083467718,1
sample_07272.html,-0.3999238649392358,-0.4805110314497277,-0.18089242613047862,-0.16925960335714585,-0.2114374035392337,-0.1537975987536449,-0.44887348689285445,0.4476182290986396,-0.08927456000244514,-0.22128966071969497,-0.0107062330639235,-0.09915415697019851,0.043439986238093524,1
sample_00488.html,0.21792150449483563,0.2623029226289403,0.05796600543856084,0.33995737084601085,0.47052400612501927,0.12646444740168616,-0.10977361938621372,0.3910163332517324,-0.35379252245441417,-0.22898154529394785,-0.0209911431324574,-0.023325079337447697,0.49690516576343463,0
sample_03973.html,0.10026225588086898,-0.4193381175844256,-0.4993703348891979,-0.43716090303832467,-0.8709529564064272,-0.30002127500860026,-0.44887348689285445,0.11824641306385805,2.517370057436657,-0.2177156537457997,-0.02613359816672435,0.9786606716724122,-1.0712493763230888,1
sample_07220.html,-0.42195139550166794,-0.4805110314497277,-0.34013138050983827,-0.35842655160530645,0.4294621647390753,-0.2817433154767308,-0.10977361938621372,0.14452861905000491,0.4012005683733909,-0.2562749712219244,-0.005563778029656549,-0.10060127677235024,-0.0419349916033001,1
sample_05706.html,-0.39347678282340204,-0.4717720437546845,-0.26051190332015844,-0.0935928240578816,-0.46676873778867767,0.04116730291962889,0.5684261156270678,0.555819397256473,-0.40017957811721755,-0.21135569723635256,-0.02613359816672435,-0.10204839657450197,0.4331672373135122,1
sample_07039.html,-0.2408958394153357,-0.3669041914141667,-0.4197508576995181,-0.3533139313823832,0.10904868069703597,-0.31829923454046966,0.22932624812042704,0.752012212383036,0.9906129220904033,-0.19997881168280396,-0.02613359816672435,0.02529814601485053,0.3834661598638024,1
sample_08102.html,-0.4520377787088923,-0.4805110314497277,-0.5789898120788778,-0.49237720144589586,-2.256016803315404,-0.3365771940723391,-0.44887348689285445,-1.9925510562714843,0.22051243470423174,-0.2694943572651209,-0.027419211925291086,-0.10364022835686888,-1.0897201783346995,1
sample_05616.html,-0.37252376594694225,-0.46303305605964135,-0.5789898120788778,-0.3563815035161372,0.06986602036456717,-0.16598290510822453,-0.10977361938621372,-1.9925510562714843,0.16742979726840093,-0.26943886026242064,-0.005563778029656549,-0.10016714083170472,-0.6857091169424857,1
sample_08946.html,-0.3182608248053412,-0.22708038829347624,-0.4993703348891979,-0.18868756020425423,-0.7519947947594307,-0.31220658136317986,0.5684261156270678,0.16324472682695448,1.02711752326347,-0.2631898977583739,0.0021499045217438758,-0.10219310855471715,-0.7146874238009915,1
sample_07619.html,0.08145826637635376,0.5069945780901485,3.4019840474051133,0.3225744620880718,0.8281633851043535,-0.22690943688112258,-0.44887348689285445,0.5419764556373448,0.14390657394673306,0.3360889361998656,-0.02613359816672435,-0.02375921527809322,-0.34776997248584923,0
sample_06060.html,-0.3827316459636791,-0.39312115449929613,-0.4993703348891979,-0.3983049893441079,0.413983891747841,-0.2817433154767308,-0.10977361938621372,0.2579016500313576,-0.4555150313040648,-0.13368209225710082,-0.0107062330639235,-0.09770703716804677,1.3287569199870384,1
sample_08635.html,-0.2199428225388759,-0.26203633907364887,-0.4197508576995181,-0.1488091224654528,0.41709211632966675,-0.06850045427158762,1.9248255856536307,0.6971011731942497,0.5036406599095308,-0.09060531876117682,-0.017134301856757187,-0.06326558587683553,0.019737628415667584,0
sample_04669.html,-0.43538281657632166,-0.4717720437546845,-0.4197508576995181,-0.4494311915733405,-1.8285293515827974,-0.22690943688112258,-0.10977361938621372,0.4066228702510142,0.20549469220527664,-0.2642110426080583,-0.02613359816672435,-0.10233782053493232,-0.4970429029906451,1
sample_03948.html,-0.425712193402571,-0.46303305605964135,-0.5789898120788778,-0.4340933309045707,-0.018431870466972245,-0.2817433154767308,-0.10977361938621372,-1.9925510562714843,0.195838693013077,-0.2694832578645808,-0.02613359816672435,-0.10277195647557784,-0.2824151136989741,1
sample_00032.html,0.7847274738452229,1.5207171507151542,1.4114971176631177,0.28883116861677827,1.2372096426055887,-0.1477049455763551,0.22932624812042704,0.5804559824535771,0.056889308504229054,0.233863457226029,-0.02613359816672435,-0.04184821280498988,-0.08609628997098105,0
sample_07402.html,-0.33061773219402263,-0.3581652037191235,-0.4197508576995181,-0.23776871434431754,-0.23259440703832168,0.022889343387759473,-0.10977361938621372,-0.9646711011587099,-0.32791969119465086,-0.2654763742696237,-0.02613359816672435,-0.09611520538567987,0.07696267307069668,1
sample_09105.html,2.331489924802346,1.3983713229845502,1.4114971176631177,1.3583913192523243,1.8052105128520461,1.89333386881573,0.5684261156270678,0.3519784536090084,-0.29693755965452107,0.34598960148158786,-0.018419915615323922,-0.011892832900449006,0.10421957883922608,0
sample_00495.html,0.2576785108758107,0.6118624304306663,0.45606339138695995,-0.07825496338911182,0.18157377357521257,-0.2878359686540206,0.5684261156270678,0.7027334967494663,0.021052444152873433,-0.21795984055768075,-0.02613359816672435,-0.0547275790441403,-0.062180649102415796,0
sample_02723.html,-0.4488142376509754,-0.4805110314497277,-0.4993703348891979,-0.4852195331338033,-1.3384300946045464,-0.31829923454046966,-0.44887348689285445,-0.07134170978834635,-3.039051443683039,0.60635933935002,-0.017134301856757187,-0.10364022835686888,4.626342628098604,1
sample_03486.html,-0.4520377787088923,-0.4805110314497277,-0.4993703348891979,-0.49237720144589586,-2.256016803315404,-0.3365771940723391,-0.44887348689285445,0.8551427565711768,1.8146857171874355,0.5579437541943332,-0.027419211925291086,-0.10364022835686888,-1.5517220903336595,1
sample_04728.html,0.34901217418345604,0.9876389013175219,1.0930192089043984,0.3297321304001643,-0.29852374683517663,-0.16598290510822453,-0.10977361938621372,0.6301874738482983,0.1352032650145143,0.1364440186860329,-0.02613359816672435,-0.07238244063039144,-0.7366889148446867,0
sample_09894.html,-0.42195139550166794,-0.4805110314497277,-0.34013138050983827,-0.35842655160530645,0.4294621647390753,-0.2817433154767308,-0.10977361938621372,-0.40554107982603693,-0.022006057774463295,-0.24866078245145187,-0.005563778029656549,-0.10060127677235024,0.7069799311137982,1
sample_02903.html,-0.4214141386586818,-0.4805110314497277,-0.5789898120788778,-0.4565888598854331,-0.2176315057962528,-0.2817433154767308,-0.10977361938621372,-1.9925510562714843,-0.6603472534716854,-0.26943886026242064,-0.0017069367539563366,-0.10320609241622336,-0.6114483252846218,1
sample_03141.html,0.09435243060802134,0.4108657134446739,-0.021653471751118984,1.2694317273734597,1.5637403288991139,0.2665954704793517,1.9248255856536307,0.5554269325887157,0.9742390718149225,-0.22113426911213432,-0.02613359816672435,0.1674053105861507,-0.7727778169260622,1
sample_05604.html,-0.4289357344604879,-0.46303305605964135,-0.4993703348891979,-0.47397176864337215,-1.5435377130570114,-0.31829923454046966,-0.10977361938621372,0.43619300261567,-0.22157088764455046,-0.26772955257925335,-0.006849391788223287,-0.10089070073278059,0.5328237178062468,0
sample_03981.html,-0.42302590918764027,-0.4805110314497277,-0.4993703348891979,-0.44738614348417116,0.40524312026520176,-0.2695580091221512,-0.10977361938621372,0.04218901700223289,-0.52918331047071,-0.2688727908348782,-0.0107062330639235,-0.09843059706912263,-0.30430921355426843,1
sample_00715.html,-0.3950885533523605,-0.46303305605964135,-0.26051190332015844,-0.36251664778364506,-0.0009308330050949547,-0.2634653559448614,-0.10977361938621372,0.5704412422969481,0.16820028244215493,-0.22950321711933006,0.026576565934511888,-0.10291666845579302,-0.07030679965238253,1
sample_03262.html,-0.4520377787088923,-0.4805110314497277,-0.5789898120788778,-0.48828710526755725,-0.4857802989613899,-0.3365771940723391,-0.44887348689285445,-1.9925510562714843,-2.374105694263592,-0.2694943572651209,-0.027419211925291086,-0.10364022835686888,-0.06926926283400898,0
sample_01675.html,0.20717636763511266,1.1187237167431694,0.21720495981792048,0.003546960177660339,0.20435779539109275,-0.3304845408950493,-0.10977361938621372,0.6285886037822711,0.46906154807277267,-0.2147632132021471,-0.02613359816672435,-0.08685363865190877,-0.45631019575576903,0
sample_07887.html,-0.01524796536115308,0.1486960825933793,0.45606339138695995,0.22338962976336052,0.693523496718611,-0.05631514791700801,0.22932624812042704,0.6386654291593082,1.0406669874083434,0.37290564779120283,-0.014563074339623712,-0.06601511350092382,-0.4583409674308571,0
sample_01422.html,-0.16567988139727483,-0.1833854498182605,0.13758548262824066,-0.19073260829342353,0.5016906433101939,-0.2695580091221512,-0.10977361938621372,0.2443213758307516,-0.3207499878750538,-0.21777115074849995,-0.013277460581056975,-0.06413385775812656,0.4057505811223196,0
sample_08159.html,-0.4332337892043771,-0.4717720437546845,-0.4197508576995181,-0.43511585494915533,-0.045069788929675204,-0.23909474323570218,-0.10977361938621372,0.40139478109889704,0.18391548078567613,-0.2675630615711526,-0.02613359816672435,-0.10161426063385645,-0.1711662648426709,1
sample_07449.html,-0.4224886523446541,-0.4717720437546845,-0.4197508576995181,-0.41364285001287765,-1.8438234049120121,-0.11724167968990606,-0.10977361938621372,0.4066228702510142,0.2556658928591173,-0.2642110426080583,-0.02613359816672435,-0.09857530904933781,-0.6609624687948764,1
sample_02407.html,-0.08616586863532476,0.08752316872807724,-0.021653471751118984,-0.29503006084105804,0.054045748860772944,-0.32439188771775945,-0.10977361938621372,0.7071347854206372,0.2017164930788785,-0.21724947892311772,-0.01584868809819045,-0.073684848452328,-0.22931008628995425,0
sample_04448.html,-0.4477397239650031,-0.4805110314497277,-0.5789898120788778,-0.4688591484204489,-0.6502400691274753,-0.30002127500860026,-0.10977361938621372,-1.9925510562714843,-0.14469037377730304,-0.2694943572651209,-0.02613359816672435,-0.1034955163766537,-0.6095858697734594,1
sample_08418.html,0.8561826339623808,1.1973746059985577,3.083506138646394,0.1916913843812363,-0.11167137091539736,-0.3304845408950493,0.22932624812042704,0.629450842134722,0.9185307518859113,0.22355211412432496,-0.02613359816672435,0.05322755819637898,-0.6627590580581573,0
sample_00043.html,-0.19146820986061,-0.34942621602408036,-0.34013138050983827,-0.23572366625514823,0.04748621109155456,-0.1294269860444857,-0.10977361938621372,0.6265933080938675,0.39006932522994964,-0.20651635860089188,-0.01584868809819045,0.021969770469901544,0.015061672397702109,0
sample_01722.html,-0.02760487274983451,0.31473684879919916,0.6949218229559994,0.1150020810373874,2.2881928856750924,-0.1477049455763551,0.22932624812042704,0.6780746121255733,1.0000263176450346,3.100638827510553,0.0008642907631771383,-0.07064589686780937,-1.0160220007296539,1
sample_03154.html,-0.04855788962629432,0.07878418103303408,0.05796600543856084,-0.1897100842488389,-0.0627280238591561,-0.2634653559448614,-0.10977361938621372,0.6825702121069938,0.5862361307988867,-0.2276385178286021,-0.01584868809819045,-0.08656421469147843,-0.8290349980067159,0
sample_06607.html,-0.4235631660306264,-0.4717720437546845,-0.4197508576995181,-0.4259131385478935,-1.7085752446286655,-0.18426086464009395,-0.10977361938621372,0.40139478109889704,0.35391850686538556,-0.2675630615711526,-0.02613359816672435,-0.09929886895041368,-0.6062055440503255,1
sample_01500.html,-0.40153563546819426,-0.4805110314497277,-0.4993703348891979,-0.4064851817007851,-1.1260325397321014,-0.20863147734925316,-0.10977361938621372,0.5865529830839468,0.3257197300972157,-0.265787157484745,-0.017134301856757187,-0.10161426063385645,-0.6241935094380149,1
sample_03480.html,0.7664607411836939,0.7604252212463999,0.2968244370076003,0.8604221095395987,1.5976282197609653,0.7661930310171158,0.22932624812042704,0.45563887234070133,1.1938644352430947,0.23248713155906311,-0.02613359816672435,0.8190433574950761,-0.17195898052036315,0
sample_02462.html,-0.27313124999450467,-0.1833854498182605,-0.34013138050983827,-0.23879123838890218,-0.1959352030065076,-0.18426086464009395,-0.44887348689285445,0.529002417727987,0.33230118165518685,0.05535179834044656,-0.004278164271089811,-0.040401093002838145,-0.33877857776710435,0
sample_06259.html,-0.4520377787088923,-0.4805110314497277,-0.5789898120788778,-0.48828710526755725,-0.7606903213262295,-0.3365771940723391,-0.44887348689285445,-1.9925510562714843,-1.5864930569971567,-0.2694943572651209,-0.027419211925291086,-0.10364022835686888,-0.17676236660697367,0
sample_00498.html,-0.4520377787088923,-0.4805110314497277,-0.5789898120788778,-0.4903321533567266,-1.114558160185379,-0.3365771940723391,-0.44887348689285445,-1.9925510562714843,-1.60279190543054,-0.2694943572651209,-0.027419211925291086,-0.10364022835686888,0.2457020263352195,0
sample_07335.html,0.041164003152392575,0.19239102106859504,-0.1012729489407988,0.16306071113286605,0.193554507379508,-0.025851882030558975,-0.44887348689285445,0.5258784407864925,0.5021948723227682,0.31400112912517125,-0.02613359816672435,-0.026653454882396684,-0.43223283577819255,0
sample_07632.html,-0.36177862908721925,-0.38438216680425297,-0.34013138050983827,-0.3983049893441079,0.4013557698752253,-0.31220658136317986,-0.10977361938621372,0.48022527460245884,0.036871467232767484,-0.25825066451805284,-0.02613359816672435,-0.08164400736416254,0.12160967634704425,1
sample_01744.html,-0.4520377787088923,-0.4805110314497277,-0.4993703348891979,-0.49237720144589586,-2.256016803315404,-0.3365771940723391,-0.44887348689285445,0.316680591508493,-0.3911142538389268,-0.2685620076197569,-0.027419211925291086,-0.10364022835686888,-0.9317547544569498,1
sample_07223.html,-0.4520377787088923,-0.4805110314497277,-0.4197508576995181,-0.4913546774013112,-2.256016803315404,-0.3365771940723391,-0.44887348689285445,0.999880677590715,2.5804633292253767,0.16526916188853602,-0.027419211925291086,-0.10364022835686888,-1.5017723717094937,1
sample_08388.html,-0.25164097627505866,-0.2183414005984331,-0.4993703348891979,0.4197142463236137,0.8358674357453432,-0.20863147734925316,1.9248255856536307,0.19188763117764643,-0.9246561862068876,-0.16279581987364516,-0.005563778029656549,-0.09466808558352813,1.0796684495627151,1
sample_03303.html,0.5118009976082591,1.5993680399705426,0.9337802545250389,0.4156241501452751,0.6234812420644541,-0.18426086464009395,-0.10977361938621372,0.6271236006788419,0.2052865225659412,0.07941529871126934,-0.02613359816672435,-0.08598536677061773,-0.7840218972955866,0
sample_00084.html,-0.4450534397500724,-0.4805110314497277,-0.5789898120788778,-0.42898071068164745,0.2621742996695351,-0.30002127500860026,-0.10977361938621372,-1.9925510562714843,-0.5444389004305403,-0.26943886026242064,-0.008135005546790024,-0.10364022835686888,0.036300929807954324,1
sample_06925.html,-0.42947299130347405,-0.46303305605964135,-0.4993703348891979,-0.40955275383453904,0.15465273373444294,-0.30002127500860026,-0.10977361938621372,0.5766664835670271,0.2862945145494476,-0.21536258083130966,-0.02613359816672435,-0.10016714083170472,-0.4523166959423494,1
sample_03385.html,0.7299272758606358,1.2585475198638598,0.45606339138695995,1.103782832150746,1.2193261520684675,-0.08068576062616724,0.5684261156270678,0.5923971953768963,-0.3089463264105895,-0.12132845945602805,-0.02613359816672435,0.08173581829876812,-0.1133885929808008,0
sample_09291.html,-0.4520377787088923,-0.4805110314497277,-0.5789898120788778,-0.48828710526755725,-0.4857802989613899,-0.3365771940723391,-0.44887348689285445,-1.9925510562714843,-2.374105694263592,-0.2694943572651209,-0.027419211925291086,-0.10364022835686888,-0.06926926283400898,0
sample_03165.html,-0.13183270028914743,-0.11347354825791527,0.6153023457663196,-0.25208405096850267,0.8744166854242634,-0.17816821146280412,-0.10977361938621372,0.8132616218425369,1.6608207797388552,0.43912467141312567,-0.02613359816672435,-0.06673867340199968,-1.2217225796925884,0
sample_02244.html,-0.31396277006145196,-0.3406872283290372,-0.4993703348891979,-0.37376441227407625,0.05687775598690603,-0.2695580091221512,-0.10977361938621372,0.3316516123233787,-2.69877429460229,-0.26031515301850167,-0.02613359816672435,-0.09683876528675574,3.5716534930225863,1
sample_08427.html,0.28615312355407657,0.8478150981968314,0.9337802545250389,0.5199216026929095,0.32983525826322446,0.09600118151523715,1.2466258506403491,0.46563058671750035,0.015000805442684782,0.4471495380035799,-0.02613359816672435,-0.08280170320588393,0.6444072303040532,0
sample_08252.html,-0.4450534397500724,-0.4717720437546845,-0.18089242613047862,-0.4238680904587242,-0.2102900140331395,-0.3304845408950493,-0.10977361938621372,0.7699767545113553,1.658329346577405,-0.2355079928114957,0.009863587073144301,-0.1034955163766537,-0.21407676942115467,0
sample_04949.html,-0.4429044123781278,-0.4805110314497277,-0.4993703348891979,-0.42080051832497023,0.27996345476909223,-0.2695580091221512,-0.44887348689285445,0.5058305205252719,0.48661773958269294,-0.16544857660271647,-0.02613359816672435,-0.10364022835686888,0.7383582361200778,1
sample_05209.html,0.1663448475681653,0.07004519333799093,0.13758548262824066,0.07307859520941667,0.35321040118007424,0.053352609274208505,-0.44887348689285445,0.6175822018821385,0.5540157581414531,-0.0851444136954735,-0.02613359816672435,0.025876993935711225,-0.36991610330666225,0
sample_07652.html,5.656572526043623,9.96257926412684,-0.021653471751118984,2.8124205106516995,1.6073564156570728,-0.275650662299441,0.9075259831337085,0.6220195834049289,-1.2979353148985404,-0.251491129589164,-0.02613359816672435,0.045268399284544444,1.4661585414367715,0
sample_05888.html,-0.3349157869379118,-0.3756431791092098,-0.4993703348891979,-0.2602642433251799,0.0858928947734469,-0.0502224947397182,-0.44887348689285445,0.46794790927880914,-1.024566457832276,-0.26455512402479975,-0.024847984408157612,-0.09944358093062886,1.1413992305737257,0
sample_01539.html,-0.3316922458799949,-0.4805110314497277,-0.5789898120788778,-0.251061526923918,0.9453594961914183,-0.025851882030558975,0.5684261156270678,-1.9925510562714843,-0.7485484618497134,-0.2694943572651209,-0.01584868809819045,-0.10320609241622336,0.18618511786731948,1
sample_09345.html,0.2023410560482373,0.4370826765298033,-0.26051190332015844,0.06592092689732411,0.42071969755620364,-0.19644617099467354,-0.44887348689285445,0.4188754876195416,-0.8399171319753589,-0.25328923247665164,-0.014563074339623712,0.06625163641574458,1.3087713637637026,0
sample_07778.html,-0.4520377787088923,-0.4805110314497277,-0.5789898120788778,-0.48828710526755725,-0.4857802989613899,-0.3365771940723391,-0.44887348689285445,-1.9925510562714843,-2.374105694263592,-0.2694943572651209,-0.027419211925291086,-0.10364022835686888,-0.06926926283400898,0
sample_02036.html,0.723480193744802,1.1886356183035145,0.2968244370076003,0.052628114317723636,-0.04132620363903387,-0.22690943688112258,0.5684261156270678,0.5618299662447113,0.018927926718787937,-0.14988721704557,-0.014563074339623712,-0.008564457355500021,-0.40100546773781276,0
sample_03964.html,-0.4332337892043771,-0.4805110314497277,-0.4993703348891979,-0.4300032347262321,-0.6901165009856889,-0.2208167837038328,-0.44887348689285445,0.23918846223247617,0.1637186841816362,-0.2634895815729552,-0.013277460581056975,-0.09495750954395848,-0.48493885870380565,1
sample_08712.html,-0.24358212363026646,-0.4542940683645982,0.13758548262824066,-0.15494426673296072,1.9089996487815966,-0.05631514791700801,-0.10977361938621372,0.48834417748560627,0.6948735694924223,-0.2467405861580237,-0.00042132299538959916,-0.10219310855471715,0.40805536525420266,1
sample_08967.html,-0.40153563546819426,-0.4805110314497277,-0.4993703348891979,-0.40955275383453904,-1.1230232592588287,-0.20863147734925316,-0.10977361938621372,0.5865529830839468,0.3440723018067845,-0.265787157484745,-0.017134301856757187,-0.10161426063385645,-0.6159172563322561,1
sample_03326.html,-0.43806910079125244,-0.4717720437546845,-0.5789898120788778,-0.4749942926879568,-0.5171445700086359,-0.32439188771775945,-0.44887348689285445,-1.9925510562714843,1.5338218466761733,-0.2694832578645808,0.03557586224447905,-0.09611520538567987,0.39629691016621515,0
sample_08833.html,-0.4310847618324325,-0.4805110314497277,-0.4993703348891979,-0.4463636194395865,0.3146597040998842,-0.2878359686540206,-0.10977361938621372,0.2203667060172605,0.15554046797165738,-0.2662977299095872,-0.0107062330639235,-0.10364022835686888,-0.3697532629590689,1
sample_00714.html,-0.18233484352984544,-0.11347354825791527,2.207691889559916,-0.19686775256093145,-1.321073797269638,-0.2878359686540206,-0.44887348689285445,0.7902474442400234,1.5599566822422668,4.728654501122546,-0.02613359816672435,-0.07874976775985908,-1.411348430456648,0
sample_03806.html,0.004630537829334437,-0.2183414005984331,-0.34013138050983827,0.33586727466767224,0.9070336974106055,0.6443399674713197,0.22932624812042704,0.5372717737677439,0.4949238498217092,5.136479775165508,-0.02613359816672435,-0.038953973200686415,-1.2911423716207024,0
sample_09757.html,-0.19630352144748534,-0.11347354825791527,2.207691889559916,-0.19073260829342353,-1.3205259649731693,-0.2878359686540206,-0.44887348689285445,0.7800484745393091,1.5061364434314728,4.714114286415084,-0.02613359816672435,-0.07498725627426457,-1.3999307797470506,0
sample_07507.html,-0.414967056542848,-0.4805110314497277,-0.4993703348891979,-0.4617014801083563,-1.6831451007685423,-0.22690943688112258,-0.44887348689285445,0.14758700767136407,-0.7727956180104031,-0.26458842222641993,-0.014563074339623712,-0.10132483667342611,0.5298850036326472,0
sample_01889.html,-0.4455906965930585,-0.4805110314497277,-0.5789898120788778,-0.4310257587708167,-0.21863447009113557,-0.31829923454046966,-0.10977361938621372,-1.9925510562714843,-0.1045060188676415,-0.2694943572651209,-0.006849391788223287,-0.10364022835686888,-0.32096800275326254,1
sample_03458.html,-0.30268037635874284,-0.3319482406339941,-0.4993703348891979,-0.36660674396198367,0.1450017406474816,-0.2695580091221512,-0.10977361938621372,0.343253371727165,-2.672011834268812,-0.25871683934073486,-0.02613359816672435,-0.0910502860781488,3.551320391951708,1
sample_04720.html,-0.3488844648555517,-0.3406872283290372,-0.5789898120788778,-0.30321025319773526,0.23487075830494342,-0.2573727027675716,-0.10977361938621372,-1.9925510562714843,-0.1499761521612404,-0.26943886026242064,-0.02613359816672435,-0.09625991736589504,-0.07872479817519788,1
sample_01393.html,1.3381020221209565,0.46329963961493276,-0.021653471751118984,1.4228103340611573,0.7222838565452532,3.45305308220192,-0.10977361938621372,0.622343184851974,-0.5685541016576747,-0.20080016732276748,-0.02613359816672435,0.19099336336122397,1.173263683769042,0
sample_02969.html,-0.44182989869215544,-0.4805110314497277,-0.4993703348891979,-0.4023950855224465,0.43726156218169654,-0.29392862183131047,-0.10977361938621372,0.3356205801313072,0.20150745306178455,-0.24427651923813315,-0.009420619305356762,-0.10364022835686888,0.4633053481464949,1
sample_00133.html,-0.4520377787088923,-0.4805110314497277,0.05796600543856084,-0.48010691291088003,-1.028795111070339,-0.3365771940723391,-0.10977361938621372,-0.34367591962729616,-4.066671672645819,-0.01558447051099641,-0.027419211925291086,-0.10364022835686888,-1.4929999314180895,1
sample_01661.html,0.5628403976919434,0.17491304567850874,-0.021653471751118984,0.4043763856548439,0.49818991257317546,0.7235444587760872,0.5684261156270678,0.667153677119248,-0.37300475443187603,-0.25132463858106324,-0.02613359816672435,-0.05342517122220374,0.2161107931019288,1
sample_08136.html,-0.3290059616650642,-0.2532973513786057,0.6949218229559994,-0.2970751089302273,0.6367568004539677,-0.3365771940723391,0.5684261156270678,0.536639282435919,0.4543166947523127,-0.1234040473570169,0.013720428348844514,-0.09452337360331296,-0.016542131940201082,0
sample_07113.html,-0.17266422035609477,-0.1659074744281742,-0.34013138050983827,-0.19686775256093145,0.7532540286903023,-0.007573922498689558,-0.10977361938621372,0.57812307826005,-0.22576773847337306,-0.23224476905272176,-0.017134301856757187,-0.09814117310869229,-0.13285298186589006,0
sample_06340.html,0.15183891280753928,-0.3756431791092098,-0.021653471751118984,0.18248866797997443,1.2218442911376792,0.5651354761665522,-0.44887348689285445,0.6582996627172915,1.5357664379717173,-0.20559510835606795,-0.02613359816672435,-0.0634102978570507,-0.6366620605653682,0
sample_08517.html,0.4016633447960986,0.5419505288703211,0.6153023457663196,-0.32059316195567433,-0.24157592556143748,-0.31829923454046966,-0.44887348689285445,0.6536206852971255,0.8456957203697574,2.679871652437896,-0.02613359816672435,0.06755404423768113,-1.4365265468559192,0
sample_01354.html,0.5988366061720154,1.2061135936936007,2.685408752697995,0.7101110749856548,0.24647551297523854,-0.2573727027675716,0.9075259831337085,0.5654521776747562,-0.2865460474789664,1.1728394447124195,-0.02613359816672435,-0.03490203775466156,0.9494746060380903,0
sample_04498.html,0.10617208115371662,0.7953811720265725,0.13758548262824066,0.3604078517377039,1.0205299238244443,0.10818648786981676,-0.10977361938621372,0.637787987888123,-0.8324217271178794,-0.2257627191373341,-0.02613359816672435,-0.06297616191640518,1.2389884339491577,0
sample_04704.html,-0.28817444159811684,-0.34942621602408036,1.2522581632837582,-0.34411121498112135,-0.06379506139852963,-0.17207555828551432,-0.10977361938621372,0.6223135179913302,0.9824765561151905,-0.13492522511758612,-0.02613359816672435,0.011984643835054588,-0.4938974115622151,1
sample_01023.html,0.07877198216142302,0.39338773805458754,3.003886661456714,-0.023038664981540613,-0.013942116513409332,-0.31829923454046966,0.22932624812042704,0.6148652710485968,0.5851348737505365,0.22053307717743206,-0.0209911431324574,-0.08149929538394736,-0.986107915972948,0
sample_01728.html,1.6830209153180642,3.2422977266386552,2.128072412370236,0.6548947765780837,1.407362768694031,-0.31220658136317986,0.22932624812042704,0.5331518604756773,2.193301410032781,0.3177638259082473,-0.004278164271089811,0.3562544447669519,-0.45754500537633924,1
sample_03420.html,-0.31396277006145196,-0.26203633907364887,-0.021653471751118984,-0.3236607340894283,-0.2060471722016117,-0.245187396412992,-0.10977361938621372,0.3799540041095485,0.4067871215001993,-0.2077372926602971,-0.02613359816672435,-0.07759207191813769,0.4208130003709227,1
sample_01373.html,0.08038375269038146,0.32347583649424233,-0.1012729489407988,0.4043763856548439,0.9672206331558848,-0.013666575675979363,1.2466258506403491,0.2024070759970415,-0.6656386867359801,-0.158544749466807,-0.02613359816672435,-0.09133971003857914,0.660912996511878,0
sample_06843.html,-0.39562581019534665,-0.4368160929745119,0.21720495981792048,-0.14574155033169886,0.4495856873951719,-0.1537975987536449,-0.44887348689285445,0.5789630404911579,-0.1623314039430569,-0.25053658114271987,-0.02613359816672435,-0.09944358093062886,0.4795547157733933,0
sample_00674.html,-0.42732396393152944,-0.4805110314497277,-0.5789898120788778,-0.4565888598854331,-0.9039634616877402,-0.275650662299441,-0.10977361938621372,-1.9925510562714843,-0.22086802155243127,-0.26939446266026046,-0.009420619305356762,-0.10364022835686888,-0.6641888328154698,1
sample_00517.html,-0.4283984776175017,-0.4717720437546845,-0.4993703348891979,-0.4412509992166633,-0.29320676369151677,-0.29392862183131047,-0.10977361938621372,0.31903859323881945,0.5153695564394525,-0.2638114641886166,-0.00042132299538959916,-0.10320609241622336,-0.33764817371126804,1
sample_04286.html,-0.45150052186590617,-0.4805110314497277,-0.4993703348891979,-0.4913546774013112,-2.256016803315404,-0.3304845408950493,-0.44887348689285445,0.9353264472470755,2.2840817253935164,-0.19098829724536556,-0.01970552937389066,-0.10364022835686888,-1.5198422527019813,1
sample_02526.html,0.11100739274059196,0.09626215642312039,0.13758548262824066,0.23975001447671496,1.253458647688824,0.10818648786981676,-0.10977361938621372,0.7584664485876046,1.2330468668975443,0.8442527911248561,-0.02613359816672435,0.03759866433314026,-0.8463759435441236,0
sample_07596.html,0.7256292211167465,0.32347583649424233,0.2968244370076003,1.3369183143160466,1.4904905361341698,1.3084391637959087,-0.10977361938621372,0.6064914027110263,0.760109041804209,2.6142408970445956,-0.02613359816672435,0.19200634722273016,-0.36022874536975213,0
sample_01797.html,0.2684236477355336,0.6293404058207527,0.5356828685766397,-0.06291710272034204,0.5112731906684941,-0.32439188771775945,0.5684261156270678,0.7157522111972189,0.2559860141940258,-0.1572794178052416,-0.02613359816672435,-0.018260160029916633,-0.43153830670239995,0
sample_05741.html,-0.3096647153175628,-0.3406872283290372,-0.4993703348891979,-0.37376441227407625,0.06381297614258408,-0.2695580091221512,-0.10977361938621372,0.3316516123233787,-2.6904033257696836,-0.26031515301850167,-0.02613359816672435,-0.0910502860781488,3.5660843661725488,1
sample_07426.html,-0.01524796536115308,-0.07851759747774266,-0.021653471751118984,-0.09870544428080485,0.7150506715784041,0.21785424506103326,-0.44887348689285445,0.6755553507950293,0.078253853352284,-0.20122194454328926,-0.02613359816672435,-0.028968846565839455,0.21685777267558903,0
sample_00422.html,1.3988120453783914,2.0537954001127865,1.4911165948527976,1.0076655719597887,1.143045052895448,-0.2634653559448614,0.22932624812042704,0.6565468849479384,0.1232549302858577,-0.09253661445514508,-0.02613359816672435,0.11834794929320697,-0.14899961274826998,0
sample_07019.html,-0.42195139550166794,-0.44555508066955507,-0.5789898120788778,-0.4688591484204489,0.32103522205746726,-0.31220658136317986,-0.10977361938621372,-1.9925510562714843,0.5085048947738157,-0.26943886026242064,-0.02613359816672435,-0.10175897261407163,-0.5993294962936854,1
sample_07407.html,-0.17105244982713633,-0.04356164669757005,0.6949218229559994,-0.1784623197584077,-1.2741405817173097,-0.17816821146280412,0.22932624812042704,0.7091219475086756,0.7807341955952192,-0.19714846454509188,-0.0209911431324574,-0.061384330134038274,-0.9736824021544344,1
sample_05980.html,-0.4321592755184048,-0.4717720437546845,-0.5789898120788778,-0.4300032347262321,-1.5966863542967797,-0.2878359686540206,-0.10977361938621372,-1.9925510562714843,0.9895037518146691,-0.2694943572651209,-0.02613359816672435,0.009958676112042162,-1.2920741730332326,1
sample_05202.html,0.3726514752748466,0.7953811720265725,-0.021653471751118984,-0.04348914587323365,-0.33246991528036796,-0.23300209005841238,0.22932624812042704,0.6592069135949724,-0.13356379410759733,-0.18963417037947977,-0.02613359816672435,-0.01956256785185319,0.1371350497912193,0
sample_05380.html,1.5691224646050006,2.7092194772410227,0.45606339138695995,1.1947874721187801,0.5932770479946833,-0.013666575675979363,0.22932624812042704,0.4358470760087407,-0.13709605486506826,-0.098607986550551,-0.022276756891024138,0.05221457433487277,0.23717112169469715,0
sample_00559.html,-0.4520377787088923,-0.4805110314497277,-0.5789898120788778,-0.48828710526755725,-2.256016803315404,-0.3365771940723391,-0.44887348689285445,-1.9925510562714843,-0.0124475692172544,-0.2694943572651209,-0.027419211925291086,-0.10364022835686888,-0.37626557309701325,1
sample_05894.html,-0.4455906965930585,-0.4717720437546845,-0.5789898120788778,-0.4760168167325414,-0.5084934647318502,-0.3304845408950493,-0.44887348689285445,-1.9925510562714843,1.517239950365298,-0.2694943572651209,0.011149200831711038,-0.10320609241622336,0.43481986475788775,1
sample_01943.html,2.3766194996131826,0.9177269997571766,2.9242671842670345,1.608909710175564,0.991679080222194,3.489609001265659,-0.10977361938621372,0.5314630663494535,-0.008893505239394917,0.5359780405255793,-0.02613359816672435,0.38852521635493553,0.17802034977455283,0
sample_07872.html,-0.4520377787088923,-0.4805110314497277,-0.4993703348891979,-0.49237720144589586,-2.256016803315404,-0.3365771940723391,-0.44887348689285445,0.32146681233332947,-0.8329860769671793,-0.2532337354739514,-0.027419211925291086,-0.10364022835686888,0.7857714262425866,0
sample_03721.html,0.14163103279080247,0.1836520333735519,-0.34013138050983827,0.29905640906262476,1.468907669633892,0.5163942507482338,-0.10977361938621372,0.5703476995808588,-0.6057422146055808,-0.21778225014904,-0.017134301856757187,-0.058345378549519634,0.7514200919470259,0
sample_00357.html,0.3393415510097053,0.09626215642312039,-0.1012729489407988,-0.1784623197584077,-0.09901192703706274,-0.2573727027675716,0.22932624812042704,0.07638765933106514,2.339473127389788,-0.2290925392993483,-0.014563074339623712,1.3345074310215235,-0.9661614075351239,0
sample_07313.html,0.8239472233832118,1.6605409538358447,-0.1012729489407988,0.4708404485528463,0.3957327612882186,-0.2817433154767308,0.9075259831337085,0.28539762108114775,0.26201806167937497,1.3384203019688468,-0.02613359816672435,-0.07455312033361905,-0.9844262667020119,1
sample_02595.html,-0.436457330262294,-0.4717720437546845,-0.1012729489407988,-0.4340933309045707,-0.5450075410480709,-0.31829923454046966,0.22932624812042704,0.2954864987720494,-0.6214050254782623,-0.16188566902936127,-0.008135005546790024,-0.10262724449536266,0.9430362976465786,1
sample_01076.html,1.1393169902160813,0.2885198857140697,-0.021653471751118984,1.294994828488076,0.18582759506574406,3.1484204233374298,-0.10977361938621372,0.6246043111875514,-0.917923906938436,-0.19976792307254307,-0.02613359816672435,0.0844853459228564,1.1582234546142423,0
sample_07072.html,-0.11087968341268763,-0.08725658517278581,3.879700910543192,0.741809320367779,1.7745860213114895,0.37017057449327845,0.22932624812042704,-1.9925510562714843,0.3016014825479218,-0.26815132979977513,-0.0209911431324574,-0.07947332766093494,-0.05378736997904299,0
sample_05244.html,0.06802684530170003,0.2885198857140697,1.2522581632837582,-0.19993532469468542,0.16109002968513095,-0.30002127500860026,0.5684261156270678,0.5202435138188379,0.49917375249255874,0.2318988633304406,-0.02613359816672435,-0.07918390370050458,-0.24632368231195953,0
sample_07349.html,-0.30053134898679823,-0.270775326768692,-0.18089242613047862,-0.3277508302677669,0.5135125929559542,-0.19035351781738374,0.22932624812042704,0.43824738780371714,-0.06322719997628645,-0.25514283236683954,-0.02613359816672435,-0.08974787825621224,0.30525018606918675,0
sample_08851.html,-0.37628456384784525,-0.46303305605964135,-0.34013138050983827,-0.2531065750130873,0.23829793804438723,-0.0502224947397182,-0.10977361938621372,0.5225714549236035,0.34651428309102295,-0.25569780239384193,-0.02613359816672435,-0.09336567776159158,0.3852948217656004,1
sample_04722.html,-0.3349157869379118,-0.3232092529389509,-0.5789898120788778,-0.3860347008090921,-0.6344840707185564,-0.3365771940723391,-0.44887348689285445,-1.9925510562714843,0.5155050340853594,-0.26937226385918034,0.011149200831711038,-0.09669405330654056,-0.5695515637987824,1
sample_08798.html,-0.33115498903700874,-0.34942621602408036,-0.4993703348891979,-0.4003500374332772,0.4618700726624893,-0.2817433154767308,-0.10977361938621372,0.3316516123233787,0.10282095574229667,-0.26031515301850167,-0.004278164271089811,-0.09582578142524951,-0.3917082617145721,1
sample_04619.html,0.5139500249802038,0.5856454673455369,1.0930192089043984,0.2448626346996382,0.7623647171786114,0.016796690210469666,0.22932624812042704,0.6510614434753884,0.7255738685938251,0.09280117576256651,-0.02613359816672435,0.10778397473749932,-0.5154607199604125,0
sample_03274.html,0.43443601221825373,0.7342082581612704,0.2968244370076003,0.6395569159093139,-0.7377425735968514,-0.32439188771775945,0.22932624812042704,0.4564343988563474,0.1901930185756616,-0.08613226034353771,-0.018419915615323922,0.04917562275035413,-0.1778718061088524,0
sample_09502.html,-0.22477813412575123,-0.34942621602408036,-0.26051190332015844,-0.31343549364358175,0.1891255987839224,-0.32439188771775945,0.22932624812042704,0.7088246171247009,0.6337702207450536,-0.10715452496638751,-0.002992550512523074,-0.002341842206247569,0.6072679101982658,1
sample_06019.html,-0.3999238649392358,-0.42807710527946874,-0.26051190332015844,-0.21629570940803983,-0.33063531297478427,-0.19644617099467354,1.58572571814699,0.551840208068716,0.10811903529356591,-0.13236126359283518,-0.02613359816672435,-0.10306138043600818,-0.3067778810463797,1
sample_06163.html,-0.155472001380538,0.2186079841537245,-0.18089242613047862,-0.368651792051153,-0.7397151513966914,-0.32439188771775945,-0.10977361938621372,0.3982375453450211,-0.0984852064656236,0.49346733645719776,-0.01970552937389066,-0.0948127975637433,-1.3842408710597505,0
sample_04996.html,-0.436457330262294,-0.4805110314497277,-0.5789898120788778,-0.41466537405746234,0.42914483866489467,-0.23300209005841238,-0.10977361938621372,-1.9925510562714843,-1.0894847444027822,-0.26943886026242064,-0.02613359816672435,-0.10320609241622336,0.25224883411605653,1
sample_00481.html,0.17655272758490215,-0.22708038829347624,-0.18089242613047862,0.2775834041263471,0.5883416458518624,1.1926787534274024,-0.10977361938621372,0.5939543482105358,-0.3833623527757899,-0.21386416175840325,-0.022276756891024138,-0.08294641518609909,0.46420458148950644,0
sample_04919.html,-0.436457330262294,-0.4805110314497277,-0.5789898120788778,-0.41466537405746234,0.42914483866489467,-0.23300209005841238,-0.10977361938621372,-1.9925510562714843,-1.089610874500559,-0.26943886026242064,-0.02613359816672435,-0.10320609241622336,0.25224883411605653,1
sample_03532.html,-0.3623158859302054,-0.3756431791092098,-0.26051190332015844,-0.32059316195567433,-0.05551268008117945,-0.20253882417196337,0.9075259831337085,0.6377479365095349,0.16844641651732417,-0.2485941860482116,-0.02613359816672435,-0.10233782053493232,0.026971924937013166,1
sample_08785.html,3.7197616070785555,3.0238230342625765,16.857675692461005,1.415652665749065,0.2337980825622974,0.8332122159673038,0.22932624812042704,0.481407776867994,0.049613954715029336,1.1778230755549008,-0.02613359816672435,0.4831668514156589,0.3501527013657213,0
sample_09748.html,-0.29677055108589523,-0.39312115449929613,-0.26051190332015844,-0.3574040275607218,0.9753948893591391,-0.2878359686540206,-0.10977361938621372,0.44820026462719736,2.3055088962389556,-0.25724061906890855,-0.00042132299538959916,0.12891192384891462,-0.8905544125073034,1
sample_06526.html,-0.30482940373068745,-0.3756431791092098,0.2968244370076003,-0.22447590176471705,0.8933790228416622,-0.1598902519309347,-0.10977361938621372,0.4200808782598865,-0.9477909867152463,-0.2231876582120431,-0.02613359816672435,-0.09568106944503435,2.116106714878808,0
sample_04200.html,0.6364445851810457,1.0138558644026514,1.5707360720424772,0.41766919823444437,0.514772334714581,-0.11114902651261627,0.9075259831337085,0.4755366851427492,0.3444923620791336,-0.002298488064559664,-0.02613359816672435,-0.007985609434639327,-0.2403778323359239,0
sample_06796.html,-0.2983823216148537,-0.34942621602408036,-0.4197508576995181,-0.3747869363186609,0.4840634396949633,-0.17207555828551432,-0.10977361938621372,0.5556578613896241,-0.017212665994640698,-0.26297900914811306,-0.004278164271089811,-0.08945845429578189,-0.2204443224430598,1
sample_00173.html,-0.4477397239650031,-0.4805110314497277,-0.5789898120788778,-0.4300032347262321,0.08068687704177235,-0.29392862183131047,-0.10977361938621372,-1.9925510562714843,-0.3675467597052923,-0.2694943572651209,-0.02613359816672435,-0.10364022835686888,-0.2749856173630431,1
sample_05286.html,-0.20382511724929142,-0.06977860978269951,-0.1012729489407988,-0.37785450845241486,-0.49220335103012697,-0.3365771940723391,-0.10977361938621372,0.5790795536366449,0.23173143149647576,-0.23368769112292792,0.0021499045217438758,-0.08468295894868118,-0.6789430027175435,0
sample_09417.html,0.5773463324525694,0.7254692704662273,1.0930192089043984,0.12215974934947997,0.24173077415531982,-0.2817433154767308,-0.10977361938621372,0.6148679118468532,0.394681029515055,-0.04671828902582938,-0.02613359816672435,0.1024296314695379,-0.9130922336854221,0
sample_08741.html,-0.39777483756729126,-0.4105991298893824,-0.4993703348891979,-0.45045371561792513,0.38663290711317905,-0.3304845408950493,-0.44887348689285445,0.6188079867291294,1.3564584659212544,-0.19884667282771912,-0.02613359816672435,-0.09987771687127438,-0.7331519546991359,1
sample_03876.html,-0.22853893202665426,-0.061039622087656356,0.05796600543856084,0.17533099966788188,1.1053652553424078,0.14474240693355558,-0.10977361938621372,0.5344897702470414,-1.2587010545660737,-0.23244455826244262,-0.02613359816672435,-0.04676842013230577,1.8287044269337291,0
sample_02885.html,-0.4520377787088923,-0.4805110314497277,-0.5789898120788778,-0.48828710526755725,-0.4857802989613899,-0.3365771940723391,-0.44887348689285445,-1.9925510562714843,-2.374105694263592,-0.2694943572651209,-0.027419211925291086,-0.10364022835686888,-0.06926926283400898,0
sample_09158.html,-0.4171160839147926,-0.44555508066955507,-0.4993703348891979,-0.4637465281975256,0.26547052895854195,-0.30611392818589006,-0.10977361938621372,0.3651758878051829,-0.053362083514527155,-0.25888333034883554,-0.02613359816672435,-0.10175897261407163,0.537610063673938,1
sample_09429.html,-0.006114599030388545,0.5157335657851917,0.21720495981792048,0.12931741766157254,0.19585525767894313,-0.30002127500860026,-0.10977361938621372,0.5836716692350046,0.7438135770287471,0.1131463769524734,-0.02613359816672435,-0.09365510172202192,-0.17640938505607354,0
sample_02575.html,-0.4031474059971527,-0.4018601421943393,0.21720495981792048,-0.3277508302677669,0.9110396378075404,-0.3365771940723391,-0.10977361938621372,0.9261448961765508,1.9633715953807642,0.40498291535193987,0.018862883383111463,-0.0997330048910592,-0.5860992591145224,1
sample_05101.html,-0.2070486583072083,-0.13969051134304472,1.8095945036115169,-0.2152731853634552,-1.2887879979311643,-0.30002127500860026,-0.44887348689285445,0.7666533868626305,1.4163003978121564,8.27450229584771,-0.02613359816672435,-0.07223772865017627,-1.4371468655827524,0
sample_08338.html,-0.35586880381437164,-0.3756431791092098,-0.4993703348891979,-0.3349084985798595,1.1421621805134436,-0.21472413052654296,0.5684261156270678,-0.20448650315835337,-0.6867212832666096,-0.2647771120356007,-0.02613359816672435,-0.09799646112847712,-0.02435992884237499,1
sample_09020.html,-0.44182989869215544,-0.46303305605964135,-0.4993703348891979,-0.45863390797460235,0.05016551435569955,-0.3304845408950493,-0.44887348689285445,-0.045924347023679084,-0.3380998097280474,-0.2690836794451391,0.0034355182803106135,-0.1034955163766537,0.11900509127097261,0
sample_07610.html,-0.40153563546819426,-0.4805110314497277,-0.4993703348891979,-0.40955275383453904,-1.1230232592588287,-0.20863147734925316,-0.10977361938621372,0.5865529830839468,0.3440723018067845,-0.265787157484745,-0.017134301856757187,-0.10161426063385645,-0.6159172563322561,1
sample_03558.html,-0.4520377787088923,-0.4805110314497277,-0.5789898120788778,-0.21425066131887052,-1.2368262136203962,-0.3365771940723391,-0.44887348689285445,-1.9925510562714843,5.6408797187281765,-0.2694943572651209,-0.027419211925291086,-0.10364022835686888,0.2571206287938462,0
sample_02770.html,-0.1533229740085934,-0.026083671307483746,0.21720495981792048,-0.29093996466271943,0.291290962451411,-0.30611392818589006,-0.10977361938621372,0.5116590817551981,-0.1907848743593931,-0.2383605387502879,-0.02613359816672435,-0.09886473300976815,-0.6090564235224248,1
sample_09470.html,-0.43054750498944633,-0.4542940683645982,-0.5789898120788778,-0.459656432019187,-0.7419987387873467,-0.31829923454046966,-0.10977361938621372,-1.9925510562714843,-0.09700559002492594,-0.26943886026242064,-0.017134301856757187,-0.10175897261407163,0.07839385589506609,1
sample_05803.html,1.0608774911401035,2.359659969439297,-0.4197508576995181,0.7581697050811335,0.23364066102002018,-0.12333433286719588,0.22932624812042704,0.41397171947008876,-0.23977811141841038,-0.2563859652273249,-0.02613359816672435,-0.08989259023642741,0.5096853169154061,0
sample_05886.html,-0.4450534397500724,-0.4717720437546845,-0.18089242613047862,-0.486242057178388,-1.134521941823523,-0.3365771940723391,-0.44887348689285445,0.6232928992218183,0.6143648859337952,0.054819027114524285,0.12556882534415068,-0.09828588508890747,-1.3334974067829157,0
sample_04274.html,-0.2500292057461002,-0.22708038829347624,0.13758548262824066,-0.11813340112791325,0.711228581423081,-0.03803718838513859,0.22932624812042704,0.6387451158171827,0.9473973581787496,0.22338562311622423,-0.02613359816672435,-0.10118012469321093,-0.703248899801042,1
sample_02356.html,-0.4520377787088923,-0.4805110314497277,-0.5789898120788778,-0.49237720144589586,-2.256016803315404,-0.3365771940723391,-0.44887348689285445,-1.9925510562714843,-1.4078000403100033,-0.2694943572651209,-0.027419211925291086,-0.10364022835686888,-1.3155472897162082,1
sample_06049.html,-0.425712193402571,-0.4717720437546845,-0.4197508576995181,-0.4300032347262321,-1.6893667702664803,-0.19644617099467354,-0.10977361938621372,0.40139478109889704,0.37315210687435674,-0.2675630615711526,-0.02613359816672435,-0.09958829291084402,-0.6044989667774199,1
sample_09044.html,0.2823923256531735,0.00013329177764570985,3.083506138646394,0.38392590476315086,0.6914785367431422,0.8941387477402019,0.9075259831337085,0.5381067452348739,0.04488572796357052,0.16258310695784456,-0.02613359816672435,-0.014208224583891779,0.39502167076839206,0
sample_02446.html,0.34954943102644215,-0.11347354825791527,-0.34013138050983827,0.6548947765780837,0.6780707137355114,1.6922763139651664,0.5684261156270678,0.07108958684027677,-0.7791763547918025,-0.24932674648385472,-0.02613359816672435,-0.08222285528502322,0.09944018204321366,0
sample_03393.html,-0.12216207711539676,-0.3581652037191235,0.13758548262824066,0.039335301738123156,0.4338630094958171,-0.09287106698074685,-0.44887348689285445,0.5016517682670973,0.5798157635035152,-0.19943494105634163,-0.00042132299538959916,-0.08251227924545358,0.254911945238593,0
sample_08793.html,-0.44666521027903083,-0.4805110314497277,-0.4197508576995181,-0.4678366243758642,-1.5106540643212891,-0.29392862183131047,-0.10977361938621372,0.37736588198594256,0.20308214410977832,-0.26721898015441115,-0.02613359816672435,-0.10320609241622336,-0.4544497350062705,1
sample_07786.html,-0.08294232757740787,-0.19212443751330363,-0.18089242613047862,6.720507409054239,2.32710587516598,0.06553791562878812,-0.44887348689285445,0.3453187551432126,-1.908331608599643,-0.24952653569357558,-0.02613359816672435,-0.07238244063039144,2.020347268568441,0
sample_02940.html,0.695005581066536,1.442066261459766,-0.1012729489407988,0.6334217716418059,0.6315106794117998,0.10818648786981676,0.5684261156270678,0.5992592992063607,0.5670222636442723,2.4905269786252275,-0.02613359816672435,0.10778397473749932,-0.7624412748876531,0
sample_06214.html,-0.4423671555351416,-0.4717720437546845,-0.5789898120788778,-0.4729492445987875,-0.98619520295693,-0.31220658136317986,-0.10977361938621372,-1.9925510562714843,-3.805465919883044,-0.2694943572651209,-0.0107062330639235,-0.1034955163766537,4.85068853116225,1
sample_07869.html,-0.4520377787088923,-0.4805110314497277,-0.4993703348891979,-0.49237720144589586,-2.256016803315404,-0.3365771940723391,-0.44887348689285445,-0.28629771988723857,-4.239921985444076,1.778678024389827,-0.027419211925291086,-0.10364022835686888,-1.5522422928852189,1
sample_04689.html,0.08092100953336762,0.1661740579834656,-0.021653471751118984,0.012749676578922207,1.4109975203101222,0.004611383855890054,-0.44887348689285445,0.5647059664521539,0.7863138063006065,1.089838127473945,-0.02613359816672435,-0.014208224583891779,-0.835418326594721,0
sample_02613.html,-0.4520377787088923,-0.4805110314497277,-0.5789898120788778,-0.4903321533567266,-1.2882939193320586,-0.3365771940723391,-0.44887348689285445,-1.9925510562714843,-0.7523642108237224,-0.2694943572651209,-0.027419211925291086,-0.10364022835686888,-0.021658513080828973,0
sample_09891.html,0.8035314633497381,0.39338773805458754,0.854160777335359,1.0669719665456985,1.6861923476411163,1.5643305972420805,0.22932624812042704,0.6033973227714463,-0.837795923521809,-0.12293787253433491,-0.02613359816672435,-0.061529042114253446,1.1456768339911811,0
sample_05654.html,-0.4310847618324325,-0.46303305605964135,-0.5789898120788778,-0.4688591484204489,-0.36259086863695095,-0.29392862183131047,-0.44887348689285445,-1.9925510562714843,0.00037260849284860803,-0.26943886026242064,-0.014563074339623712,-0.10277195647557784,-0.20074867158154033,1
sample_05005.html,-0.4283984776175017,-0.44555508066955507,-0.5789898120788778,-0.48215196100004937,-1.3588209141218994,-0.3365771940723391,-0.44887348689285445,-1.9925510562714843,0.5366492214303588,-0.2694832578645808,0.018862883383111463,-0.09524693350438883,-0.7412797088810285,0
sample_06625.html,-0.1280719023882444,-0.3319482406339941,-0.021653471751118984,-0.08541263170120439,0.4541015914687454,0.06553791562878812,-0.10977361938621372,0.3707854725288633,0.2616182724535465,-0.24450960664947416,-0.02613359816672435,-0.0932209657813764,-0.10281196247154051,0
sample_06020.html,0.12014075907135649,0.7429472458563137,-0.5789898120788778,0.13545256192908045,-0.46610833522107503,-0.29392862183131047,-0.10977361938621372,-1.9925510562714843,-0.0906564082999384,-0.26939446266026046,-0.02613359816672435,-0.07874976775985908,0.6343946349523258,0
sample_08433.html,-0.45150052186590617,-0.4805110314497277,-0.4993703348891979,-0.4913546774013112,-2.256016803315404,-0.3304845408950493,-0.44887348689285445,0.9375774269744612,2.308168788698224,-0.21549577363779024,-0.01970552937389066,-0.10364022835686888,-1.505252891833849,1
sample_06463.html,-0.18018581615790086,-0.24455836368356254,0.5356828685766397,-0.15187669459920677,0.28005006871452753,-0.04412984156242839,-0.44887348689285445,0.630679844104207,0.4293908911469305,-0.20337522824805848,-0.018419915615323922,-0.08294641518609909,-0.9173679075295035,0
sample_07939.html,3.5978043037206997,4.8677494379166815,0.6949218229559994,3.20813731590596,-0.20462888247126765,1.0403624239951572,0.9075259831337085,0.594012693878054,0.2334718316545741,-0.07092608160367278,-0.02613359816672435,0.9119484487932173,-0.3044218067681848,0
sample_09993.html,0.619252366205489,1.0837677659629965,0.2968244370076003,0.10170926845778692,0.23087946149072863,-0.31220658136317986,-0.10977361938621372,0.72085225537826,-0.12652924654863953,-0.16258493126338425,-0.02613359816672435,-0.04286119666649609,-0.24845163668928624,0
sample_08085.html,-0.4488142376509754,-0.4805110314497277,-0.5789898120788778,-0.4565888598854331,-0.14402521628176326,-0.32439188771775945,-0.10977361938621372,-1.9925510562714843,-0.7189365521112614,-0.2694943572651209,-0.008135005546790024,-0.10364022835686888,-0.3600862828815091,1
sample_07240.html,-0.16460536771130252,0.008872279472688862,-0.18089242613047862,-0.2704894837710264,0.6873847772423923,-0.31220658136317986,-0.10977361938621372,0.7444401241888992,0.14414338107442887,-0.2341538659456099,-0.02613359816672435,-0.07426369637318869,-0.11250276235014516,0
sample_05540.html,0.19804300130434813,0.42834368883476015,0.5356828685766397,-0.1897100842488389,-0.17894613378118676,-0.32439188771775945,-0.10977361938621372,0.8130776646808423,0.6883348900486179,-0.18276364144519044,-0.02613359816672435,-0.03490203775466156,-0.48844026515617095,0
sample_05497.html,-0.22961344571262657,-0.4717720437546845,1.0930192089043984,-0.19482270447176214,0.5301851718450663,0.3336146554295396,-0.10977361938621372,0.7030859595627063,1.7825408176121316,-0.10196000551364533,-0.02613359816672435,-0.07296128855125214,-0.4759370338587136,1
sample_01070.html,-0.36177862908721925,-0.38438216680425297,-0.34013138050983827,-0.3983049893441079,0.4013557698752253,-0.31220658136317986,-0.10977361938621372,0.48022527460245884,0.036871467232767484,-0.25825066451805284,-0.02613359816672435,-0.08164400736416254,0.12160967634704425,1
sample_08627.html,0.7068252316122313,-0.4193381175844256,-0.5789898120788778,0.586385665590912,0.5267026941098337,1.1317522216545042,0.22932624812042704,-1.9925510562714843,-0.9715826468984052,-0.2694610590635007,-0.02613359816672435,-0.0932209657813764,0.8448619641830768,0
sample_08745.html,-0.0055773421874023964,0.5419505288703211,-0.4197508576995181,0.20498419696083678,0.812177800996129,0.10209383469252695,-0.44887348689285445,0.3757497139387665,0.36370949443788825,-0.21946935903112721,-0.02613359816672435,-0.1024825325151475,0.7163768100319428,1
sample_06208.html,-0.1291464160742167,-0.42807710527946874,-0.4197508576995181,-0.26946695972644175,0.4641132721072551,0.3397073086068294,-0.44887348689285445,0.19219477995145998,-0.05425317008472648,-0.2671301849500908,-0.02613359816672435,-0.08989259023642741,-0.501222280693227,1
sample_08493.html,-0.4477397239650031,-0.4717720437546845,-0.5789898120788778,-0.4913546774013112,-2.256016803315404,-0.3365771940723391,-0.44887348689285445,-1.9925510562714843,0.27814273413260937,-0.2694943572651209,0.04328954479587948,-0.10320609241622336,-0.8470946444377254,1
sample_01054.html,-0.10335808761088153,-0.2969922898538215,1.0930192089043984,1.3307831700485386,0.5230456924842666,0.3457999617841192,0.22932624812042704,0.4214708067559346,0.15676976325364245,-0.03222247192052747,-0.02613359816672435,-0.06355500983726588,-0.5251257443892822,0
sample_05148.html,0.22705487082560016,0.07878418103303408,0.6949218229559994,0.7336291280111018,0.7887736313249464,0.9306946668039406,-0.10977361938621372,0.613606709035092,-0.1306008531079377,-0.1523401845649205,-0.02613359816672435,-0.04763669201359681,0.300216072550121,0
sample_00723.html,-0.43054750498944633,-0.4805110314497277,-0.5789898120788778,-0.3942148931657693,0.34130728805391103,-0.19035351781738374,-0.10977361938621372,-1.9925510562714843,-0.08377341462462001,-0.2694610590635007,-0.02613359816672435,-0.10089070073278059,0.18352620487063798,1
sample_04474.html,-0.3972375807243051,-0.4105991298893824,-0.4993703348891979,-0.3860347008090921,-0.01415420621996049,-0.2634653559448614,-0.44887348689285445,0.4908583723094759,-0.48708533992843717,-0.25862804413641444,-0.02613359816672435,-0.09944358093062886,0.787223130340544,0
sample_02187.html,0.02128549996190506,-0.2358193759885194,-0.021653471751118984,0.23054729807545307,1.2054559116074963,0.14474240693355558,-0.44887348689285445,0.576815767567137,1.248291528208817,1.5170207560587494,-0.022276756891024138,0.41819117229904607,-1.1705118327177475,0
sample_04361.html,0.4038123721680432,0.9439439628423061,4.5962762052503106,0.6211514831067901,1.0330309105721454,-0.23300209005841238,1.9248255856536307,0.6213620911567961,0.12215496592873597,0.2290685161927285,-0.02613359816672435,-0.08092044746308667,-0.1878936973106866,1
sample_07998.html,0.2684236477355336,0.5069945780901485,0.854160777335359,-0.04348914587323365,0.5236846928925092,-0.32439188771775945,-0.44887348689285445,0.5590418819449389,0.23324137982957333,-0.17336244918777027,-0.009420619305356762,-0.026364030921966337,0.11756325668007127,0
sample_02811.html,-0.3085902016315905,-0.2358193759885194,-0.4993703348891979,-0.049624290140741566,0.15339476640498773,-0.19035351781738374,0.22932624812042704,0.5648423941005405,-1.2800689264202383,-0.2047626533155644,-0.004278164271089811,-0.0883007584540605,2.413020560981218,1
sample_07552.html,-0.08240507073442171,-0.2532973513786057,1.8892139808011965,-0.3267283062231823,0.15684268819191557,-0.23300209005841238,-0.10977361938621372,0.46258934799060697,0.01838946932029562,0.43921346661744604,-0.02613359816672435,-0.05270161132112788,0.6233911254469964,0
sample_01823.html,0.3173140204472732,0.59438445504058,0.2968244370076003,0.11806965317114136,-0.5242875982277784,-0.29392862183131047,-0.44887348689285445,0.6595491006490116,0.6276196190535542,-0.1972705579510324,-0.02613359816672435,-0.03403376587337052,-0.14867483165148052,0
sample_09294.html,-0.23767229835741882,-0.2358193759885194,-0.18089242613047862,-0.13960640606419095,0.8958380425334902,0.04116730291962889,0.5684261156270678,0.014416603073703333,-0.7866128160193429,-0.18319651806625228,-0.02613359816672435,-0.08410411102782048,1.6799143460905124,0
sample_04954.html,-0.4520377787088923,-0.4805110314497277,-0.5789898120788778,-0.49237720144589586,-2.256016803315404,-0.3365771940723391,-0.44887348689285445,-1.9925510562714843,-1.2972817976803461,-0.2694943572651209,-0.027419211925291086,-0.10364022835686888,-1.3042592724394466,1
sample_05570.html,-0.40690820389805576,-0.4368160929745119,1.729975026421837,-0.4422735232612479,-1.705464779300104,-0.3304845408950493,0.22932624812042704,0.6678052400737057,1.189658561326492,0.24155534180028185,0.06643059245008076,-0.08931374231556673,-1.1325549732335616,1
sample_03426.html,-0.4332337892043771,-0.4805110314497277,-0.34013138050983827,-0.45454381179626374,-0.2548798808737694,-0.30002127500860026,-0.44887348689285445,-0.22156480329675454,-1.3607179107536016,-0.23024687695551324,0.0034355182803106135,-0.10320609241622336,2.570587567070168,1
sample_09544.html,-0.1490249192647042,-0.13095152364800158,0.3764439141972801,0.12727236957240323,1.8804437601226052,0.17520567282000463,0.5684261156270678,0.6151461045761004,-0.4730716863287678,-0.15905532189164917,-0.02613359816672435,-0.09076086211771846,0.6584939242705471,0
sample_07119.html,0.1464663443776778,0.19239102106859504,-0.18089242613047862,-0.0680297229432653,-1.5636559245377377,-0.3304845408950493,-0.44887348689285445,0.3139065584500389,0.3448972267918359,0.004805128281070676,-0.009420619305356762,0.0834723620613502,0.8348844270935335,1
sample_06394.html,0.4253026458874892,0.8128591474166589,0.2968244370076003,0.6947732143168851,1.3617556028354838,0.12037179422439637,-0.10977361938621372,0.7199001662806589,0.11575841299289776,-0.17166424090514304,-0.018419915615323922,-0.06037134627253206,0.40349368430802723,0
sample_06910.html,0.04599931473926792,0.37590976266450127,-0.18089242613047862,-0.251061526923918,0.12249542608106946,-0.3304845408950493,-0.10977361938621372,0.7348612215900829,0.04959637977949706,-0.2263509873659566,-0.017134301856757187,-0.08613007875083291,0.0657018393107272,0
sample_04343.html,0.23081566872650322,0.27104191032398345,-0.4197508576995181,0.29496631288428615,0.9925662160790678,0.5895060888757114,0.22932624812042704,-0.5191631178363302,0.5699137255141861,-0.23264434747216348,-0.02613359816672435,-0.08265699122566875,0.7824311652422835,1
sample_02592.html,-0.25325274680401716,-0.3581652037191235,-0.1012729489407988,-0.4310257587708167,-0.0385948363216859,-0.3304845408950493,0.22932624812042704,0.7203250949480106,1.6384892014233614,-0.2534113258825922,-0.0107062330639235,0.028192385619153996,-0.8177762633096738,1
sample_00928.html,-0.2919352394990199,-0.3669041914141667,-0.1012729489407988,-0.32877335431235155,0.21805948324897612,-0.17816821146280412,0.22932624812042704,0.7529277473754146,1.6169912467203513,0.012064136234261679,0.0021499045217438758,-0.08931374231556673,-1.0200240010960462,1
sample_07380.html,-0.28817444159811684,-0.39312115449929613,-0.1012729489407988,-0.08030001147828113,0.3025248917051976,0.04116730291962889,0.22932624812042704,0.5392211698674115,0.5305770515903534,-0.23649583945955993,-0.022276756891024138,-0.09785174914826195,-0.24626188381335318,0
sample_02440.html,0.030956123135655742,-0.2008634252083468,0.05796600543856084,-0.05269186227449552,0.7705916793787281,0.18739097917458425,-0.10977361938621372,0.3213036208088133,-0.08112826451054111,-0.20941330214184425,-0.011991846822490236,-0.046334284191660254,0.02126622862011863,0
sample_08011.html,-0.33115498903700874,-0.34942621602408036,-0.4993703348891979,-0.4003500374332772,0.4618700726624893,-0.2817433154767308,-0.10977361938621372,0.3316516123233787,0.10070707339740247,-0.26031515301850167,-0.004278164271089811,-0.09582578142524951,-0.3915459689486119,1
sample_02793.html,-0.25379000364700327,-0.2532973513786057,-0.18089242613047862,-0.13347126179668303,0.7635512046872039,-0.17207555828551432,-0.10977361938621372,0.47720259186522357,-0.8395003806835476,-0.24378814561437107,-0.02613359816672435,-0.09437866162309778,1.0446918161549903,0
sample_02685.html,-0.1533229740085934,-0.10473456056287211,0.6153023457663196,-0.26537686354810314,1.0446097149728149,-0.1537975987536449,-0.10977361938621372,0.805542084952098,1.6115736318566374,0.44117806051303443,-0.02613359816672435,-0.0699223369667335,-1.2068138353180513,0
sample_03836.html,0.572511020865694,-0.4018601421943393,-0.4993703348891979,0.27247078390342383,0.7590615112943636,0.8636754818537528,-0.44887348689285445,-0.2969813054425105,-1.5282254865437381,-0.26911697764675924,-0.024847984408157612,-0.09814117310869229,1.2670098288659524,0
sample_05728.html,1.6260716899615324,2.3858769325244262,3.8000814333535122,1.080264779125299,1.4196057728196092,-0.03803718838513859,0.5684261156270678,0.6490219562931677,-0.4317684376332499,-0.050758470822406636,-0.02613359816672435,-0.020286127752929057,-0.17528701219752457,0
sample_01759.html,-0.4477397239650031,-0.4805110314497277,-0.5789898120788778,-0.4647690522421103,-0.40840153669158796,-0.30002127500860026,-0.10977361938621372,-1.9925510562714843,-0.09227450750738725,-0.2694943572651209,-0.02613359816672435,-0.1034955163766537,-0.3955148667015103,1
sample_03858.html,-0.4520377787088923,-0.4805110314497277,-0.5789898120788778,-0.49237720144589586,-2.256016803315404,-0.3365771940723391,-0.44887348689285445,-1.9925510562714843,-0.8647119308524948,-0.2694943572651209,-0.027419211925291086,-0.10364022835686888,-1.2033726367700244,1
sample_03215.html,-0.31879808164832735,-0.26203633907364887,-0.4993703348891979,-0.31752558982192036,0.7720193257407109,-0.013666575675979363,-0.44887348689285445,0.12549189632170346,-0.1581691853937915,-0.2682623238051756,-0.011991846822490236,-0.1019036845942868,-0.13597883858147172,0
sample_06246.html,-0.3273941911361057,-0.3406872283290372,-0.4993703348891979,-0.3931923691211846,0.4911933928541008,-0.2817433154767308,-0.10977361938621372,0.343253371727165,0.01502291509784923,-0.25871683934073486,-0.004278164271089811,-0.09582578142524951,-0.20254721649351112,1
sample_08845.html,-0.4429044123781278,-0.4717720437546845,-0.5789898120788778,-0.483174485044634,-1.246671424944675,-0.3365771940723391,-0.44887348689285445,-1.9925510562714843,0.4742234830318655,-0.2694943572651209,0.10114216393138267,-0.10306138043600818,-0.7759666976800957,1
sample_09263.html,-0.24788017837415563,-0.2969922898538215,-0.26051190332015844,-0.30627782533148923,-2.214536856756832,-0.16598290510822453,-0.10977361938621372,0.49426685921245034,1.448630896431931,-0.2616359816827673,-0.01584868809819045,-0.0786050557796439,-1.0726750311804945,1
sample_03851.html,1.054967665867256,1.9838834985524414,0.854160777335359,0.879850066386707,0.23280679437472848,-0.03803718838513859,0.22932624812042704,0.6448008395909718,0.325772799964819,-0.10878613684577447,-0.02613359816672435,0.1798505408846556,-0.769211574200792,0
sample_07363.html,-0.4520377787088923,-0.4805110314497277,-0.4993703348891979,-0.49237720144589586,-2.256016803315404,-0.3365771940723391,-0.44887348689285445,-0.3260136806823152,-4.2554760892246675,-0.1949285844370824,-0.027419211925291086,-0.10364022835686888,-1.5295981235313338,1
sample_03864.html,-0.4520377787088923,-0.4805110314497277,-0.5789898120788778,-0.48828710526755725,-0.4857802989613899,-0.3365771940723391,-0.44887348689285445,-1.9925510562714843,-2.374105694263592,-0.2694943572651209,-0.027419211925291086,-0.10364022835686888,-0.06926926283400898,0
sample_06042.html,-0.4520377787088923,-0.4805110314497277,-0.4993703348891979,-0.4913546774013112,-2.256016803315404,-0.3365771940723391,-0.44887348689285445,0.10306674539576885,-1.019611780933447,-0.26124750266386565,-0.027419211925291086,-0.10364022835686888,-1.4293080650136472,0
sample_06768.html,0.015912931532043567,-0.04356164669757005,0.21720495981792048,-0.04757924205157226,-0.24090769249240504,-0.05631514791700801,-0.44887348689285445,0.6406294838984588,0.5035628280521722,0.5605632127217843,-0.02613359816672435,-0.07339542449189766,-0.26798556844179466,1
sample_04801.html,-0.3316922458799949,-0.4805110314497277,-0.5789898120788778,-0.251061526923918,0.9907260724673684,-0.025851882030558975,0.5684261156270678,-1.9925510562714843,-0.778991075057515,-0.2694943572651209,-0.01584868809819045,-0.10320609241622336,0.19165376348766155,1
sample_04702.html,-0.4445161829070862,-0.4805110314497277,-0.4993703348891979,-0.4637465281975256,-1.660337563224084,-0.275650662299441,-0.10977361938621372,0.3391934432522604,0.09833956091326469,-0.2680514351949147,-0.02613359816672435,-0.10291666845579302,-0.766820832790151,1
sample_02076.html,0.3619063384151236,1.057550802877867,2.605789275508315,2.584397648709322,1.5419572425939099,0.0472599560969187,3.6203249231868346,0.6571441437874946,0.5574099326948215,0.6556961747505307,-0.0209911431324574,-0.02911355854605463,-0.4116630099522103,0
sample_00893.html,-0.45096326502292,-0.4805110314497277,-0.4993703348891979,-0.4903321533567266,-1.224241531954088,-0.3304845408950493,-0.44887348689285445,0.6891281327805427,0.8277777967728022,-0.26276812053785215,-0.018419915615323922,-0.10364022835686888,-0.9089454501276748,1
sample_05028.html,-0.4520377787088923,-0.4805110314497277,-0.4197508576995181,-0.4893096293121419,-1.3097555129853682,-0.3365771940723391,-0.44887348689285445,0.5704187539989476,0.902779036302716,-0.2661312389014865,-0.027419211925291086,-0.10364022835686888,-0.47113089682627907,0
sample_05683.html,-0.30697843110263207,-0.2882533021587783,-0.4197508576995181,-0.13449378584126767,-1.5388246414389304,-0.2878359686540206,-0.10977361938621372,-0.765685187177422,0.3948749769757912,-0.2117885738574144,-0.02613359816672435,-0.09293154182094605,-0.5681352699797734,1
sample_06253.html,3.2340814210190767,-0.4542940683645982,-0.4197508576995181,-0.4535212877516791,-0.9932613130023225,-0.275650662299441,-0.10977361938621372,0.4402687904460146,1.9460321305080963,-0.26289021394379264,0.05486006862298012,18.17739009628533,-1.5498138596054913,1
sample_04066.html,-0.241970353101308,-0.17464646212321733,-0.4993703348891979,-0.40341760956703115,-0.26962510265459266,-0.3304845408950493,-0.44887348689285445,0.026926590727277284,-0.31777940403163324,-0.2689837848402787,-0.005563778029656549,-0.09929886895041368,-0.6996084467268123,0
sample_00462.html,-0.2559390310189479,-0.3319482406339941,-0.26051190332015844,-0.2254984258093017,0.302214929814883,-0.0502224947397182,-0.10977361938621372,0.45053429379398396,-0.48521704574130364,-0.23343240491050685,-0.02613359816672435,-0.07238244063039144,1.0069809120877258,0
sample_03462.html,-0.41872785444375105,-0.4193381175844256,-0.021653471751118984,-0.18561998807050029,0.42677483112311587,-0.2208167837038328,-0.44887348689285445,0.3956248393754695,0.20063448734452605,-0.1636726725163089,-0.02613359816672435,-0.09900944498998333,0.15216803000820808,1
sample_04556.html,-0.28871169844110295,-0.4193381175844256,-0.4993703348891979,-0.3768319844078302,0.10820027342225229,-0.1477049455763551,-0.44887348689285445,-0.47564489890900213,1.2128502994758146,-0.2691502758483794,0.006006745797444088,-0.0959704934054647,-0.5840167931257267,1
sample_07270.html,-0.4058336902120835,-0.46303305605964135,-0.4993703348891979,-0.37376441227407625,0.47683341599783297,-0.17207555828551432,-0.10977361938621372,0.2802696700861033,-0.6291090660649445,-0.2674409681652121,-0.02613359816672435,-0.10103541271299576,0.7205877779796984,0
sample_04801.html,-0.4520377787088923,-0.4805110314497277,-0.5789898120788778,-0.4913546774013112,-2.256016803315404,-0.3365771940723391,-0.44887348689285445,-1.9925510562714843,-0.834531934820573,-0.2694943572651209,-0.027419211925291086,-0.10364022835686888,-1.2476211570692826,0
sample_06615.html,0.09865048535191052,0.4108657134446739,0.45606339138695995,-0.11813340112791325,0.19550624017863585,-0.29392862183131047,0.22932624812042704,0.6849185411065142,0.21785260919709795,-0.19527266585382386,-0.02613359816672435,-0.03345491795250983,-0.28524642364651465,0
sample_03829.html,-0.4106690017989588,-0.4368160929745119,-0.5789898120788778,-0.42693566259247817,0.3935148096086965,-0.29392862183131047,-0.10977361938621372,-1.9925510562714843,0.03741058900244925,-0.26943886026242064,-0.02613359816672435,-0.10118012469321093,-0.34326946423069915,1
sample_08056.html,-0.4343083028903494,-0.4717720437546845,-0.4197508576995181,-0.44022847517207864,0.06416672343532498,-0.2817433154767308,-0.10977361938621372,0.3600250372681366,0.7592386846451508,-0.25508733536413936,-0.02613359816672435,-0.10320609241622336,0.4849951218266504,1
sample_03136.html,6.2566884196591515,10.417006624269083,0.21720495981792048,9.935323005228383,1.8627110476164939,4.823900047092127,-0.44887348689285445,0.6271076602398742,0.3494331541351204,-0.09919625477917351,-0.02613359816672435,0.5607324728109918,1.0267751276432249,0
sample_08473.html,-0.44129264184916933,-0.46303305605964135,-0.5789898120788778,-0.4647690522421103,-0.7194014559595454,-0.3304845408950493,-0.10977361938621372,-1.9925510562714843,0.0925733803574415,-0.2694832578645808,0.00472113203887735,-0.10364022835686888,-0.41354190595002727,1
sample_01835.html,-0.12484836133032749,-0.11347354825791527,0.6153023457663196,-0.24799395479016403,1.084608334144908,-0.17207555828551432,-0.10977361938621372,0.8109611588286896,1.6404550757727043,0.4537869795265283,-0.02613359816672435,-0.066159825481139,-1.2123475910021146,0
sample_09080.html,-0.05070691699823892,-0.2183414005984331,0.3764439141972801,0.04240287387187711,0.30014838599788607,0.4554677189753357,-0.44887348689285445,0.44744278230867396,-0.48263265211498424,-0.23084624458467579,-0.014563074339623712,-0.09119499805836398,0.6999538459896556,0
sample_05673.html,-0.4396808713202109,-0.46303305605964135,-0.5789898120788778,-0.42693566259247817,0.06568229791042322,-0.3304845408950493,-0.44887348689285445,-1.9925510562714843,-0.491411511381796,-0.2694943572651209,0.0034355182803106135,-0.10175897261407163,0.31963074884550874,0
sample_08535.html,-0.4520377787088923,-0.4805110314497277,-0.26051190332015844,-0.48419700908921864,-1.246671424944675,-0.3365771940723391,-0.44887348689285445,-0.4561677503633696,-4.780746759940069,-0.016894199774722004,-0.027419211925291086,-0.10364022835686888,-1.5256629411618523,1
sample_06597.html,-0.30268037635874284,-0.3319482406339941,-0.4993703348891979,-0.36660674396198367,0.1450017406474816,-0.2695580091221512,-0.10977361938621372,0.343253371727165,-2.6718641224077095,-0.25871683934073486,-0.02613359816672435,-0.0910502860781488,3.551261852867586,1
sample_09682.html,-0.45150052186590617,-0.4805110314497277,-0.4993703348891979,-0.4913546774013112,-2.256016803315404,-0.3304845408950493,-0.44887348689285445,0.934245277542678,2.2794381776427994,-0.19098829724536556,-0.01970552937389066,-0.10364022835686888,-1.5198422527019813,1
sample_08487.html,-0.25325274680401716,-0.13095152364800158,0.3764439141972801,-0.19891280065010075,0.23623552446867022,-0.19035351781738374,0.22932624812042704,0.7032832799695565,0.6926544152149999,-0.21209935707253572,-0.0209911431324574,-0.08410411102782048,-0.7353966482656021,1
sample_01959.html,-0.07219719071768489,0.12247911950824984,0.6949218229559994,0.08228131161067855,2.3865152112333177,-0.11114902651261627,0.22932624812042704,0.6902403497076798,0.8984852928586122,1.2300457550958237,-0.02613359816672435,-0.0758555281555556,-0.5839775237000301,1
sample_01297.html,-0.2919352394990199,-0.4193381175844256,0.21720495981792048,0.2520203030117308,0.1026314666819557,-0.12333433286719588,-0.10977361938621372,0.2862224464256162,-0.3761806418482228,-0.21185517026065467,-0.02613359816672435,-0.09235269390008537,0.9779266739094132,1
sample_04077.html,-0.37897084806277603,-0.4805110314497277,-0.5789898120788778,-0.36558421991739903,-1.4119182362053526,-0.10505637333532646,0.22932624812042704,-1.9925510562714843,2.1422982286688566,-0.2694943572651209,-0.02613359816672435,0.3443880623893077,-1.2601766041867648,1
sample_00215.html,4.731953499264461,-0.270775326768692,-0.021653471751118984,7.319706499180845,1.513698701026719,18.002308869569976,-0.10977361938621372,0.46881362062812143,-2.651408437346713,-0.2377500717205853,-0.02613359816672435,0.44004268131153723,3.3676269754136703,0
sample_01000.html,-0.4520377787088923,-0.4805110314497277,-0.4993703348891979,-0.49237720144589586,-2.256016803315404,-0.3365771940723391,-0.44887348689285445,0.749895188470258,1.253829981376531,2.2914925281410974,-0.027419211925291086,-0.10364022835686888,-1.5522566343089461,1
sample_09450.html,-0.3273941911361057,-0.3406872283290372,-0.4993703348891979,-0.3931923691211846,0.4911933928541008,-0.2817433154767308,-0.10977361938621372,0.343253371727165,0.014308280880395003,-0.25871683934073486,-0.004278164271089811,-0.09582578142524951,-0.2023741806974135,1
sample_02887.html,0.11315642011253656,-0.061039622087656356,0.21720495981792048,0.8818951144758764,0.4707838600734704,0.6626179270031891,0.9075259831337085,0.6153225496159678,0.46534224879992075,0.11835199580575564,-0.02613359816672435,-0.03475732577444639,-0.2553637074947975,0
sample_08232.html,-0.3612413722442331,-0.39312115449929613,-0.4993703348891979,-0.4259131385478935,0.5347124189419791,-0.2817433154767308,-0.10977361938621372,0.30043583877741603,0.49242187684910294,-0.22938112371338953,-0.02613359816672435,-0.06804108122393625,0.6514351407003063,1
sample_03466.html,-0.4520377787088923,-0.4805110314497277,-0.4993703348891979,-0.49237720144589586,-2.256016803315404,-0.3365771940723391,-0.44887348689285445,0.1816032717824125,-1.7220570042063035,-0.09904086317161286,-0.027419211925291086,-0.10364022835686888,-1.548367826888735,1
sample_09845.html,0.18944689181656973,-0.026083671307483746,-0.34013138050983827,0.09966422036861762,0.20099332022380936,0.9489726263358101,-0.10977361938621372,0.6135219544139531,-0.2430487386813785,-0.2608923218465841,-0.022276756891024138,-0.05212276340026718,0.21242346964742698,0
sample_08628.html,-0.436457330262294,-0.4805110314497277,-0.4993703348891979,-0.44329604730583255,0.08141459285252393,-0.2878359686540206,-0.10977361938621372,0.5663977485306605,1.1103241152188432,-0.2576401974883502,-0.02613359816672435,-0.10320609241622336,-0.051890429862645686,1
sample_03951.html,0.21254893606497413,-0.13969051134304472,-0.1012729489407988,0.6988633104952237,1.4211030216200546,0.8210269096127242,0.22932624812042704,0.4791464087384228,-0.46753460567982774,0.074187481056907,-0.02613359816672435,-0.05516171498478582,1.0627756083284932,0
sample_09189.html,-0.25164097627505866,-0.34942621602408036,-0.4993703348891979,-0.09870544428080485,-0.6242714798828838,-0.025851882030558975,0.22932624812042704,0.3051409945244019,0.3540349984307532,-0.2535889162912329,-0.02613359816672435,-0.07035647290737902,-0.19026442591639897,0
sample_03943.html,-0.43054750498944633,-0.4542940683645982,-0.5789898120788778,-0.44329604730583255,-0.9814575194611921,-0.31220658136317986,-0.44887348689285445,-1.9925510562714843,-0.4307986308023571,-0.2694943572651209,-0.005563778029656549,-0.10364022835686888,0.3282769194198238,0
sample_00143.html,-0.4445161829070862,-0.4717720437546845,-0.18089242613047862,-0.4688591484204489,-1.4990077710513754,-0.31829923454046966,-0.44887348689285445,0.5696520208752812,0.4279824989028474,0.018967963370171165,-0.011991846822490236,-0.10146954865364127,-1.1786063147965928,0
sample_00057.html,-0.2387468120433911,-0.2882533021587783,-0.1012729489407988,-0.2858273444397962,-0.5627071268389303,-0.16598290510822453,-0.10977361938621372,0.7368417032693688,0.4001494713498373,-0.16891158957121127,-0.014563074339623712,-0.08222285528502322,-1.1587664935136412,1
sample_08748.html,-0.4520377787088923,-0.4805110314497277,-0.4993703348891979,-0.4893096293121419,-1.2220532489725586,-0.3365771940723391,-0.44887348689285445,0.3524651154874401,-0.32274778809263627,-0.2678294471841138,-0.027419211925291086,-0.10364022835686888,0.11082971052464799,1
sample_00786.html,-0.03566372539462675,0.017611267167732012,-0.4993703348891979,-0.1723271754908998,1.3697703966001094,-0.20253882417196337,-0.10977361938621372,0.23156574441529346,2.3673549115478365,-0.26836221841003605,-0.02613359816672435,0.3788295136805189,-0.6637495158937318,1
sample_04263.html,-0.42947299130347405,-0.4717720437546845,-0.5789898120788778,-0.46579157628669493,-0.5050569223046956,-0.31829923454046966,-0.44887348689285445,-1.9925510562714843,0.8357347078495033,-0.2694943572651209,0.011149200831711038,-0.09900944498998333,1.2226671897140702,0
sample_04024.html,-0.34458641011166247,-0.3581652037191235,-0.26051190332015844,-0.23981376243348684,-0.8517381897851661,-0.1598902519309347,-0.10977361938621372,0.223043707825801,-0.2990372970732772,-0.2475397429969071,-0.02613359816672435,-0.08540651884975704,0.632024962396906,0
sample_07024.html,0.4505537175078382,0.07004519333799093,1.9688334579908764,0.53321441527251,1.3872980262752723,0.9246020136266508,-0.10977361938621372,0.6029596892377652,-0.3263164193101037,-0.17668116994924446,-0.02613359816672435,-0.010445713098297274,0.542001225091997,0
sample_09767.html,-0.4520377787088923,-0.4805110314497277,-0.4993703348891979,-0.4872645812229726,-1.044802351692958,-0.3365771940723391,-0.44887348689285445,0.3888481033916708,1.4868135447244193,-0.26324539476107417,-0.027419211925291086,-0.10364022835686888,-1.5461382309301563,1
sample_02288.html,-0.4445161829070862,-0.4717720437546845,-0.5789898120788778,-0.43920595112749394,-0.7665883603787662,-0.31220658136317986,-0.10977361938621372,-1.9925510562714843,-0.2177991880254471,-0.2694943572651209,-0.02613359816672435,-0.10219310855471715,-0.4160892426701114,1
sample_00346.html,-0.11249145394164607,0.30599786110415605,-0.4197508576995181,-0.14574155033169886,0.5246686895690795,-0.3365771940723391,-0.10977361938621372,0.6123020255455917,0.533830039540733,-0.1916986588799286,0.0008642907631771383,-0.09958829291084402,-0.8992770359077423,0
sample_02649.html,0.15774873808038692,0.6118624304306663,0.3764439141972801,0.4238043425019523,1.3834893987685786,-0.03803718838513859,-0.10977361938621372,0.7302271280296673,0.3988588479118585,-0.16483810957301387,-0.018419915615323922,-0.07976275162136529,-0.023214935647310808,0
sample_02171.html,7.136177871627478,10.57430840277986,1.8892139808011965,7.097818781505976,0.23041067304937268,-0.29392862183131047,1.58572571814699,0.5376072668181879,0.41494068902403675,0.37837765225744624,-0.006849391788223287,0.062199700969719725,-0.2815528421162048,0
sample_06066.html,-0.3940140396663882,-0.42807710527946874,-0.4993703348891979,-0.46272400415294096,-0.2373260526300182,-0.3365771940723391,-0.44887348689285445,0.2273657812888318,0.42025155385807933,-0.251269141578363,0.022719724658811676,-0.061673754094468625,0.3944350674249757,1
sample_09591.html,-0.3821943891206929,-0.2882533021587783,-0.5789898120788778,-0.37376441227407625,1.0353268160137736,-0.31829923454046966,-0.44887348689285445,-1.9925510562714843,-0.09632974426958875,-0.2694943572651209,-0.02613359816672435,-0.10204839657450197,0.25185724806001436,1
sample_09160.html,-0.4455906965930585,-0.4805110314497277,-0.4993703348891979,-0.46579157628669493,-0.011458551560718802,-0.31220658136317986,-0.10977361938621372,0.4784841981087027,0.4835617557155361,-0.2605260416287626,-0.011991846822490236,-0.10364022835686888,-0.7118611724647292,1
sample_00170.html,0.30656888358755024,0.533211541175278,0.45606339138695995,-0.17743979571382307,0.7612790693291887,-0.2878359686540206,0.9075259831337085,0.7069072053208817,0.25891793060419027,-0.18119862596904376,-0.02613359816672435,-0.022746231416587003,-0.2792065851944342,0
sample_05531.html,-0.33115498903700874,-0.34942621602408036,-0.4993703348891979,-0.4003500374332772,0.4618700726624893,-0.2817433154767308,-0.10977361938621372,0.3316516123233787,0.1053092138274795,-0.26031515301850167,-0.004278164271089811,-0.09582578142524951,-0.3918705153675585,1
sample_05201.html,-0.42302590918764027,-0.44555508066955507,-0.4197508576995181,-0.4647690522421103,-1.336508448372397,-0.32439188771775945,-0.44887348689285445,0.36063942124012316,-0.7344182960840199,0.6590370943130849,0.007292359556010826,-0.10016714083170472,1.3888392064912385,0
sample_09068.html,-0.436457330262294,-0.4805110314497277,-0.5789898120788778,-0.41466537405746234,0.42914483866489467,-0.23300209005841238,-0.10977361938621372,-1.9925510562714843,-1.089610874500559,-0.26943886026242064,-0.02613359816672435,-0.10320609241622336,0.25224883411605653,1
sample_00011.html,-0.4520377787088923,-0.4805110314497277,-0.4993703348891979,-0.48828710526755725,-2.256016803315404,-0.3365771940723391,-0.44887348689285445,-0.12874146463753744,-0.21167839805975797,-0.26913917644783936,-0.027419211925291086,-0.10364022835686888,-0.5290785406346323,0
sample_06617.html,-0.44666521027903083,-0.4805110314497277,-0.34013138050983827,-0.46579157628669493,-2.031717831017028,-0.2817433154767308,-0.10977361938621372,-0.29279883450924066,-1.6369229735774486,-0.1478671261472814,-0.02613359816672435,-0.1034955163766537,-1.344893428018001,1
sample_09086.html,0.4897734670458271,0.6293404058207527,-0.5789898120788778,0.0321776334260306,0.76488614469506,-0.09896372015803664,0.22932624812042704,-1.9925510562714843,-0.0522451493661733,-0.2694610590635007,-0.011991846822490236,0.0595948853258466,0.32709136607092765,1
sample_00586.html,-0.4520377787088923,-0.4805110314497277,-0.5789898120788778,-0.42284556641413956,-1.915135587638334,-0.3365771940723391,-0.44887348689285445,-1.9925510562714843,6.73047062272572,-0.2694943572651209,-0.027419211925291086,-0.10364022835686888,-0.9039450780673419,0
sample_01968.html,-0.4520377787088923,-0.4805110314497277,-0.5789898120788778,-0.49237720144589586,-2.256016803315404,-0.3365771940723391,-0.44887348689285445,-1.9925510562714843,-1.5094629360083582,-0.2694943572651209,-0.027419211925291086,-0.10364022835686888,-1.3066020613442069,1
sample_09317.html,-0.2355232709854742,-0.20960241290338993,-0.4993703348891979,-0.14062893010877558,0.6583183616920423,-0.2573727027675716,0.22932624812042704,-0.2611145918979836,0.10909877421623229,-0.2124434384892772,-0.02613359816672435,-0.09336567776159158,-0.3664902761573393,1
sample_04346.html,-0.18770741195970694,-0.15716848673313102,-0.5789898120788778,-0.34308869093653666,1.100821226869268,-0.30611392818589006,-0.10977361938621372,-1.9925510562714843,0.3163179842141385,-0.2694943572651209,0.0008642907631771383,-0.058345378549519634,-0.20849749927324426,1
sample_09495.html,-0.31933533849131346,-0.3057312775488646,0.05796600543856084,0.09352907610110972,1.6138824148981255,-0.2208167837038328,-0.10977361938621372,0.5749570194530567,0.7249472687091283,1.9770909084437145,-0.02613359816672435,-0.05964778637145619,-0.6616034782848508,0
sample_03476.html,-0.425712193402571,-0.4717720437546845,-0.5789898120788778,-0.45454381179626374,-1.0528236375670446,-0.2573727027675716,-0.44887348689285445,-1.9925510562714843,0.3884840557445693,-0.2694832578645808,-0.011991846822490236,-0.09669405330654056,-0.39051433818928233,1
sample_06816.html,-0.4520377787088923,-0.4805110314497277,-0.5789898120788778,-0.4903321533567266,-0.6655331777094177,-0.3365771940723391,-0.44887348689285445,-1.9925510562714843,-0.6516391703371995,-0.2694943572651209,-0.027419211925291086,-0.10364022835686888,0.28452891480864495,0
sample_05287.html,1.0270303100319762,1.3808933475944638,0.05796600543856084,0.7407867963231944,0.8096228046711544,-0.13551963922177548,-0.10977361938621372,0.3784156733360661,-0.09018751417008931,-0.23455344436505163,-0.02613359816672435,0.0704482838419846,-0.21755773282587984,1
sample_08612.html,0.8040687201927244,1.4770222122399386,0.9337802545250389,0.7551021329473795,0.49449645339261455,-0.32439188771775945,1.2466258506403491,0.6041711917311063,-0.24285346762842808,0.005926167735615464,-0.01584868809819045,0.006630300567093176,-0.17565441339809953,0
sample_09382.html,-0.29354701002797834,-0.38438216680425297,-0.4197508576995181,0.06898849903107807,-0.17033517420740024,0.04116730291962889,-0.10977361938621372,0.5727982467484336,-0.4190519378798377,-0.26302340675027325,-0.02613359816672435,-0.09741761320761642,1.0176426263526621,0
sample_00942.html,-0.4520377787088923,-0.4805110314497277,-0.5789898120788778,-0.49237720144589586,-2.256016803315404,-0.3365771940723391,-0.44887348689285445,-1.9925510562714843,-1.2972817976803461,-0.2694943572651209,-0.027419211925291086,-0.10364022835686888,-1.3042592724394466,1
sample_03081.html,-0.4520377787088923,-0.4805110314497277,-0.4993703348891979,-0.49237720144589586,-2.256016803315404,-0.3365771940723391,-0.44887348689285445,-0.22337093839729882,-3.8777894628358465,0.008279240650105513,-0.027419211925291086,-0.10364022835686888,-1.5499972342643304,1
sample_04777.html,-0.4520377787088923,-0.4805110314497277,-0.4993703348891979,-0.4893096293121419,-1.2220532489725586,-0.3365771940723391,-0.44887348689285445,0.3032161550809943,-0.45328982043347404,-0.2678294471841138,-0.027419211925291086,-0.10364022835686888,0.11082971052464799,1
sample_02823.html,0.07232490004558922,0.17491304567850874,0.7745413001456792,-0.24390385861182545,0.4759336229499395,-0.17207555828551432,-0.44887348689285445,0.5989586944073392,0.3255796482044626,-0.0650544987179877,-0.01970552937389066,-0.039098685180901586,-0.42669758076346687,0
sample_04776.html,-0.4337710460473632,-0.46303305605964135,-0.4993703348891979,-0.48828710526755725,-0.9915621547527916,-0.3365771940723391,-0.44887348689285445,0.5047300262370561,0.42111160296337413,-0.26636432631282747,0.08700041258714855,-0.09872002102955299,-1.0055610142462665,1
sample_08817.html,1.0533558953382975,1.7828867815664489,0.05796600543856084,0.43300705890321417,-1.514230986503387,-0.2634653559448614,0.22932624812042704,0.6455015682952001,0.11842059727526277,-0.2497929213065367,-0.02613359816672435,-0.029402982506484977,-1.0256058657378855,1
sample_04320.html,0.028269838920724998,-0.4542940683645982,-0.4993703348891979,0.442209775304476,1.2720909352242273,0.7540077246625362,-0.10977361938621372,0.5131864220691617,-0.5030782093779653,-0.26511009405180214,-0.02613359816672435,-0.07759207191813769,1.297757202491841,0
sample_00099.html,-0.4396808713202109,-0.4717720437546845,-0.34013138050983827,-0.4617014801083563,-1.6771275451299916,-0.2878359686540206,-0.10977361938621372,0.41172914281227757,0.3068192272620038,-0.2664198233155277,-0.02613359816672435,-0.10277195647557784,-0.41488414587197225,1
sample_05574.html,-0.4391436144772247,-0.44555508066955507,-0.4993703348891979,-0.4811294369554647,-0.4274520505210647,-0.3365771940723391,-0.44887348689285445,0.2695827999196528,-1.960712373925054,-0.2660868412993263,-0.002992550512523074,-0.10364022835686888,2.8373978651707774,0
sample_02747.html,0.4838636417729794,2.0363174247227,0.13758548262824066,1.0904900195711456,1.4029216934492788,0.4676530253299153,-0.10977361938621372,0.6361120306924185,-1.441706301211939,-0.22549633352437295,-0.02613359816672435,0.02660055383678709,2.003583578373711,0
sample_00757.html,5.747368932508282,8.905161753026618,0.13758548262824066,7.0497601514104975,1.1379606289825719,5.792631902281205,-0.44887348689285445,0.1440011726425221,-0.5955739388748981,-0.16163038281694017,-0.02613359816672435,0.37593527407621546,-0.18181996094797814,1
sample_02975.html,-0.4498887513369477,-0.4717720437546845,-0.5789898120788778,-0.486242057178388,-0.6885628095917979,-0.3365771940723391,-0.44887348689285445,-1.9925510562714843,0.21384118230716265,-0.2694943572651209,-0.002992550512523074,-0.10364022835686888,0.21064144344805832,1
sample_08729.html,-0.44075538500618316,-0.4805110314497277,-0.5789898120788778,-0.44431857135041725,0.8729538653946053,-0.2878359686540206,-0.44887348689285445,-1.9925510562714843,-1.8715745000231379,-0.2694943572651209,-0.0209911431324574,-0.10364022835686888,1.5355111763888685,1
sample_09104.html,-0.4289357344604879,-0.46303305605964135,-0.4993703348891979,-0.47397176864337215,-1.5435377130570114,-0.31829923454046966,-0.10977361938621372,0.43619300261567,-0.22157088764455046,-0.26772955257925335,-0.006849391788223287,-0.10089070073278059,0.5328237178062468,0
sample_05215.html,-0.4144297996998619,-0.4805110314497277,-0.021653471751118984,-0.39523741721035394,0.36773112436228944,-0.20253882417196337,-0.10977361938621372,0.5126904283020588,0.15474519248224233,-0.20405229168100136,-0.02613359816672435,-0.10320609241622336,0.07724089669100438,1
sample_00188.html,-0.010949910617263888,0.2972588734091129,0.2968244370076003,-0.10177301641455881,0.9289484366706287,-0.23300209005841238,-0.44887348689285445,0.604504020677849,0.3026272974151304,0.34055089521696463,-0.02613359816672435,-0.08005217558179563,-0.2925840305693279,0
sample_03812.html,-0.4520377787088923,-0.4805110314497277,-0.5789898120788778,-0.4760168167325414,-1.1235805269158756,-0.3365771940723391,-0.44887348689285445,-1.9925510562714843,-0.8915572573288945,-0.2694943572651209,-0.027419211925291086,-0.10364022835686888,0.4243564402324666,1
sample_08100.html,0.023434527333849656,0.4021267257496307,-0.021653471751118984,-0.14778659842086816,0.6300348569950038,-0.11724167968990606,0.22932624812042704,0.39815427498942146,-0.6067580484544536,-0.1740950096234134,-0.02613359816672435,-0.09423394964288262,0.7099109139562428,0
sample_08483.html,-0.3821943891206929,-0.2882533021587783,-0.5789898120788778,-0.37376441227407625,1.040445547575992,-0.31829923454046966,-0.44887348689285445,-1.9925510562714843,-0.7762587841641782,-0.2694943572651209,-0.02613359816672435,-0.10204839657450197,0.24910537656226442,1
sample_05740.html,-0.328468704822078,-0.3669041914141667,-0.4993703348891979,-0.3410436428473674,1.0102346554903034,-0.30611392818589006,-0.10977361938621372,0.18006900198275141,0.892241954734387,-0.26455512402479975,-0.02613359816672435,-0.07108003280845489,-1.045892526671203,1
sample_02168.html,0.3194630478192178,0.9089880120621335,1.0930192089043984,0.30928164950847126,-0.28561330298603227,-0.16598290510822453,-0.10977361938621372,0.6367499385981252,0.14763424481158943,0.14086158010097177,-0.02613359816672435,-0.07889447974007424,-0.7428957135442678,0
sample_06580.html,-0.4079827175840281,-0.4105991298893824,0.13758548262824066,-0.4044401336116158,0.09138111336020502,-0.3365771940723391,-0.10977361938621372,0.9390486443777396,1.977348948047658,0.36344895853108244,0.018862883383111463,-0.08815604647384534,-0.8359069910517385,0
sample_05593.html,-0.4283984776175017,-0.4717720437546845,-0.4197508576995181,-0.2970751089302273,0.7857346397611749,-0.1537975987536449,-0.10977361938621372,0.3715161254246923,0.07230928140686742,-0.24792822201580875,-0.02613359816672435,-0.10335080439643853,-0.03677914547210649,1
sample_02620.html,1.765221212294945,1.3808933475944638,2.128072412370236,2.1610726942512763,0.07701340895573586,1.7532028457380644,3.6203249231868346,0.5712454131906328,-0.19039100524738034,0.41266370052565265,-0.02613359816672435,0.19750540247090675,0.3436793999003149,0
sample_04125.html,-0.061989310700948055,0.061306205642947774,-0.1012729489407988,-0.08848020383495833,0.7087392692578176,-0.16598290510822453,0.5684261156270678,0.5736744790496501,0.31989831660480006,-0.04124628455958601,-0.0209911431324574,-0.07600024013577078,-0.3694160178612946,0
sample_02997.html,-0.3273941911361057,-0.3406872283290372,-0.4993703348891979,-0.3931923691211846,0.4911933928541008,-0.2817433154767308,-0.10977361938621372,0.343253371727165,0.015596501766747371,-0.25871683934073486,-0.004278164271089811,-0.09582578142524951,-0.20254721649351112,1
sample_07094.html,1.2199055166640038,1.7129748800061035,2.8446477070773546,0.5209441267374942,0.36132017232592417,-0.20863147734925316,-0.44887348689285445,0.6770477678994021,0.4977457200970763,0.18964344547448012,-0.02613359816672435,0.10821811067814484,-0.5163391321637038,0
sample_06110.html,-0.36177862908721925,-0.38438216680425297,-0.34013138050983827,-0.3983049893441079,0.4013557698752253,-0.31220658136317986,-0.10977361938621372,0.48022527460245884,0.036871467232767484,-0.25825066451805284,-0.02613359816672435,-0.08164400736416254,0.12160967634704425,1
sample_09820.html,-0.4520377787088923,-0.4805110314497277,-0.5789898120788778,-0.4872645812229726,-0.7067890193140784,-0.3365771940723391,-0.44887348689285445,-1.9925510562714843,0.22606251694284138,-0.2694943572651209,-0.027419211925291086,-0.10364022835686888,-0.8721332970100784,1
sample_05375.html,1.491220222372009,2.473266809474858,0.6949218229559994,0.8113409553995354,0.3707355720899004,-0.31829923454046966,-0.10977361938621372,0.5355872071521685,-0.10652861197596732,-0.17231910553700583,-0.0209911431324574,-0.07165888072931557,0.31359779427681733,0
sample_09962.html,-0.07058542018872643,-0.061039622087656356,0.6949218229559994,0.021952392980184074,0.7240512364487715,-0.013666575675979363,-0.10977361938621372,0.6658590562412311,0.05765578427510987,-0.08323531680258535,-0.02613359816672435,-0.08844547043427568,0.7756749857126871,0
sample_06803.html,-0.3096647153175628,-0.3406872283290372,-0.4993703348891979,-0.37376441227407625,0.06381297614258408,-0.2695580091221512,-0.10977361938621372,0.3316516123233787,-2.6904345846916513,-0.26031515301850167,-0.02613359816672435,-0.0910502860781488,3.5660843661725488,1
sample_04752.html,-0.4520377787088923,-0.4805110314497277,-0.5789898120788778,-0.49237720144589586,-2.256016803315404,-0.3365771940723391,-0.44887348689285445,-1.9925510562714843,-0.25563524056365333,-0.2694943572651209,-0.027419211925291086,-0.10364022835686888,-1.3580037057065149,1
sample_07260.html,1.1167522028106631,2.4470498463897283,1.4114971176631177,0.9013230713229847,1.5461946460725497,0.12646444740168616,-0.10977361938621372,0.5917140258690148,0.19102896491222587,0.05394217447186054,-0.02613359816672435,0.03557269661012784,0.018132797025277436,0
sample_09421.html,-0.33867658483881485,-0.3756431791092098,-0.18089242613047862,-0.31036792150982784,0.24230084434912058,-0.06240780109429781,0.22932624812042704,0.8741509383831547,-0.428582587224146,-0.25991557459905995,-0.02613359816672435,-0.09843059706912263,0.344607668107545,0
sample_04912.html,-0.4520377787088923,-0.4805110314497277,-0.5789898120788778,-0.4903321533567266,-1.114558160185379,-0.3365771940723391,-0.44887348689285445,-1.9925510562714843,-1.60279190543054,-0.2694943572651209,-0.027419211925291086,-0.10364022835686888,0.2457020263352195,0
sample_02682.html,0.20932539500705724,0.6206014181257095,3.4019840474051133,0.10784441272529484,1.0269570758541002,-0.275650662299441,-0.10977361938621372,0.37208563524753024,-0.27899094191739854,0.4374153637299584,-0.02613359816672435,-0.055595850925431345,0.5800976918173381,0
sample_03832.html,-0.3096647153175628,-0.3406872283290372,-0.4993703348891979,-0.37376441227407625,0.06381297614258408,-0.2695580091221512,-0.10977361938621372,0.3316516123233787,-2.6902799844858523,-0.26031515301850167,-0.02613359816672435,-0.0910502860781488,3.566025188243186,1
sample_02220.html,-0.26023708576283705,-0.2532973513786057,-0.26051190332015844,-0.2663993875926878,-0.018793896410490164,-0.21472413052654296,-0.10977361938621372,0.8539947886056156,1.8533266219454947,3.220978528165747,-0.005563778029656549,-0.09568106944503435,-1.3521405144817797,1
sample_09645.html,-0.45042600817993383,-0.4805110314497277,-0.4993703348891979,-0.48419700908921864,-1.091387524772613,-0.3304845408950493,-0.44887348689285445,0.19867672293162741,-0.33425918288558676,-0.2687173992273175,0.0008642907631771383,-0.10364022835686888,-0.887651317215179,1
sample_06838.html,-0.36446491330215,-0.4542940683645982,-0.18089242613047862,-0.44022847517207864,-1.6767403259258802,-0.1477049455763551,-0.44887348689285445,0.2870748290024099,-0.08570331250153512,-0.21368657134976252,-0.018419915615323922,-0.048070827954242334,-1.2411426405407027,0
sample_06503.html,-0.3171863111193689,-0.3057312775488646,0.5356828685766397,-0.33286345049069016,1.3460845105596233,-0.30002127500860026,-0.10977361938621372,0.6373471940389703,0.4792177157672831,-0.12919793443892166,0.013720428348844514,-0.06702809736243004,-0.7165499836134174,1
sample_00146.html,-0.44344166922111394,-0.4717720437546845,-0.5789898120788778,-0.4913546774013112,-0.7829181474098523,-0.3365771940723391,-0.44887348689285445,-1.9925510562714843,-0.8836071058427817,-0.2694943572651209,0.08700041258714855,-0.1024825325151475,-0.8249123862667778,1
sample_00969.html,-0.08025604336247712,0.10500114411816354,0.3764439141972801,-0.251061526923918,0.7211437948865914,-0.25128004959028183,-0.10977361938621372,0.7014108952568696,1.0942709785471616,-0.14711236691055818,-0.022276756891024138,-0.006249065672057248,-0.7784006719644453,0
sample_00732.html,-0.16890342245519172,0.05256721794790462,0.05796600543856084,-0.2960525848856427,-0.4609199406596714,-0.3365771940723391,-0.44887348689285445,0.7040769575865524,-0.010583114477575466,-0.2125100348925175,-0.01584868809819045,-0.08338055112674461,-0.15775695543178683,0
sample_03185.html,-0.389715984922499,-0.46303305605964135,-0.4197508576995181,-0.42489061450330884,-0.11757320712523982,-0.25128004959028183,-0.10977361938621372,0.6851318242867168,0.08787187523323814,-0.1724079007413262,-0.006849391788223287,-0.09177384597922467,-0.2140831057229106,1
sample_03885.html,-0.4214141386586818,-0.4805110314497277,-0.5789898120788778,-0.4565888598854331,-0.28562008578696146,-0.2817433154767308,-0.10977361938621372,-1.9925510562714843,-0.6722464092818357,-0.26943886026242064,-0.0017069367539563366,-0.10320609241622336,-0.6158825631244942,1
sample_05512.html,-0.1490249192647042,-0.19212443751330363,-0.4197508576995181,0.011727152534337554,0.3607877709015688,0.18739097917458425,0.22932624812042704,0.5516533833662054,-0.5317098342763378,-0.26254613252705117,-0.02613359816672435,-0.007840897454424154,0.38101165126820724,0
sample_00131.html,1.4417925928172832,-0.13095152364800158,0.6153023457663196,3.308344672275256,1.8113566812971424,2.9534555216641563,0.5684261156270678,0.38754020569285685,0.38490509072251716,-0.08522210949925384,-0.02613359816672435,0.0028677890814986697,-0.301917181415492,0
sample_08371.html,-0.166217138240261,0.00013329177764570985,0.05796600543856084,-0.17334969953548446,-0.4315328742514709,-0.2817433154767308,0.22932624812042704,0.5839479203293512,0.6765929816286973,-0.09477869336423465,-0.011991846822490236,-0.05776653062865894,-0.8571541232073827,0
sample_04771.html,-0.4520377787088923,-0.4805110314497277,-0.4993703348891979,-0.4913546774013112,-2.256016803315404,-0.3365771940723391,-0.44887348689285445,0.4955396516278834,0.16787496201642713,-0.2531893378717912,-0.027419211925291086,-0.10364022835686888,-0.5771504062736157,0
sample_03538.html,-0.10443260129685383,0.061306205642947774,-0.18089242613047862,-0.24083628647807148,0.634612642014911,-0.17207555828551432,-0.10977361938621372,0.5043938175152332,1.546149071264092,-0.1428834953048001,-0.02613359816672435,-0.06254202597575965,-0.9199869383305657,0
sample_03173.html,-0.33330401640895335,-0.4717720437546845,-0.4993703348891979,-0.065984674854096,-0.18283649403907543,-0.04412984156242839,-0.44887348689285445,0.38890028476894106,-1.9742309834358531,-0.26362277437943576,-0.02613359816672435,-0.09278682984073088,2.1584917366542693,0
sample_08434.html,0.7014526631823699,0.026350254862775167,1.1726386860940783,0.9872150910680956,0.40381574037039825,1.204864059781982,0.5684261156270678,0.43717054805682065,0.5708884224260447,-0.061613684550573,-0.02613359816672435,-0.003933673988614475,-0.3643979667368036,0
sample_09767.html,0.09703871482295208,0.07004519333799093,0.854160777335359,0.27144825985883914,0.7683113380428028,0.5773207825211318,0.5684261156270678,0.5729676719940031,0.41041887828098456,-0.13762237944881764,-0.02613359816672435,-0.06485741765920243,0.10255413537710148,0
sample_09115.html,2.0612497327803134,1.7654088061763626,-0.18089242613047862,2.4862353404291953,0.8571717653142539,3.7576857410664104,-0.10977361938621372,0.5753879055748304,-0.1334539745800277,-0.19848039260989755,-0.017134301856757187,0.4770889482466216,0.7343023250381293,0
sample_04344.html,0.3425650920676222,-0.22708038829347624,-0.4197508576995181,0.21827700954043724,0.1519291969185248,0.5834134356984216,0.5684261156270678,0.4816511357251914,0.465696665078627,-0.2126987247016983,-0.02613359816672435,-0.051254491518976146,-0.5764442867199199,0
sample_01710.html,-0.4520377787088923,-0.4805110314497277,-0.5789898120788778,-0.49237720144589586,-2.256016803315404,-0.3365771940723391,-0.44887348689285445,-1.9925510562714843,-2.295583102024106,-0.2694943572651209,-0.027419211925291086,-0.10364022835686888,-0.8075865904878893,0
sample_03972.html,-0.4498887513369477,-0.4717720437546845,-0.5789898120788778,-0.486242057178388,-0.6885628095917979,-0.3365771940723391,-0.44887348689285445,-1.9925510562714843,0.21384118230716265,-0.2694943572651209,-0.002992550512523074,-0.10364022835686888,0.21064144344805832,1
sample_06226.html,0.8271707644411287,0.7516862335513568,-0.18089242613047862,0.7356741761002712,0.6876619878939352,1.3084391637959087,-0.10977361938621372,0.5871767921663846,-0.09232862285833464,-0.20533982214364685,-0.017134301856757187,0.16465578296206243,0.4780276540125786,0
sample_09170.html,-0.34995897854152397,-0.39312115449929613,-0.4197508576995181,-0.3942148931657693,0.047161254366329036,-0.3304845408950493,-0.44887348689285445,0.5517131336723254,0.6789478684851579,-0.2327220432759438,-0.02613359816672435,-0.07759207191813769,-0.809699799274093,1
sample_05282.html,-0.3467354374836071,-0.2969922898538215,-0.34013138050983827,-0.4044401336116158,0.09107340432877026,-0.3304845408950493,-0.10977361938621372,0.5707185634996522,0.3912424965969272,0.00024327465911119173,-0.00042132299538959916,-0.08584065479040257,-1.2719189316918882,1
sample_02742.html,0.5843306714113893,0.6118624304306663,-0.4197508576995181,0.11704712912655671,-0.21551054211394458,0.2787807768339313,-0.44887348689285445,0.6903065832973286,0.8057787877392286,-0.26078132784118363,-0.02613359816672435,0.10503444711341102,-0.4901554994339447,1
sample_09301.html,0.10241128325281357,-0.2882533021587783,-0.18089242613047862,-0.14983164651003747,-0.5361568579100191,0.6321546611167401,-0.10977361938621372,0.5640308334386158,-0.6884278957720905,-0.2598267793947396,-0.01970552937389066,-0.08670892667169361,0.822307741631277,0
sample_02655.html,-0.3746727933188868,-0.4805110314497277,-0.4197508576995181,-0.40750770574536976,-0.8744753194335517,-0.21472413052654296,-0.10977361938621372,0.5029411789215281,-0.019090052796775087,-0.26158048468006706,0.0034355182803106135,-0.10204839657450197,-0.7382121956847008,1
sample_04671.html,-0.4036846628401389,-0.4018601421943393,-0.4993703348891979,-0.4064851817007851,0.9518734680729665,-0.3365771940723391,-0.10977361938621372,0.42594168742850946,-0.35452893414143355,-0.26529878386098293,0.01629165586597799,-0.10089070073278059,0.4939973378014802,1
sample_09813.html,-0.155472001380538,0.2186079841537245,-0.18089242613047862,-0.368651792051153,-0.7397151513966914,-0.32439188771775945,-0.10977361938621372,0.39798402919797005,-0.09273843945397192,0.48695198834018993,-0.01970552937389066,-0.0948127975637433,-1.3831640387403643,0
sample_07771.html,-0.3676884543600669,-0.4542940683645982,-0.5789898120788778,-0.2858273444397962,0.44539417683210375,-0.08068576062616724,-0.10977361938621372,-1.9925510562714843,0.01953895250676549,-0.26928346865485997,-0.02613359816672435,-0.09799646112847712,-0.43245428039819866,1
sample_09408.html,0.9195789414347464,1.8964936216020098,0.45606339138695995,0.4381196791261374,1.1780810297117035,-0.2817433154767308,1.2466258506403491,0.37864922642720716,-0.06242007653399519,-0.15964359012027168,-0.02613359816672435,0.010537524032902855,0.28718928802301535,1
sample_03592.html,0.26197656561969984,0.707991295076141,0.3764439141972801,0.48924588135537,1.4907820209480251,-0.06240780109429781,-0.10977361938621372,0.7311189448762828,0.34931439907256134,-0.16500460058111457,-0.018419915615323922,-0.06601511350092382,0.08290952694639303,0
sample_09835.html,1.6330560289203524,1.791625769261492,2.3669308439392753,1.5874367052392864,1.0925799178339717,2.447765307949102,0.5684261156270678,0.5592438003219091,0.008833906056387543,0.17665714684262465,-0.02613359816672435,0.22427711881071383,0.5061787997011309,0
sample_02517.html,-0.30268037635874284,-0.3319482406339941,-0.4993703348891979,-0.36660674396198367,0.1450017406474816,-0.2695580091221512,-0.10977361938621372,0.343253371727165,-2.671847559479453,-0.25871683934073486,-0.02613359816672435,-0.0910502860781488,3.551261852867586,1
sample_05818.html,0.000869739928431393,-0.3406872283290372,0.45606339138695995,0.3685880440943811,1.0048620049304475,0.7661930310171158,0.5684261156270678,0.03556624358666192,-1.1277111871170424,-0.10005090862075716,-0.02613359816672435,-0.08569594281018739,1.484424639181163,0
sample_09321.html,-0.44344166922111394,-0.4805110314497277,-0.5789898120788778,-0.3850121767645074,0.0595402354823181,-0.2634653559448614,1.58572571814699,-1.9925510562714843,0.039198919164220844,-0.2694943572651209,-0.02613359816672435,-0.10060127677235024,-0.38186106209139314,1
sample_01791.html,-0.4283984776175017,-0.4717720437546845,-0.4197508576995181,-0.2970751089302273,0.7857346397611749,-0.1537975987536449,-0.10977361938621372,0.3715161254246923,0.07230928140686742,-0.24792822201580875,-0.02613359816672435,-0.10335080439643853,-0.03677914547210649,1
sample_09119.html,-0.4300102481464602,-0.44555508066955507,-0.4197508576995181,-0.4790843888662954,-0.9810542213852353,-0.3304845408950493,-0.44887348689285445,0.5583980437744961,0.44625724133013994,-0.2516798193983448,-0.002992550512523074,-0.10146954865364127,-1.0008685655910148,0
sample_08653.html,-0.42678670708854327,-0.4542940683645982,-0.4993703348891979,-0.39216984507659997,0.5840722541995552,-0.31829923454046966,-0.10977361938621372,0.5766664835670271,0.08538918190053753,-0.21536258083130966,-0.013277460581056975,-0.10089070073278059,-0.4155209181231182,1
sample_08270.html,6.551105169615561,5.662997318165608,-0.18089242613047862,6.153006564309758,1.000737940844118,11.166352004650815,-0.10977361938621372,0.6109326272046196,-0.14770204563117809,-0.20175471576921156,-0.0209911431324574,1.6032375782811001,0.9520997254254078,0
sample_05863.html,-0.4520377787088923,-0.4805110314497277,-0.5789898120788778,-0.4872645812229726,-1.3697623290295469,-0.3365771940723391,-0.44887348689285445,-1.9925510562714843,0.10778540765288766,-0.2694943572651209,-0.027419211925291086,-0.10364022835686888,-0.7037330793037303,1
sample_00576.html,-0.4214141386586818,-0.4805110314497277,-0.5789898120788778,-0.4565888598854331,-0.2176315057962528,-0.2817433154767308,-0.10977361938621372,-1.9925510562714843,-0.6603472534716854,-0.26943886026242064,-0.0017069367539563366,-0.10320609241622336,-0.6114483252846218,1
sample_09074.html,-0.4117435154849311,-0.4193381175844256,-0.5789898120788778,-0.45147623966250977,-0.2991542505740407,-0.31829923454046966,-0.10977361938621372,-1.9925510562714843,-0.3428534963165168,-0.26943886026242064,-0.02613359816672435,-0.10233782053493232,-0.2357735052106468,1
sample_02578.html,-0.12216207711539676,-0.4542940683645982,-0.4197508576995181,-0.46579157628669493,-0.7479829981406222,-0.32439188771775945,-0.10977361938621372,0.5918573092025229,2.5015980193052965,-0.18206437921116744,0.022719724658811676,0.628602391531908,-0.9666052485241652,1
sample_07984.html,0.6095817430317383,0.04382823025286147,-0.4197508576995181,0.5751379011004808,1.0803899225088696,0.7357297651306668,-0.10977361938621372,-0.25876168629166774,-1.3142276947256124,-0.23263324807162344,-0.02613359816672435,-0.01290581676195522,1.3513136588068193,0
sample_01429.html,-0.1226993339583829,0.09626215642312039,-0.26051190332015844,-0.33286345049069016,0.6850306002734964,-0.31220658136317986,0.22932624812042704,0.7356994470799952,0.4428057531738179,-0.22690595739295896,-0.01584868809819045,-0.0910502860781488,-0.5482379656629915,0
sample_05884.html,-0.32255887954923035,-0.42807710527946874,-0.34013138050983827,-0.3727418882294916,-0.42643843359507994,-0.13551963922177548,-0.44887348689285445,0.5680195084280879,-0.0984280602430085,-0.257340513673769,-0.02613359816672435,-0.09900944498998333,-0.16490516429779548,0
sample_02714.html,-0.1312954434461613,0.05256721794790462,-0.34013138050983827,-0.2766246280385343,0.5908756942228965,-0.3304845408950493,-0.44887348689285445,0.7300211117785874,0.5872207623775988,-0.2408690032723386,-0.02613359816672435,-0.07382956043254318,-0.39829767656153703,0
sample_07745.html,1.5642871530181253,-0.4717720437546845,-0.4993703348891979,-0.4749942926879568,-2.256016803315404,-0.3304845408950493,-0.10977361938621372,0.22542587681724072,2.2098488156936167,-0.2569076370527071,0.009863587073144301,5.22711498682947,-1.537261006981938,1
sample_00138.html,-0.43484555973333555,-0.4717720437546845,-0.4993703348891979,-0.3706968401403223,0.15465273373444294,-0.30002127500860026,-0.10977361938621372,-0.21636823475923242,-0.18914066896931603,-0.2691946734505396,-0.018419915615323922,-0.09264211786051571,-0.4345943337220879,1
sample_06961.html,-0.3198725953342996,-0.4542940683645982,-0.4197508576995181,-0.43613837899374003,-1.6215711367379153,-0.13551963922177548,-0.44887348689285445,0.5952765894397927,0.891167481115264,-0.24921575247845426,-0.009420619305356762,0.0022889411606379765,-0.884138646226359,0
sample_07986.html,0.150764399121567,0.09626215642312039,-0.5789898120788778,2.457604667180825,-0.08638981278812731,1.3510877360369373,-0.44887348689285445,-1.9925510562714843,-1.7770424058786511,-0.26932786625702015,-0.02613359816672435,-0.09032672617707294,1.9619617941313536,0
sample_09354.html,-0.44075538500618316,-0.4717720437546845,-0.5789898120788778,-0.47703934077712606,-1.292550762802647,-0.2878359686540206,-0.44887348689285445,-1.9925510562714843,-0.16031584595910733,-0.2693500650581003,-0.018419915615323922,-0.09683876528675574,-0.9599748041676823,0
sample_05374.html,-0.4396808713202109,-0.4717720437546845,-0.34013138050983827,0.011727152534337554,1.3273324702513882,-0.2878359686540206,-0.10977361938621372,0.5278465142583448,-1.2568662003954711,-0.20104435413464852,-0.014563074339623712,-0.10306138043600818,1.6448204259120147,1
sample_00684.html,0.7820411896302922,-0.2969922898538215,0.05796600543856084,1.685599013519413,0.6764563283854497,2.045650198247975,-0.10977361938621372,0.5687274729875118,-1.2185251382005506,-0.23743928850546395,-0.02613359816672435,0.030363065322381595,1.3358144519421171,0
sample_05130.html,-0.33115498903700874,-0.34942621602408036,-0.4993703348891979,-0.4003500374332772,0.4618700726624893,-0.2817433154767308,-0.10977361938621372,0.3316516123233787,0.10220703556200413,-0.26031515301850167,-0.004278164271089811,-0.09582578142524951,-0.3915459689486119,1
sample_07975.html,-0.10013454655296464,0.05256721794790462,-0.5789898120788778,0.1579480909099428,-1.912049946149959,-0.0502224947397182,0.22932624812042704,-1.9925510562714843,0.3041454885861244,-0.2694166614613405,-0.01584868809819045,-0.07382956043254318,-1.059149386747867,1
sample_04398.html,-0.4343083028903494,-0.4717720437546845,-0.4197508576995181,-0.44022847517207864,0.06416672343532498,-0.2817433154767308,-0.10977361938621372,0.3600250372681366,0.759212174174629,-0.25508733536413936,-0.02613359816672435,-0.10320609241622336,0.48271375332841643,1
sample_00110.html,0.26197656561969984,0.4895166027000622,-0.26051190332015844,0.3972187173427513,0.040739219717731166,0.05944526245149831,-0.10977361938621372,0.6332258280408214,0.5121723911194715,-0.11360327668015505,-0.02613359816672435,0.0747896432484398,-0.344660973461976,0
sample_02488.html,-0.22961344571262657,-0.4717720437546845,1.0930192089043984,-0.19482270447176214,0.5301851718450663,0.3336146554295396,-0.10977361938621372,0.7030859595627063,1.7825408176121316,-0.10196000551364533,-0.02613359816672435,-0.07296128855125214,-0.4759370338587136,1
sample_07440.html,-0.3467354374836071,-0.3232092529389509,-0.021653471751118984,-0.31343549364358175,0.5885761006332629,-0.0502224947397182,-0.10977361938621372,0.48080738830136355,-0.44644974307692453,-0.25143563258646373,-0.02613359816672435,-0.1003118528119199,0.5052928778068695,0
sample_08211.html,1.9763631515885016,2.543178711035203,-0.18089242613047862,0.603768574348851,0.46289873892803546,-0.11724167968990606,-0.10977361938621372,0.5748351494538908,-0.785941010567867,-0.2577844896953709,-0.02613359816672435,-0.057042970727583076,0.11796780216809968,0
sample_03822.html,-0.33115498903700874,-0.34942621602408036,-0.4993703348891979,-0.4003500374332772,0.4618700726624893,-0.2817433154767308,-0.10977361938621372,0.3316516123233787,0.10328636063585998,-0.26031515301850167,-0.004278164271089811,-0.09582578142524951,-0.3917082617145721,1
sample_05150.html,-0.09744826233803389,-0.4368160929745119,-0.18089242613047862,-0.32263821004484367,0.4845612185542189,-0.01975922885326917,-0.44887348689285445,0.5179593782114539,-0.17199568459938358,-0.2606037374325429,-0.009420619305356762,-0.10175897261407163,-0.1525236134618345,0
sample_05301.html,-0.3096647153175628,-0.3406872283290372,-0.4993703348891979,-0.37376441227407625,0.06381297614258408,-0.2695580091221512,-0.10977361938621372,0.3316516123233787,-2.6904345846916513,-0.26031515301850167,-0.02613359816672435,-0.0910502860781488,3.5660843661725488,1
sample_02637.html,-0.20812317199318062,-0.12221253595295842,-0.021653471751118984,-0.32263821004484367,1.0823623428508307,-0.3304845408950493,-0.10977361938621372,0.6530774664440919,0.5885884477233798,-0.18812465190603334,-0.013277460581056975,-0.08207814330480806,-0.9757481669034169,0
sample_08359.html,0.20072928551927885,-0.1484294990380879,-0.26051190332015844,0.05058306622855433,0.4839284498443301,0.4310971062661765,-0.44887348689285445,0.10348716397394955,-0.07210609603365874,-0.20800367827325825,-0.02613359816672435,-0.007262049533563461,0.6983435257452755,0
sample_00813.html,-0.31557454059041046,-0.4542940683645982,-0.021653471751118984,-0.28378229635062685,0.674525737334575,-0.18426086464009395,-0.10977361938621372,0.6878004516719585,0.979399593053926,-0.15909971949380936,-0.02613359816672435,-0.02289094339680218,-1.0152236918967081,1
sample_04991.html,-0.08670312547831091,-0.008605695917397443,-0.34013138050983827,-0.2561741471468413,-0.21016728772882873,-0.2573727027675716,0.22932624812042704,0.567647972535625,0.6170615093645577,-0.10062807744883963,-0.02613359816672435,-0.03548088567552225,-0.34943613301916,0
sample_07554.html,-0.15815828559546874,-0.4018601421943393,-0.4993703348891979,-0.43613837899374003,-0.22310991960202498,-0.30611392818589006,-0.10977361938621372,0.27357711822556674,0.7439115589037676,-0.22810469265128408,-0.02613359816672435,0.24034014861459804,-1.2542869465164237,1
sample_05219.html,-0.44182989869215544,-0.46303305605964135,-0.4993703348891979,-0.45863390797460235,0.06453424829245305,-0.3304845408950493,-0.44887348689285445,-0.045924347023679084,-0.3225901441397602,-0.2690836794451391,0.0034355182803106135,-0.1034955163766537,0.10851058496903732,0
sample_09010.html,-0.4337710460473632,-0.46303305605964135,-0.4993703348891979,-0.48828710526755725,-0.9915621547527916,-0.3365771940723391,-0.44887348689285445,0.5213603583334323,0.4704206918711307,-0.26636432631282747,0.08700041258714855,-0.09872002102955299,-1.0055610142462665,1
sample_09759.html,-0.4283984776175017,-0.4542940683645982,-0.26051190332015844,-0.41773294619121626,1.3473117433223685,-0.2817433154767308,-0.10977361938621372,0.6948535572194506,0.5079534177600773,-0.24092450027503884,-0.013277460581056975,-0.10291666845579302,-0.01618353115873133,1
sample_02125.html,-0.39455129650937437,-0.4717720437546845,-0.4197508576995181,-0.3962599412549386,-0.7317550439645564,-0.22690943688112258,-0.44887348689285445,-0.016436425102397505,0.3527741197664505,-0.267896043587354,-0.00042132299538959916,-0.07339542449189766,-0.8052702810663925,0
sample_04307.html,-0.10980516972671532,0.05256721794790462,-0.1012729489407988,-0.29503006084105804,0.7795630115883061,-0.23300209005841238,-0.44887348689285445,0.6865828145057059,0.45693215416944005,-0.2172161807214976,-0.02613359816672435,-0.06861992914479693,-0.46042765762082327,0
sample_08449.html,0.5467226924023589,0.9876389013175219,3.7204619561638324,0.721358839476086,1.4581319730875155,-0.007573922498689558,0.22932624812042704,0.6374743742809246,0.6736520009294378,0.8964976694668592,-0.02613359816672435,0.04338714354174719,-0.3526003986750146,0
sample_07495.html,-0.3096647153175628,-0.3406872283290372,-0.4993703348891979,-0.37376441227407625,0.06381297614258408,-0.2695580091221512,-0.10977361938621372,0.3316516123233787,-2.6903442224846508,-0.26031515301850167,-0.02613359816672435,-0.0910502860781488,3.5660843661725488,1
sample_05757.html,-0.3746727933188868,-0.38438216680425297,-0.4993703348891979,-0.4167104221466316,-0.3505696802699711,-0.3304845408950493,-0.10977361938621372,-0.03866762374383943,-0.14946662581047263,-0.26814023039923507,0.01500604210741125,-0.10233782053493232,-0.1870937457328411,1
sample_06544.html,0.7793549054153615,0.5681674919554506,1.3318776404734378,0.5321918912279254,-0.05825988402748228,0.31533669589767016,0.5684261156270678,0.5777266502100235,-0.19356017942461629,-0.13540249934080817,-0.02613359816672435,0.0027230771012834963,0.2699395278651968,0
sample_09574.html,-0.12646013185928595,-0.11347354825791527,0.6153023457663196,-0.25208405096850267,0.8744166854242634,-0.17816821146280412,-0.10977361938621372,0.8086838240415247,1.6461828438284052,0.43923566541852616,-0.02613359816672435,-0.06543626558006313,-1.2217865424424117,0
sample_02141.html,-0.4375318439482663,-0.4717720437546845,-0.4197508576995181,-0.45147623966250977,-1.7960619488055198,-0.2634653559448614,-0.10977361938621372,0.4066228702510142,0.47479535212098534,-0.2642110426080583,-0.02613359816672435,-0.10233782053493232,-0.5370996467746262,1
sample_05606.html,0.23994903505726775,0.4458216642248465,0.05796600543856084,-0.15596679077754538,0.416259024861624,-0.29392862183131047,0.22932624812042704,0.6253742769706753,0.3214106391636229,-0.1260901022877084,-0.02613359816672435,-0.028389998644978764,-0.46670608521309287,0
sample_04549.html,-0.40637094705506965,-0.42807710527946874,-0.4993703348891979,-0.4565888598854331,-1.044802351692958,-0.32439188771775945,-0.10977361938621372,0.5788950284047242,0.4424463566862731,-0.2152293880248291,-0.01584868809819045,-0.09886473300976815,-0.5664681968104072,1
sample_01746.html,-0.4396808713202109,-0.4805110314497277,-0.4197508576995181,-0.39523741721035394,0.490844544923817,-0.30002127500860026,-0.10977361938621372,0.3598872258589432,0.033914698704972567,-0.2637226689842962,0.006006745797444088,-0.10291666845579302,0.6311333430461277,1
sample_02072.html,-0.4520377787088923,-0.4805110314497277,-0.4993703348891979,-0.49237720144589586,-2.256016803315404,-0.3365771940723391,-0.44887348689285445,-0.02903634409911931,-1.825861245500461,-0.2690836794451391,-0.027419211925291086,-0.10364022835686888,-0.8941280345469641,1
sample_09440.html,-0.41228077232791727,-0.44555508066955507,-0.4993703348891979,-0.2868498684843808,0.29150715211888123,-0.19035351781738374,-0.10977361938621372,0.4110704294559236,-0.18172214318880614,-0.2677184531787133,-0.01584868809819045,-0.07686851201706182,0.7065645774073426,1
sample_02565.html,-0.4321592755184048,-0.4717720437546845,-0.4197508576995181,-0.43613837899374003,-0.5758260267512711,-0.245187396412992,-0.10977361938621372,0.40139478109889704,0.2553820389809162,-0.2675630615711526,-0.02613359816672435,-0.10118012469321093,-0.37760152886783405,1
sample_01279.html,-0.34458641011166247,-0.4193381175844256,-0.1012729489407988,-0.298097632974812,0.35899551870928653,-0.06240780109429781,-0.10977361938621372,0.6458258009313849,-0.23760261765849214,-0.26103661405360473,-0.02613359816672435,-0.09510222152417365,0.5695784661159602,0
sample_00267.html,-0.2645351405067263,-0.2882533021587783,0.2968244370076003,0.330754654444749,-0.4533071065790335,0.022889343387759473,0.22932624812042704,0.7461002710677053,0.4121042412087347,-0.23206717864408102,-0.02613359816672435,-0.09293154182094605,-0.5792693125163364,0
sample_03392.html,-0.2844136436972138,-0.38438216680425297,-0.4993703348891979,-0.3983049893441079,1.0142622160652004,-0.2878359686540206,0.22932624812042704,0.15459811437900564,0.5728685498549749,-0.26881729383217795,-0.011991846822490236,-0.0807757354828715,-0.18978752142683775,1
sample_00699.html,0.012152133631140524,-0.08725658517278581,-0.26051190332015844,-0.005655756223601528,0.5085204393600027,0.44328241262075607,-0.10977361938621372,0.4996610200536831,-0.1286717097300849,-0.2522902864280474,-0.02613359816672435,-0.03851983726004089,0.42872702822630593,0
sample_03687.html,-0.4498887513369477,-0.4805110314497277,-0.5789898120788778,-0.48010691291088003,-0.41798708786172795,-0.3304845408950493,-0.44887348689285445,-1.9925510562714843,-1.2386259151421526,-0.2694943572651209,-0.00042132299538959916,-0.10364022835686888,1.7705290804295617,1
sample_02039.html,-0.3096647153175628,-0.3406872283290372,-0.4993703348891979,-0.37376441227407625,0.06381297614258408,-0.2695580091221512,-0.10977361938621372,0.3316516123233787,-2.690269802611112,-0.26031515301850167,-0.02613359816672435,-0.0910502860781488,3.566025188243186,1
sample_01543.html,-0.4520377787088923,-0.4805110314497277,-0.5789898120788778,-0.48828710526755725,-0.4857802989613899,-0.3365771940723391,-0.44887348689285445,-1.9925510562714843,-2.374105694263592,-0.2694943572651209,-0.027419211925291086,-0.10364022835686888,-0.06926926283400898,0
sample_06055.html,-0.03888726645254364,0.1661740579834656,0.05796600543856084,-0.18664251211508492,-0.7496930391520009,-0.3304845408950493,0.22932624812042704,0.685402820488707,0.30255122948903,-0.20781498846407742,-0.01584868809819045,-0.05935836241102585,-0.38585173273304113,0
sample_00543.html,-0.3940140396663882,-0.42807710527946874,-0.4993703348891979,-0.46272400415294096,-0.2373260526300182,-0.3365771940723391,-0.44887348689285445,0.2273657812888318,0.42025155385807933,-0.251269141578363,0.022719724658811676,-0.061673754094468625,0.3944350674249757,1
sample_08510.html,-0.4455906965930585,-0.4717720437546845,-0.4993703348891979,-0.4913546774013112,-2.256016803315404,-0.3365771940723391,-0.44887348689285445,0.5589853414783611,0.32820175648364686,-0.21104491402123124,0.04714638607157969,-0.10320609241622336,-0.3476364668686068,1
sample_03601.html,0.9281750509225247,0.2623029226289403,-0.18089242613047862,1.3900895646344484,0.7485434279497025,2.423394695239943,-0.10977361938621372,0.5943192430221844,-0.4608273433342626,-0.20833666028945966,-0.018419915615323922,-0.004367809929259996,0.8655818664895352,0
sample_01983.html,-0.41872785444375105,-0.4805110314497277,-0.4993703348891979,-0.29912015701939665,-1.044802351692958,-0.09896372015803664,1.9248255856536307,-0.05545505590400005,-0.10638055247877608,-0.2680736339959948,-0.02613359816672435,-0.10306138043600818,-0.6844612175133499,1
sample_07996.html,-0.33115498903700874,-0.34942621602408036,-0.4993703348891979,-0.39216984507659997,0.4292988566945629,-0.2817433154767308,-0.10977361938621372,0.3316516123233787,-0.23526998466179355,-0.26031515301850167,-0.004278164271089811,-0.09582578142524951,0.564802224433168,1
sample_00304.html,0.09112888955010444,0.3322148241892855,0.05796600543856084,0.48720083326620073,1.216729810938186,-0.11724167968990606,0.5684261156270678,0.4267418138563966,-0.5299677628899364,-0.23642924305631965,-0.02613359816672435,-0.08685363865190877,-0.4179360138787794,1
sample_05175.html,-0.3198725953342996,-0.3319482406339941,-0.5789898120788778,-0.3727418882294916,-0.2697808830012883,-0.3365771940723391,-0.10977361938621372,-1.9925510562714843,1.806904485938843,-0.26939446266026046,0.006006745797444088,-0.07527668023469491,-0.7628495230705349,1
sample_02502.html,-0.155472001380538,0.2186079841537245,-0.18089242613047862,-0.368651792051153,-0.7397151513966914,-0.32439188771775945,-0.10977361938621372,0.3979823686850013,-0.10186979656330496,0.48695198834018993,-0.01970552937389066,-0.0948127975637433,-1.3834794587987573,0
sample_00130.html,0.24800788770205998,0.026350254862775167,0.13758548262824066,0.2826960243492703,0.0334798361822935,0.40063384037972744,-0.44887348689285445,0.5871653045240353,-0.16346327871792404,-0.20272036361619566,-0.022276756891024138,0.14598793751430506,0.5129591249732206,0
sample_06415.html,-0.06306382438692035,-0.026083671307483746,-0.26051190332015844,0.07103354712024737,0.49796701883371547,0.04116730291962889,0.5684261156270678,0.5141122493287648,-0.5325216958697456,-0.21802643696092106,-0.02613359816672435,-0.07831563181921355,0.6488754442805011,0
sample_06748.html,-0.2408958394153357,-0.4368160929745119,-0.4197508576995181,-0.2612867673697645,0.006051606345979112,-0.2878359686540206,0.5684261156270678,0.34635009780583204,-7.851757030852685e-05,-0.2530894432669308,-0.02613359816672435,-0.002341842206247569,-0.7872033074716241,1
sample_08727.html,-0.3821943891206929,-0.2882533021587783,-0.5789898120788778,-0.37376441227407625,1.0455802247764663,-0.31829923454046966,-0.44887348689285445,-1.9925510562714843,0.02507780481221077,-0.2694943572651209,-0.02613359816672435,-0.10204839657450197,0.23395628296371732,1
sample_08416.html,-0.35533154697138547,-0.3669041914141667,-0.4993703348891979,-0.3257057821785976,0.9597891905515219,-0.29392862183131047,-0.10977361938621372,0.3583811095225799,-0.3461155408307467,-0.260859023644964,-0.004278164271089811,-0.10103541271299576,0.5120188360453757,1
sample_00853.html,3.2577207221104674,1.1798966306084713,-0.18089242613047862,3.307322148230671,0.8301049073656535,6.91977274007982,-0.10977361938621372,0.5762573574480923,-0.46240772016359727,-0.2003894895027857,-0.022276756891024138,0.35871454843060985,0.9902954608782573,0
sample_05087.html,-0.1839466140588039,-0.4193381175844256,-0.18089242613047862,-0.2561741471468413,-0.84748360522953,0.44328241262075607,-0.10977361938621372,0.41637576013629257,0.25549279068821834,-0.25717402266566824,-0.02613359816672435,-0.0699223369667335,-0.43121378635876917,0
sample_00496.html,0.07447392741753382,-0.19212443751330363,-0.34013138050983827,0.07614616734317063,0.09706534883774132,0.49202363803907456,-0.10977361938621372,0.5916418241432814,-0.5202961458246224,-0.22180023314453717,-0.017134301856757187,-0.08815604647384534,0.684378525277936,0
sample_03353.html,-0.09744826233803389,-0.13969051134304472,0.854160777335359,-0.09972796832538951,0.2928730083756146,-0.11114902651261627,-0.10977361938621372,0.597099073795655,1.474875744656754,-0.08830774284938701,-0.02613359816672435,0.16682646266529003,-0.9686722127376773,0
sample_02137.html,0.22490584345365558,-0.3319482406339941,-0.4197508576995181,1.288859684220568,1.1062016292016146,1.2596979383775901,0.22932624812042704,0.5639189279738513,-0.629570245248734,-0.20538421974580706,-0.02613359816672435,0.0996801038454496,0.8570110014274457,0
sample_07385.html,1.0195087142301702,1.800364756956535,0.5356828685766397,0.8144085275332894,0.8952191725094336,0.0472599560969187,0.9075259831337085,0.671820676026126,0.20700520448136142,-0.14692367710137735,-0.02613359816672435,0.3607405161536223,-0.050667328058900014,1
sample_07919.html,-0.03566372539462675,-0.12221253595295842,-0.34013138050983827,-0.10586311259289742,-0.060822111302733545,0.1569277132881352,-0.44887348689285445,0.6152429794853193,0.8983651755776084,0.42334132384517825,-0.02613359816672435,0.019654378786458773,-1.1161324003210125,0
sample_00675.html,0.8078295180936274,0.13995709489833613,0.05796600543856084,0.5015161698903858,0.7588001433278481,2.703656741395274,-0.44887348689285445,0.5000525894039214,-0.31292800852684644,-0.14209543786645673,-0.013277460581056975,-0.06500212963941761,0.5247978789964229,0
sample_08126.html,-0.3666139406740946,-0.2969922898538215,-0.4993703348891979,-0.2592417192805952,0.7807143314852952,-0.31220658136317986,6.33312386323996,-0.41650874953288364,0.006610683149200484,-0.2629457109464929,-0.011991846822490236,-0.09336567776159158,0.09704478618869046,1
sample_04946.html,-0.19684077829047147,-0.3756431791092098,-0.26051190332015844,-0.040421573739479695,-0.5221601484920819,0.21785424506103326,-0.10977361938621372,0.5932483248004821,-0.5902068368222341,-0.24117978648745994,-0.02613359816672435,-0.1019036845942868,0.730759302381639,0
sample_00706.html,-0.4332337892043771,-0.4805110314497277,-0.4993703348891979,-0.4300032347262321,-0.6901165009856889,-0.2208167837038328,-0.44887348689285445,0.23918846223247617,0.1637186841816362,-0.2634895815729552,-0.013277460581056975,-0.09495750954395848,-0.48493885870380565,1
sample_06201.html,-0.4520377787088923,-0.4805110314497277,-0.5789898120788778,-0.486242057178388,-1.0200836873138628,-0.3365771940723391,-0.44887348689285445,-1.9925510562714843,0.19333343166059386,-0.2694943572651209,-0.027419211925291086,-0.10364022835686888,0.25538278721721513,1
sample_01323.html,-0.4106690017989588,-0.42807710527946874,-0.4993703348891979,-0.389102272942846,-1.3272900647511219,-0.2634653559448614,0.22932624812042704,0.15188190018790318,-0.1738267405238467,-0.2120216612687554,-0.02613359816672435,-0.09814117310869229,0.8990031333810712,1
sample_04252.html,-0.1785740456289424,0.017611267167732012,-0.18089242613047862,-0.0956378721470509,0.05803344231199386,-0.17816821146280412,-0.10977361938621372,0.5207982343945935,0.1573203776148669,-0.23967026801401348,-0.008135005546790024,-0.07296128855125214,0.016974831360569237,0
sample_04665.html,-0.4396808713202109,-0.46303305605964135,-0.5789898120788778,-0.42693566259247817,-0.01798396336276236,-0.3304845408950493,-0.44887348689285445,-1.9925510562714843,-0.5279236343697628,-0.2694943572651209,0.0034355182803106135,-0.10175897261407163,0.34752077632096273,0
sample_06983.html,0.4215418479865861,0.4370826765298033,-0.18089242613047862,0.09148402801194042,0.2204902331955037,0.21176159188374347,-0.10977361938621372,0.5235376224522089,-0.01644927259706987,-0.20859194650188076,-0.02613359816672435,-0.07296128855125214,0.5385255810517087,0
sample_05073.html,-0.28495090054019995,-0.38438216680425297,-0.18089242613047862,-0.3911473210320153,0.9467137187333441,-0.2817433154767308,0.22932624812042704,0.22367667837584237,0.4871378031695344,-0.25502073896089905,-0.006849391788223287,-0.0813545834037322,0.05758308111280886,1
sample_09913.html,3.7337302849961955,5.872733022846644,0.13758548262824066,2.6569968558748323,1.2500524340715378,0.10818648786981676,0.5684261156270678,-0.023531946560102473,-0.4077048951287117,-0.20017860089252482,-0.02613359816672435,0.4888106186440506,0.7558647208002715,0
sample_04733.html,0.9383829309392616,1.5731510768854131,2.9242671842670345,0.3450699910689341,0.37086262242980317,-0.21472413052654296,0.22932624812042704,0.6961136967202755,0.5372282260720592,0.2770956223295136,-0.02613359816672435,-0.0034995380479689556,-0.6726865826918663,0
sample_08499.html,0.8438257265736994,0.7866421843315294,0.2968244370076003,0.9432465571509555,1.5613131944277245,0.9428799731585202,0.22932624812042704,0.44566530222402867,1.1336778543600037,0.26325466985607454,-0.02613359816672435,0.8157149819501271,-0.16434125951684167,0
sample_09460.html,-0.41335528601388954,-0.4368160929745119,-0.4993703348891979,-0.45863390797460235,-2.12984863329009,-0.31220658136317986,-0.10977361938621372,0.5777114856481682,0.43635364799120413,-0.21540697843346987,-0.017134301856757187,-0.09872002102955299,-0.6122929569162066,1
sample_02871.html,-0.4332337892043771,-0.4717720437546845,-0.4197508576995181,-0.43920595112749394,-0.5498168799907667,-0.2573727027675716,-0.10977361938621372,0.40139478109889704,0.27503548295533803,-0.2675630615711526,-0.02613359816672435,-0.10132483667342611,-0.3732409407576299,1
sample_00235.html,-0.4520377787088923,-0.4805110314497277,-0.5789898120788778,-0.4903321533567266,-0.4942503276776579,-0.3365771940723391,-0.44887348689285445,-1.9925510562714843,-2.302987153267968,-0.2694943572651209,-0.027419211925291086,-0.10364022835686888,-0.007391703869979399,0
sample_09457.html,-0.4300102481464602,-0.46303305605964135,-0.5789898120788778,-0.4678366243758642,-0.4195689642159084,-0.2878359686540206,-0.44887348689285445,-1.9925510562714843,0.01072396741276144,-0.26943886026242064,-0.01584868809819045,-0.10277195647557784,-0.228668490105373,1
sample_00475.html,-0.45042600817993383,-0.4805110314497277,-0.5789898120788778,-0.483174485044634,-1.3751335685245674,-0.32439188771775945,-0.10977361938621372,-1.9925510562714843,0.21004684256597803,-0.2694943572651209,-0.014563074339623712,-0.1034955163766537,-0.8478573474268543,1
sample_09309.html,0.17655272758490215,1.057550802877867,-0.1012729489407988,0.08841645587818646,0.8397665712519338,-0.32439188771775945,-0.10977361938621372,0.7385493417901345,-0.1680000172120801,-0.22324315521474333,-0.02613359816672435,-0.0574771066682286,-0.2314791223274305,0
sample_08875.html,-0.24358212363026646,-0.061039622087656356,-0.26051190332015844,-0.13960640606419095,0.3240358968520612,-0.3365771940723391,0.5684261156270678,0.5308681395110051,-0.3660003095830102,-0.2558975916035628,-0.004278164271089811,-0.0796180396411501,0.12712914275801204,0
sample_07991.html,-0.44075538500618316,-0.4805110314497277,-0.5789898120788778,-0.459656432019187,-0.05868085372228814,-0.2878359686540206,-0.10977361938621372,-1.9925510562714843,-1.0061420078552301,-0.2694832578645808,-0.008135005546790024,-0.10364022835686888,-0.43351692774575273,1
sample_09116.html,-0.43054750498944633,-0.4717720437546845,-0.4993703348891979,-0.44840866752875586,-0.4802532427832406,-0.30002127500860026,-0.10977361938621372,0.15641832936714456,1.0097295232428287,-0.25876123694289505,-0.011991846822490236,-0.10364022835686888,0.526540205527383,1
sample_02764.html,-0.019546020105042274,0.12247911950824984,-0.18089242613047862,-0.26230929141434917,-1.6059911580691784,-0.30002127500860026,-0.10977361938621372,0.7439941482769065,0.5643082635593019,-0.23817184894110707,-0.01584868809819045,-0.061384330134038274,-1.1248110998518728,1
sample_03672.html,-0.4520377787088923,-0.4805110314497277,-0.5789898120788778,-0.49237720144589586,-2.256016803315404,-0.3365771940723391,-0.44887348689285445,-1.9925510562714843,-1.2972817976803461,-0.2694943572651209,-0.027419211925291086,-0.10364022835686888,-1.3042592724394466,1
sample_07241.html,-0.4289357344604879,-0.46303305605964135,-0.4993703348891979,-0.47397176864337215,-1.5435377130570114,-0.31829923454046966,-0.10977361938621372,0.43619300261567,-0.22157088764455046,-0.26772955257925335,-0.006849391788223287,-0.10089070073278059,0.5328237178062468,0
sample_02860.html,-0.4455906965930585,-0.4717720437546845,-0.4993703348891979,-0.4760168167325414,-1.4247911990232913,-0.31829923454046966,-0.10977361938621372,0.2173557760218134,0.20544492359296415,-0.2684621130148965,-0.017134301856757187,-0.1034955163766537,-0.9156985266946829,1
sample_00061.html,-0.24358212363026646,-0.4542940683645982,0.13758548262824066,-0.15494426673296072,1.9089996487815966,-0.05631514791700801,-0.10977361938621372,0.48834417748560627,0.6948735694924223,-0.2467405861580237,-0.00042132299538959916,-0.10219310855471715,0.40805536525420266,1
sample_04833.html,-0.32202162270624424,-0.17464646212321733,0.13758548262824066,-0.34820131115945996,0.5024191100739054,-0.3365771940723391,-0.10977361938621372,0.6421306279209881,0.6745327047684925,-0.06263482940025736,-0.013277460581056975,-0.07310600053146732,-1.0424594114710952,0
sample_02872.html,0.8164256275814057,1.5644120891903701,-0.021653471751118984,0.37370066431730437,0.6124846321142461,-0.3365771940723391,-0.44887348689285445,0.5854980829860293,0.7022579986104587,0.18927716525665855,0.00472113203887735,0.014010611558067014,-0.7313543615361943,0
sample_01899.html,1.055504922710242,1.3197204337291617,3.3223645702154334,0.25713292323465403,-0.4648397334287348,-0.3304845408950493,0.22932624812042704,0.6324405000850886,0.8770784110852721,0.23248713155906311,-0.02613359816672435,0.08766900948759022,-0.582061613791339,0
sample_01762.html,-0.4520377787088923,-0.4805110314497277,-0.5789898120788778,-0.4933997254904805,-1.3908636227199325,-0.3365771940723391,-0.44887348689285445,-1.9925510562714843,-1.707211936414615,-0.2694943572651209,-0.027419211925291086,-0.10364022835686888,-0.45468758099995726,1
sample_04421.html,-0.3424373827397179,-0.4018601421943393,-0.4993703348891979,-0.38194460463075347,0.29237840289822226,-0.31829923454046966,0.22932624812042704,0.0472756464719266,-2.590032160794621,-0.2359519688330976,-0.02613359816672435,-0.03779627735896503,3.7817067853503326,1
sample_09831.html,-0.4332337892043771,-0.4717720437546845,-0.5789898120788778,-0.48215196100004937,-1.2792309526931431,-0.30611392818589006,-0.44887348689285445,-1.9925510562714843,-0.094477637048717,-0.2694166614613405,-0.0107062330639235,-0.095391645484604,-0.8612046627742629,1
sample_02686.html,1.6840954290040366,2.551917698730246,3.879700910543192,1.0138007162272964,0.22398045059108213,-0.16598290510822453,0.5684261156270678,0.6362397794901289,0.599735774829803,0.16653449355010141,-0.02613359816672435,0.14121244216720436,-0.7352226737581332,0
sample_04843.html,0.07877198216142302,0.2011300087636382,0.3764439141972801,-0.2254984258093017,0.5426438387598277,-0.30002127500860026,0.22932624812042704,0.7374039563592162,0.23574819910674552,-0.22106767270889405,-0.02613359816672435,-0.024916911119814603,-0.23807895426308467,0
sample_04452.html,-0.28495090054019995,-0.38438216680425297,-0.18089242613047862,-0.3911473210320153,0.9467137187333441,-0.2817433154767308,0.22932624812042704,0.22367667837584237,0.4871378031695344,-0.25502073896089905,-0.006849391788223287,-0.0813545834037322,0.05758308111280886,1
sample_00534.html,-0.43054750498944633,-0.4717720437546845,-0.4197508576995181,-0.31854811386650506,0.7566485843684918,-0.11114902651261627,0.22932624812042704,0.20140659945443204,-0.9136773518743525,-0.25586429340194267,-0.02613359816672435,-0.1034955163766537,0.6252879873374461,1
sample_09902.html,0.1464663443776778,0.19239102106859504,-0.18089242613047862,-0.0680297229432653,-1.5636559245377377,-0.3304845408950493,-0.44887348689285445,0.3139925094173635,0.3449524906294142,0.004805128281070676,-0.009420619305356762,0.08318293810091985,0.8349297459925115,1
sample_01119.html,-0.3821943891206929,-0.2882533021587783,-0.5789898120788778,-0.37376441227407625,1.0167797495271866,-0.31829923454046966,-0.44887348689285445,-1.9925510562714843,-0.07361536454507507,-0.2694943572651209,-0.02613359816672435,-0.10204839657450197,0.25270001530651465,1
sample_07940.html,-0.4520377787088923,-0.4805110314497277,-0.5789898120788778,-0.4913546774013112,-2.256016803315404,-0.3365771940723391,-0.44887348689285445,-1.9925510562714843,-1.6241803805168198,-0.2694943572651209,-0.027419211925291086,-0.10364022835686888,-1.0836151124799762,1
sample_05821.html,-0.3676884543600669,-0.31447026524390775,-0.4197508576995181,-0.389102272942846,0.38260448051994994,-0.3365771940723391,0.22932624812042704,0.317610239404514,-0.3258872252214431,-0.2631565995567538,-0.0017069367539563366,-0.09843059706912263,0.6222672793331007,0
sample_06504.html,-0.4520377787088923,-0.4805110314497277,-0.5789898120788778,-0.49237720144589586,-2.256016803315404,-0.3365771940723391,-0.44887348689285445,-1.9925510562714843,-1.3820197317511476,-0.2694943572651209,-0.027419211925291086,-0.10364022835686888,-1.3089010697936254,1
sample_06662.html,-0.12108756342942445,-0.061039622087656356,-0.021653471751118984,-0.3594490756498911,0.35736933613046584,-0.31829923454046966,-0.10977361938621372,0.6264125185305957,0.7535630877533913,-0.1752160490779582,-0.0017069367539563366,0.0509121665129362,-0.6983276532867095,1
sample_04217.html,-0.4520377787088923,-0.4805110314497277,-0.5789898120788778,-0.4903321533567266,-1.114558160185379,-0.3365771940723391,-0.44887348689285445,-1.9925510562714843,-1.60279190543054,-0.2694943572651209,-0.027419211925291086,-0.10364022835686888,0.2457020263352195,0
sample_09352.html,-0.4520377787088923,-0.4805110314497277,-0.4993703348891979,-0.4913546774013112,-2.256016803315404,-0.3365771940723391,-0.44887348689285445,0.36623912396952046,-0.3088439694710306,-0.2680070375927545,-0.027419211925291086,-0.10364022835686888,-0.9705573146606707,1
sample_00544.html,-0.23015070255561274,-0.13969051134304472,0.6153023457663196,-0.07211981912160391,-0.6969142785814689,-0.29392862183131047,-0.44887348689285445,0.47789633136355086,0.5927838178799791,0.11001634600018004,-0.02613359816672435,-0.03519146171509191,-0.31900870351896765,0
sample_07670.html,-0.36715119751708075,-0.3669041914141667,-0.4197508576995181,-0.38092208058616883,0.4801180479084654,-0.30002127500860026,-0.44887348689285445,0.5038764944104971,0.5435100256229691,-0.17769121539838878,-0.02613359816672435,-0.07542139221491008,-1.1453691787480564,1
sample_05443.html,-0.3655394269881223,-0.3669041914141667,0.05796600543856084,-0.4013725614778618,0.05854884434152068,-0.3304845408950493,0.5684261156270678,0.4617060468565516,-0.009922276300887895,-0.04837209970629645,-0.011991846822490236,-0.09162913399900949,-0.5523839408859471,0
sample_01546.html,0.7250919642737604,1.1536796675233418,0.854160777335359,0.6344442956863906,0.27839036577575854,-0.2208167837038328,-0.10977361938621372,0.5319966712208233,0.42665849982539156,0.24621709002710176,-0.011991846822490236,0.02833709759936917,0.054974584739357325,0
sample_04785.html,0.6267739620072951,1.2935034706440323,2.287311366749596,0.4514124917057379,1.4199630265781873,-0.3365771940723391,0.5684261156270678,0.5885119737440735,0.8367263488017729,1.1079967467574625,0.0008642907631771383,0.03615154453098853,-0.27404848354841793,0
sample_00184.html,-0.022232304319973018,-0.27951431446373515,-0.4197508576995181,-0.12938116561834442,1.0823444653255248,0.2787807768339313,-0.10977361938621372,0.5761095785913167,-0.5384367831247798,-0.2590831195585564,-0.024847984408157612,-0.09061615013750328,0.11437801343260119,0
sample_07518.html,0.9534261225428737,0.03508924255781832,-0.1012729489407988,3.0527136611290926,0.08391336460265449,1.5338673313556315,-0.10977361938621372,0.6495929061983053,-0.9886779064324205,-0.2423896211463251,-0.02613359816672435,-0.07006704894694868,1.4140812334897013,0
sample_09003.html,-0.09368746443713084,0.2186079841537245,0.21720495981792048,-0.08132253552286578,0.10721295801808463,-0.17816821146280412,-0.10977361938621372,0.05656159379856927,0.003243317775882567,-0.1899893511967613,-0.01584868809819045,-0.055451138945216166,0.40057221895587436,0
sample_08959.html,-0.42947299130347405,-0.44555508066955507,-0.4993703348891979,-0.43511585494915533,-0.488579403446945,-0.275650662299441,-0.10977361938621372,0.3478286345754845,0.21962782961574848,-0.26806253459545476,-0.02613359816672435,-0.10118012469321093,-0.32450802674842777,1
sample_00421.html,-0.44397892606410005,-0.46303305605964135,-0.5789898120788778,-0.4647690522421103,0.46921571283509944,-0.3365771940723391,-0.44887348689285445,-1.9925510562714843,-0.8723176882795476,-0.2694943572651209,0.021434110900244937,-0.1034955163766537,0.656867424292671,0
sample_05026.html,-0.4117435154849311,-0.4193381175844256,-0.5789898120788778,-0.45147623966250977,-0.2991542505740407,-0.31829923454046966,-0.10977361938621372,-1.9925510562714843,-0.34221762356107355,-0.26943886026242064,-0.02613359816672435,-0.10233782053493232,-0.23615017618601292,1
sample_06837.html,-0.231225216241585,-0.4193381175844256,-0.4993703348891979,0.17533099966788188,0.1639149390945779,0.25441016412477213,-0.44887348689285445,0.41850362787849715,0.35575923994849096,-0.26424434080967846,-0.02613359816672435,-0.09625991736589504,0.6711574796476162,1
sample_08084.html,-0.33921384168180096,-0.3057312775488646,-0.5789898120788778,-0.32468325813401294,-0.7056003516194728,-0.18426086464009395,-0.10977361938621372,-1.9925510562714843,-0.4810654262300836,-0.2694166614613405,-0.02613359816672435,-0.09061615013750328,-0.11274292904694416,0
sample_08251.html,-0.44344166922111394,-0.4805110314497277,-0.5789898120788778,-0.3850121767645074,0.0595402354823181,-0.2634653559448614,1.58572571814699,-1.9925510562714843,0.039198919164220844,-0.2694943572651209,-0.02613359816672435,-0.10060127677235024,-0.38186106209139314,1
sample_02320.html,-0.4520377787088923,-0.4805110314497277,-0.5789898120788778,-0.4872645812229726,-0.7067890193140784,-0.3365771940723391,-0.44887348689285445,-1.9925510562714843,0.22606251694284138,-0.2694943572651209,-0.027419211925291086,-0.10364022835686888,-0.8721332970100784,1
sample_06331.html,-0.29623329424290906,-0.2358193759885194,-0.1012729489407988,-0.20095784873927006,-1.2717766847524394,-0.22690943688112258,-0.10977361938621372,0.5558759760799291,0.046150039212352056,-0.24028073504371608,-0.018419915615323922,-0.0758555281555556,-0.6529307630389823,1
sample_00636.html,-0.25325274680401716,-0.13095152364800158,0.3764439141972801,-0.19891280065010075,0.23623552446867022,-0.19035351781738374,0.22932624812042704,0.7032832799695565,0.6926544152149999,-0.21209935707253572,-0.0209911431324574,-0.08410411102782048,-0.7353966482656021,1
sample_05914.html,-0.4343083028903494,-0.4717720437546845,-0.4197508576995181,-0.44022847517207864,0.06416672343532498,-0.2817433154767308,-0.10977361938621372,0.3600250372681366,0.7634099803589206,-0.25508733536413936,-0.02613359816672435,-0.10320609241622336,0.48630106490890773,1
sample_00762.html,0.20610185394914035,0.4021267257496307,0.7745413001456792,0.1640832351774507,0.5329878494132535,-0.0014812693213997515,-0.10977361938621372,0.5794119742525669,0.5948345823867979,-0.05101375703482773,-0.02613359816672435,-0.07035647290737902,-0.16754684151068866,0
sample_05873.html,-0.2134957404230421,-0.13969051134304472,1.8095945036115169,-0.21118308918511658,-1.2887879979311643,-0.30002127500860026,-0.44887348689285445,0.7732391386074858,1.449678836404796,8.384686045008761,-0.02613359816672435,-0.07281657657103696,-1.4229629106880723,0
sample_05009.html,0.5590795997910403,-0.1833854498182605,-0.26051190332015844,0.7285165077881786,0.28211785402633754,1.5826085567739498,-0.10977361938621372,0.05313981502336532,-1.217602079410632,-0.23351010071428718,-0.02613359816672435,0.062199700969719725,1.624123443808204,0
sample_06168.html,-0.20436237409227756,-0.11347354825791527,0.45606339138695995,-0.18459746402591562,-0.3017181008766573,-0.19035351781738374,-0.10977361938621372,0.6545411319120744,0.09712138226083007,-0.24985951770977702,-0.02613359816672435,-0.08497238290911152,0.12448399752810863,0
sample_04691.html,-0.2113467130510975,-0.13969051134304472,-0.26051190332015844,0.2632680675021619,1.0965586906907565,0.12037179422439637,0.22932624812042704,0.5012621157897243,0.20000785913392813,0.2095668694438652,-0.02613359816672435,-0.07180359270953075,-0.30982008814865797,1
sample_08249.html,-0.43162201867541866,-0.4717720437546845,-0.5789898120788778,-0.46272400415294096,-0.6019927646240759,-0.29392862183131047,-0.10977361938621372,-1.9925510562714843,-0.1691874133327392,-0.2694610590635007,-0.013277460581056975,-0.10320609241622336,-0.26288823531940797,1
sample_09776.html,-0.4106690017989588,-0.46303305605964135,-0.4993703348891979,-0.39932751338869255,0.15218642858768802,-0.2817433154767308,-0.10977361938621372,0.578224968209752,0.09747747491800401,-0.2153958790329298,-0.013277460581056975,-0.10045656479213506,-0.8026713934468381,1
sample_00728.html,0.828245278127101,1.2672865075589028,1.4114971176631177,0.2673581636805005,1.269281099378631,-0.22690943688112258,0.5684261156270678,0.6267636179752932,-0.02571566186310116,-0.13930948833090484,-0.02613359816672435,-0.07773678389835285,0.1356506602848219,0
sample_00501.html,-0.44935149449396156,-0.4805110314497277,-0.1012729489407988,-0.4340933309045707,-0.250062269336369,-0.32439188771775945,0.22932624812042704,0.3069391416836134,0.05498287735075849,-0.1435383599366629,-0.006849391788223287,-0.10364022835686888,0.7364242038668588,1
sample_06208.html,0.518248079724093,0.8128591474166589,0.6153023457663196,0.442209775304476,0.5295186708126998,-0.07459310744887743,0.5684261156270678,0.6573082767548896,0.5580843750303988,-0.08640974535703891,-0.02613359816672435,0.14830332919774783,-0.8254103596115601,0
sample_08545.html,-0.436457330262294,-0.4805110314497277,-0.4993703348891979,-0.44329604730583255,0.08141459285252393,-0.2878359686540206,-0.10977361938621372,0.593282884348022,1.1258754456359814,-0.2577178932921306,-0.02613359816672435,-0.10320609241622336,-0.05240898966930544,1
sample_08687.html,-0.24895469206012794,-0.46303305605964135,-0.5789898120788778,-0.47806186482171076,-0.4722282445368599,-0.32439188771775945,-0.44887348689285445,-1.9925510562714843,2.275925863471504,-0.2694943572651209,0.03557586224447905,0.3950372554646183,-1.5051251358237554,1
sample_01441.html,-0.43162201867541866,-0.44555508066955507,-0.5789898120788778,-0.48010691291088003,-1.246671424944675,-0.32439188771775945,-0.44887348689285445,-1.9925510562714843,0.29900818686268116,-0.2694166614613405,0.00472113203887735,-0.1019036845942868,-0.9113993198780314,0
sample_05140.html,2.0768301812269114,0.7254692704662273,0.45606339138695995,1.103782832150746,1.6625544923097089,2.3137269380487266,-0.10977361938621372,0.4955398555505287,0.4815899097507352,0.16643459894524099,-0.02613359816672435,-0.025929894981320818,0.41278074703339546,0
sample_06953.html,-0.3821943891206929,-0.2882533021587783,-0.5789898120788778,-0.37376441227407625,1.0455802247764663,-0.31829923454046966,-0.44887348689285445,-1.9925510562714843,0.02507780481221077,-0.2694943572651209,-0.02613359816672435,-0.10204839657450197,0.23395628296371732,1
sample_03268.html,-0.38111987543472065,-0.38438216680425297,-0.4993703348891979,-0.4167104221466316,-1.5909572857163166,-0.2817433154767308,-0.10977361938621372,0.09336512360562797,-0.28658810114521915,-0.21144449244067293,-0.02613359816672435,-0.09944358093062886,1.2802197533740547,1
sample_03218.html,-0.3273941911361057,-0.3406872283290372,-0.4993703348891979,-0.3931923691211846,0.4911933928541008,-0.2817433154767308,-0.10977361938621372,0.343253371727165,0.013881530544676085,-0.25871683934073486,-0.004278164271089811,-0.09582578142524951,-0.2023741806974135,1
sample_06359.html,-0.43592007341930783,-0.46303305605964135,-0.5789898120788778,-0.3788770324969995,-0.08415690866619989,-0.30002127500860026,-0.44887348689285445,-1.9925510562714843,-0.4128230820175077,-0.2694610590635007,-0.014563074339623712,-0.10320609241622336,-0.03555194984376959,1
sample_05861.html,1.004465522626558,1.3546763845093344,-0.4993703348891979,0.6283091514188827,-1.7285876807513314,0.5773207825211318,0.5684261156270678,-0.7043542538141186,1.3771193129256598,-0.2670857873479306,-0.02613359816672435,-0.0693434890458728,-1.0385634333390206,1
sample_05191.html,0.8846572466406467,0.2186079841537245,-0.021653471751118984,1.3921346127236178,1.0844352213194097,1.363273042391517,0.9075259831337085,0.6792200529069241,-0.6228320947930264,-0.2120660588709156,-0.02613359816672435,0.1452643776132292,1.0630963738266388,0
sample_03038.html,0.9399947014682201,0.5244725534802348,0.13758548262824066,0.6047910983934357,0.7238713771587779,0.7235444587760872,1.2466258506403491,0.5888677668083221,0.17229651966202036,0.09931652387957433,-0.02613359816672435,0.10749455077706896,-0.10726188461390723,0
sample_05404.html,-0.4375318439482663,-0.4805110314497277,-0.4993703348891979,-0.47703934077712606,-1.3439577261095603,-0.2878359686540206,-0.44887348689285445,0.37261156534448653,0.08235814027888394,-0.26281251814001233,-0.013277460581056975,-0.10364022835686888,0.11816667860222248,0
sample_02788.html,0.5639149113779156,0.5856454673455369,0.5356828685766397,0.2407725385212996,0.7541750482714605,0.07772322198336773,0.5684261156270678,0.4746660893605533,-0.28936421993639616,0.024817347454776147,-0.013277460581056975,-0.03475732577444639,-0.07837980870861093,0
sample_07441.html,0.06695233161572774,0.04382823025286147,-0.1012729489407988,-0.010768376446524789,-0.07426980749011157,0.16911301964271483,-0.44887348689285445,0.5846861445816807,0.31261797230643246,-0.1435383599366629,-0.01970552937389066,0.02877123354001469,-0.3411318228735276,0
sample_01461.html,-0.3913277554514574,-0.42807710527946874,0.13758548262824066,-0.20709299300677797,0.019002631935325053,-0.275650662299441,0.22932624812042704,0.7096895103557816,0.5686031838159378,-0.2237537276395855,-0.013277460581056975,-0.08540651884975704,-0.6412991774003488,1
sample_04420.html,-0.18126032984387316,-0.3057312775488646,-0.26051190332015844,-0.13960640606419095,-0.22432582750964736,0.2848734300112211,-0.10977361938621372,0.4783628150962347,0.0901492212166196,-0.24635210713912203,-0.022276756891024138,-0.09741761320761642,-0.3629929113789335,0
sample_07125.html,1.4885339381570784,2.814087329581541,0.21720495981792048,0.6201289590622054,0.5245060900850215,-0.2208167837038328,-0.10977361938621372,0.32541501304748904,0.31195312730195174,-0.15541471851451363,-0.01584868809819045,0.07797330681317362,0.4482408559102803,0
sample_04475.html,-0.4520377787088923,-0.4805110314497277,-0.4993703348891979,-0.4913546774013112,-2.256016803315404,-0.3365771940723391,-0.44887348689285445,0.6992396211230324,1.1152728977546775,0.5671562566425725,-0.027419211925291086,-0.10364022835686888,-1.550779480702702,1
sample_00979.html,-0.25432726048998944,-0.31447026524390775,-0.4197508576995181,-0.3850121767645074,0.12096084765122518,-0.22690943688112258,-0.10977361938621372,0.5523095433197228,-0.17373506502495895,-0.266020244896086,0.0021499045217438758,-0.09886473300976815,-0.5895787231885851,1
sample_03337.html,-0.27205673630853233,-0.3669041914141667,-0.4993703348891979,-0.42080051832497023,0.4751530376283746,-0.29392862183131047,-0.10977361938621372,0.14459251335559467,-0.016086984292292435,-0.19926845004824092,-0.02613359816672435,0.1393311864244071,-0.627093684294762,1
sample_07083.html,0.18676060760163898,1.0662897905729103,0.13758548262824066,0.43607463103696814,0.9369637149210347,0.1569277132881352,-0.10977361938621372,0.6367479027703836,-0.7559777566236872,-0.22567392393301372,-0.02613359816672435,-0.027521726763687724,1.0505572498568903,0
sample_05184.html,-0.3316922458799949,-0.4805110314497277,-0.5789898120788778,-0.251061526923918,0.9883076224035972,-0.025851882030558975,0.5684261156270678,-1.9925510562714843,-0.799910568461153,-0.2694943572651209,-0.01584868809819045,-0.10320609241622336,0.188657305527073,1
sample_05118.html,0.561765884005971,1.7566698184813194,1.0930192089043984,0.39926376543192066,0.5710302058441701,-0.17816821146280412,-0.10977361938621372,0.6300968336311932,0.16802130650892014,0.11927324605057957,-0.02613359816672435,-0.08699835063212395,-0.8383871316828319,0
sample_07753.html,0.8314688191850179,0.27978089801902656,1.8892139808011965,1.941230024665576,1.3970544919166805,2.551340411963029,1.9248255856536307,0.47618472946051543,0.3105152374920791,0.29280127409368073,-0.02613359816672435,0.16899714236851762,0.21048270996271398,0
sample_00268.html,-0.4224886523446541,-0.46303305605964135,-0.4993703348891979,-0.3870572248536767,0.6350041186378196,-0.22690943688112258,-0.44887348689285445,0.5483426671754986,0.41965072539533377,-0.21606184306533266,-0.02613359816672435,-0.1024825325151475,-0.45197135445899844,1
sample_02765.html,-0.3461981806406209,-0.34942621602408036,-0.4197508576995181,-0.4576113839300177,-1.4189986870298523,-0.3365771940723391,-0.44887348689285445,0.4221311495513305,-0.09156383376624858,-0.2679737393911344,0.05486006862298012,-0.09351038974180675,-1.0546559057903433,0
sample_07480.html,0.2995845446287303,0.6555573689058821,0.2968244370076003,-0.02712876115987922,1.123130664582641,-0.2817433154767308,-0.44887348689285445,0.6540482979749129,0.08072578284168537,-0.16568166401405748,-0.0209911431324574,0.11820323731299179,0.30488329333727093,0
sample_05058.html,-0.4520377787088923,-0.4805110314497277,-0.4197508576995181,-0.4893096293121419,-1.3654179389783951,-0.3365771940723391,-0.44887348689285445,0.576342023702752,0.9614418252111803,-0.26609794069986636,-0.027419211925291086,-0.10364022835686888,-0.4842594533112161,1
sample_07133.html,-0.3273941911361057,-0.3406872283290372,-0.4993703348891979,-0.3931923691211846,0.4911933928541008,-0.2817433154767308,-0.10977361938621372,0.343253371727165,0.013881530544676085,-0.25871683934073486,-0.004278164271089811,-0.09582578142524951,-0.2023741806974135,1
sample_00738.html,-0.43806910079125244,-0.4717720437546845,-0.4993703348891979,-0.4340933309045707,-0.0687220819373453,-0.275650662299441,-0.10977361938621372,0.49271226026717796,-0.1578874508081844,-0.26677500413280925,-0.02613359816672435,-0.1024825325151475,0.7554908268460453,1
sample_01993.html,1.0780697101156604,1.3808933475944638,-0.26051190332015844,0.07001102307566272,0.05300097949909238,-0.31829923454046966,0.22932624812042704,0.695782559360428,0.25166029595512257,-0.22113426911213432,-0.017134301856757187,0.2291973261380297,-0.4214165209654769,0
sample_05581.html,-0.2102721993651252,-0.20960241290338993,-0.1012729489407988,-0.2592417192805952,-0.40334173676851326,-0.19644617099467354,-0.44887348689285445,0.8768163724368778,1.953101536953837,2.9002946477626974,-0.0017069367539563366,-0.054004019143064436,-1.2578854704827382,0
sample_04760.html,-0.3096647153175628,-0.3406872283290372,-0.4993703348891979,-0.37376441227407625,0.06381297614258408,-0.2695580091221512,-0.10977361938621372,0.3316516123233787,-2.6904608119031383,-0.26031515301850167,-0.02613359816672435,-0.0910502860781488,3.5661435571395677,1
sample_01149.html,-0.375210050161873,-0.4018601421943393,-0.5789898120788778,-0.46681410033127957,-1.3677928701069197,-0.275650662299441,-0.44887348689285445,-1.9925510562714843,-0.14440302036248912,-0.26926126985377985,-0.009420619305356762,-0.09119499805836398,-1.1572801874715275,1
sample_04794.html,-0.33867658483881485,-0.34942621602408036,-0.1012729489407988,-0.23776871434431754,-0.2688680936223287,-0.2573727027675716,-0.44887348689285445,0.3276578645153411,-0.012912399867503383,-0.24242291934794524,-0.02613359816672435,-0.09683876528675574,-0.1890465913264587,0
sample_09898.html,6.485022577928265,7.078713324762599,1.1726386860940783,3.373786211128673,-0.11304296227255896,1.2170493661365616,0.22932624812042704,0.6414288431887755,0.29875092070746745,0.09673036355374329,-0.0209911431324574,1.996275316545511,-0.1948702393346805,0
sample_09173.html,-0.22155459306783434,-0.061039622087656356,-0.26051190332015844,-0.3113904455544125,0.7159148973139257,-0.275650662299441,-0.44887348689285445,0.6432442499722576,0.019717902689179164,-0.2576068992867301,-0.02613359816672435,-0.07339542449189766,-0.36977846475185494,0
sample_06410.html,-0.2801155889533246,-0.3669041914141667,-0.4197508576995181,-0.3083228734206585,-0.4449375723258165,-0.06850045427158762,-0.44887348689285445,0.488241622845187,-0.47922447168991505,-0.26438863301669907,-0.02613359816672435,-0.09206326993965501,-0.13359374247671607,0
sample_09552.html,0.3796358142336665,0.35843178727441494,-0.4197508576995181,-0.32877335431235155,-0.9107758828662402,-0.31829923454046966,-0.44887348689285445,0.47173255092216126,0.14815401483906904,-0.1635283803092883,-0.02613359816672435,0.1002589517663103,-0.8188688842328179,0
sample_06464.html,-0.18770741195970694,-0.15716848673313102,-0.5789898120788778,-0.34308869093653666,1.100821226869268,-0.30611392818589006,-0.10977361938621372,-1.9925510562714843,0.3163179842141385,-0.2694943572651209,0.0008642907631771383,-0.058345378549519634,-0.20849749927324426,1
sample_02847.html,-0.317723567962355,-0.2532973513786057,-0.5789898120788778,-0.3308184024015209,0.6242301420159645,-0.21472413052654296,-0.10977361938621372,-1.9925510562714843,0.008707127037912835,-0.26937226385918034,-0.02613359816672435,-0.07426369637318869,0.26030662822547634,0
sample_03109.html,-0.411206258641945,-0.4805110314497277,-0.5789898120788778,-0.4064851817007851,0.40527968682949617,-0.25128004959028183,0.22932624812042704,-1.9925510562714843,0.05235809356124232,-0.2694166614613405,-0.02613359816672435,-0.10320609241622336,-0.4184015756059383,1
sample_06570.html,-0.24895469206012794,-0.46303305605964135,-0.5789898120788778,-0.47806186482171076,-0.4722282445368599,-0.32439188771775945,-0.44887348689285445,-1.9925510562714843,2.275925863471504,-0.2694943572651209,0.03557586224447905,0.3950372554646183,-1.5051251358237554,1
sample_09917.html,0.8959396403433558,1.0662897905729103,0.7745413001456792,0.3829033807185662,0.3979933477164376,-0.1537975987536449,1.58572571814699,0.7078820512146332,0.6654017339214787,-0.10320313837413063,-0.02613359816672435,0.15105285682183614,-0.3919590149896132,0
sample_07812.html,0.7476567516791787,1.555673101495327,-0.26051190332015844,0.9647195620872332,0.8539001236786155,0.05944526245149831,1.58572571814699,0.5550762953686811,1.133342071375583,-0.24472049525973505,-0.008135005546790024,-0.03938810914133194,-0.4596386185626684,1
sample_00216.html,-0.4520377787088923,-0.4805110314497277,-0.4993703348891979,-0.49237720144589586,-2.256016803315404,-0.3365771940723391,-0.44887348689285445,0.4852984738238421,-0.10980343919788597,-0.2680514351949147,-0.027419211925291086,-0.10364022835686888,-1.2130732670427111,1
sample_09519.html,1.0367009332057269,1.6605409538358447,0.45606339138695995,0.41664667418985973,0.17760114763176962,-0.245187396412992,-0.44887348689285445,0.8170853962415132,0.7205635776462468,-0.1861933562120651,-0.02613359816672435,0.04309771958131685,-0.5296540228558312,0
sample_02790.html,-0.4488142376509754,-0.4805110314497277,-0.5789898120788778,-0.45454381179626374,-1.8050326996321606,-0.31829923454046966,-0.10977361938621372,-1.9925510562714843,0.1671051128879591,-0.2694943572651209,-0.011991846822490236,-0.10364022835686888,-0.3814384203341525,1
sample_09526.html,0.09112888955010444,0.3322148241892855,0.05796600543856084,0.48720083326620073,1.216729810938186,-0.11724167968990606,0.5684261156270678,0.4267418138563966,-0.5299677628899364,-0.23642924305631965,-0.02613359816672435,-0.08685363865190877,-0.4179360138787794,1
sample_00837.html,-0.44397892606410005,-0.4717720437546845,-0.5789898120788778,-0.4115978019237084,0.06663132682577508,-0.32439188771775945,0.22932624812042704,-1.9925510562714843,-0.14777671528768319,-0.2694943572651209,-0.00042132299538959916,-0.10364022835686888,0.048279538787812444,1
sample_00493.html,-0.16406811086831638,-0.04356164669757005,-0.4197508576995181,-0.2531065750130873,-0.6242320366842665,-0.10505637333532646,-0.44887348689285445,0.5478000023123185,-0.34671332039625047,-0.26226864751355,-0.02613359816672435,-0.0975623251878316,-0.13133721071684604,0
sample_02717.html,-0.4520377787088923,-0.4805110314497277,-0.5789898120788778,-0.4913546774013112,-0.8584616654304115,-0.3365771940723391,-0.44887348689285445,-1.9925510562714843,-0.750032891118911,-0.2694943572651209,-0.027419211925291086,-0.10364022835686888,-0.6736523863162881,1
sample_09760.html,-0.27850381842436617,-0.3581652037191235,0.5356828685766397,-0.007700804312770832,1.1133115185933613,-0.11724167968990606,-0.10977361938621372,0.4874488196679151,-0.013394784852628194,0.4399571264536292,-0.011991846822490236,-0.060081922312101715,-0.3395291166213807,1
sample_01391.html,-0.3349157869379118,-0.3406872283290372,-0.26051190332015844,-0.35842655160530645,0.4683136184797478,-0.3365771940723391,-0.10977361938621372,0.7990286975855623,1.402343550524258,0.24176623041054274,0.01500604210741125,-0.08207814330480806,-1.13627923237299,1
sample_05085.html,-0.4450534397500724,-0.4805110314497277,-0.5789898120788778,-0.46272400415294096,0.012877871705661492,-0.30611392818589006,-0.10977361938621372,-1.9925510562714843,-0.7044866332474025,-0.2694610590635007,-0.013277460581056975,-0.10335080439643853,-0.10794015573025638,1
sample_03999.html,0.49353426494673014,-0.12221253595295842,0.3764439141972801,0.5853631415463273,0.3958788216389395,0.2300395514156129,-0.10977361938621372,0.5870832853795233,0.7535169191058939,1.991764315957657,-0.02613359816672435,0.28201719891656796,-0.2648139886598391,0
sample_06064.html,-0.13022092976018898,-0.3057312775488646,-0.4993703348891979,0.34404746702434946,-0.6531471412692481,0.23613220459290268,-0.10977361938621372,-0.14798354281044238,-1.3183021313001717,-0.2689393872381185,-0.02613359816672435,-0.09683876528675574,1.5271240380023823,0
sample_06303.html,-0.39455129650937437,-0.34942621602408036,-0.4993703348891979,-0.38807974889826136,-0.12923867391992266,-0.3304845408950493,-0.10977361938621372,0.6253665215982642,0.579169392138231,-0.19102159544698571,-0.0209911431324574,-0.08482767092889634,-1.1018067912728815,1
sample_08171.html,-0.231225216241585,-0.24455836368356254,-0.18089242613047862,-0.29503006084105804,-1.6040660962122755,-0.08677841380345704,-0.10977361938621372,0.5246946572070026,0.14331112998071943,-0.23343240491050685,-0.02613359816672435,-0.08338055112674461,-0.7062752400736146,1
sample_02732.html,0.22651761398261402,0.8041201597216157,0.7745413001456792,1.00357547578145,1.2028337413290344,0.3640779213159886,1.9248255856536307,0.6904134042908049,-0.5751336940063502,-0.1860823622066646,-0.017134301856757187,-0.06963291300630316,0.7511524549049601,0
sample_07576.html,0.7030644337113283,2.0013614739425276,-0.26051190332015844,1.3706616077873401,0.3085279309385457,-0.23300209005841238,-0.44887348689285445,0.5968938538139518,-0.12081595045450699,-0.1887018207341158,-0.004278164271089811,0.3879463684340749,-0.6845223510914015,1
sample_07729.html,-0.11517773815657681,-0.34942621602408036,0.05796600543856084,-0.22038580558637844,0.32370602259616194,0.351892614961409,-0.10977361938621372,0.0645119584996545,-1.5229100354884233,0.15926438619637037,-0.02613359816672435,-0.09336567776159158,2.371217801009081,0
sample_06043.html,-0.3273941911361057,-0.3406872283290372,-0.4993703348891979,-0.3931923691211846,0.4911933928541008,-0.2817433154767308,-0.10977361938621372,0.343253371727165,0.015084786596169244,-0.25871683934073486,-0.004278164271089811,-0.09582578142524951,-0.2023741806974135,1
sample_07937.html,0.6052836882878492,1.0313338397927376,0.854160777335359,0.2428175866104689,-0.5469215202927414,-0.23909474323570218,1.2466258506403491,0.6272189189785351,0.1815849902573103,-0.021345059391281014,-0.02613359816672435,-0.014352936564106952,-0.0005041438613838827,0
sample_05944.html,0.1464663443776778,0.19239102106859504,-0.18089242613047862,-0.0680297229432653,-1.5636559245377377,-0.3304845408950493,-0.44887348689285445,0.3140288727092534,0.34480264145014367,0.004805128281070676,-0.009420619305356762,0.0834723620613502,0.8348844270935335,1
sample_03470.html,-0.389715984922499,-0.46303305605964135,0.2968244370076003,-0.3860347008090921,0.4496428567172883,-0.11114902651261627,-0.44887348689285445,0.018032844911073317,-0.6315989876531833,-0.2646550186296602,-0.01584868809819045,-0.10335080439643853,0.17585729802206831,0
sample_07510.html,-0.18985643933165153,0.03508924255781832,-0.1012729489407988,-0.17539474762465376,0.7304659311377923,-0.05631514791700801,0.22932624812042704,0.16896163749542317,-0.7419628000324601,-0.2504810841400197,-0.02613359816672435,-0.09336567776159158,0.6310860945737754,0
sample_01517.html,0.752492063266054,0.5681674919554506,0.13758548262824066,0.7336291280111018,1.0847200686780702,1.2170493661365616,0.22932624812042704,0.3252170337762824,-0.3574596351128331,-0.22085678409863313,-0.02613359816672435,0.01430003551849736,0.5332790580095855,0
sample_04670.html,-0.44666521027903083,-0.4717720437546845,-0.5789898120788778,-0.483174485044634,-1.4226123635144845,-0.3304845408950493,-0.10977361938621372,-1.9925510562714843,-0.5831074126441097,-0.2694943572651209,-0.01584868809819045,-0.10291666845579302,-0.7589990463646494,1
sample_03842.html,0.15613696755142847,0.3671707749694581,1.8892139808011965,0.01990734489101477,-0.30296497953780754,-0.03194453520784878,-0.44887348689285445,0.48064509549307705,-0.0003513397966650381,-0.015218190293174845,-0.02613359816672435,-0.06022663429231689,0.24536351658462552,0
sample_07274.html,-0.36500217014513614,-0.4193381175844256,-0.4197508576995181,-0.13040368966292906,0.2535924576911658,-0.23300209005841238,-0.44887348689285445,0.5511904522573199,0.7894058928192191,-0.17883445365401365,-0.02613359816672435,-0.07527668023469491,-0.8037643272737726,0
sample_03798.html,-0.44344166922111394,-0.4805110314497277,-0.34013138050983827,-0.3972824652995232,2.393031787225936,-0.30611392818589006,-0.10977361938621372,0.5808019624688184,-1.4295829149752128,-0.26654191672146826,-0.0107062330639235,-0.10364022835686888,2.0064540664833426,1
sample_00767.html,-0.44720246712201694,-0.4805110314497277,-0.5789898120788778,-0.47703934077712606,-0.9751637403108766,-0.3304845408950493,-0.44887348689285445,-1.9925510562714843,-0.14889303141632748,-0.2694832578645808,0.07542988876004791,-0.09944358093062886,0.5039202862172548,0
sample_09426.html,-0.4477397239650031,-0.4805110314497277,-0.5789898120788778,-0.4688591484204489,-0.6502400691274753,-0.30002127500860026,-0.10977361938621372,-1.9925510562714843,-0.14469037377730304,-0.2694943572651209,-0.02613359816672435,-0.1034955163766537,-0.6095858697734594,1
sample_08060.html,-0.4235631660306264,-0.4717720437546845,-0.4197508576995181,-0.4259131385478935,-1.7085752446286655,-0.18426086464009395,-0.10977361938621372,0.40139478109889704,0.35391850686538556,-0.2675630615711526,-0.02613359816672435,-0.09929886895041368,-0.6062055440503255,1
sample_05322.html,-0.4520377787088923,-0.4805110314497277,-0.4197508576995181,-0.4913546774013112,-2.256016803315404,-0.3365771940723391,-0.44887348689285445,-0.558564395886911,-5.668973150368642,2.4063491249295077,-0.027419211925291086,-0.10364022835686888,-1.5502177140976494,1
sample_05833.html,0.125513327501218,0.00013329177764570985,-0.18089242613047862,0.052628114317723636,0.6919977298739022,0.32142934907495996,0.22932624812042704,0.8219555127847281,0.13593006391994542,-0.23800535793300637,-0.02613359816672435,-0.061529042114253446,-0.1743726942842835,0
sample_07342.html,-0.436457330262294,-0.4805110314497277,-0.5789898120788778,-0.41466537405746234,0.42914483866489467,-0.23300209005841238,-0.10977361938621372,-1.9925510562714843,-1.0892560410585455,-0.26943886026242064,-0.02613359816672435,-0.10320609241622336,0.2528407698615679,1
sample_06018.html,-0.22585264781172354,-0.3406872283290372,0.6153023457663196,-0.1897100842488389,-0.8290186530266904,0.08990852833794734,-0.10977361938621372,0.48533388741884154,0.2682973324996328,-0.13877671710498257,-0.02613359816672435,-0.06731752132286038,0.24256635226321377,0
sample_04449.html,0.00839133573023748,-0.3057312775488646,0.21720495981792048,0.13954265810741906,1.4701444407104436,0.5163942507482338,0.22932624812042704,0.23767723811937935,-0.36697566571589346,-0.15280635938760248,-0.0209911431324574,-0.0547275790441403,0.7157989549570001,0
sample_07395.html,-0.4332337892043771,-0.4717720437546845,-0.4197508576995181,-0.43920595112749394,-0.5498168799907667,-0.2573727027675716,-0.10977361938621372,0.40139478109889704,0.27503548295533803,-0.2675630615711526,-0.02613359816672435,-0.10132483667342611,-0.3732409407576299,1
sample_06797.html,-0.42087688181569566,-0.4368160929745119,-0.5789898120788778,-0.3645616958728144,0.6965992425849167,-0.09287106698074685,0.22932624812042704,-1.9925510562714843,-0.5903089903303039,-0.2694166614613405,-0.02613359816672435,-0.10089070073278059,0.49024978036732436,1
sample_08312.html,0.22114504555275252,0.11374013181320669,4.118559342112231,1.5700537964813472,-0.14578637659907265,0.21785424506103326,-0.10977361938621372,0.6356139627406954,1.426843342842492,-0.046585096219348816,-0.02613359816672435,0.46044707052187667,-0.621005476131747,1
sample_00895.html,0.3167767636042871,0.17491304567850874,0.2968244370076003,0.13443003788449578,0.33959899724741505,0.760100377839826,0.5684261156270678,0.6675095541802057,-0.10211354611242181,-0.14933224701856765,-0.02613359816672435,-0.07932861568071976,0.4196384899182965,0
sample_01079.html,-0.12484836133032749,0.03508924255781832,-0.26051190332015844,-0.21834075749720913,0.4197549107408361,-0.22690943688112258,-0.10977361938621372,0.6595058942957832,0.037918696482963,-0.2308240457835957,-0.02613359816672435,-0.08424882300803566,-0.030203680919130838,0
sample_07076.html,-0.24895469206012794,-0.46303305605964135,-0.5789898120788778,-0.47806186482171076,-0.4722282445368599,-0.32439188771775945,-0.44887348689285445,-1.9925510562714843,2.275925863471504,-0.2694943572651209,0.03557586224447905,0.3950372554646183,-1.5051251358237554,1
sample_01365.html,-0.3940140396663882,-0.4105991298893824,-0.4993703348891979,-0.37580946036324553,-0.6891072807681635,-0.31220658136317986,0.22932624812042704,0.5775595788144166,1.4115044180747924,-0.2398811566242744,-0.02613359816672435,0.0008418213584862436,-0.4865859190682433,1
sample_09939.html,-0.2521782331180448,-0.3406872283290372,0.2968244370076003,0.15692556686535813,0.26968491330652855,0.10209383469252695,0.5684261156270678,0.7864460896793024,0.13977989153085385,-0.14125188342541314,-0.02613359816672435,-0.08757719855298464,0.6243088331512998,0
sample_03861.html,-0.2897862121270753,-0.20960241290338993,0.7745413001456792,-0.22856599794305565,0.764606753857504,-0.18426086464009395,-0.44887348689285445,0.5961853682807222,0.867037413938995,-0.06578705915363083,-0.02613359816672435,-0.030994814288851882,-1.02067851759964,0
sample_09948.html,0.2802432982812289,0.07878418103303408,0.3764439141972801,0.31848436590973317,0.24142995087804278,0.49202363803907456,2.2639254531602715,0.33246550789959145,-0.035532492959851406,-0.1801330835171992,-0.02613359816672435,0.017917835023876692,0.07935108074056722,0
sample_05954.html,-0.4520377787088923,-0.4805110314497277,-0.5789898120788778,-0.4893096293121419,-1.8775122871833898,-0.3365771940723391,-0.10977361938621372,-1.9925510562714843,-1.1553610490781943,-0.2694943572651209,-0.027419211925291086,-0.10364022835686888,-1.053887388005776,1
sample_06196.html,0.6391308693959765,0.03508924255781832,-0.021653471751118984,1.373729179921094,1.6366691074418713,0.7174518055987974,-0.44887348689285445,0.45556343649892006,0.5279653929944478,10.926737353093658,-0.017134301856757187,0.04483426334389893,-0.06573792191902762,0
sample_05928.html,0.3726514752748466,0.061306205642947774,2.0484529351805563,0.5587775163871264,1.5474344694095197,1.0220844644632878,-0.10977361938621372,0.6045388589196706,-0.37196709161179115,-0.17533814248389873,-0.02613359816672435,-0.011024561019157967,0.5945714738478871,0
sample_00463.html,-0.3666139406740946,-0.2969922898538215,-0.4993703348891979,-0.2592417192805952,0.7807143314852952,-0.31220658136317986,6.33312386323996,-0.41650874953288364,0.011084960451228145,-0.2629457109464929,-0.011991846822490236,-0.09336567776159158,0.09704478618869046,1
sample_04348.html,-0.25379000364700327,-0.19212443751330363,-0.1012729489407988,0.10886693676987949,-0.12331825768039234,-0.275650662299441,-0.10977361938621372,0.4988732746435434,-1.49189184764832,-0.23308832349376538,-0.009420619305356762,-0.06268673795597483,1.860751224812908,1
sample_03160.html,-0.4423671555351416,-0.4717720437546845,-0.5789898120788778,-0.4852195331338033,-2.256016803315404,-0.31829923454046966,-0.44887348689285445,-1.9925510562714843,0.13315862147791563,-0.2694832578645808,-0.01584868809819045,-0.09944358093062886,-1.164570076566303,0
sample_03366.html,-0.3295432185080503,-0.3406872283290372,-0.021653471751118984,-0.23879123838890218,1.4800981647374434,-0.2634653559448614,-0.10977361938621372,0.7116872089326881,0.8413545078616831,-0.08517771189709364,-0.013277460581056975,-0.09683876528675574,-0.4544011045421773,1
sample_06336.html,1.3354157379060259,-0.13969051134304472,0.13758548262824066,0.8788275423421225,0.4355708642651104,2.2040591808575103,0.22932624812042704,0.652903763192743,-0.7025760587867861,-0.22294347140016205,-0.02613359816672435,-0.042137636765420226,0.5432744175775244,0
sample_03398.html,-0.41872785444375105,-0.44555508066955507,-0.4993703348891979,-0.41466537405746234,-0.8807664702485071,-0.30002127500860026,-0.10977361938621372,0.40973863008096567,0.42220264208583586,-0.25702973045864763,-0.014563074339623712,-0.10045656479213506,-0.37157295495220827,1
sample_06861.html,0.3543847426133175,0.08752316872807724,0.2968244370076003,0.39926376543192066,0.1671977299592438,0.5590428229892624,-0.10977361938621372,0.6012143104617241,0.3580237053710592,0.20096483402532847,-0.02613359816672435,-0.004367809929259996,-0.024074625773809144,0
sample_03968.html,2.8966841236237753,6.370855321464104,1.3318776404734378,2.0312121405890253,0.9551639743736892,-0.30611392818589006,0.5684261156270678,0.6174117706181858,0.14571594767966625,0.3475990145598948,-0.0209911431324574,0.2017020498971468,-0.7834336251319547,0
sample_01011.html,-0.3349157869379118,-0.3232092529389509,-0.5789898120788778,-0.3308184024015209,-1.6465191687977148,-0.25128004959028183,0.22932624812042704,-1.9925510562714843,-0.1606471070993096,-0.2694277608618806,-0.01584868809819045,-0.09872002102955299,-0.9167842246214641,1
sample_02857.html,-0.4477397239650031,-0.4805110314497277,-0.4197508576995181,-0.47806186482171076,-1.3540485959489172,-0.32439188771775945,-0.10977361938621372,0.14735636630427945,-1.0990944127173106,-0.26299010854865307,-0.0017069367539563366,-0.10364022835686888,2.121487734400177,1
sample_04036.html,0.055132681070032455,0.4108657134446739,-0.021653471751118984,0.27656088008176244,0.09539206212889728,-0.2208167837038328,0.22932624812042704,0.494467778368459,0.44003332962549796,-0.2406359158609976,-0.02613359816672435,-0.07035647290737902,-0.12537438571018047,0
sample_08504.html,-0.16997793614116402,-0.17464646212321733,0.854160777335359,-0.21220561322970122,-0.37282721138802016,-0.12333433286719588,-0.10977361938621372,0.4437148738873524,-0.22805598220432644,-0.12574602087096692,-0.02613359816672435,-0.049517947756394065,1.0162188098050253,0
sample_01387.html,-0.40959448811298654,-0.4717720437546845,-0.4993703348891979,-0.43920595112749394,0.17889884885131008,-0.25128004959028183,-0.10977361938621372,-0.4684404147845156,-0.1286919447254573,-0.26365607258105594,-0.00042132299538959916,-0.10306138043600818,0.1971488103653191,0
sample_06254.html,-0.4079827175840281,-0.42807710527946874,-0.4993703348891979,-0.459656432019187,-2.256016803315404,-0.31829923454046966,-0.10977361938621372,0.5777114856481682,0.4737126768652788,-0.21540697843346987,-0.01584868809819045,-0.0932209657813764,-0.6226158876397327,1
sample_00619.html,-0.4520377787088923,-0.4805110314497277,-0.4993703348891979,-0.49237720144589586,-2.256016803315404,-0.3365771940723391,-0.44887348689285445,0.7697396080118865,1.3592755619943566,2.1264777403122124,-0.027419211925291086,-0.10364022835686888,-1.5522331665246654,1
sample_03073.html,-0.16406811086831638,0.00013329177764570985,-0.1012729489407988,-0.31036792150982784,0.10876396657196509,-0.31829923454046966,-0.10977361938621372,0.7167240327239291,0.201135325368191,-0.21398625516434377,-0.017134301856757187,-0.07903919172028942,-0.1956032034260622,0
sample_08736.html,-0.3821943891206929,-0.2882533021587783,-0.5789898120788778,-0.37376441227407625,1.043010887672384,-0.31829923454046966,-0.44887348689285445,-1.9925510562714843,-0.7306939393498637,-0.2694943572651209,-0.02613359816672435,-0.10204839657450197,0.24823936317166806,1
sample_08167.html,0.10778385168267507,0.07878418103303408,0.05796600543856084,0.027065013203107335,0.20840445681789097,-0.10505637333532646,0.22932624812042704,0.330175588657564,-0.7624432882845249,-0.14582483644791266,-0.02613359816672435,-0.09061615013750328,0.8454251910058179,0
sample_03062.html,-0.08670312547831091,0.08752316872807724,0.13758548262824066,-0.18152989189216168,0.9077934377314583,-0.23300209005841238,0.5684261156270678,0.6258731227416311,0.06210718197241674,-0.211932866064435,-0.02613359816672435,-0.06746223330307555,-0.28869420621179814,0
sample_06806.html,-0.42087688181569566,-0.4717720437546845,-0.4197508576995181,-0.34717878711487526,1.2083574484992246,-0.22690943688112258,-0.10977361938621372,0.3372218938703668,-0.34643737202018876,-0.19990111587902362,-0.02613359816672435,-0.10060127677235024,0.555183144710857,1
sample_04732.html,3.1572536924720573,5.121180081072933,1.1726386860940783,2.075180674506165,1.171835862653404,-0.31220658136317986,0.5684261156270678,0.3276778246580706,-0.4874885694639892,0.1108266022396035,-0.02613359816672435,0.3639241797183561,0.9937079765788295,0
sample_02876.html,-0.3569433175003439,-0.3756431791092098,-0.4197508576995181,-0.345133739025706,-0.5280014845400657,-0.19035351781738374,-0.10977361938621372,1.0061752569299516,2.148359899899023,-0.25836165852345333,-0.02613359816672435,-0.09886473300976815,0.0520188955351281,1
sample_08749.html,-0.4520377787088923,-0.4805110314497277,-0.5789898120788778,-0.4913546774013112,-2.256016803315404,-0.3365771940723391,-0.44887348689285445,-1.9925510562714843,-1.6241803805168198,-0.2694943572651209,-0.027419211925291086,-0.10364022835686888,-1.0836151124799762,1
sample_01358.html,1.6325187720773662,1.4945001876300248,0.7745413001456792,1.8185271393154177,-0.3852583473982962,0.08381587516065754,3.281225055680194,0.6253996765072022,0.07219983269112533,-0.14096329901137192,-0.01584868809819045,0.520791966271604,0.19645039606746248,0
sample_00025.html,-0.3085902016315905,-0.2358193759885194,-0.4993703348891979,-0.049624290140741566,0.15339476640498773,-0.19035351781738374,0.22932624812042704,0.5648423941005405,-1.2800199483581385,-0.2047626533155644,-0.004278164271089811,-0.0883007584540605,2.4130021778835316,1
sample_02742.html,-0.27313124999450467,-0.2882533021587783,-0.34013138050983827,-0.3870572248536767,0.6286630233949516,-0.2817433154767308,-0.10977361938621372,0.5878597965940296,0.039138487136809015,-0.26054824042984265,-0.02613359816672435,-0.06037134627253206,-0.3745273534283022,0
sample_02362.html,-0.20328786040630525,-0.1833854498182605,-0.18089242613047862,-0.05780448249741878,0.17132077056936149,0.053352609274208505,-0.10977361938621372,0.5443997276655863,0.006298487917085516,0.030267153119939424,-0.02613359816672435,-0.08815604647384534,-0.3517143072912002,0
sample_03463.html,0.09918774219489668,-0.4193381175844256,-0.4993703348891979,0.3123492216422252,0.5862843859936372,1.2109567129592718,-0.44887348689285445,0.7569742698785145,0.4791998421222243,-0.1367455268061539,-0.01970552937389066,-0.09148442201879432,0.4355874307934255,0
sample_04916.html,1.0275675668749624,1.5381951261052407,0.2968244370076003,0.4524350157503226,-0.23669054051939642,-0.1598902519309347,1.2466258506403491,0.597295843125833,-0.007005233565100325,-0.22114536851267436,-0.017134301856757187,0.04801792690863274,0.0580910543412265,0
sample_02446.html,-0.40959448811298654,-0.4805110314497277,-0.4993703348891979,-0.4678366243758642,-2.256016803315404,-0.25128004959028183,-0.44887348689285445,0.4889363848699213,0.38087698502563155,-0.10514553346863893,-0.00042132299538959916,-0.09437866162309778,-1.398303797375831,1
sample_01072.html,-0.058228512800045006,0.20986899645868135,-0.18089242613047862,-0.23367861816597893,-0.22567463592297418,-0.31220658136317986,-0.10977361938621372,0.7074677308946055,-0.13308536702370574,-0.22256609178180042,-0.01584868809819045,-0.0851170948893267,-0.277177417151272,0
sample_06034.html,-0.440218128163197,-0.46303305605964135,-0.4197508576995181,-0.4852195331338033,-2.256016803315404,-0.3365771940723391,-0.44887348689285445,0.5238222678765886,0.32652992046232293,-0.2227436821904412,0.05357445486441338,-0.10045656479213506,-0.7105197148022602,1
sample_08564.html,-0.4300102481464602,-0.44555508066955507,-0.4197508576995181,-0.4790843888662954,-0.9810542213852353,-0.3304845408950493,-0.44887348689285445,0.5583980437744961,0.44625724133013994,-0.2516798193983448,-0.002992550512523074,-0.10146954865364127,-1.0008685655910148,0
sample_05398.html,3.091708357627747,-0.2969922898538215,-0.26051190332015844,-0.33695354666902877,0.27992571938285177,-0.21472413052654296,0.22932624812042704,0.5512354429336944,2.403423680070513,-0.18573828078992313,-0.0209911431324574,8.734788675265056,-1.3841600897311925,1
sample_06933.html,0.3054943699015779,0.131218107203293,-0.4197508576995181,0.5301468431387562,0.5922118515012762,-0.32439188771775945,1.9248255856536307,0.14510655087809182,-0.11383529936451577,-0.26508789525072207,-0.0107062330639235,-0.009577441217006233,-0.2748268317270671,0
sample_07206.html,-0.4079827175840281,-0.44555508066955507,-0.5789898120788778,-0.4729492445987875,-1.1680996285521696,-0.2817433154767308,-0.44887348689285445,-1.9925510562714843,-0.05402684354129743,-0.26943886026242064,-0.002992550512523074,-0.0932209657813764,-0.9258764395490112,1
sample_06662.html,-0.15977005612442718,0.017611267167732012,0.05796600543856084,-0.21118308918511658,0.04926580003674559,-0.23909474323570218,-0.10977361938621372,0.47597026304344064,-0.983682671990054,-0.25679664304730665,0.0021499045217438758,-0.09278682984073088,1.2101968263522642,0
sample_03066.html,0.7256292211167465,1.162418655218385,0.2968244370076003,0.48720083326620073,0.48071538859564406,-0.30611392818589006,1.2466258506403491,0.5429756319303258,-0.3503755326733789,-0.11634482861354675,-0.02613359816672435,0.011839931854839414,-0.17068713091360288,0
sample_08315.html,0.021822756804891208,0.15743507028842244,-0.18089242613047862,-0.18152989189216168,-0.3459930398477209,-0.2573727027675716,0.22932624812042704,0.47584878875131265,0.32977457287185086,-0.2537221090977135,-0.0017069367539563366,-0.09394452568245226,0.27945747447491515,0
sample_03061.html,-0.4520377787088923,-0.4805110314497277,-0.5789898120788778,-0.49237720144589586,-2.256016803315404,-0.3365771940723391,-0.44887348689285445,-1.9925510562714843,-1.3950323556491044,-0.2694943572651209,-0.027419211925291086,-0.10364022835686888,-1.3133725301468988,1
sample_04085.html,-0.3273941911361057,-0.3406872283290372,-0.4993703348891979,-0.3931923691211846,0.4911933928541008,-0.2817433154767308,-0.10977361938621372,0.343253371727165,0.015596501766747371,-0.25871683934073486,-0.004278164271089811,-0.09582578142524951,-0.20254721649351112,1
sample_01303.html,0.18729786444462512,-0.4542940683645982,-0.26051190332015844,0.3471150391581034,0.2790832107224478,1.076918343058896,-0.44887348689285445,0.570437469728011,-0.8251356867378415,-0.24576383891049952,-0.02613359816672435,-0.041703500824774704,1.4000757510944772,0
sample_01227.html,-0.0910011802222001,-0.19212443751330363,0.45606339138695995,0.4258493905911216,0.6324429087827078,0.39454118720243764,4.298524658200116,0.7664625953791395,-0.07070182649606505,-0.11552347297358326,-0.02613359816672435,0.02356160225226845,0.7285385459551393,0
sample_01355.html,0.1464663443776778,0.19239102106859504,-0.18089242613047862,-0.0680297229432653,-1.5636559245377377,-0.3304845408950493,-0.44887348689285445,0.3139927162531897,0.3450421395386654,0.004805128281070676,-0.009420619305356762,0.0834723620613502,0.8348844270935335,1
sample_04518.html,0.03579143472253109,0.061306205642947774,-0.26051190332015844,-0.0935928240578816,-0.21564244336772606,-0.12333433286719588,-0.10977361938621372,0.5620351061139465,1.970238554019663,-0.21106711282231133,-0.02613359816672435,0.13672637078053398,-0.34091258161771243,1
sample_07247.html,-0.4520377787088923,-0.4805110314497277,-0.4993703348891979,-0.49237720144589586,-2.256016803315404,-0.3365771940723391,-0.44887348689285445,0.32146681233332947,-0.8329860769671793,-0.2532337354739514,-0.027419211925291086,-0.10364022835686888,0.7857714262425866,0
sample_03803.html,-0.1237738476443552,-0.026083671307483746,-0.021653471751118984,-0.3083228734206585,0.6760487789467678,-0.32439188771775945,0.22932624812042704,0.735866209678454,0.5920819612200512,-0.2304688649663142,-0.02613359816672435,-0.07455312033361905,-0.679610765481598,0
sample_05915.html,-0.4520377787088923,-0.4805110314497277,-0.5789898120788778,-0.49237720144589586,-0.7419987387873467,-0.3365771940723391,-0.44887348689285445,-1.9925510562714843,1.4724906726875757,-0.2694943572651209,-0.027419211925291086,-0.10364022835686888,-1.2371684103857095,1
sample_01433.html,-0.2645351405067263,-0.061039622087656356,0.3764439141972801,0.0577407345406469,0.9869424080905231,-0.1477049455763551,-0.10977361938621372,0.43729103866495045,-0.18610455958603342,-0.20593918977280942,-0.02613359816672435,-0.08092044746308667,1.477123237834432,0
sample_01743.html,0.43443601221825373,0.5769064796504938,-0.5789898120788778,0.26122301941299264,0.9372312176887483,0.163020366465425,0.22932624812042704,-1.9925510562714843,0.7805190191574087,-0.2694943572651209,0.012434814590277775,-0.08338055112674461,0.3253831199778064,1
sample_02190.html,0.9776026804772505,0.37590976266450127,2.128072412370236,1.9913337028502238,1.668142042593645,2.9412702153095767,-0.44887348689285445,0.5096674566744093,-0.15624617586157283,0.21577143434575172,-0.02613359816672435,0.24091899653545876,0.5112088063579471,0
sample_07316.html,-0.3467354374836071,-0.3581652037191235,-0.5789898120788778,-0.2940075367964734,0.2513359591117207,-0.17207555828551432,0.22932624812042704,-1.9925510562714843,-0.33252878434647837,-0.26943886026242064,-0.02613359816672435,-0.10146954865364127,0.18732363134639052,1
sample_05798.html,-0.4278612207745156,-0.4542940683645982,-0.5789898120788778,-0.45249876370709446,-0.30790964141511107,-0.32439188771775945,-0.10977361938621372,-1.9925510562714843,-0.6068170925125972,-0.2694943572651209,-0.014563074339623712,-0.1019036845942868,-0.30612715850124467,1
sample_02429.html,-0.4079827175840281,-0.44555508066955507,-0.5789898120788778,-0.4729492445987875,-1.1680996285521696,-0.2817433154767308,-0.44887348689285445,-1.9925510562714843,-0.05402684354129743,-0.26943886026242064,-0.002992550512523074,-0.0932209657813764,-0.9258764395490112,1
sample_04358.html,-0.4251749365595848,-0.4805110314497277,-0.021653471751118984,-0.3676292680065683,0.36497184460790394,-0.25128004959028183,-0.10977361938621372,0.22346370107960747,0.6834912918925212,-0.16480481137139374,-0.002992550512523074,-0.09278682984073088,0.6962770569627645,1
sample_08173.html,-0.4520377787088923,-0.4805110314497277,-0.4993703348891979,-0.49237720144589586,-2.256016803315404,-0.3365771940723391,-0.44887348689285445,0.7835873204498532,1.4360612098359593,-0.267185681952791,-0.027419211925291086,-0.10364022835686888,-1.0168014571092276,1
sample_02098.html,1.609953984671948,2.429571870999642,1.0133997317147188,1.4524635313541123,1.18601437536053,0.2726881236566415,0.22932624812042704,0.7420625706466636,-0.38312215941509287,-0.16876729736419066,-0.02613359816672435,0.1642216470214169,0.36911241554985025,0
sample_09821.html,-0.4488142376509754,-0.4805110314497277,-0.5789898120788778,-0.4606789560637717,-0.10792279542121562,-0.32439188771775945,-0.10977361938621372,-1.9925510562714843,-0.7237296323061481,-0.2694943572651209,-0.008135005546790024,-0.10364022835686888,-0.3350711372064109,1
sample_03462.html,0.12014075907135649,0.131218107203293,0.854160777335359,0.5352594633616794,0.39909428714831197,0.30924404272038036,0.5684261156270678,0.6320262171508791,0.27040420547096733,-0.12541303885476549,-0.02613359816672435,-0.03490203775466156,-0.059909463015028065,0
sample_07847.html,-0.14150332346289812,0.017611267167732012,-0.021653471751118984,-0.22243085367554774,0.009231601440135809,-0.22690943688112258,-0.10977361938621372,0.6389812417323646,0.8030380480014263,-0.19183185168640918,-0.02613359816672435,-0.010011577157651753,-0.4908218802062581,0
sample_06281.html,0.12282704328628724,0.34969279957937177,-0.4197508576995181,-0.015880996669448047,1.188479596470351,-0.19644617099467354,-0.10977361938621372,0.6086966270521182,0.8955043159837176,0.07365470983098474,-0.02613359816672435,-0.0720930166699611,-0.42953570940610686,1
sample_04282.html,-0.43162201867541866,-0.4717720437546845,-0.5789898120788778,-0.30321025319773526,-0.5265129988761781,-0.20253882417196337,-0.44887348689285445,-1.9925510562714843,-1.0870530557218132,-0.2694943572651209,-0.018419915615323922,-0.10306138043600818,0.9582677370926358,0
sample_08095.html,-0.41872785444375105,-0.44555508066955507,-0.4993703348891979,-0.41466537405746234,-0.8807664702485071,-0.30002127500860026,-0.10977361938621372,0.40973863008096567,0.42220264208583586,-0.25702973045864763,-0.014563074339623712,-0.10045656479213506,-0.37157295495220827,1
sample_03527.html,0.06426604740079699,0.6380793935157958,0.21720495981792048,-0.09052525192412764,1.0256386204749313,-0.32439188771775945,-0.10977361938621372,0.6246568251529458,0.8781922834609747,-0.0579619817728974,-0.022276756891024138,-0.04575543627079956,-0.3927599965424357,0
sample_06853.html,-0.4423671555351416,-0.46303305605964135,-0.4993703348891979,-0.4872645812229726,-0.7419987387873467,-0.3365771940723391,-0.44887348689285445,-0.14206649954473974,-0.05545178583822515,-0.2688616914343382,0.027862179693078627,-0.1034955163766537,-0.7641826757449,1
sample_03478.html,0.7471194948361926,1.4245882860696797,3.003886661456714,1.3808868482331866,1.8708016270693577,-0.05631514791700801,0.22932624812042704,0.6656345655695511,0.7295484563588165,0.6633658605237034,-0.02613359816672435,0.048452062849278256,-0.3123558213531808,0
sample_09471.html,-0.436457330262294,-0.4805110314497277,-0.5789898120788778,-0.41466537405746234,0.42914483866489467,-0.23300209005841238,-0.10977361938621372,-1.9925510562714843,-1.089610874500559,-0.26943886026242064,-0.02613359816672435,-0.10320609241622336,0.25224883411605653,1
sample_05232.html,0.36942793421692965,0.7604252212463999,-0.1012729489407988,0.16612828326662,0.3566165724048548,-0.07459310744887743,-0.10977361938621372,0.707339332457611,0.17136035370406294,-0.21510729461888858,-0.02613359816672435,-0.031428950229497404,0.06686538509303122,0
sample_00115.html,0.1835370665437221,0.20986899645868135,2.605789275508315,0.02092986893559942,0.07225408711381953,-0.17816821146280412,0.22932624812042704,0.4952297649497921,0.8722781386859977,0.21173125254917446,-0.02613359816672435,0.20821408900682958,-0.0050826694616098005,0
sample_05597.html,-0.14848766242171807,-0.26203633907364887,0.21720495981792048,-0.16516950717880724,0.33211093036743866,0.2848734300112211,0.22932624812042704,0.5344531884666031,-0.3298445058594429,-0.24634100773858197,-0.02613359816672435,-0.08757719855298464,0.752369389896503,0
sample_00790.html,-0.42678670708854327,-0.4717720437546845,-0.34013138050983827,-0.44022847517207864,-0.4530639916143037,-0.245187396412992,-0.10977361938621372,0.7103324721443799,0.7403354084464824,-0.2578510860986111,-0.02613359816672435,-0.10277195647557784,-0.7211499561609445,1
sample_02499.html,2.092947886516496,1.2585475198638598,3.1631256158360737,1.7694459851753543,0.9525626248716509,2.1248546895527425,2.2639254531602715,0.5552565154051359,0.16385813775435043,2.1241912638009626,-0.02613359816672435,0.601830675192101,0.3010885265437365,0
sample_04662.html,-0.43538281657632166,-0.4805110314497277,-0.4993703348891979,-0.3165030657773357,0.8275359639062684,-0.1537975987536449,-0.10977361938621372,-0.17131392189562852,-0.9263571103559429,-0.2650323982480218,-0.02613359816672435,-0.10335080439643853,1.555125250624696,1
sample_03936.html,-0.28172735948228306,-0.31447026524390775,-0.5789898120788778,-0.32161568600025897,1.2991988593988102,-0.14161229239906528,-0.10977361938621372,-1.9925510562714843,-0.22676367208755283,-0.2694832578645808,-0.02613359816672435,-0.08222285528502322,0.5220663592827075,1
sample_09935.html,0.16580759072517917,0.4370826765298033,-0.4197508576995181,0.4851557851770314,-0.04527943803910645,-0.08068576062616724,0.22932624812042704,0.506832084655323,0.21570229201515553,0.2940777051557862,-0.02613359816672435,-0.021443823594650444,0.036739568771479846,0
sample_00548.html,-0.22638990465470968,-0.1659074744281742,-0.4197508576995181,-0.1784623197584077,1.3793327893499345,-0.10505637333532646,0.22932624812042704,0.5045702028348975,0.9587044227798193,-0.25495414255765875,-0.02613359816672435,-0.06963291300630316,-0.9758699386285188,1
sample_03931.html,-0.2951587805569368,-0.26203633907364887,-0.34013138050983827,0.12727236957240323,1.1931654218193426,-0.17816821146280412,0.22932624812042704,0.0305604349731738,-0.036846719600627506,-0.16454952515897264,-0.02613359816672435,-0.0975623251878316,-0.47851912897484933,1
sample_07823.html,0.06802684530170003,0.6031234427356232,-0.1012729489407988,-0.08336758361203508,-0.07558317576858407,-0.3365771940723391,-0.10977361938621372,0.5119877322298336,0.005141789350491463,-0.26297900914811306,-0.002992550512523074,-0.04184821280498988,0.10759727095545735,0
sample_02159.html,-0.2188683088529036,-0.052300634392613204,0.05796600543856084,0.39108357307524344,1.3997399057577338,0.5529501698119726,-0.10977361938621372,0.5348713056320732,-1.5373018192981325,-0.2324334588619026,-0.02613359816672435,0.010971659973548374,2.28036815414938,0
sample_05753.html,-0.31396277006145196,-0.3406872283290372,-0.4993703348891979,-0.37376441227407625,0.05687775598690603,-0.2695580091221512,-0.10977361938621372,0.3316516123233787,-2.6987604612610903,-0.26031515301850167,-0.02613359816672435,-0.09683876528675574,3.5716534930225863,1
sample_08801.html,-0.41657882707180643,-0.44555508066955507,-0.4993703348891979,-0.22958852198764032,-1.359225708047704,-0.275650662299441,-0.44887348689285445,0.09921529141087947,-0.25568782374073507,-0.25347792228583244,-0.02613359816672435,-0.10175897261407163,0.0008533370826858896,1
sample_02120.html,-0.33115498903700874,-0.34942621602408036,-0.4993703348891979,-0.4003500374332772,0.4618700726624893,-0.2817433154767308,-0.10977361938621372,0.3316516123233787,0.10189476822759043,-0.26031515301850167,-0.004278164271089811,-0.09582578142524951,-0.3917082617145721,1
sample_00542.html,-0.3236333932352027,-0.46303305605964135,0.3764439141972801,-0.2704894837710264,0.7464816744858619,-0.05631514791700801,0.5684261156270678,0.567984429848863,0.387105665782376,-0.2325555522678431,-0.02613359816672435,-0.09293154182094605,-0.3845052686099256,0
sample_03818.html,0.26143930877671373,0.7866421843315294,0.2968244370076003,0.009682104445168252,0.3850761574027979,-0.25128004959028183,0.22932624812042704,0.7802971237325607,0.3884744584134728,-0.17615949812386222,-0.006849391788223287,-0.06543626558006313,0.002422784269443453,0
sample_07274.html,-0.44344166922111394,-0.4805110314497277,-0.26051190332015844,-0.4555663358408484,-1.12930568327366,-0.2878359686540206,-0.10977361938621372,0.2899607214002683,0.022448733510949,-0.2631122019545936,-0.013277460581056975,-0.1034955163766537,-0.23544413485826468,1
sample_05544.html,-0.4396808713202109,-0.4805110314497277,-0.5789898120788778,-0.36251664778364506,0.7697813102937976,-0.18426086464009395,-0.10977361938621372,-1.9925510562714843,0.11250221649018484,-0.2694610590635007,-0.02613359816672435,-0.10335080439643853,-0.07997250203946457,1
sample_03056.html,-0.45096326502292,-0.4805110314497277,-0.5789898120788778,-0.3113904455544125,1.142046527701531,-0.3304845408950493,-0.10977361938621372,-1.9925510562714843,-1.2842900782991158,-0.2694943572651209,-0.01584868809819045,-0.1034955163766537,0.7876743767192914,1
sample_06496.html,-0.4520377787088923,-0.4805110314497277,-0.4993703348891979,-0.4913546774013112,-2.256016803315404,-0.3365771940723391,-0.44887348689285445,0.4261462456326758,-0.29696418600373903,-0.2679848387916744,-0.027419211925291086,-0.10364022835686888,-1.0109718378536718,1
sample_05297.html,-0.4520377787088923,-0.4805110314497277,-0.4993703348891979,-0.49237720144589586,-2.256016803315404,-0.3365771940723391,-0.44887348689285445,0.3849328585191046,-0.1664740235422336,-0.26700809154415023,-0.027419211925291086,-0.10364022835686888,-0.686457504583203,1
sample_03870.html,0.7863392443741813,1.503239175325068,1.3318776404734378,0.45038996766115325,0.19490074196212528,-0.20863147734925316,-0.10977361938621372,0.4545370962530011,0.5054037954677502,-0.08466713947225146,-0.02613359816672435,0.20358330563994403,0.06440798213737466,0
sample_00292.html,1.0066145499985024,2.0013614739425276,-0.021653471751118984,0.6794353536481152,0.4518053589992151,-0.1598902519309347,0.22932624812042704,0.6057378124018469,0.2698032791551019,-0.22402011325254664,-0.02613359816672435,-0.06225260201532931,0.07227085022302576,0
sample_07036.html,-0.44720246712201694,-0.4717720437546845,-0.4993703348891979,-0.4688591484204489,-0.3020765113450368,-0.3304845408950493,-0.44887348689285445,0.2641027143297212,-0.190191392605962,-0.2634562833713351,-0.0107062330639235,-0.10320609241622336,-0.014161155735352524,1
sample_04407.html,-0.3709119954179838,-0.31447026524390775,-0.5789898120788778,-0.3706968401403223,0.013573841585635947,-0.32439188771775945,0.5684261156270678,-1.9925510562714843,1.081048562708126,-0.2694943572651209,-0.0209911431324574,-0.1034955163766537,0.15091853998480415,1
sample_01489.html,0.42852618694540606,0.6118624304306663,0.21720495981792048,0.07410111925400133,0.4740986027753701,-0.19644617099467354,-0.10977361938621372,0.529992621424577,-0.18352353931730356,-0.1860601634055845,-0.017134301856757187,0.03282316898603954,-0.02159568460724584,0
sample_05725.html,0.8841199897976605,0.6817743319910116,0.854160777335359,1.2786344437747215,1.0874565352082595,1.5643305972420805,-0.10977361938621372,0.6603156347053337,-0.5582443972662859,-0.07068189479179174,-0.02613359816672435,-0.016668328247549727,1.4742210421407052,0
sample_07188.html,-0.389715984922499,-0.44555508066955507,-0.26051190332015844,-0.10995320877123603,0.4110407435836267,-0.17816821146280412,-0.10977361938621372,0.5630822231642365,0.4503666681206699,-0.2419456451247232,-0.02613359816672435,-0.10045656479213506,0.7457115012700697,0
sample_06772.html,-0.39347678282340204,-0.4542940683645982,-0.34013138050983827,-0.45863390797460235,-0.29566971377424045,-0.29392862183131047,-0.44887348689285445,0.5532409721401789,0.16330635430583856,-0.26544307606800355,-0.02613359816672435,0.021825058489686373,0.029196644811524786,0
sample_07805.html,-0.4520377787088923,-0.4805110314497277,-0.4993703348891979,-0.49237720144589586,-2.256016803315404,-0.3365771940723391,-0.44887348689285445,0.7697390010992521,1.3592723457167761,2.1264777403122124,-0.027419211925291086,-0.10364022835686888,-1.5522331665246654,1
sample_08143.html,1.0340146489907962,-0.15716848673313102,-0.26051190332015844,0.6804578776926999,0.7960441459211947,1.8080367243336728,0.22932624812042704,0.03463351791528764,-1.149556208814362,-0.23551909221203576,-0.02613359816672435,-0.07817091983899838,1.1747651917203066,0
sample_03700.html,-0.22477813412575123,-0.20960241290338993,0.3764439141972801,-0.17334969953548446,0.25853975395990136,-0.29392862183131047,-0.44887348689285445,0.38072653106399046,0.08585024005546595,-0.12274918272515412,-0.02613359816672435,-0.06804108122393625,0.2805072275787728,0
sample_07403.html,-0.18770741195970694,-0.15716848673313102,-0.5789898120788778,-0.34308869093653666,1.100821226869268,-0.30611392818589006,-0.10977361938621372,-1.9925510562714843,0.3163179842141385,-0.2694943572651209,0.0008642907631771383,-0.058345378549519634,-0.20849749927324426,1
sample_05376.html,-0.44129264184916933,-0.4805110314497277,-0.34013138050983827,-0.4412509992166633,0.08165443148216195,-0.2817433154767308,-0.10977361938621372,0.33327280220845906,-0.07885304039483595,-0.23253335346676302,-0.02613359816672435,-0.09177384597922467,-0.10396695555023992,1
sample_06460.html,1.2021760408454607,1.9751445108573982,0.854160777335359,0.2448626346996382,0.5611123519331551,-0.29392862183131047,-0.10977361938621372,0.5965337259369009,0.46236642723944793,1.043686820028428,-0.005563778029656549,0.041071751858304424,-0.6270280266494073,0
sample_00944.html,0.042238516838364874,0.17491304567850874,0.05796600543856084,-0.15801183886671466,-0.28510180712311206,-0.31829923454046966,0.5684261156270678,0.5584140531587388,-0.029033026866714072,-0.16773505311396625,-0.02613359816672435,-0.08309112716631427,-0.10448222986710046,0
sample_01030.html,-0.41765334075777877,-0.46303305605964135,-0.5789898120788778,-0.43920595112749394,-0.2373260526300182,-0.23300209005841238,-0.10977361938621372,-1.9925510562714843,-0.32991996349108077,-0.2694610590635007,-0.01584868809819045,-0.10016714083170472,-0.3582211285751544,0
sample_09873.html,-0.003965571658443949,-0.4542940683645982,-0.1012729489407988,0.08841645587818646,0.23375708295311004,0.3336146554295396,-0.10977361938621372,0.39171694348661457,0.9976926365899096,-0.24354395880249002,-0.02613359816672435,-0.09148442201879432,-0.41140803247599866,1
sample_06489.html,0.3979025468951956,-0.27951431446373515,-0.34013138050983827,0.5853631415463273,0.6938938376493392,0.9794358922222591,0.22932624812042704,0.4612554151963555,0.19170929903571535,0.12692073302267223,-0.01970552937389066,-0.06833050518436659,-0.16881794797094657,0
sample_07134.html,-0.3064411742596459,-0.3669041914141667,-0.4993703348891979,-0.23163357007680963,1.11096660741502,-0.0014812693213997515,-0.10977361938621372,0.5675450775386001,-1.2899411604090019,-0.2643442354145389,-0.02613359816672435,-0.09351038974180675,1.4958773611906024,0
sample_09446.html,-0.44344166922111394,-0.4805110314497277,-0.5789898120788778,-0.4453410953950019,0.7087154325574094,-0.31220658136317986,-0.10977361938621372,-1.9925510562714843,-1.002714607017149,-0.2694832578645808,-0.002992550512523074,-0.10089070073278059,0.37650090845157924,1
sample_07199.html,-0.3676884543600669,-0.4542940683645982,-0.5789898120788778,-0.2858273444397962,0.44539417683210375,-0.08068576062616724,-0.10977361938621372,-1.9925510562714843,0.01953895250676549,-0.26928346865485997,-0.02613359816672435,-0.09799646112847712,-0.43245428039819866,1
sample_02018.html,-0.33867658483881485,-0.3406872283290372,-0.5789898120788778,-0.37989955654158414,0.03376280010248152,-0.32439188771775945,-0.10977361938621372,-1.9925510562714843,-0.24781661912254593,-0.2694943572651209,-0.006849391788223287,-0.0758555281555556,-1.2488999818230373,1
sample_04939.html,-0.3800453617487483,-0.4018601421943393,-0.5789898120788778,-0.2766246280385343,0.9669359614233202,-0.30611392818589006,0.22932624812042704,-1.9925510562714843,-0.5370691106544104,-0.2694943572651209,-0.02613359816672435,-0.09669405330654056,0.03906932001830642,1
sample_08894.html,-0.4520377787088923,-0.4805110314497277,-0.5789898120788778,-0.483174485044634,-0.7167651023598549,-0.3365771940723391,-0.44887348689285445,-1.9925510562714843,0.5627659000923587,-0.2694943572651209,-0.027419211925291086,-0.10364022835686888,-0.45215020505053455,0
sample_09178.html,-0.4036846628401389,-0.38438216680425297,-0.021653471751118984,-0.2704894837710264,-0.6088168619098897,-0.2817433154767308,-0.10977361938621372,0.5816323388790088,-0.3346661643158006,-0.2274498280194213,-0.02613359816672435,-0.10045656479213506,0.41143078881795353,0
sample_02060.html,-0.18340935721581775,0.061306205642947774,-0.1012729489407988,-0.1876650361596696,0.3377592291121954,-0.2695580091221512,-0.10977361938621372,0.488762508769854,-0.2131255710407065,-0.23771677351896514,-0.02613359816672435,-0.08555123082997222,0.33692616688141136,0
sample_09425.html,-0.30268037635874284,-0.3319482406339941,-0.4993703348891979,-0.36660674396198367,0.1450017406474816,-0.2695580091221512,-0.10977361938621372,0.343253371727165,-2.6719134532560607,-0.25871683934073486,-0.02613359816672435,-0.0910502860781488,3.551261852867586,1
sample_07563.html,0.4946087786327024,0.9264659874522199,-0.4197508576995181,0.0025244361330756873,1.1442841737280358,-0.245187396412992,0.5684261156270678,0.5365722103357741,-0.3178071428163316,-0.25850595073047394,-0.02613359816672435,-0.008564457355500021,0.34427606831565627,1
sample_09158.html,-0.0931502075941447,-0.11347354825791527,0.7745413001456792,-0.10279554045914346,0.3346484912603823,-0.0014812693213997515,0.22932624812042704,0.7568745895763328,0.6258403866569436,-0.08121522590429672,-0.02613359816672435,-0.04532130033015404,0.2334986090196083,0
sample_05298.html,0.4301379574743645,0.2623029226289403,0.05796600543856084,-0.2602642433251799,0.08590842254271694,-0.31829923454046966,-0.44887348689285445,0.7294759003099919,0.6148939520077601,-0.21013476317694735,-0.02613359816672435,0.09302335275555164,-0.6571398926769694,0
sample_09094.html,-0.25110371943207255,-0.3319482406339941,-0.4993703348891979,-0.3257057821785976,-0.5660209914103526,0.022889343387759473,-0.44887348689285445,0.36969682808845705,-0.008475855243919295,-0.2676740555765531,-0.01584868809819045,-0.05588527488586169,0.8661852623363706,0
sample_05872.html,-0.058228512800045006,-0.09599557286782896,0.13758548262824066,-0.065984674854096,-0.3108656769010905,0.19348363235187405,-0.10977361938621372,0.5921804027850751,0.23029824636165158,-0.2365624358628002,-0.02613359816672435,-0.05110977953876097,-0.5069504017817679,0
sample_03953.html,0.7949353538619598,-0.12221253595295842,5.631329408716148,1.1232107889978544,0.9649067411796497,1.2596979383775901,0.5684261156270678,0.30896097887535745,-0.30948782498107436,0.658837305103364,-0.011991846822490236,-0.07064589686780937,-0.04963109500631971,1
sample_02994.html,1.3907531927335992,-0.4717720437546845,-0.5789898120788778,3.7695030163829335,-0.6385163671419586,4.970123723347082,-0.44887348689285445,-1.9925510562714843,-0.5814301431994938,-0.2694943572651209,-0.01584868809819045,0.08636660166565366,0.8211131792607486,0
sample_03107.html,0.32752190046401003,0.37590976266450127,1.4114971176631177,-0.11813340112791325,-0.2501937890575983,-0.1598902519309347,0.9075259831337085,0.7371221697361112,0.38612755946177746,-0.12421430359644037,-0.017134301856757187,-0.03302078201186431,-0.4875494802155004,0
sample_08402.html,-0.4520377787088923,-0.4805110314497277,-0.4993703348891979,-0.49237720144589586,-2.256016803315404,-0.3365771940723391,-0.44887348689285445,0.7736195966012083,1.4148244637389042,-0.267185681952791,-0.027419211925291086,-0.10364022835686888,-1.0168014571092276,1
sample_04218.html,-0.4455906965930585,-0.46303305605964135,-0.4197508576995181,-0.4647690522421103,-0.41181394567079443,-0.3365771940723391,-0.44887348689285445,0.5419222117281769,-1.0132990314704253,-0.2580730741094121,0.02529095217594515,-0.10320609241622336,1.9766002026686331,0
sample_05453.html,-0.4520377787088923,-0.4805110314497277,-0.4993703348891979,-0.49237720144589586,-2.256016803315404,-0.3365771940723391,-0.44887348689285445,-0.5088778412747225,-5.415640093196608,2.944836542129907,-0.027419211925291086,-0.10364022835686888,-1.5523257338959953,1
sample_09438.html,-0.3236333932352027,-0.38438216680425297,-0.5789898120788778,-0.3860347008090921,-0.14355689415797113,-0.19035351781738374,-0.44887348689285445,-1.9925510562714843,-0.5046927601222392,-0.2694610590635007,-0.011991846822490236,-0.10277195647557784,0.39742232079906276,0
sample_05927.html,-0.15869554243845488,0.03508924255781832,-0.4993703348891979,0.12420479743864928,-0.5510023076867141,-0.2634653559448614,-0.44887348689285445,0.29835569767374315,-0.515386303680745,-0.2666751095279488,-0.02613359816672435,-0.06471270567898726,-0.4412379200377679,0
sample_04575.html,-0.3327667595659672,-0.3232092529389509,-0.4993703348891979,-0.15698931482213002,0.22967166871993222,-0.245187396412992,-0.44887348689285445,0.46712766005560635,-0.4647722610029612,-0.2600820656071607,-0.02613359816672435,-0.08743248657276947,-0.328484447229954,0
sample_07266.html,-0.43054750498944633,-0.4717720437546845,-0.4993703348891979,-0.44840866752875586,-0.4802532427832406,-0.30002127500860026,-0.10977361938621372,0.15641832936714456,1.0097295232428287,-0.25876123694289505,-0.011991846822490236,-0.10364022835686888,0.526540205527383,1
sample_01751.html,-0.4520377787088923,-0.4805110314497277,-0.4993703348891979,-0.49237720144589586,-2.256016803315404,-0.3365771940723391,-0.44887348689285445,0.8192275652730416,1.6005239132383293,-0.267185681952791,-0.027419211925291086,-0.10364022835686888,-1.0168014571092276,1
sample_02631.html,-0.34780995116957936,-0.3232092529389509,0.21720495981792048,-0.07416486721077321,0.0013467770422415145,-0.20863147734925316,-0.44887348689285445,0.5619161143372595,0.5080853005913316,-0.019147378084351626,-0.02613359816672435,-0.08280170320588393,-0.07927188437741685,0
sample_05572.html,-0.39240226913742976,-0.34942621602408036,-0.4197508576995181,-0.38807974889826136,0.02139316956205877,-0.3304845408950493,-0.10977361938621372,0.5170258834603891,0.3914199583818705,-0.19147667086912765,-0.0209911431324574,-0.08540651884975704,-1.1010391991620276,1
sample_01972.html,1.134481678629206,1.3371984091192481,3.481603524594793,1.4902969210037444,-0.09710213859439468,-0.30611392818589006,0.9075259831337085,0.6578206396840449,0.7767002393117343,2.6530111031309813,-0.0209911431324574,0.18636257999433842,-0.7531634949747339,0
sample_01287.html,0.23081566872650322,0.27104191032398345,-0.4197508576995181,0.29496631288428615,0.9925662160790678,0.5895060888757114,0.22932624812042704,-0.5191631178363302,0.5699137255141861,-0.23264434747216348,-0.02613359816672435,-0.08265699122566875,0.7824311652422835,1
sample_03184.html,1.2150702050771283,1.8702766585168804,1.3318776404734378,0.5587775163871264,1.6771846547737008,-0.30002127500860026,0.9075259831337085,0.6041521443849791,-0.08567395914034301,-0.08608786274137753,-0.02613359816672435,0.08955026523038748,0.21117448809268288,0
sample_07844.html,-0.4520377787088923,-0.4805110314497277,-0.5789898120788778,-0.49237720144589586,-2.256016803315404,-0.3365771940723391,-0.44887348689285445,-1.9925510562714843,-0.08460225888467404,-0.2694943572651209,-0.027419211925291086,-0.10364022835686888,-1.2952734187253236,1
sample_03739.html,-0.33330401640895335,-0.2358193759885194,-0.4993703348891979,-0.3011652051085659,1.0116036063999614,-0.31829923454046966,0.22932624812042704,0.5212378440358136,-0.2287129217066701,-0.2651544916539623,-0.01584868809819045,-0.09741761320761642,0.27060195822715655,0
sample_09420.html,-0.34727269432659325,-0.26203633907364887,-0.4993703348891979,-0.39216984507659997,0.37039824886512324,-0.32439188771775945,-0.10977361938621372,0.6795834736491656,1.4323336187986486,-0.20718232263329472,-0.004278164271089811,-0.08005217558179563,-0.6223270774411828,1
sample_00076.html,-0.4488142376509754,-0.4805110314497277,-0.4993703348891979,-0.4749942926879568,-1.6295265688822669,-0.31220658136317986,-0.10977361938621372,0.3703367708508456,0.19566582774973523,-0.26836221841003605,-0.02613359816672435,-0.1034955163766537,-0.3520459070830891,1
sample_06326.html,-0.4026101491541666,-0.42807710527946874,-0.34013138050983827,-0.4340933309045707,-1.4060417507139824,-0.30611392818589006,0.22932624812042704,-0.07558274293556264,-1.353960758766863,-0.18233076482412858,-0.01584868809819045,-0.10074598875256541,2.4855977086064818,1
sample_09510.html,-0.4058336902120835,-0.4368160929745119,-0.18089242613047862,-0.44840866752875586,-1.731933624337505,-0.2817433154767308,-0.44887348689285445,0.27355980762063536,0.047538302039429624,-0.26169147868546755,0.00472113203887735,-0.0883007584540605,-0.5549313558319786,0
sample_01099.html,-0.4520377787088923,-0.4805110314497277,-0.5789898120788778,-0.4903321533567266,-1.114558160185379,-0.3365771940723391,-0.44887348689285445,-1.9925510562714843,-1.60279190543054,-0.2694943572651209,-0.027419211925291086,-0.10364022835686888,0.2457020263352195,0
sample_01761.html,-0.34995897854152397,-0.39312115449929613,-0.4197508576995181,-0.3942148931657693,0.047161254366329036,-0.3304845408950493,-0.44887348689285445,0.5533141614341516,0.6798164771634521,-0.23281083848026418,-0.02613359816672435,-0.07759207191813769,-0.809401315133356,1
sample_00540.html,-0.2355232709854742,-0.2532973513786057,0.6949218229559994,-0.29298501275188876,1.1554140838847176,-0.245187396412992,-0.10977361938621372,0.5958701354306146,0.43815937798292476,-0.17140895469272194,-0.02613359816672435,-0.01377408864324626,-0.30393199499726903,1
sample_05079.html,-0.26829593840762933,-0.270775326768692,0.45606339138695995,-0.18868756020425423,-0.3030018125692815,-0.10505637333532646,-0.10977361938621372,0.5152637301046555,0.5577259287481582,0.18828931860859435,-0.02613359816672435,-0.044453028448863,-0.3296440295642462,0
sample_07158.html,0.18729786444462512,-0.3319482406339941,-0.34013138050983827,0.29905640906262476,1.0761430109967844,0.8088416032581446,0.22932624812042704,0.4377800131232856,-0.6525161660579877,-0.25480985035063813,-0.02613359816672435,-0.0872877745925543,0.11863755969381838,1
sample_03504.html,-0.4477397239650031,-0.4805110314497277,-0.5789898120788778,-0.43307080685998606,-0.4006883050450551,-0.29392862183131047,-0.10977361938621372,-1.9925510562714843,-0.9937564087305221,-0.2694943572651209,-0.02613359816672435,-0.1024825325151475,1.7831172781437736,1
sample_09899.html,-0.3907904986084713,-0.4193381175844256,0.7745413001456792,-0.4381834270829093,-2.256016803315404,-0.32439188771775945,-0.44887348689285445,0.5816846911628768,0.4516049967907665,-0.05577539986650806,0.006006745797444088,-0.07614495211598594,-0.5499917783705914,0
sample_00127.html,-0.16567988139727483,-0.4805110314497277,-0.26051190332015844,-0.4197779942803856,-0.987300587545842,-0.2817433154767308,-0.10977361938621372,0.7823051849785569,1.9135836338999075,-0.23217817264948148,6.701483200413012,0.7560936461014757,-1.2979723442942044,0
sample_02760.html,-0.06252656754393421,0.03508924255781832,0.13758548262824066,-0.013835948580278744,0.7876360889923434,-0.07459310744887743,0.5684261156270678,0.6951436061083994,0.5892596145544897,-0.11938606436151974,-0.01584868809819045,-0.09510222152417365,0.2739797285693354,0
sample_08308.html,-0.3273941911361057,-0.3406872283290372,-0.4993703348891979,-0.3931923691211846,0.4911933928541008,-0.2817433154767308,-0.10977361938621372,0.343253371727165,0.012446231267424893,-0.25871683934073486,-0.004278164271089811,-0.09582578142524951,-0.202201092750684,1
sample_07092.html,0.19858025814733427,-0.008605695917397443,2.0484529351805563,0.08432635969984785,1.2692161601158076,-0.3365771940723391,0.22932624812042704,0.7206931787214073,1.2515658146634894,3.964438575139202,0.0034355182803106135,0.3713044907093299,-1.2351154746921336,0
sample_09889.html,-0.4520377787088923,-0.4805110314497277,-0.5789898120788778,-0.4913546774013112,-1.16902947788668,-0.3365771940723391,-0.44887348689285445,-1.9925510562714843,-0.18557084806390706,-0.2694943572651209,-0.027419211925291086,-0.10364022835686888,-0.9802106312727159,1
sample_09973.html,-0.43162201867541866,-0.46303305605964135,-0.5789898120788778,-0.41773294619121626,0.5405469843011789,-0.31220658136317986,-0.10977361938621372,-1.9925510562714843,-0.28632555092147566,-0.2694943572651209,0.00472113203887735,-0.10364022835686888,-0.0927672162553484,1
sample_05334.html,0.08145826637635376,0.1486960825933793,0.7745413001456792,0.3900610490306588,-0.3467025813856259,-0.03803718838513859,-0.10977361938621372,0.6410093160438727,0.8378258135929614,3.557035078316762,-0.02613359816672435,0.043965991462607885,-0.7691982497143836,0
sample_09374.html,-0.13290721397511973,0.017611267167732012,0.05796600543856084,-0.2817372482614576,-0.5225109101411993,-0.245187396412992,-0.44887348689285445,0.7176668078974737,-0.016730502466579037,-0.2250190593011509,-0.02613359816672435,-0.06601511350092382,0.3227264885712632,0
sample_00359.html,0.15828599492337309,-0.061039622087656356,-0.021653471751118984,0.1579480909099428,0.9697541909850661,0.6260620079394503,-0.10977361938621372,0.5631050513333127,0.5426402916337828,2.06033641249407,-0.02613359816672435,0.06697519631682045,-0.4686541329485908,0
sample_09252.html,1.04046173110663,0.8303371228067451,0.13758548262824066,1.177404563360841,1.2410043350900162,1.9847236664750771,-0.10977361938621372,0.5304337483473835,1.1962665053294108,-0.16300670848390605,-0.02613359816672435,-0.05588527488586169,0.24602562100513672,0
sample_08939.html,-0.3053666605736736,-0.2969922898538215,-0.1012729489407988,-0.3860347008090921,0.7060202805521651,-0.3365771940723391,-0.10977361938621372,0.294308398808001,-0.11874827023317837,-0.2145523245918862,-0.00042132299538959916,-0.09307625380116123,0.4645029352536641,1
sample_01133.html,-0.4520377787088923,-0.4805110314497277,-0.4993703348891979,-0.49237720144589586,-2.256016803315404,-0.3365771940723391,-0.44887348689285445,0.8267354756120054,1.6230116883105417,-0.267185681952791,-0.027419211925291086,-0.10364022835686888,-1.0168014571092276,1
sample_03306.html,0.015912931532043567,0.4108657134446739,-0.18089242613047862,-0.1467640743762835,-2.0310769774506747,-0.22690943688112258,-0.10977361938621372,0.6048651977854629,1.0698351126427879,-0.19824730519855657,-0.011991846822490236,-0.06644924944156934,-1.3232864173904093,1
sample_08095.html,0.5010558607485363,1.1449406798282988,0.05796600543856084,0.6763677815143614,1.7646198762802885,-0.06240780109429781,-0.10977361938621372,0.6508517100058037,-0.27271575775247964,-0.15804527644250485,-0.004278164271089811,0.13238501137407876,0.9931863268472393,0
sample_00096.html,-0.3666139406740946,-0.34942621602408036,-0.4993703348891979,-0.204025420873024,-0.0929926272497019,-0.18426086464009395,-0.44887348689285445,0.42312184703203964,-0.32924417953771296,-0.2678405465846538,-0.02613359816672435,-0.09466808558352813,-0.240454454651601,0
sample_09764.html,-0.07219719071768489,-0.09599557286782896,0.13758548262824066,0.19066886033665165,-0.08167470632976756,0.06553791562878812,-0.10977361938621372,0.5341932395311539,1.586390935482949,-0.20561730715714804,-0.022276756891024138,0.000552397398055897,0.1491466570833081,1
sample_09008.html,-0.3096647153175628,-0.3406872283290372,-0.4993703348891979,-0.37376441227407625,0.06381297614258408,-0.2695580091221512,-0.10977361938621372,0.3316516123233787,-2.6902207807726173,-0.26031515301850167,-0.02613359816672435,-0.0910502860781488,3.566025188243186,1
sample_09694.html,-0.20275060356331912,0.061306205642947774,-0.26051190332015844,-0.29196248870730407,0.17362561477364263,-0.30611392818589006,-0.10977361938621372,0.6111200326011393,0.09230521645465588,-0.20712682563059448,-0.0017069367539563366,-0.05588527488586169,-0.29245768262629135,0
sample_00240.html,0.16473307703920687,0.37590976266450127,1.5707360720424772,-0.005655756223601528,-0.27228605601979544,-0.19035351781738374,0.9075259831337085,0.6265992063136162,1.013980036208143,0.0708354620938127,-0.02613359816672435,0.14888217711860852,-0.06354841675859518,0
sample_03847.html,-0.4520377787088923,-0.4805110314497277,-0.4993703348891979,-0.49237720144589586,-2.256016803315404,-0.3365771940723391,-0.44887348689285445,0.7854407092826047,1.4322099041279097,-0.267185681952791,-0.027419211925291086,-0.10364022835686888,-1.0168014571092276,1
sample_06612.html,-0.3273941911361057,-0.3406872283290372,-0.4993703348891979,-0.3931923691211846,0.4911933928541008,-0.2817433154767308,-0.10977361938621372,0.343253371727165,0.015266978806984409,-0.25871683934073486,-0.004278164271089811,-0.09582578142524951,-0.20254721649351112,1
sample_05779.html,-0.43054750498944633,-0.4717720437546845,-0.4993703348891979,-0.44840866752875586,-0.4802532427832406,-0.30002127500860026,-0.10977361938621372,0.15641832936714456,1.0097295232428287,-0.25876123694289505,-0.011991846822490236,-0.10364022835686888,0.526540205527383,1
sample_06804.html,-0.0700481633457403,0.05256721794790462,0.05796600543856084,0.27247078390342383,1.6864035289368287,-0.08068576062616724,-0.10977361938621372,0.6409887625833511,0.8173542505755564,-0.2327442420770239,-0.02613359816672435,-0.08555123082997222,0.6363794488831972,0
sample_05126.html,0.047073828425240216,0.11374013181320669,0.5356828685766397,-0.2214083296309631,0.4778775555279987,-0.08068576062616724,0.22932624812042704,0.3352629808950572,0.27373648792535704,-0.2455307514991585,-0.01584868809819045,0.060173733246707294,-0.09090795497037973,0
sample_08434.html,-0.18770741195970694,-0.15716848673313102,-0.5789898120788778,-0.34308869093653666,1.100821226869268,-0.30611392818589006,-0.10977361938621372,-1.9925510562714843,0.3163179842141385,-0.2694943572651209,0.0008642907631771383,-0.058345378549519634,-0.20849749927324426,1
sample_02313.html,-0.4079827175840281,-0.44555508066955507,-0.5789898120788778,-0.4729492445987875,-1.1680996285521696,-0.2817433154767308,-0.44887348689285445,-1.9925510562714843,-0.05402684354129743,-0.26943886026242064,-0.002992550512523074,-0.0932209657813764,-0.9258764395490112,1
sample_08073.html,-0.22585264781172354,-0.4805110314497277,-0.021653471751118984,0.2172544854958526,1.1714560439695925,0.39454118720243764,0.5684261156270678,-0.3399817662301257,0.7456961526213713,-0.19939054345418145,-0.013277460581056975,-0.0574771066682286,1.3514078558853913,1
sample_05313.html,0.39951431742415405,-0.19212443751330363,0.05796600543856084,0.142610230241173,0.6596919636651936,0.760100377839826,-0.10977361938621372,0.369573766598407,-0.3529505298250085,-0.15433807666212904,-0.02613359816672435,-0.09148442201879432,0.5797605249455117,0
sample_05067.html,-0.06736187913080954,-0.3581652037191235,-0.34013138050983827,-0.13960640606419095,0.26110142407650483,0.18739097917458425,-0.10977361938621372,0.4924035689642121,0.3021229547046879,-0.193663252775517,-0.02613359816672435,-0.07498725627426457,-0.2519324827550899,0
sample_03226.html,-0.39670032388131893,-0.42807710527946874,-0.26051190332015844,-0.3083228734206585,1.0486797952310347,-0.25128004959028183,-0.10977361938621372,0.5586990695281209,-0.7702627363269979,-0.25861694473587443,-0.02613359816672435,-0.09857530904933781,1.4057124782009018,0
sample_07602.html,-0.3096647153175628,-0.3406872283290372,-0.4993703348891979,-0.37376441227407625,0.06381297614258408,-0.2695580091221512,-0.10977361938621372,0.3316516123233787,-2.6902211515844425,-0.26031515301850167,-0.02613359816672435,-0.0910502860781488,3.566025188243186,1
sample_06600.html,-0.4520377787088923,-0.4805110314497277,-0.4993703348891979,-0.4913546774013112,-1.044802351692958,-0.3365771940723391,-0.44887348689285445,0.5773562431750613,0.7122555051946502,-0.26855090821921684,-0.027419211925291086,-0.10364022835686888,-0.5379918788953274,1
sample_05060.html,0.31462773623234247,0.061306205642947774,-0.1012729489407988,0.3532501834256113,0.42841442790198814,0.9733432390449693,-0.10977361938621372,0.4550745135067767,-0.5583379062236482,-0.1811875265685037,-0.02613359816672435,-0.04430831646864782,0.29868027555849047,0
sample_06413.html,-0.42302590918764027,-0.46303305605964135,-0.5789898120788778,-0.4535212877516791,-0.42153395375720887,-0.25128004959028183,-0.44887348689285445,-1.9925510562714843,-0.3582124114467867,-0.2694832578645808,-0.017134301856757187,-0.10204839657450197,0.37683522007631826,1
sample_01275.html,0.24747063085907384,0.821598135111702,0.7745413001456792,1.0894674955265609,0.9706931304840359,0.40063384037972744,1.9248255856536307,0.6904134042908049,-0.6187220937591821,-0.1860823622066646,-0.017134301856757187,-0.07079060884802454,0.7907879780364152,0
sample_00793.html,-0.1576210287524826,-0.13969051134304472,1.0133997317147188,-0.13244873775209837,-1.4077023438953735,-0.20253882417196337,-0.10977361938621372,0.4611530028162579,0.6834838627805787,-0.0412906821617462,-0.01584868809819045,-0.06587040152070865,-0.2400928421711485,1
sample_08045.html,0.04385028736732332,-0.38438216680425297,-0.26051190332015844,0.35427270747019596,0.32306542944091576,1.7410175393834848,0.22932624812042704,0.541264279104236,-0.8105499966687139,-0.21950265723274734,-0.02613359816672435,-0.09003730221664259,1.0787693335586248,0
sample_00323.html,0.5821816440394447,0.9788999136224787,0.3764439141972801,-0.053714386319080175,-0.019463607161153484,-0.3365771940723391,0.5684261156270678,0.6358207548688873,0.5314270192491125,-0.06401115506722324,-0.002992550512523074,-0.0124716808213097,-0.6357040795357068,0
sample_01058.html,-0.4455906965930585,-0.4717720437546845,-0.5789898120788778,-0.4760168167325414,-0.5084934647318502,-0.3304845408950493,-0.44887348689285445,-1.9925510562714843,1.5173323185612788,-0.2694943572651209,0.01500604210741125,-0.10320609241622336,0.4332025563288548,1
sample_09978.html,-0.28495090054019995,-0.3669041914141667,-0.34013138050983827,-0.26230929141434917,-0.2707906482653169,0.04116730291962889,-0.10977361938621372,0.5921427212789427,-0.6347122413468963,-0.2412685816917803,-0.02613359816672435,-0.09307625380116123,0.5817424966669531,0
sample_06105.html,-0.4520377787088923,-0.4805110314497277,-0.5789898120788778,-0.49237720144589586,-2.256016803315404,-0.3365771940723391,-0.44887348689285445,-1.9925510562714843,-1.3950323556491044,-0.2694943572651209,-0.027419211925291086,-0.10364022835686888,-1.3133725301468988,1
sample_02052.html,-0.31396277006145196,-0.3406872283290372,-0.4993703348891979,-0.37376441227407625,0.05687775598690603,-0.2695580091221512,-0.10977361938621372,0.3316516123233787,-2.6987811855220687,-0.26031515301850167,-0.02613359816672435,-0.09683876528675574,3.5716534930225863,1
sample_05529.html,-0.35640606065735775,-0.4193381175844256,-0.4993703348891979,-0.25208405096850267,-0.3119409506987351,0.028981996565049278,-0.10977361938621372,0.14376776812359424,-0.5160624352701993,-0.26557626887448416,-0.02613359816672435,-0.0937998137022371,-0.04978668641610202,1
sample_07879.html,0.6278484756932674,0.131218107203293,3.003886661456714,0.5403720835846026,1.215540253000959,0.7661930310171158,0.5684261156270678,0.4585222662006251,0.3383346583111195,0.11668708572474852,-0.02613359816672435,0.1756538934584156,0.32299541634146406,0
sample_08318.html,0.10939562221163351,0.707991295076141,0.2968244370076003,0.035245205559784554,0.2212651439773626,-0.30002127500860026,0.5684261156270678,0.7083918049049898,1.0797217696665597,0.030533538732900562,-0.02613359816672435,-0.0780262078587832,-0.7588080446759189,0
sample_09497.html,-0.4106690017989588,-0.4368160929745119,-0.34013138050983827,-0.3676292680065683,-1.493047069819184,-0.30611392818589006,-0.10977361938621372,0.5574360726826114,-1.1672309957317497,-0.24406563062787226,0.006006745797444088,-0.08424882300803566,-1.4189727876280578,1
sample_06812.html,-0.38111987543472065,-0.4805110314497277,-0.4197508576995181,-0.25003900287933334,-1.6111027737464936,-0.03803718838513859,0.5684261156270678,0.5069818604974314,-0.04241600165159482,-0.23528600480069475,-0.02613359816672435,-0.1024825325151475,-0.40302472716094523,1
sample_08236.html,1.3907531927335992,2.0537954001127865,0.05796600543856084,0.4790206409095235,0.9072574571683981,-0.22690943688112258,0.9075259831337085,0.7319381715730787,-0.17657021757395255,-0.2060945813803701,-0.02613359816672435,-0.05212276340026718,-0.13740024316239086,0
sample_06480.html,-0.44720246712201694,-0.4717720437546845,-0.4993703348891979,-0.4688591484204489,-0.3020765113450368,-0.3304845408950493,-0.44887348689285445,0.2641027143297212,-0.19301960530861462,-0.2634562833713351,-0.0107062330639235,-0.10320609241622336,-0.014161155735352524,1
sample_08587.html,-0.4520377787088923,-0.4805110314497277,-0.4993703348891979,-0.49237720144589586,-2.256016803315404,-0.3365771940723391,-0.44887348689285445,0.7498783590256631,1.253742037171651,2.2914703293400174,-0.027419211925291086,-0.10364022835686888,-1.5522566343089461,1
sample_07541.html,-0.4520377787088923,-0.4805110314497277,-0.5789898120788778,-0.4913546774013112,-2.256016803315404,-0.3365771940723391,-0.44887348689285445,-1.9925510562714843,-0.834531934820573,-0.2694943572651209,-0.027419211925291086,-0.10364022835686888,-1.2476211570692826,1
sample_00223.html,0.22490584345365558,0.20986899645868135,-0.18089242613047862,0.06898849903107807,0.8253265634007746,0.38235588084785804,-0.10977361938621372,0.5114204451638292,-0.2925845223693093,-0.2043186772939625,-0.02613359816672435,-0.07889447974007424,0.15272984876389228,0
sample_07713.html,-0.4455906965930585,-0.4805110314497277,-0.4993703348891979,-0.3911473210320153,0.9524247765549114,-0.29392862183131047,0.22932624812042704,0.2819067950693202,-0.03030533117042544,-0.26799593819221446,-0.02613359816672435,-0.10364022835686888,0.23287847281998605,1
sample_09172.html,-0.1393542960909535,0.07878418103303408,0.21720495981792048,-0.29503006084105804,-0.3068132016449246,-0.32439188771775945,-0.44887348689285445,0.7121830259668317,0.19452752814495441,-0.2137087701508426,-0.02613359816672435,-0.07918390370050458,-0.3731454138379488,0
sample_08201.html,-0.3768218206908314,-0.3232092529389509,-0.34013138050983827,-0.37580946036324553,-0.041574217966220406,-0.2878359686540206,0.22932624812042704,0.5636389140211698,0.3706676264346569,-0.26527658505990287,-0.013277460581056975,-0.1034955163766537,-0.33347425878736037,1
sample_02355.html,0.6799623894629239,1.0662897905729103,0.21720495981792048,0.09966422036861762,0.2408247978576509,-0.23300209005841238,0.22932624812042704,0.6457905504745022,0.2026058363184784,-0.08632095015271853,-0.02613359816672435,0.0031572130419290165,-0.6613278882714456,0
sample_01235.html,0.25606674034685223,0.27978089801902656,-0.4197508576995181,0.29496631288428615,1.0015079885999536,0.5834134356984216,0.22932624812042704,-0.5165103502920579,0.5701237595129842,-0.23273314267648385,-0.02613359816672435,-0.07325071251168248,0.7699217671326234,1
sample_07237.html,0.06695233161572774,0.2623029226289403,0.13758548262824066,-0.22652094985388635,0.0433953403372722,-0.3304845408950493,0.5684261156270678,0.6521263935610063,0.5630339352410364,-0.15798977943980463,-0.017134301856757187,-0.06268673795597483,-0.7224638131015675,0
sample_01870.html,-0.4144297996998619,-0.4805110314497277,-0.1012729489407988,-0.3942148931657693,0.37036230002019915,-0.20253882417196337,-0.10977361938621372,0.5349063613913825,0.2529851963113251,-0.21060093799962934,-0.006849391788223287,-0.10335080439643853,-0.05692434781684213,1
sample_00442.html,-0.3273941911361057,-0.39312115449929613,0.3764439141972801,-0.38194460463075347,0.3629560930689358,-0.23909474323570218,-0.44887348689285445,0.5976225543932181,0.5958492239726468,-0.1531837390059641,-0.024847984408157612,-0.04893909983553337,-0.4752431827411336,0
sample_01504.html,-0.33115498903700874,-0.34942621602408036,-0.4993703348891979,-0.4003500374332772,0.4618700726624893,-0.2817433154767308,-0.10977361938621372,0.3316516123233787,0.10189476822759043,-0.26031515301850167,-0.004278164271089811,-0.09582578142524951,-0.3917082617145721,1
sample_09260.html,0.5504834903032619,0.6031234427356232,2.128072412370236,0.1364750859736651,0.4211121128703126,-0.1537975987536449,-0.10977361938621372,0.7009911612761409,0.3366516438582712,0.0220202985186842,-0.02613359816672435,0.04295300760110168,-0.4834502058832638,0
sample_01928.html,-0.3773590775338176,-0.39312115449929613,-0.1012729489407988,-0.24594890670099476,0.210560963588282,-0.06850045427158762,0.22932624812042704,0.6403738207372708,0.23740693826036008,-0.22050160328135163,-0.02613359816672435,-0.10233782053493232,-0.061126606609098036,0
sample_07807.html,0.1464663443776778,0.19239102106859504,-0.18089242613047862,-0.0680297229432653,-1.5636559245377377,-0.3304845408950493,-0.44887348689285445,0.3139748832178619,0.3451722764642356,0.004805128281070676,-0.009420619305356762,0.0834723620613502,0.8348844270935335,1
sample_03551.html,-0.2693704520936016,-0.061039622087656356,-0.34013138050983827,-0.2827597723060422,0.911067665309951,-0.23909474323570218,0.5684261156270678,0.14245908289494585,-0.47807842881317103,-0.24073581046585804,-0.02613359816672435,-0.0883007584540605,0.800039865160678,0
sample_04212.html,-0.14150332346289812,-0.11347354825791527,-0.1012729489407988,1.1620667026920712,1.125519754808105,3.0814012383872424,0.22932624812042704,0.46676505743159635,-0.5925736205581307,-0.210290154784508,-0.004278164271089811,-0.006538489632487595,1.1214345867537157,1
sample_07553.html,-0.35586880381437164,-0.38438216680425297,-0.34013138050983827,-0.2428813345672408,0.7355369650749062,-0.25128004959028183,-0.44887348689285445,0.47154902928097353,-0.2282640436902126,-0.25657465503650567,-0.02613359816672435,-0.09770703716804677,0.6652709510151795,1
sample_05565.html,-0.43054750498944633,-0.4717720437546845,-0.4197508576995181,-0.31854811386650506,0.7566485843684918,-0.11114902651261627,0.22932624812042704,0.20140659945443204,-0.9136773518743525,-0.25586429340194267,-0.02613359816672435,-0.1034955163766537,0.6252879873374461,1
sample_00275.html,0.3269846436210239,0.4720386273099759,0.21720495981792048,-0.13756135797502164,0.23173058794195597,-0.32439188771775945,-0.10977361938621372,0.7180054248486306,0.28208388188106975,-0.2158620538556118,-0.017134301856757187,-0.0379409893391802,-0.7277751724165957,0
sample_08531.html,-0.4289357344604879,-0.4542940683645982,-0.34013138050983827,-0.42080051832497023,-0.05203559225025642,-0.30611392818589006,-0.44887348689285445,0.5384134118772906,-1.2714492767562386,-0.24359945580519027,-0.02613359816672435,-0.09264211786051571,-1.3935075298504522,1
sample_07016.html,0.7277782484886911,1.5731510768854131,3.481603524594793,0.3338222265785029,0.17974559070622245,-0.22690943688112258,-0.10977361938621372,0.6688424911522062,0.6641912933908449,0.23193216153206075,-0.02613359816672435,0.1213869008777256,-0.5670939131276252,0
sample_05432.html,-0.1522484603226211,0.17491304567850874,0.05796600543856084,-0.27969220017228824,0.952540998637617,-0.31220658136317986,-0.10977361938621372,0.6053890910836173,0.49185226353192973,-0.2351306131931341,-0.02613359816672435,-0.09582578142524951,-0.4169407451474273,0
sample_09698.html,-0.35640606065735775,-0.4805110314497277,-0.4993703348891979,-0.3553589794715525,-0.20120633562710138,-0.007573922498689558,-0.44887348689285445,0.0971544025470395,-0.25997742130261065,-0.26829562200679574,-0.011991846822490236,-0.08859018241449086,0.5933454646464222,1
sample_08210.html,-0.4488142376509754,-0.4805110314497277,-0.4993703348891979,-0.4852195331338033,-1.3384300946045464,-0.31829923454046966,-0.44887348689285445,-0.07134170978834635,-3.039051443683039,0.60635933935002,-0.017134301856757187,-0.10364022835686888,4.626342628098604,1
sample_05634.html,-0.3961630670383328,-0.4368160929745119,-0.18089242613047862,-0.3614941237390604,1.0188062263701239,-0.275650662299441,-0.10977361938621372,0.4430329191758005,-0.1571702981604097,-0.2525899702426287,-0.024847984408157612,-0.09712818924718608,0.6963501591107993,1
sample_03524.html,-0.3182608248053412,-0.20960241290338993,0.3764439141972801,-0.18664251211508492,0.03564496074350783,-0.2573727027675716,0.5684261156270678,-0.017624995523219493,-0.8611545527439327,-0.1725521929483468,-0.02613359816672435,-0.10146954865364127,1.3858243263199894,1
sample_01526.html,0.43443601221825373,0.5769064796504938,-0.5789898120788778,0.26122301941299264,0.9372312176887483,0.163020366465425,0.22932624812042704,-1.9925510562714843,0.7805190191574087,-0.2694943572651209,0.012434814590277775,-0.08338055112674461,0.3253831199778064,1
sample_09482.html,-0.4278612207745156,-0.4805110314497277,-0.5789898120788778,-0.3533139313823832,0.4953261897966264,-0.2573727027675716,-0.10977361938621372,-1.9925510562714843,-0.16633353478650462,-0.2694943572651209,-0.02613359816672435,-0.1034955163766537,-0.15790121711682445,1
sample_03519.html,0.08038375269038146,-0.10473456056287211,-0.18089242613047862,0.15692556686535813,1.044941908704389,0.6138767015848706,-0.10977361938621372,0.6031260813767513,-0.2576238709137761,-0.21151108884391323,-0.01970552937389066,-0.06442328171855691,0.2448194811943631,0
sample_08057.html,0.9233397393356494,1.7479308307862762,2.128072412370236,0.41051152992235185,0.6675627076950879,-0.23909474323570218,-0.10977361938621372,0.6733750404603568,0.3570503938533866,0.04805949218563542,-0.02613359816672435,0.0617655650290742,-0.2733281399099164,0
sample_08820.html,-0.40959448811298654,-0.4805110314497277,-0.4197508576995181,-0.34002111880278274,0.5714484442503874,-0.11724167968990606,-0.10977361938621372,0.20856731838053558,0.46978129640333577,-0.2648215096377609,-0.02613359816672435,-0.10074598875256541,0.29978616881741127,1
sample_09067.html,-0.4520377787088923,-0.4805110314497277,-0.5789898120788778,-0.4903321533567266,-1.4502732858151721,-0.3365771940723391,-0.44887348689285445,-1.9925510562714843,-0.08790254079344091,-0.2694943572651209,-0.027419211925291086,-0.10364022835686888,-0.2187098185068599,0
sample_02532.html,-0.39884935125326354,-0.38438216680425297,-0.4993703348891979,-0.3267283062231823,-0.980747178521749,-0.2878359686540206,-0.44887348689285445,0.34669166192474327,-0.38102497647781,-0.2663199287106673,-0.023562370649590873,-0.10364022835686888,0.4135653011372211,0
sample_04090.html,-0.1280719023882444,-0.3756431791092098,-0.4993703348891979,-0.43716090303832467,-0.4780873309326325,-0.31220658136317986,-0.10977361938621372,0.26717772264666856,2.341044993572685,-0.229259030307449,-0.02613359816672435,0.24627333980342017,-0.5257606783306593,1
sample_08710.html,-0.43538281657632166,-0.4805110314497277,-0.4993703348891979,-0.3165030657773357,0.8275359639062684,-0.1537975987536449,-0.10977361938621372,-0.17131392189562852,-0.9261970973275087,-0.2650323982480218,-0.02613359816672435,-0.10335080439643853,1.555125250624696,1
sample_03334.html,-0.40637094705506965,-0.42807710527946874,-0.4993703348891979,-0.4576113839300177,-1.08925059122776,-0.32439188771775945,-0.10977361938621372,0.5788950284047242,0.4392964029220513,-0.2152293880248291,-0.01584868809819045,-0.09886473300976815,-0.5764669592070668,1
sample_07535.html,-0.012024424303236185,-0.10473456056287211,2.128072412370236,0.028087537247691988,0.4288350463446032,0.2239468982383231,0.5684261156270678,0.5050567991667648,0.4642353548967874,0.264309112907379,-0.02613359816672435,0.0006971093782710703,-0.09611430898840898,0
sample_01042.html,-0.4310847618324325,-0.46303305605964135,-0.4197508576995181,-0.47397176864337215,-1.514456932503265,-0.32439188771775945,-0.10977361938621372,0.4248331857777564,0.5485012867136084,-0.26769625437763317,-0.004278164271089811,-0.10306138043600818,-1.0521471344624274,1
sample_02679.html,-0.18878192564567925,0.05256721794790462,-0.1012729489407988,-0.26946695972644175,0.0971491043170713,-0.17816821146280412,-0.10977361938621372,0.5067595794732722,0.06016529966327042,-0.26031515301850167,-0.013277460581056975,-0.09814117310869229,-0.18362463355917788,0
sample_05569.html,-0.3526452627564547,-0.3319482406339941,-0.4993703348891979,-0.415687898102047,-1.8926524678286705,-0.2878359686540206,-0.44887348689285445,0.4217131862989043,0.020503310463874633,-0.26255723192759123,-0.014563074339623712,-0.08005217558179563,-0.7049090630117033,0
sample_06764.html,-0.4520377787088923,-0.4805110314497277,-0.4993703348891979,-0.49237720144589586,-2.256016803315404,-0.3365771940723391,-0.44887348689285445,0.7505931355724987,1.2515603735149505,-0.267185681952791,-0.027419211925291086,-0.10364022835686888,-1.0168014571092276,1
sample_05360.html,-0.10228357392490924,-0.017344683612440594,1.4911165948527976,0.4125565780115211,0.4978313628151339,0.0472599560969187,0.22932624812042704,0.6121298245243962,0.7618198928948756,-0.15625827295555722,-0.0107062330639235,0.034704424728836794,-0.7420607167418961,1
sample_08908.html,-0.42732396393152944,-0.4717720437546845,-0.34013138050983827,-0.42284556641413956,0.12431106076834063,-0.2695580091221512,0.22932624812042704,0.5397167465641518,0.3500177647306161,-0.26122530386278553,-0.014563074339623712,-0.10335080439643853,-0.32895557603705067,1
sample_06145.html,-0.44075538500618316,-0.4717720437546845,-0.4197508576995181,-0.4617014801083563,-1.61853551235032,-0.30002127500860026,-0.10977361938621372,0.40139478109889704,0.37360462090678204,-0.2675630615711526,-0.02613359816672435,-0.10277195647557784,-0.5917277594587909,1
sample_07744.html,-0.01524796536115308,-0.22708038829347624,-0.1012729489407988,-0.2254984258093017,-0.29155711988876803,-0.013666575675979363,-0.44887348689285445,0.7036134671469829,1.1214059554116327,0.2649084805365416,-0.017134301856757187,0.18057410078573147,-0.8380482308025,0
sample_09185.html,0.8808964487397436,1.3459373968142911,-0.4197508576995181,0.5536648961642031,0.2563166788432492,-0.16598290510822453,0.5684261156270678,0.4993826200030796,0.2289205671221276,-0.22395351684930637,-0.02613359816672435,0.6316413431164267,-0.4359141488723868,0
sample_01081.html,-0.1764250182569978,-0.061039622087656356,-0.34013138050983827,-0.2551516231022566,1.2394811239078003,-0.30611392818589006,-0.10977361938621372,0.5642590738593178,1.1782777798493063,-0.0738119257440851,-0.02613359816672435,-0.06977762498651832,-0.9255788941196457,1
sample_05014.html,-0.39884935125326354,-0.4193381175844256,-0.34013138050983827,-0.28480482039521154,0.6424352463264252,-0.275650662299441,0.5684261156270678,0.31909334986778126,-0.9197958834930149,-0.2544879677349768,-0.02613359816672435,-0.10074598875256541,0.827087633858291,1
sample_03367.html,-0.3676884543600669,-0.4193381175844256,-0.5789898120788778,-0.30321025319773526,-0.3452774301254131,-0.2695580091221512,-0.10977361938621372,-1.9925510562714843,0.45918438537681283,-0.2694610590635007,-0.0017069367539563366,-0.09394452568245226,-0.5500993260108874,1
sample_06322.html,-0.31396277006145196,-0.3406872283290372,-0.4993703348891979,-0.37376441227407625,0.05687775598690603,-0.2695580091221512,-0.10977361938621372,0.3316516123233787,-2.698996573116613,-0.26031515301850167,-0.02613359816672435,-0.09683876528675574,3.571772122672126,1
sample_04057.html,3.35496421069096,1.3109814460341187,3.959320387732872,1.8093244229141558,1.683423765759742,1.771480805269934,0.22932624812042704,0.7293799750976638,0.3619720968255518,0.6660519154543949,-0.02613359816672435,0.7843124822434345,0.37888071126721345,0
sample_05712.html,-0.05070691699823892,0.17491304567850874,0.05796600543856084,-0.04757924205157226,0.9736280484460516,-0.1294269860444857,1.58572571814699,0.4298902115057208,-0.17777603325708366,-0.1748164706585165,-0.02613359816672435,-0.05139920349919132,0.443738261629861,0
sample_06630.html,-0.3370648143098564,-0.3406872283290372,0.6153023457663196,-0.32161568600025897,-1.0183998569832173,-0.2573727027675716,-0.10977361938621372,0.6594043811174449,0.6458551996318221,-0.17076518946139918,-0.02613359816672435,-0.06919877706565764,-0.9531026155577907,1
sample_06858.html,-0.3488844648555517,-0.3406872283290372,-0.5789898120788778,-0.30321025319773526,0.23487075830494342,-0.2573727027675716,-0.10977361938621372,-1.9925510562714843,-0.1499761521612404,-0.26943886026242064,-0.02613359816672435,-0.09625991736589504,-0.07872479817519788,1
sample_05263.html,-0.4251749365595848,-0.4805110314497277,-0.4993703348891979,-0.24799395479016403,0.7654509158256345,-0.1537975987536449,1.2466258506403491,0.3470864964649568,0.18492927001934065,-0.25587539280248267,-0.02613359816672435,-0.1019036845942868,0.10494423794250379,1
sample_00496.html,-0.3676884543600669,-0.3581652037191235,-0.4993703348891979,-0.4115978019237084,1.0500426052834224,-0.3304845408950493,-0.10977361938621372,0.5766664835670271,0.9189845920856331,-0.21536258083130966,0.00472113203887735,-0.08613007875083291,-0.6480953564644861,1
sample_05867.html,0.5768090756095833,1.0488118151828238,-0.34013138050983827,0.5056062660687245,1.069987570705061,0.48593098486178476,-0.44887348689285445,0.3667408469918944,-0.23187529251691777,3.290815956363725,-0.02613359816672435,0.09548345641920958,0.6583848642619305,0
sample_08829.html,-0.41872785444375105,-0.44555508066955507,-0.4993703348891979,-0.41466537405746234,-0.8807664702485071,-0.30002127500860026,-0.10977361938621372,0.40973863008096567,0.42220264208583586,-0.25702973045864763,-0.014563074339623712,-0.10045656479213506,-0.37157295495220827,1
sample_00224.html,-0.4477397239650031,-0.4805110314497277,-0.5789898120788778,-0.4688591484204489,-0.6502400691274753,-0.30002127500860026,-0.10977361938621372,-1.9925510562714843,-0.14469037377730304,-0.2694943572651209,-0.02613359816672435,-0.1034955163766537,-0.6095858697734594,1
sample_00344.html,-0.06951090650275414,-0.10473456056287211,-0.26051190332015844,0.727493983743594,0.13196273244037005,0.20566893870645367,-0.44887348689285445,0.1856708594947667,0.3507241664105009,-0.20057817931196653,-0.02613359816672435,-0.09625991736589504,-1.0157167370067914,0
sample_08718.html,0.26949816142150596,0.27978089801902656,-0.1012729489407988,0.6681875891576842,0.12284812567330976,0.4128191467343071,-0.10977361938621372,0.627125187876764,-0.7125847180516808,-0.2094909979456246,-0.018419915615323922,-0.07151416874910041,0.9448221438797217,0
sample_03266.html,0.20287831289122346,-0.2008634252083468,0.13758548262824066,0.6313767235526366,1.6171446514535475,0.918509360449361,0.22932624812042704,0.5277329240041063,-1.1795908929617256,-0.23516391139475423,-0.02613359816672435,-0.0975623251878316,1.5880270841864903,0
sample_00922.html,1.142003274431012,0.9614219382323924,2.526169798318635,0.6334217716418059,1.1368788509633223,0.37017057449327845,-0.44887348689285445,0.7534106051254525,1.8101459761475176,1.2605913053820343,-0.0209911431324574,-0.06977762498651832,-1.1787492336028635,0
sample_09034.html,-0.4369945871052801,-0.4717720437546845,-0.4993703348891979,-0.43613837899374003,0.5421950111326344,-0.2817433154767308,-0.10977361938621372,0.3485175216859154,-0.3201282368700076,-0.2631122019545936,-0.009420619305356762,-0.10364022835686888,0.417702136961965,1
sample_03941.html,-0.1871701551167208,-0.1659074744281742,0.5356828685766397,-0.23163357007680963,-0.1694894194922656,-0.2573727027675716,-0.44887348689285445,0.5827056677576958,0.9976077026560363,-0.0673742734308576,-0.02613359816672435,0.04179531175938029,-0.645207815098277,0
sample_02102.html,-0.40153563546819426,-0.46303305605964135,-0.5789898120788778,-0.4617014801083563,-1.7247823961965245,-0.275650662299441,-0.44887348689285445,-1.9925510562714843,-0.3015832447234059,-0.2694610590635007,-0.011991846822490236,-0.09929886895041368,-1.0326218466771293,0
sample_03566.html,-0.31020197216054896,-0.3319482406339941,0.13758548262824066,-0.3829671286753381,0.44318282021527117,-0.3304845408950493,-0.10977361938621372,0.6606886975899855,0.6619514740793334,-0.23446464916073126,-0.00042132299538959916,-0.07050118488759419,-0.46298822756371016,1
sample_06896.html,0.8121275728375166,1.3546763845093344,-0.5789898120788778,0.3563177555593653,0.819476373375149,-0.14161229239906528,0.9075259831337085,-1.9925510562714843,-0.6672626725811766,-0.26926126985377985,-0.02613359816672435,-0.08945845429578189,0.2640944720226479,0
sample_09145.html,-0.08724038232129706,0.22734697184876765,-0.4197508576995181,0.24384011065505357,-0.44127468419801485,-0.03194453520784878,-0.10977361938621372,0.5017806784528258,0.5304381774111182,-0.26350068097349527,-0.013277460581056975,-0.07223772865017627,-0.010853488879883877,0
sample_04644.html,-0.4520377787088923,-0.4805110314497277,-0.26051190332015844,-0.48419700908921864,-2.256016803315404,-0.3365771940723391,-0.44887348689285445,0.21327366076310508,-1.1416429634053273,-0.1890792003524774,-0.027419211925291086,-0.10364022835686888,-1.4607928746475884,1
sample_02412.html,-0.4450534397500724,-0.4717720437546845,-0.5789898120788778,-0.4760168167325414,-0.5084934647318502,-0.3304845408950493,-0.44887348689285445,-1.9925510562714843,1.518286342713801,-0.2694943572651209,0.02529095217594515,-0.10320609241622336,0.42890254117741133,1
sample_02619.html,-0.3821943891206929,-0.2882533021587783,-0.5789898120788778,-0.37376441227407625,1.0382979916803985,-0.31829923454046966,-0.44887348689285445,-1.9925510562714843,-0.7124115952801254,-0.2694943572651209,-0.02613359816672435,-0.10204839657450197,0.24590274107911073,1
sample_09001.html,-0.04587160541136358,0.017611267167732012,0.2968244370076003,-0.010768376446524789,0.6323214300292825,-0.09896372015803664,-0.44887348689285445,0.38965501218963283,-0.23180334729730678,-0.09454560595289366,-0.02613359816672435,-0.08786662251341498,0.43873349587880445,0
sample_07359.html,-0.4047591765261112,-0.46303305605964135,-0.34013138050983827,-0.4709041965096182,-1.172591029757387,-0.2817433154767308,-0.44887348689285445,0.6009509385390154,0.4894187362423215,1.1687881635153021,-0.00042132299538959916,-0.0969834772669709,-1.0008165192605432,0
sample_04134.html,-0.4520377787088923,-0.4805110314497277,-0.4993703348891979,-0.49237720144589586,-2.256016803315404,-0.3365771940723391,-0.44887348689285445,0.7929409535866974,1.4549470939299256,-0.267185681952791,-0.027419211925291086,-0.10364022835686888,-1.0168014571092276,1
sample_07533.html,-0.4429044123781278,-0.4805110314497277,-0.5789898120788778,-0.4044401336116158,0.4577168425321649,-0.29392862183131047,-0.10977361938621372,-1.9925510562714843,-0.1487019500220005,-0.2694610590635007,-0.009420619305356762,-0.10364022835686888,0.08850818409165112,1
sample_04480.html,-0.3456609237976348,-0.2882533021587783,-0.1012729489407988,-0.3461562630702906,0.12802266394138673,-0.2573727027675716,-0.10977361938621372,0.5679549028208901,-0.2301764335837295,-0.2506808733497405,-0.02613359816672435,-0.09669405330654056,-0.04662424603235813,0
sample_03099.html,-0.3424373827397179,-0.34942621602408036,-0.26051190332015844,-0.09870544428080485,0.3936187681450793,-0.3304845408950493,-0.10977361938621372,0.8025109908912762,1.3491633921531072,0.2587816114384354,0.00472113203887735,-0.09032672617707294,-1.0128527416508106,1
sample_03547.html,-0.44344166922111394,-0.4805110314497277,-0.5789898120788778,-0.4719267205542028,0.04111405425407481,-0.31220658136317986,-0.44887348689285445,-1.9925510562714843,-1.1033165611529698,-0.2694943572651209,-0.017134301856757187,-0.10364022835686888,0.5408915900252493,1
sample_08103.html,-0.33115498903700874,-0.34942621602408036,-0.4993703348891979,-0.4003500374332772,0.4618700726624893,-0.2817433154767308,-0.10977361938621372,0.3316516123233787,0.10413319956983151,-0.26031515301850167,-0.004278164271089811,-0.09582578142524951,-0.3917082617145721,1
sample_05693.html,-0.43538281657632166,-0.4717720437546845,-0.5789898120788778,-0.4023950855224465,0.7040099552539401,-0.275650662299441,1.58572571814699,-1.9925510562714843,0.8942778069405961,-0.2694943572651209,-0.01584868809819045,-0.10320609241622336,-0.11345398987299699,1
sample_00799.html,-0.14956217610769035,-0.24455836368356254,0.05796600543856084,-0.16516950717880724,0.740974191533251,0.23613220459290268,0.22932624812042704,-0.10380292875195311,-0.4848551900503231,-0.22155604633265613,-0.022276756891024138,-0.07397427241275835,0.8498859344042696,0
sample_08352.html,-0.4477397239650031,-0.4805110314497277,-0.4993703348891979,-0.47703934077712606,-1.355789843900642,-0.32439188771775945,-0.44887348689285445,0.7776545401822983,1.430050306349976,2.390654572565881,-0.01584868809819045,-0.10320609241622336,-1.5481551044618869,1
sample_03792.html,0.7567901180099432,1.3634153722043776,2.605789275508315,0.6620524448901762,1.1105528989508515,-0.1598902519309347,2.2639254531602715,0.38723263547890985,-0.13811336423600434,0.3055322865131151,-0.02613359816672435,-0.030994814288851882,0.7026157706853201,0
sample_07033.html,-0.39884935125326354,-0.4193381175844256,-0.34013138050983827,-0.28480482039521154,0.6424352463264252,-0.275650662299441,0.5684261156270678,0.31909334986778126,-0.9197958834930149,-0.2544879677349768,-0.02613359816672435,-0.10074598875256541,0.827087633858291,1
sample_03085.html,-0.4117435154849311,-0.4368160929745119,-0.4197508576995181,-0.412620325968293,-1.396574208167864,-0.30002127500860026,-0.10977361938621372,0.4920668421817645,0.5137972833935793,-0.2533336300788118,-0.014563074339623712,-0.09987771687127438,-0.5064305773222884,1
sample_09968.html,0.29474923304185496,0.7254692704662273,0.2968244370076003,-0.10381806450372812,1.11246123999225,-0.21472413052654296,-0.10977361938621372,0.6045133108109305,-0.16274895608541037,-0.2291369369015085,-0.004278164271089811,0.011116371953763547,0.3775651594310592,0
sample_05221.html,-0.4520377787088923,-0.4805110314497277,-0.5789898120788778,-0.486242057178388,-1.0200836873138628,-0.3365771940723391,-0.44887348689285445,-1.9925510562714843,0.19333343166059386,-0.2694943572651209,-0.027419211925291086,-0.10364022835686888,0.25538278721721513,1
sample_05665.html,-0.3993866080962497,-0.46303305605964135,-0.4993703348891979,-0.3972824652995232,-0.7849558219303948,-0.23909474323570218,-0.44887348689285445,0.36616702323404926,-0.6915940545281505,-0.26840661601219623,-0.0107062330639235,-0.10233782053493232,0.43216710553575066,0
sample_00795.html,-0.41872785444375105,-0.44555508066955507,-0.4993703348891979,-0.41466537405746234,-0.8807664702485071,-0.30002127500860026,-0.10977361938621372,0.40973863008096567,0.42220264208583586,-0.25702973045864763,-0.014563074339623712,-0.10045656479213506,-0.37157295495220827,1
sample_00616.html,-0.328468704822078,-0.2532973513786057,-0.34013138050983827,-0.35433645542696784,0.08235483440702936,-0.31829923454046966,-0.10977361938621372,0.5695035880094502,0.36927901854657513,-0.2548431485522583,-0.01584868809819045,-0.09119499805836398,-0.3272594810411239,0
sample_05053.html,-0.010412653774277738,0.27104191032398345,0.13758548262824066,0.7499895127244562,0.6362594212954813,0.053352609274208505,-0.10977361938621372,0.6144281089646502,0.5183254442891618,0.10351209728371226,-0.02613359816672435,-0.07079060884802454,-0.6985832304951863,0
sample_08091.html,-0.4520377787088923,-0.4805110314497277,-0.4993703348891979,-0.49237720144589586,-2.256016803315404,-0.3365771940723391,-0.44887348689285445,0.1816032717824125,-1.7220570042063035,-0.09904086317161286,-0.027419211925291086,-0.10364022835686888,-1.548367826888735,1
sample_09881.html,-0.3746727933188868,-0.4805110314497277,-0.4197508576995181,-0.40750770574536976,-0.8744753194335517,-0.21472413052654296,-0.10977361938621372,0.5029411789215281,-0.019090052796775087,-0.26158048468006706,0.0034355182803106135,-0.10204839657450197,-0.7382121956847008,1
sample_06222.html,-0.38434341649263754,-0.4018601421943393,-0.18089242613047862,-0.4555663358408484,-0.8972826450154812,-0.3304845408950493,-0.10977361938621372,0.2831618879702053,-2.0455706570342516,-0.24714016457746538,-0.02613359816672435,-0.0997330048910592,2.8610874852014017,1
sample_08270.html,-0.4520377787088923,-0.4805110314497277,-0.4993703348891979,-0.49237720144589586,-2.256016803315404,-0.3365771940723391,-0.44887348689285445,0.8045811723158488,1.501106625636109,-0.267185681952791,-0.027419211925291086,-0.10364022835686888,-1.0168014571092276,1
sample_03926.html,-0.4520377787088923,-0.4805110314497277,-0.5789898120788778,-0.4903321533567266,-1.470501154596276,-0.3365771940723391,-0.44887348689285445,-1.9925510562714843,-0.4972950564558277,-0.2694943572651209,-0.027419211925291086,-0.10364022835686888,-0.24461050798413936,0
sample_03260.html,-0.08562861179233862,0.15743507028842244,-0.26051190332015844,-0.013835948580278744,0.9844585463902916,-0.2634653559448614,-0.44887348689285445,0.6930386447056182,0.9197495717337965,0.19776820666979483,-0.006849391788223287,0.05901603740498591,-1.1183467422198088,1
sample_01448.html,0.056207194756004754,0.3671707749694581,0.9337802545250389,0.09557412419027901,0.17486563190492485,-0.2817433154767308,-0.10977361938621372,0.5854359035727802,0.7862784349724788,-0.1813984151787646,-0.02613359816672435,-0.07672380003684665,-0.5397590943152832,0
sample_05687.html,-0.4520377787088923,-0.4805110314497277,-0.5789898120788778,-0.48828710526755725,-0.4857802989613899,-0.3365771940723391,-0.44887348689285445,-1.9925510562714843,-2.374105694263592,-0.2694943572651209,-0.027419211925291086,-0.10364022835686888,-0.06926926283400898,0
sample_07520.html,-0.43054750498944633,-0.4717720437546845,-0.4197508576995181,-0.31854811386650506,0.7566485843684918,-0.11114902651261627,0.22932624812042704,0.20140659945443204,-0.9136773518743525,-0.25586429340194267,-0.02613359816672435,-0.1034955163766537,0.6252879873374461,1
sample_08723.html,-0.436457330262294,-0.4542940683645982,-0.4993703348891979,-0.4555663358408484,-1.485726913598636,-0.32439188771775945,-0.10977361938621372,0.25878133250952023,0.17981365306250965,-0.26680830233442937,-0.0209911431324574,-0.10060127677235024,0.31926384307593497,1
sample_00198.html,-0.35533154697138547,-0.4368160929745119,-0.4993703348891979,-0.18357493998133098,0.2828420209787457,-0.06850045427158762,0.5684261156270678,0.11357457876263712,0.13443476522908163,-0.2467183873569436,-0.02613359816672435,-0.07484254429404939,0.14763364991774583,1
sample_03576.html,0.20072928551927885,0.24482494723885398,-0.26051190332015844,-0.26537686354810314,-0.11633642393654377,-0.30611392818589006,0.22932624812042704,0.7170237587134557,0.06931513556196474,-0.2324334588619026,-0.02613359816672435,-0.014063512603676605,-0.5187799381808106,0
sample_01902.html,0.2603647950907414,0.3671707749694581,0.45606339138695995,0.36552047196062715,0.5604411998372941,0.18129832599729442,0.22932624812042704,0.5955659347956153,0.7807975760916683,0.16287169137188579,-0.02613359816672435,0.09114209701275439,-0.5847506828908217,0
sample_08182.html,0.36620439315901276,-0.270775326768692,0.13758548262824066,0.5649126606546343,1.0055367119407232,1.26579059155488,0.22932624812042704,0.46117141751665464,-0.9791821133998149,-0.20360831565939946,-0.02613359816672435,-0.08656421469147843,0.9611617842501539,0
sample_08536.html,-0.4520377787088923,-0.4805110314497277,-0.5789898120788778,-0.4790843888662954,-1.4117386312703937,-0.3365771940723391,-0.44887348689285445,-1.9925510562714843,-0.986425270937152,-0.2694943572651209,-0.027419211925291086,-0.10364022835686888,1.0381011236175475,1
sample_08188.html,0.03256789366461419,-0.15716848673313102,0.45606339138695995,0.04138034982729246,0.8653770104392525,0.4554677189753357,-0.44887348689285445,0.5596373841365652,-0.30542454881246545,-0.15463776047671032,-0.02613359816672435,-0.09090557409793362,0.3685622263850427,0
sample_06592.html,0.06534056108676929,0.04382823025286147,0.6949218229559994,-0.08234505956745043,0.0381206467461905,-0.05631514791700801,-0.10977361938621372,0.40990040142991646,-0.23069226631063233,-0.14711236691055818,-0.02613359816672435,-0.04995208369703959,0.39883650251748654,0
sample_04693.html,-0.44666521027903083,-0.4805110314497277,-0.5789898120788778,-0.4576113839300177,-0.22130469530296557,-0.30002127500860026,-0.10977361938621372,-1.9925510562714843,-0.3426242367545422,-0.2694943572651209,-0.02613359816672435,-0.10233782053493232,-0.1239181314696043,1
sample_08615.html,0.09596420113697979,0.1836520333735519,0.6949218229559994,0.04035782578270781,-0.03482631212548601,-0.11724167968990606,-0.44887348689285445,0.6239154104822782,0.8134975732461844,3.237849616986619,-0.02613359816672435,0.0027230771012834963,-0.9474270492683811,0
sample_05131.html,0.023434527333849656,0.4108657134446739,-0.5789898120788778,-0.0874576797903737,-0.3233104027375137,-0.03803718838513859,-0.44887348689285445,-1.9925510562714843,-0.6348571515186434,-0.2694943572651209,-0.017134301856757187,-0.09466808558352813,0.6616996105656572,0
sample_09410.html,-0.4391436144772247,-0.4805110314497277,-0.4993703348891979,-0.32877335431235155,1.0749767265452446,-0.275650662299441,-0.10977361938621372,0.316708421608739,-0.16185246956798502,-0.2640889492021178,-0.01584868809819045,-0.10161426063385645,0.26041006900352315,1
sample_06743.html,-0.3709119954179838,-0.4105991298893824,0.5356828685766397,-0.12938116561834442,1.5899460497090439,-0.3304845408950493,-0.44887348689285445,-0.35868955687632936,-4.2446241034378245,3.094079081791385,-0.01584868809819045,-0.09437866162309778,5.419723095968927,1
sample_04990.html,0.4333614985322814,0.4895166027000622,1.0133997317147188,0.3225744620880718,0.8866676593409332,0.39454118720243764,0.22932624812042704,0.691044072457075,1.3375829362325313,0.4556627782177963,-0.02613359816672435,-0.04995208369703959,-0.37473898069188405,1
sample_09606.html,-0.14042880977692582,0.10500114411816354,1.2522581632837582,-0.09154777596871229,-0.028752053482382658,-0.29392862183131047,1.2466258506403491,0.6102465629662355,0.2514510550816219,0.05594006656906907,-0.002992550512523074,-0.1003118528119199,-0.15095861211643238,0
sample_06936.html,-0.4310847618324325,-0.42807710527946874,-0.4197508576995181,-0.4167104221466316,0.3573177989555492,-0.32439188771775945,-0.10977361938621372,0.5761380209450288,0.2875670634859609,-0.19946823925796178,-0.0017069367539563366,-0.10118012469321093,-0.058785786390685685,1
sample_00807.html,-0.4520377787088923,-0.4805110314497277,-0.5789898120788778,-0.4872645812229726,-0.7067890193140784,-0.3365771940723391,-0.44887348689285445,-1.9925510562714843,0.22606251694284138,-0.2694943572651209,-0.027419211925291086,-0.10364022835686888,-0.8721332970100784,1
sample_04043.html,-0.267221424721657,-0.26203633907364887,0.05796600543856084,-0.3604715996944758,0.45935699041361283,-0.2878359686540206,-0.10977361938621372,0.5486251539330191,0.6121037191914331,-0.2477062340050078,-0.02613359816672435,-0.0103010011180821,-0.5115233342267402,1
sample_01288.html,0.19159591918851432,0.6992523073810979,-0.34013138050983827,-0.03735400160572574,0.3486659124454424,-0.31829923454046966,-0.10977361938621372,0.372082187983765,-0.8142353512089369,-0.263678271382136,-0.009420619305356762,-0.09003730221664259,0.45388055560271384,0
sample_06894.html,0.32429835940609314,1.3022424583390755,0.45606339138695995,0.22850224998628377,1.045928570052753,-0.30611392818589006,-0.44887348689285445,0.5248394024716649,-0.35517507117424507,-0.11733267526161098,-0.02613359816672435,-0.08786662251341498,1.0180117745994004,0
sample_00320.html,-0.4520377787088923,-0.4805110314497277,-0.5789898120788778,-0.4903321533567266,-1.114558160185379,-0.3365771940723391,-0.44887348689285445,-1.9925510562714843,-1.60279190543054,-0.2694943572651209,-0.027419211925291086,-0.10364022835686888,0.2457020263352195,0
sample_03507.html,-0.3118137426895074,-0.4368160929745119,-0.4197508576995181,-0.39216984507659997,-0.649127447532215,-0.2695580091221512,0.22932624812042704,-0.051581129643603674,0.8726880788855783,-0.2666862089284889,0.017577269624544724,-0.04242706072585057,0.18402042336993543,1
sample_09043.html,-0.37628456384784525,-0.46303305605964135,-0.021653471751118984,0.04240287387187711,0.6124212674302097,-0.2573727027675716,-0.10977361938621372,0.6631933745671528,-0.6909831085677187,-0.17699195316436578,0.024005338417378414,-0.0959704934054647,1.568486451077804,0
sample_06791.html,-0.4520377787088923,-0.4805110314497277,-0.5789898120788778,-0.49237720144589586,-2.256016803315404,-0.3365771940723391,-0.44887348689285445,-1.9925510562714843,-1.3950323556491044,-0.2694943572651209,-0.027419211925291086,-0.10364022835686888,-1.3133725301468988,1
sample_09536.html,0.007854078887251332,-0.13095152364800158,-0.34013138050983827,-0.180507367847577,0.9424884152870759,-0.06240780109429781,-0.10977361938621372,0.3190655848285699,0.04215408341585139,-0.26458842222641993,-0.011991846822490236,0.1219657487985863,0.02756800665774752,1
sample_05711.html,-0.3886414712365267,-0.4805110314497277,-0.4993703348891979,-0.43920595112749394,0.13229338187351822,-0.2208167837038328,-0.10977361938621372,-0.1268481045386658,-0.4471929066292876,-0.2651655910545024,-0.02613359816672435,-0.10320609241622336,-0.02373773269279918,1
sample_07307.html,35.27231873881211,43.6338988531281,-0.34013138050983827,16.04081407544334,0.13754256728824873,-0.13551963922177548,-0.44887348689285445,0.5704615165776575,-0.19597578671768578,-0.25316713907071114,-0.02613359816672435,5.115976186024217,-0.5363033587786601,0
sample_09590.html,-0.094224721280117,0.22734697184876765,-0.18089242613047862,-0.05984953058658808,0.201401287531477,-0.31220658136317986,-0.44887348689285445,0.5693002232382888,0.10773964586836832,-0.25142453318592367,0.007292359556010826,-0.07426369637318869,-0.31962022182669564,0
sample_07988.html,-0.10282083076789539,0.017611267167732012,-0.18089242613047862,-0.3860347008090921,-0.22951680195783294,-0.3365771940723391,-0.44887348689285445,0.7228127822556476,0.7258401629869834,-0.21633932807883383,-0.01584868809819045,-0.04980737171682441,-0.9037160064174448,0
sample_04853.html,-0.4450534397500724,-0.4717720437546845,-0.4993703348891979,-0.486242057178388,-1.2792309526931431,-0.3365771940723391,-0.44887348689285445,0.3463648312169521,0.2382317962932774,-0.2670524891463104,0.05486006862298012,-0.10320609241622336,-0.769082514424905,0
sample_05068.html,-0.4520377787088923,-0.4805110314497277,-0.4993703348891979,-0.49237720144589586,-2.256016803315404,-0.3365771940723391,-0.44887348689285445,0.6916203602802169,0.9330275964714145,-0.2674631669662922,-0.027419211925291086,-0.10364022835686888,-0.9666334620159339,1
sample_05783.html,-0.42678670708854327,-0.4542940683645982,-0.4993703348891979,-0.40341760956703115,1.2915018216894956,-0.29392862183131047,-0.10977361938621372,0.15981255285214338,-0.5737645846401505,-0.26774065197979335,-0.017134301856757187,-0.10306138043600818,0.5829020138129557,1
sample_03549.html,0.4333614985322814,0.4895166027000622,1.0133997317147188,0.3225744620880718,0.8866676593409332,0.39454118720243764,0.22932624812042704,0.691044072457075,1.3375829362325313,0.4556627782177963,-0.02613359816672435,-0.04995208369703959,-0.37473898069188405,1
sample_04930.html,-0.3273941911361057,-0.3406872283290372,-0.4993703348891979,-0.3931923691211846,0.4911933928541008,-0.2817433154767308,-0.10977361938621372,0.343253371727165,0.015596501766747371,-0.25871683934073486,-0.004278164271089811,-0.09582578142524951,-0.20254721649351112,1
sample_03819.html,-0.4047591765261112,-0.46303305605964135,-0.1012729489407988,-0.4013725614778618,-0.22831403572701045,-0.2634653559448614,-0.10977361938621372,0.6004497612524824,0.4306170113526504,-0.2101014649753272,-0.002992550512523074,-0.08526180686954186,-0.7288207925828882,1
sample_03513.html,-0.45096326502292,-0.4805110314497277,-0.4993703348891979,-0.4913546774013112,-2.256016803315404,-0.3304845408950493,-0.44887348689285445,0.9306630291247422,2.279925218376415,-0.12425870119860057,-0.013277460581056975,-0.10364022835686888,-1.5252711856162566,1
sample_06640.html,-0.3273941911361057,-0.3406872283290372,-0.4993703348891979,-0.3931923691211846,0.4911933928541008,-0.2817433154767308,-0.10977361938621372,0.343253371727165,0.015596501766747371,-0.25871683934073486,-0.004278164271089811,-0.09582578142524951,-0.20254721649351112,1
sample_03974.html,-0.43054750498944633,-0.4717720437546845,-0.4197508576995181,-0.31854811386650506,0.7566485843684918,-0.11114902651261627,0.22932624812042704,0.20140659945443204,-0.9136773518743525,-0.25586429340194267,-0.02613359816672435,-0.1034955163766537,0.6252879873374461,1
sample_06946.html,-0.2408958394153357,-0.4368160929745119,-0.4197508576995181,-0.2612867673697645,0.006051606345979112,-0.2878359686540206,0.5684261156270678,0.34635009780583204,-7.851757030852685e-05,-0.2530894432669308,-0.02613359816672435,-0.002341842206247569,-0.7872033074716241,1
sample_08996.html,-0.37628456384784525,-0.4805110314497277,-0.5789898120788778,0.17635352371246651,1.1642917771050403,-0.17816821146280412,-0.44887348689285445,-1.9925510562714843,-1.6269199022407748,-0.2694943572651209,-0.022276756891024138,-0.10175897261407163,1.7736381837546986,0
sample_05204.html,-0.23498601414248807,-0.2008634252083468,2.128072412370236,-0.26946695972644175,-1.204883242476382,-0.2817433154767308,-0.44887348689285445,0.5750243974371693,0.6751599535738846,1.7447915545410624,-0.02613359816672435,-0.07817091983899838,-1.3827966245021313,0
sample_09768.html,0.06856410214468618,0.2535639349338971,-0.26051190332015844,-0.10586311259289742,1.1391509923774101,-0.1537975987536449,0.22932624812042704,0.3872052520663628,-0.44665846120875313,-0.254077289914995,-0.02613359816672435,0.007353860468169042,0.5923695698747595,1
sample_03584.html,0.23081566872650322,0.30599786110415605,1.9688334579908764,-0.1978902766055161,0.2709514439221566,-0.30611392818589006,-0.10977361938621372,0.6946370787656089,0.20485975935481057,-0.0757765196396735,-0.01970552937389066,-0.05110977953876097,-0.17299517445996948,0
sample_09634.html,-0.4031474059971527,-0.4368160929745119,-0.34013138050983827,-0.4494311915733405,-0.7564179561424434,-0.2573727027675716,-0.44887348689285445,0.35716231533808057,-0.5668237005434841,-0.24959313209681586,-0.013277460581056975,-0.09061615013750328,1.2580793069721006,0
sample_07455.html,0.15130165596455314,0.4807776150050191,0.45606339138695995,0.013772200623506859,1.2700046183313078,-0.21472413052654296,0.22932624812042704,0.5103982872742582,-0.6750915608747347,-0.2219445253515578,-0.011991846822490236,-0.07759207191813769,0.6354916365285354,0
sample_05673.html,1.9769004084314878,-0.4805110314497277,-0.34013138050983827,-0.43920595112749394,-1.211736178778289,-0.30611392818589006,-0.10977361938621372,0.3373381924115461,1.763490159162873,0.19461597691642135,-0.013277460581056975,5.680352908863393,-1.2459581516491918,1
sample_02398.html,0.1695683886260822,0.5157335657851917,-0.021653471751118984,1.659013388360212,1.6564857568045053,0.38235588084785804,1.9248255856536307,0.5540963640325807,0.9253891870029611,-0.22113426911213432,-0.02613359816672435,0.19301933108423638,-0.6347354597771714,1
sample_08581.html,1.3703374327001254,1.503239175325068,1.0930192089043984,0.630354199508052,1.106224563547256,0.4371897594434663,1.2466258506403491,0.5917493389592817,-0.04745043914429888,-0.15925511110137003,-0.02613359816672435,0.15799903187216444,0.5267726278553693,0
sample_04742.html,-0.3821943891206929,-0.3581652037191235,-0.26051190332015844,-0.19686775256093145,0.8406681266168545,-0.05631514791700801,-0.10977361938621372,0.36767087894223094,-1.401449694647893,-0.24005874703291513,-0.02613359816672435,-0.1019036845942868,1.7978997788765378,1
sample_05302.html,-0.29945683530082595,-0.39312115449929613,1.0930192089043984,-0.09870544428080485,0.14836313327398568,-0.025851882030558975,-0.10977361938621372,0.6026602487399423,0.2153017869164976,-0.07109257261177349,-0.02613359816672435,-0.1003118528119199,0.12514007855065434,0
sample_07838.html,1.498204561330829,0.31473684879919916,-0.26051190332015844,1.735702691704061,0.6427848633778863,2.2040591808575103,1.58572571814699,0.43803058113152255,-0.8933431643383831,0.13113850522789025,-0.02613359816672435,0.016326003241509787,1.1986208463247183,0
sample_07114.html,-0.31879808164832735,-0.26203633907364887,-0.34013138050983827,-0.37580946036324553,0.08672693704483417,-0.3304845408950493,0.22932624812042704,0.7051352670768865,0.8521338711823149,-0.23994775302751467,-0.01584868809819045,-0.09162913399900949,-0.9151612317735723,0
sample_06098.html,-0.35962960171527464,-0.4717720437546845,-0.1012729489407988,-0.298097632974812,0.2355511883035037,-0.11114902651261627,0.22932624812042704,0.5870303397778636,0.5019800126200606,-0.1518740097422385,-0.02613359816672435,-0.08280170320588393,-0.4376299176941357,0
sample_01182.html,-0.2494919489031141,-0.4105991298893824,-0.26051190332015844,-0.2214083296309631,0.7397478792934888,-0.025851882030558975,0.22932624812042704,0.3812579447379838,-0.3538547441639053,-0.15571440232909492,-0.022276756891024138,-0.09061615013750328,0.30426267474430496,0
sample_03666.html,-0.44720246712201694,-0.4717720437546845,-0.5789898120788778,-0.46681410033127957,0.04890622074642001,-0.3304845408950493,-0.10977361938621372,-1.9925510562714843,-0.45588413585123766,-0.2694943572651209,-0.01584868809819045,-0.1024825325151475,-0.4272398821452241,1
sample_00105.html,-0.19576626460449917,-0.2008634252083468,-0.4197508576995181,-0.12938116561834442,0.11273327984388307,0.16911301964271483,-0.44887348689285445,0.4714213372902857,0.4108434655477165,-0.24202334092850353,-0.02613359816672435,-0.06529155359984795,-0.4741207838072688,0
sample_03397.html,-0.32148436586325807,-0.3756431791092098,1.4114971176631177,-0.2571966711914259,0.21174484698580387,-0.22690943688112258,-0.10977361938621372,0.6927622639747325,1.0458473058787554,3.196881729593304,-0.02613359816672435,-0.060081922312101715,-1.0783713534213346,0
sample_07614.html,0.01430116100308512,-0.2882533021587783,-0.26051190332015844,0.22236710571877585,-0.5985527096750114,0.7722856841944056,-0.44887348689285445,0.40204691649335117,0.04110200786108772,-0.24891606866387297,-0.02613359816672435,-0.09191855795943984,0.29121976263433536,1
sample_08811.html,-0.2408958394153357,-0.4368160929745119,-0.4197508576995181,-0.2612867673697645,0.006051606345979112,-0.2878359686540206,0.5684261156270678,0.34635009780583204,-7.851757030852685e-05,-0.2530894432669308,-0.02613359816672435,-0.002341842206247569,-0.7872033074716241,1
sample_09966.html,-0.094224721280117,-0.27951431446373515,-0.18089242613047862,-0.03224138138280248,1.0878530928757923,0.07163056880607792,-0.44887348689285445,0.6283736309572934,1.2353126739379032,0.23444062605411145,-0.009420619305356762,0.14989516098011474,-0.7828479865752253,0
sample_05270.html,-0.3096647153175628,-0.3406872283290372,-0.4993703348891979,-0.37376441227407625,0.06381297614258408,-0.2695580091221512,-0.10977361938621372,0.3316516123233787,-2.6901995569457076,-0.26031515301850167,-0.02613359816672435,-0.0910502860781488,3.566025188243186,1
sample_05384.html,-0.060914797014975756,0.09626215642312039,-0.021653471751118984,-0.29093996466271943,0.1646354724036311,-0.3365771940723391,-0.10977361938621372,0.6053864298930964,0.32857171338300417,-0.21697199390961655,-0.01584868809819045,-0.07469783231383421,-0.09220211200986478,0
sample_07902.html,1.0485205837514222,0.6380793935157958,1.8892139808011965,1.115030596641177,1.2248922880808981,1.6557203949014276,0.9075259831337085,0.6109509928664754,-0.18709920823422954,0.13331398773373954,-0.02613359816672435,0.0813016823581226,0.6571348266568936,0
sample_00864.html,0.5735855345516664,1.4682832245448953,3.481603524594793,0.21827700954043724,0.2910719264299796,-0.18426086464009395,-0.10977361938621372,0.6818465760922822,0.4118196894832783,0.09028161183997575,-0.02613359816672435,-0.04893909983553337,-0.22731832328740423,0
sample_05464.html,-0.3273941911361057,-0.3406872283290372,-0.4993703348891979,-0.3931923691211846,0.4911933928541008,-0.2817433154767308,-0.10977361938621372,0.343253371727165,0.013265910810179351,-0.25871683934073486,-0.004278164271089811,-0.09582578142524951,-0.202201092750684,1
sample_04208.html,-0.4343083028903494,-0.4717720437546845,-0.4197508576995181,-0.44022847517207864,1.5184325873651514,-0.2878359686540206,-0.10977361938621372,0.3600250372681366,-0.15208092386555966,-0.25508733536413936,-0.02613359816672435,-0.10320609241622336,1.1405320959445473,1
sample_02606.html,-0.024918588534903766,0.2623029226289403,0.854160777335359,-0.05780448249741878,-0.6120250298521911,-0.245187396412992,0.9075259831337085,0.7660672398651208,-0.31157270675102533,-0.1740728108223333,-0.02613359816672435,-0.06312087389662036,0.30550921825701566,0
sample_07663.html,-0.3929395259804159,-0.4368160929745119,-0.4197508576995181,-0.415687898102047,0.32626781383421055,-0.30002127500860026,0.22932624812042704,0.39163092551613515,2.6806117341457574,-0.14401563415988494,-0.02613359816672435,-0.05588527488586169,-1.182639918445817,1
sample_04421.html,3.339383762244362,2.1062293262830454,-0.18089242613047862,3.153943541542973,0.6920752173184448,6.468916404960374,-0.10977361938621372,0.580266614544362,-0.21368359133813478,-0.20302004743077695,-0.0209911431324574,0.5925691084583299,0.7674045082893929,0
sample_04610.html,-0.4520377787088923,-0.4805110314497277,-0.4993703348891979,-0.4913546774013112,-2.256016803315404,-0.3365771940723391,-0.44887348689285445,0.39081361277902416,-0.2978537558505667,-0.2677517513803334,-0.027419211925291086,-0.10364022835686888,-1.0406456907252892,1
sample_05918.html,-0.45150052186590617,-0.4805110314497277,-0.4993703348891979,-0.4913546774013112,-2.256016803315404,-0.3304845408950493,-0.44887348689285445,0.9387292519911988,2.3137946247029175,-0.21549577363779024,-0.01970552937389066,-0.10364022835686888,-1.505252891833849,1
sample_07894.html,-0.4369945871052801,-0.4805110314497277,-0.18089242613047862,-0.3931923691211846,0.9673764982875916,-0.2208167837038328,0.22932624812042704,0.22367667837584237,0.12470838904228486,-0.25502073896089905,-0.02613359816672435,-0.10306138043600818,0.42100147275401395,1
sample_05448.html,-0.3676884543600669,-0.4542940683645982,-0.5789898120788778,-0.2858273444397962,0.44539417683210375,-0.08068576062616724,-0.10977361938621372,-1.9925510562714843,0.01953895250676549,-0.26928346865485997,-0.02613359816672435,-0.09799646112847712,-0.43245428039819866,1
sample_08332.html,0.7949353538619598,-0.12221253595295842,5.631329408716148,1.1232107889978544,0.9649067411796497,1.2596979383775901,0.5684261156270678,0.3089569198436563,-0.30945822441199794,0.6586708140952634,-0.011991846822490236,-0.07064589686780937,-0.04956683239036389,1
sample_09592.html,-0.17911130247192855,-0.26203633907364887,-0.4197508576995181,0.44629987148281464,0.05070988863490906,0.32752200225224976,-0.44887348689285445,0.4375892522281909,0.38373373993860477,2.4757536765064243,-0.02613359816672435,-0.055306426965000995,-0.5611758333629885,0
sample_00046.html,0.28991392145497963,0.09626215642312039,-0.34013138050983827,0.6262641033297134,0.6767508472915061,0.7844709905489853,-0.10977361938621372,0.5587684255618922,-0.41954574335420647,-0.26154718647844694,-0.02613359816672435,-0.08945845429578189,0.1778619161553412,0
sample_07776.html,-0.44397892606410005,-0.46303305605964135,-0.4197508576995181,-0.4494311915733405,0.02710308884204182,-0.3365771940723391,-0.10977361938621372,0.7898419358059214,1.5147744637313845,-0.2419456451247232,0.0304334072102121,-0.10306138043600818,-0.021493808348151018,0
sample_04755.html,-0.3263196774501334,-0.38438216680425297,-0.5789898120788778,-0.07314234316618856,0.3616472365642957,-0.1294269860444857,-0.10977361938621372,-1.9925510562714843,-2.0974796312624187,-0.2694943572651209,-0.02613359816672435,-0.09278682984073088,2.968612818064779,1
sample_05272.html,-0.4520377787088923,-0.4805110314497277,-0.5789898120788778,-0.49237720144589586,-2.256016803315404,-0.3365771940723391,-0.44887348689285445,-1.9925510562714843,-1.5094629360083582,-0.2694943572651209,-0.027419211925291086,-0.10364022835686888,-1.3066020613442069,1
sample_08131.html,-0.41872785444375105,-0.44555508066955507,-0.4993703348891979,-0.41466537405746234,-0.8807664702485071,-0.30002127500860026,-0.10977361938621372,0.40973863008096567,0.16405806970595405,-0.25702973045864763,-0.014563074339623712,-0.10045656479213506,-0.3289161631971167,1
sample_08497.html,0.04170125999537873,-0.06977860978269951,3.003886661456714,0.16715080731120466,0.5595255641043734,0.3579852681386988,0.22932624812042704,0.5770156758494615,0.32454284803689154,0.5386640954562708,-0.02613359816672435,-0.000894722404095836,-0.29543603128000956,0
sample_07631.html,0.13196040961705177,0.04382823025286147,0.3764439141972801,0.16101566304369674,0.5872460902682255,0.4493750657980459,-0.44887348689285445,0.5222570630116425,-0.4927887708829325,-0.2066384520068324,-0.02613359816672435,-0.07874976775985908,0.25852357205113075,0
sample_01550.html,0.1464663443776778,0.19239102106859504,-0.18089242613047862,-0.0680297229432653,-1.5636559245377377,-0.3304845408950493,-0.44887348689285445,0.3139748817612715,0.3450886352215929,0.004805128281070676,-0.009420619305356762,0.0834723620613502,0.8348844270935335,1
sample_06533.html,-0.4520377787088923,-0.4805110314497277,-0.5789898120788778,-0.49237720144589586,-2.256016803315404,-0.3365771940723391,-0.44887348689285445,-1.9925510562714843,-1.3950323556491044,-0.2694943572651209,-0.027419211925291086,-0.10364022835686888,-1.3133725301468988,1
sample_08592.html,-0.45096326502292,-0.4805110314497277,-0.5789898120788778,-0.4617014801083563,-0.8354566454256882,-0.3304845408950493,-0.10977361938621372,-1.9925510562714843,-1.9538006397580907,-0.2694943572651209,-0.008135005546790024,-0.10364022835686888,3.3186775971697933,1
sample_07795.html,0.7551783474809848,0.24482494723885398,-0.26051190332015844,0.6589848727564223,0.5537096453916567,0.9550652795130999,-0.44887348689285445,0.4554073720708558,-0.1342993431421052,-0.2371396046908827,-0.02613359816672435,-0.06095019419339275,0.4311411331199645,0
sample_01658.html,1.076995196429688,1.852798683126794,0.2968244370076003,1.2367109579467508,0.6305546981254957,0.132557100578976,0.22932624812042704,0.34277277363424885,0.28759471986802887,-0.12512445444072426,-0.02613359816672435,0.19938665821370402,-0.07402025057338356,0
sample_04936.html,0.40005157426714016,0.8652930735869178,-0.34013138050983827,0.2642905915467466,0.18139697865778126,-0.32439188771775945,0.22932624812042704,0.6736504161439191,-0.41328753670576673,-0.24018084043885565,-0.017134301856757187,0.03007364136195125,0.7861104705371559,0
sample_03787.html,-0.24250760994429416,-0.20960241290338993,-0.4993703348891979,-0.31752558982192036,0.8298338557395974,-0.3365771940723391,-0.10977361938621372,0.01660112101228969,0.024221177991065417,-0.2653542808636832,0.0008642907631771383,-0.08395939904760531,-0.14945186302667832,1
sample_03934.html,-0.2989195784578398,-0.2882533021587783,0.5356828685766397,-0.3338859745352748,0.7433854167028182,-0.2695580091221512,0.22932624812042704,0.6604553906626092,0.470641739496197,-0.1635283803092883,-0.02613359816672435,-0.057332394688013426,-0.7935665971793849,1
sample_09180.html,0.7283155053316773,1.3983713229845502,1.8095945036115169,0.30928164950847126,0.20887724226693719,-0.275650662299441,0.5684261156270678,0.6522834450717798,0.36479743573654816,0.008645520867927078,-0.01584868809819045,-0.022312095475941485,-0.3034307883133191,0
sample_06353.html,-0.3778963343768037,-0.4805110314497277,-0.18089242613047862,-0.24390385861182545,0.6809505698885561,-0.19644617099467354,0.22932624812042704,-0.2983747855912968,-0.7902851792702257,-0.1592662105019101,-0.002992550512523074,-0.10103541271299576,1.6420667030668383,1
sample_06634.html,-0.41872785444375105,-0.44555508066955507,-0.4993703348891979,-0.41466537405746234,-0.8807664702485071,-0.30002127500860026,-0.10977361938621372,0.40973863008096567,0.42220264208583586,-0.25702973045864763,-0.014563074339623712,-0.10045656479213506,-0.37157295495220827,1
sample_01321.html,-0.4520377787088923,-0.4805110314497277,-0.5789898120788778,-0.4913546774013112,-1.16902947788668,-0.3365771940723391,-0.44887348689285445,-1.9925510562714843,-0.5689067643054523,-0.2694943572651209,-0.027419211925291086,-0.10364022835686888,-0.9251147534972016,1
sample_03681.html,-0.4520377787088923,-0.4805110314497277,-0.5789898120788778,-0.4933997254904805,-1.3908636227199325,-0.3365771940723391,-0.44887348689285445,-1.9925510562714843,-1.707211936414615,-0.2694943572651209,-0.027419211925291086,-0.10364022835686888,-0.45468758099995726,1
sample_07324.html,-0.4144297996998619,-0.4805110314497277,-0.021653471751118984,-0.39523741721035394,0.36773112436228944,-0.20253882417196337,-0.10977361938621372,0.5126904283020588,0.15474519248224233,-0.20405229168100136,-0.02613359816672435,-0.10320609241622336,0.07724089669100438,1
sample_00057.html,-0.4520377787088923,-0.4805110314497277,-0.5789898120788778,-0.4811294369554647,-2.1668963646376236,-0.3365771940723391,-0.44887348689285445,-1.9925510562714843,6.983090631930892,-0.2694943572651209,-0.027419211925291086,-0.10364022835686888,-1.3434724145668198,0
sample_04606.html,-0.3370648143098564,-0.270775326768692,-0.021653471751118984,-0.3717193641849069,-0.4768447036342072,-0.2695580091221512,-0.10977361938621372,0.717778885725426,0.6854866097309315,-0.24879397525793245,-0.006849391788223287,-0.0888796063749212,-0.14536367070368544,1
sample_05503.html,-0.4246376797165987,-0.4805110314497277,-0.4993703348891979,-0.42080051832497023,0.10058522887524016,-0.25128004959028183,-0.44887348689285445,0.4526516901083542,-0.9542083978163335,-0.26473271443344054,-0.01584868809819045,-0.10306138043600818,1.2117265738706133,0
sample_09972.html,2.6645891674537587,3.740420025256115,1.8892139808011965,2.637568899027724,0.5286860819986544,-0.29392862183131047,-0.10977361938621372,0.6923359709677781,1.5299115741624436,3.058505503060533,-0.02613359816672435,2.352990347775913,-0.9880152471027187,0
sample_02012.html,-0.3950885533523605,-0.46303305605964135,-0.26051190332015844,-0.36251664778364506,-0.0009308330050949547,-0.2634653559448614,-0.10977361938621372,0.5728459078404006,0.1751791103739987,-0.22948101831824996,0.026576565934511888,-0.10291666845579302,-0.07106896809753582,1
sample_07895.html,-0.23606052782846038,-0.19212443751330363,0.6153023457663196,0.11397955699280275,0.30193103931563947,0.08381587516065754,0.22932624812042704,0.5877626148297828,0.5810563453704738,-0.06776275244975927,-0.02613359816672435,-0.015800056366258686,-0.5452992514893921,0
sample_00721.html,0.17118015915504067,-0.24455836368356254,1.1726386860940783,-0.014858472624863396,0.8205974431912099,0.6199693547621605,-0.44887348689285445,0.4864880492919875,-0.12595402470258893,0.2904371017786506,-0.02613359816672435,-0.06760694528329073,0.502706688866143,0
sample_02924.html,1.2865253651942863,2.595612637205462,0.7745413001456792,0.7039759307181469,1.192137022020976,0.1569277132881352,0.5684261156270678,0.3305600818920121,-0.38699512413893344,-0.222233109765599,-0.02613359816672435,0.07160597968370598,0.7210339657471676,0
sample_09209.html,-0.4477397239650031,-0.4805110314497277,-0.4993703348891979,-0.47703934077712606,-1.355789843900642,-0.32439188771775945,-0.44887348689285445,0.7776545401822983,1.430050306349976,2.390654572565881,-0.01584868809819045,-0.10320609241622336,-1.5481551044618869,1
sample_09858.html,-0.4278612207745156,-0.4542940683645982,-0.5789898120788778,-0.45249876370709446,-0.30790964141511107,-0.32439188771775945,-0.10977361938621372,-1.9925510562714843,-0.6068170925125972,-0.2694943572651209,-0.014563074339623712,-0.1019036845942868,-0.30612715850124467,1
sample_05002.html,-0.3467354374836071,-0.3581652037191235,-0.5789898120788778,-0.2940075367964734,0.2513359591117207,-0.17207555828551432,0.22932624812042704,-1.9925510562714843,-0.33252878434647837,-0.26943886026242064,-0.02613359816672435,-0.10146954865364127,0.18732363134639052,1
sample_06360.html,-0.2983823216148537,-0.34942621602408036,-0.4197508576995181,-0.3747869363186609,0.4840634396949633,-0.17207555828551432,-0.10977361938621372,0.5556578613896241,-0.017212665994640698,-0.26297900914811306,-0.004278164271089811,-0.08945845429578189,-0.2204443224430598,1
sample_00512.html,0.07769746847545071,0.27978089801902656,-0.26051190332015844,0.03320015747061525,0.12553123820690495,-0.16598290510822453,0.9075259831337085,0.5007827863869795,0.9682794098882305,-0.13297173062253778,-0.02613359816672435,0.19982079415434953,-0.0041959392325566554,0
sample_01732.html,2.000002452679892,0.15743507028842244,2.287311366749596,2.7275510149511732,1.3554873984783145,5.402702098934658,3.281225055680194,0.47793999799932163,-0.5741002182698065,-0.010667436071755408,-0.0209911431324574,0.32543079298112,1.0398200214772009,0
sample_01264.html,0.4333614985322814,-0.38438216680425297,-0.18089242613047862,0.07716869138775528,0.17348982552147146,0.8332122159673038,-0.44887348689285445,0.4310670204452128,0.0889625821701074,-0.21088952241367057,-0.006849391788223287,-0.10045656479213506,-0.19346876933274218,0
sample_04219.html,0.15721148123740078,0.8740320612819609,0.13758548262824066,0.512763934380817,0.2544340397725143,0.2848734300112211,-0.10977361938621372,0.6364505005279527,-0.9821823441637895,-0.2252521467124919,-0.02613359816672435,-0.05921365043081068,1.3972273618150433,0
sample_00299.html,0.26412559299164445,-0.2183414005984331,0.2968244370076003,0.45448006383949185,-0.10542351496101532,0.9124167072720712,0.5684261156270678,0.6593528042251589,-0.8143906595623227,-0.22428649886550778,-0.02613359816672435,-0.09727290122740126,0.7894014231151532,0
sample_04503.html,-0.3075156879456182,-0.3057312775488646,0.5356828685766397,-0.3257057821785976,0.8530470532281935,-0.23909474323570218,-0.10977361938621372,0.6663936807258269,0.4815934479135809,-0.16391685932818995,-0.02613359816672435,-0.06587040152070865,-0.7612606888864296,1
sample_07748.html,-0.4520377787088923,-0.4805110314497277,-0.5789898120788778,-0.49237720144589586,-2.256016803315404,-0.3365771940723391,-0.44887348689285445,-1.9925510562714843,-1.3950323556491044,-0.2694943572651209,-0.027419211925291086,-0.10364022835686888,-1.3133725301468988,1
sample_02660.html,-0.4450534397500724,-0.46303305605964135,-0.5789898120788778,-0.4637465281975256,-1.557239237400944,-0.3304845408950493,-0.10977361938621372,-1.9925510562714843,-0.8872438814586383,-0.2694943572651209,-0.01584868809819045,-0.10306138043600818,-1.027436013932688,1
sample_00903.html,-0.12001304974345216,-0.3057312775488646,-0.34013138050983827,1.3205579296026921,1.1725546094211412,1.9420750942340486,0.22932624812042704,0.6029673164302276,-0.2656742317209503,-0.2581618693137325,-0.02613359816672435,0.02790296165872365,-0.060874106287893616,1
sample_05420.html,1.3907531927335992,2.0537954001127865,0.05796600543856084,0.5045837420241398,0.6743031040062222,-0.22690943688112258,0.9075259831337085,0.7275150481274324,-0.21069563856575096,-0.20487364732096486,-0.02613359816672435,-0.05139920349919132,-0.06776105352656638,0
sample_03405.html,-0.44397892606410005,-0.46303305605964135,-0.4197508576995181,-0.4494311915733405,0.0980677135814707,-0.3365771940723391,-0.10977361938621372,0.7941018036370773,1.5284446322759855,-0.24157936490690163,0.0304334072102121,-0.10306138043600818,-0.019660674529681732,0
sample_07180.html,4.024923493894688,5.2522648964985805,0.5356828685766397,3.0210154157469686,1.3563456408144452,0.2848734300112211,0.5684261156270678,0.5641107162506537,0.647657123652154,-0.1510748529033551,-0.02613359816672435,1.0604229404939851,-0.012540509665888828,0
sample_03112.html,-0.43269653236139094,-0.4805110314497277,-0.5789898120788778,-0.4535212877516791,-0.13326982574566812,-0.2695580091221512,-0.10977361938621372,-1.9925510562714843,-0.17885307938325404,-0.2694166614613405,-0.02613359816672435,-0.10204839657450197,-0.5188784246488428,1
sample_08051.html,-0.4117435154849311,-0.4193381175844256,-0.5789898120788778,-0.45147623966250977,-0.2991542505740407,-0.31829923454046966,-0.10977361938621372,-1.9925510562714843,-0.3441320760953751,-0.26943886026242064,-0.02613359816672435,-0.10233782053493232,-0.2357735052106468,1
sample_02733.html,-0.21510751095200054,-0.27951431446373515,-0.26051190332015844,-0.3349084985798595,0.03908338055306282,-0.20253882417196337,-0.10977361938621372,0.6495681223139551,0.7595799757302442,-0.20468495751178406,-0.01584868809819045,0.007064436507738695,-0.3484362619945572,0
sample_02589.html,1.5814793719936822,1.1187237167431694,-0.18089242613047862,1.6835539654302436,0.6572169741108207,3.6602032902297736,-0.10977361938621372,0.5902203497850727,-0.2215889981971665,-0.20819236808243904,-0.018419915615323922,0.30415813188948954,0.7537108605966302,0
sample_00596.html,0.12605058434420413,0.19239102106859504,-0.34013138050983827,0.34404746702434946,1.5591825834223088,0.6199693547621605,-0.10977361938621372,0.575182302024342,-0.7231782660209414,-0.22357613723094474,-0.017134301856757187,-0.053859307162849264,0.819023555597747,0
sample_08397.html,-0.4520377787088923,-0.4805110314497277,-0.4993703348891979,-0.4913546774013112,-2.256016803315404,-0.3365771940723391,-0.44887348689285445,0.102033089182186,-1.024426484092972,-0.26124750266386565,-0.027419211925291086,-0.10364022835686888,-1.4293080650136472,0
sample_00065.html,-0.32578242060714724,-0.3232092529389509,0.5356828685766397,-0.3492238352040446,1.3704454366943601,-0.275650662299441,-0.10977361938621372,0.6468669250835554,0.3711125748757846,-0.18476153354239896,-0.02613359816672435,-0.06789636924372107,-0.6403916260315753,1
sample_02943.html,-0.3676884543600669,-0.4717720437546845,0.3764439141972801,-0.32161568600025897,-0.45152796578318966,-0.06850045427158762,0.22932624812042704,0.38980464577142,2.075810215808703,-0.14967632843530912,-0.004278164271089811,0.6901049831233567,-0.9523923891418458,1
sample_00423.html,0.36566713631602665,0.15743507028842244,2.0484529351805563,-0.11302078090498999,0.506164960335571,-0.3365771940723391,-0.44887348689285445,0.8681032821776361,1.9254780258081174,2.928886703553859,0.006006745797444088,0.3061840996125019,-1.2551501959235383,0
sample_09499.html,-0.155472001380538,0.2186079841537245,-0.18089242613047862,-0.368651792051153,-0.7397151513966914,-0.32439188771775945,-0.10977361938621372,0.39796307808829057,-0.08980989897647926,0.48695198834018993,-0.01970552937389066,-0.0948127975637433,-1.3833744535017582,0
sample_03677.html,0.23081566872650322,0.27104191032398345,-0.4197508576995181,0.29496631288428615,0.9925662160790678,0.5895060888757114,0.22932624812042704,-0.5191631178363302,0.5699137255141861,-0.23264434747216348,-0.02613359816672435,-0.08265699122566875,0.7824311652422835,1
sample_02725.html,0.08468180743427066,0.4021267257496307,-0.26051190332015844,0.05365063836230829,0.3439853074307373,-0.16598290510822453,-0.44887348689285445,0.5793417981584432,-0.41872552819437053,-0.22657297537675755,-0.002992550512523074,-0.03258664607121879,0.5210644152704934,0
sample_04530.html,-0.4520377787088923,-0.4805110314497277,-0.5789898120788778,-0.49237720144589586,-2.256016803315404,-0.3365771940723391,-0.44887348689285445,-1.9925510562714843,-1.4078000403100033,-0.2694943572651209,-0.027419211925291086,-0.10364022835686888,-1.3155472897162082,1
sample_05558.html,0.12497607065823184,0.39338773805458754,0.6153023457663196,-0.1702821274017305,0.11138126171225947,-0.2695580091221512,0.22932624812042704,0.632712244488975,0.23662939221140641,-0.11099491755324391,-0.02613359816672435,-0.043440044587356785,-0.29196913550819503,0
sample_02762.html,-0.3096647153175628,-0.3406872283290372,-0.4993703348891979,-0.37376441227407625,0.06381297614258408,-0.2695580091221512,-0.10977361938621372,0.3316516123233787,-2.6902211515844425,-0.26031515301850167,-0.02613359816672435,-0.0910502860781488,3.566025188243186,1
sample_06102.html,-0.006114599030388545,0.13995709489833613,0.45606339138695995,0.2192995335850219,0.41052078738776215,-0.05631514791700801,0.22932624812042704,0.6192989703110502,1.002815165067176,0.3797095803222519,-0.014563074339623712,-0.066159825481139,-0.4444223027998145,0
sample_01862.html,-0.31664905427638274,-0.3319482406339941,0.854160777335359,-0.2490164788347487,0.5330652641849287,-0.245187396412992,-0.44887348689285445,0.37802898938977175,-0.22514505271351426,0.3517834885634926,-0.02613359816672435,-0.06659396142178452,-0.9728443675777642,0
sample_03467.html,-0.4520377787088923,-0.4805110314497277,-0.5789898120788778,-0.48828710526755725,-0.8549851589824252,-0.3365771940723391,-0.44887348689285445,-1.9925510562714843,-1.9231918848263876,-0.2694943572651209,-0.027419211925291086,-0.10364022835686888,0.42861710773226586,1
sample_05254.html,-0.3854179301786098,-0.46303305605964135,-0.5789898120788778,-0.2766246280385343,0.6115727390339809,-0.21472413052654296,0.22932624812042704,-1.9925510562714843,-0.6843760915943677,-0.2694943572651209,-0.006849391788223287,-0.10291666845579302,0.3421861578241804,1
sample_01420.html,-0.42410042287361255,-0.46303305605964135,-0.5789898120788778,-0.4300032347262321,-1.8283670549023523,-0.31220658136317986,-0.10977361938621372,-1.9925510562714843,0.010690818380509967,-0.2694943572651209,0.031719020968778835,-0.09032672617707294,0.5087391871168065,1
sample_00372.html,-0.10926791288372917,-0.10473456056287211,-0.1012729489407988,-0.01792604475861735,0.6739476307328878,0.351892614961409,0.22932624812042704,0.6345522176393188,-0.07881808365493106,-0.19739265135697293,-0.02613359816672435,-0.08309112716631427,0.41619065520238124,0
sample_08570.html,0.6939310673805638,1.5731510768854131,-0.4197508576995181,0.27962845221551635,1.8015718187329155,-0.2634653559448614,-0.10977361938621372,0.46386173887264087,-0.15504893777701528,-0.25631936882408457,-0.0017069367539563366,-0.06861992914479693,0.690790393299158,1
sample_05395.html,-0.3316922458799949,-0.4805110314497277,-0.5789898120788778,-0.251061526923918,0.9895532959063678,-0.025851882030558975,0.5684261156270678,-1.9925510562714843,-0.8152459730915832,-0.2694943572651209,-0.01584868809819045,-0.10320609241622336,0.18452475909178928,1
sample_07110.html,0.09811322850892439,0.008872279472688862,-0.1012729489407988,-0.16619203122339188,-0.046800753670705394,-0.03194453520784878,-0.10977361938621372,0.6750777974614188,0.6491409889783644,-0.1766478717476243,-0.0209911431324574,0.19316404306445156,0.05632026660299686,0
sample_02730.html,-0.2999940921438121,-0.26203633907364887,0.854160777335359,-0.33695354666902877,-0.5149514058328661,-0.2817433154767308,-0.10977361938621372,0.3510631638093337,-0.021502237805692853,-0.022099818628004236,-0.02613359816672435,0.0406376159176589,1.0437253736853296,0
sample_06655.html,-0.44129264184916933,-0.4717720437546845,-0.5789898120788778,-0.42489061450330884,0.2621742996695351,-0.30002127500860026,-0.10977361938621372,-1.9925510562714843,-0.5510456676209268,-0.26943886026242064,-0.008135005546790024,-0.10146954865364127,0.04913617810235424,1
sample_02672.html,-0.43806910079125244,-0.4805110314497277,-0.4197508576995181,-0.46272400415294096,-1.1364068034727766,-0.30002127500860026,-0.44887348689285445,0.48433851234107417,0.44907721892014313,-0.26373376838483625,-0.013277460581056975,-0.10335080439643853,-0.4315428438073609,1
sample_09702.html,0.5021303744345085,0.07878418103303408,2.287311366749596,1.4166751897936496,0.8364401524427202,0.8880460945629121,1.2466258506403491,0.7292279192061693,0.7567382747473982,-0.060747931308449306,-0.02613359816672435,0.0639362447323018,-0.7601528790917926,0
sample_09141.html,-0.36930022488902536,-0.4018601421943393,-0.4197508576995181,-0.34002111880278274,-1.7048461817992993,-0.22690943688112258,0.22932624812042704,0.36114594469867245,0.3394403161748291,-0.2534890216863725,-0.01584868809819045,-0.09915415697019851,-0.7355156168942483,1
sample_08002.html,1.1624190344644858,1.8877546339069666,0.854160777335359,0.7285165077881786,0.675833376568691,-0.25128004959028183,1.2466258506403491,0.6060417571624791,0.048857962103497625,-0.0611919073300512,-0.02613359816672435,0.08578775374479297,-0.029819487215136893,0
sample_05907.html,-0.27635479105242156,-0.27951431446373515,-0.4993703348891979,-0.19073260829342353,0.9069912988487268,0.05944526245149831,0.22932624812042704,0.5158721469116178,-0.3909541146314668,-0.1782572848259312,-0.02613359816672435,-0.007985609434639327,-0.16052207318999745,1
sample_07508.html,0.12819961171614874,0.31473684879919916,-0.18089242613047862,0.27553835603717775,0.12873557871153954,0.5346722102801031,-0.44887348689285445,0.4624780848821751,0.24504983094679883,1.0252951133335693,-0.02613359816672435,-0.07050118488759419,-0.5147416540123884,0
sample_08486.html,0.30334534252963335,0.7429472458563137,1.650355549232157,0.017862296801845468,0.2889748236723682,-0.30611392818589006,0.22932624812042704,0.6401443111408675,0.285836752499643,-0.03640694592412534,-0.02613359816672435,-0.04387418052800231,-0.20248552229616837,0
sample_04394.html,-0.24788017837415563,-0.3669041914141667,-0.4197508576995181,0.07716869138775528,-0.16716849641613904,0.1508350601108454,-0.44887348689285445,0.6529527483253142,-0.6291522656427458,-0.2641666450058981,-0.02613359816672435,-0.007985609434639327,0.8761633339698889,0
sample_01338.html,-0.3295432185080503,-0.3406872283290372,-0.021653471751118984,-0.23879123838890218,1.4800981647374434,-0.2634653559448614,-0.10977361938621372,0.7116872089326881,0.8413545078616831,-0.08517771189709364,-0.013277460581056975,-0.09683876528675574,-0.4544011045421773,1
sample_01415.html,-0.2699077089365878,-0.08725658517278581,0.05796600543856084,0.13443003788449578,0.29065432391134916,-0.1477049455763551,-0.10977361938621372,0.5348713056320732,-1.149893972036939,-0.2324334588619026,-0.02613359816672435,-0.0796180396411501,1.5923365125269622,0
sample_08089.html,0.8841199897976605,1.8265817200416645,-0.021653471751118984,0.4115340539669365,1.197615563004265,-0.2695580091221512,1.2466258506403491,0.49026498654358974,-0.10077730251944102,-0.2512913403794431,-0.02613359816672435,-0.02375921527809322,0.16973068091878005,1
sample_02277.html,-0.4396808713202109,-0.4717720437546845,-0.4197508576995181,-0.4576113839300177,-1.7369248937469068,-0.2878359686540206,-0.10977361938621372,0.40139478109889704,0.41842622749135466,-0.2675630615711526,-0.02613359816672435,-0.10262724449536266,-0.6101852760969669,1
sample_02816.html,0.8217981960112672,2.193619203233477,-0.021653471751118984,0.22747972594169913,-0.0735302520580954,-0.32439188771775945,-0.44887348689285445,0.4878376802456828,-0.026294151488374412,-0.1987689770239388,-0.002992550512523074,-0.09568106944503435,-0.3702858512856655,0
sample_04120.html,1.2489173861852558,0.6031234427356232,-0.18089242613047862,1.1109405004628385,-2.1072037255100513,1.8689632561065708,0.22932624812042704,0.6761062696700414,1.2203919528083371,-0.16062033736779585,-0.02613359816672435,0.10300847939039859,-1.1478807010217962,1
sample_03809.html,-0.4520377787088923,-0.4805110314497277,-0.4993703348891979,-0.49237720144589586,-2.256016803315404,-0.3365771940723391,-0.44887348689285445,0.1764556398244503,-1.311056563485961,-0.2684621130148965,-0.027419211925291086,-0.10364022835686888,-0.45911462205265,1
sample_03947.html,-0.3273941911361057,-0.3406872283290372,-0.4993703348891979,-0.3931923691211846,0.4911933928541008,-0.2817433154767308,-0.10977361938621372,0.343253371727165,0.013587883629138776,-0.25871683934073486,-0.004278164271089811,-0.09582578142524951,-0.2023741806974135,1
sample_01569.html,-0.4321592755184048,-0.4717720437546845,-0.34013138050983827,-0.44022847517207864,-1.6202965091536783,-0.22690943688112258,-0.10977361938621372,0.43210391223143363,0.3909089075824818,-0.2637448677853763,-0.02613359816672435,-0.10146954865364127,-0.5423049447423628,1
sample_09484.html,-0.44397892606410005,-0.46303305605964135,-0.4197508576995181,-0.4494311915733405,0.04925875076863716,-0.3365771940723391,-0.10977361938621372,0.7930914417014742,1.5255496554189647,-0.24193454572418316,0.02529095217594515,-0.10335080439643853,-0.006443083878714587,0
sample_09602.html,-0.29945683530082595,-0.2183414005984331,0.3764439141972801,-0.28787239252896546,0.2571372948024401,-0.30611392818589006,-0.10977361938621372,0.2692942586016883,-0.18275768414121693,-0.10822006741823206,-0.02613359816672435,-0.07614495211598594,1.0608827620366872,0
sample_04323.html,0.2678863908925475,-0.24455836368356254,-0.26051190332015844,0.07819121543233994,0.6484774683472833,0.4798383316844949,0.22932624812042704,0.4270140180572952,-0.5404910857944466,-0.2560418838105834,-0.018419915615323922,-0.08859018241449086,0.13015720400143216,0
sample_02609.html,0.792249069647029,1.5731510768854131,0.21720495981792048,0.6170613869284516,1.4538256696747947,-0.08677841380345704,-0.10977361938621372,0.6508305083625885,-0.214017718544744,-0.1856161873839826,-0.02613359816672435,-0.07035647290737902,-0.3241382918070826,0
sample_01776.html,-0.4477397239650031,-0.4805110314497277,-0.5789898120788778,-0.4647690522421103,-0.40840153669158796,-0.30002127500860026,-0.10977361938621372,-1.9925510562714843,-0.09227450750738725,-0.2694943572651209,-0.02613359816672435,-0.1034955163766537,-0.3955148667015103,1
sample_07166.html,-0.436457330262294,-0.4542940683645982,-0.4993703348891979,-0.4555663358408484,-0.13554332371994163,-0.32439188771775945,-0.10977361938621372,0.2287021509586939,0.048499757878979026,-0.26673060653064906,-0.0209911431324574,-0.10060127677235024,0.5383973426482718,1
sample_05633.html,-0.12055030658643831,0.00013329177764570985,-0.4197508576995181,-0.05882700654200343,1.1664668215126133,0.06553791562878812,-0.10977361938621372,0.48785507776050374,-0.4384449921244229,-0.21017916077910753,-0.02613359816672435,-0.08670892667169361,0.39393452566158044,0
sample_03599.html,-0.44129264184916933,-0.4542940683645982,-0.4993703348891979,-0.48419700908921864,-2.256016803315404,-0.32439188771775945,-0.44887348689285445,0.7483813628868439,1.937071776877727,-0.2630789037529735,-0.011991846822490236,-0.10306138043600818,-1.2597206903264768,0
sample_04317.html,0.5295304734268022,0.4545606519198896,-0.18089242613047862,0.4974260737120472,0.7615220571164009,0.8819534413856223,-0.10977361938621372,0.5983403980337446,-0.2355546677164403,-0.20964638955318526,-0.0209911431324574,0.006196164626447656,0.3514517866399051,0
sample_03765.html,-0.3467354374836071,-0.3581652037191235,-0.5789898120788778,-0.2940075367964734,0.2513359591117207,-0.17207555828551432,0.22932624812042704,-1.9925510562714843,-0.33447195934685076,-0.26943886026242064,-0.02613359816672435,-0.10146954865364127,0.18766712148231515,1
sample_00821.html,-0.400461121782222,-0.4805110314497277,-0.5789898120788778,-0.36558421991739903,0.03349143356066756,-0.245187396412992,-0.10977361938621372,-1.9925510562714843,-1.3355601875264023,-0.26939446266026046,-0.0017069367539563366,-0.1034955163766537,1.0061440378626116,1
sample_02655.html,0.13196040961705177,0.5506895165653642,0.45606339138695995,0.09761917227944832,0.6409822976945483,-0.09896372015803664,0.22932624812042704,0.5338997220151156,0.30437477132383783,0.07046918187599113,-0.018419915615323922,-0.0590689384505955,-0.16790370828365322,0
sample_02231.html,-0.43806910079125244,-0.4717720437546845,0.45606339138695995,-0.39523741721035394,-0.5475175044197342,-0.29392862183131047,-0.44887348689285445,0.4939947492043927,-0.45836954074542063,-0.17019912003385676,-0.02613359816672435,-0.1019036845942868,1.6266741312063768,1
sample_04305.html,-0.3096647153175628,-0.4717720437546845,-0.4993703348891979,-0.4197779942803856,-2.256016803315404,-0.07459310744887743,-0.44887348689285445,0.10992974794146243,-0.168858294660872,-0.2593384057709775,-0.002992550512523074,-0.06080548221317758,-0.1559472502846246,0
sample_04416.html,-0.36715119751708075,-0.4368160929745119,0.21720495981792048,-0.42284556641413956,-0.7419987387873467,-0.20863147734925316,-0.10977361938621372,0.1218859744267733,-0.7304057078320442,-0.20660515380521227,0.0008642907631771383,-0.09958829291084402,1.2595783638436737,0
sample_06587.html,-0.27635479105242156,-0.3756431791092098,-0.4993703348891979,-0.42693566259247817,0.5390934724545814,-0.29392862183131047,-0.10977361938621372,0.31476353899695353,0.006695972444407391,-0.22547413472329286,-0.02613359816672435,0.17261494187389695,-1.0685049362903614,1
sample_06398.html,-0.4332337892043771,-0.4805110314497277,-0.5789898120788778,-0.4576113839300177,-1.044802351692958,-0.275650662299441,-0.44887348689285445,-1.9925510562714843,-0.02813000994100815,-0.2694943572651209,-0.01584868809819045,-0.10132483667342611,-0.8656800213872586,1
sample_02812.html,-0.3612413722442331,-0.2969922898538215,-0.18089242613047862,-0.08439010765661974,0.16552544855839446,-0.2634653559448614,-0.10977361938621372,0.4778397394307817,-1.4303098967114742,-0.25459896174037727,-0.018419915615323922,-0.09293154182094605,2.108624285651666,0
sample_08181.html,-0.35103349222749625,-0.34942621602408036,-0.4197508576995181,-0.4381834270829093,-0.8808106311274132,-0.3365771940723391,-0.44887348689285445,0.6195806690532057,-0.4301595752453994,-0.2533003318771917,0.024005338417378414,-0.09018201419685776,0.7051224299126506,1
sample_00475.html,0.09112888955010444,0.5069945780901485,0.5356828685766397,-0.07109729507701926,-0.04142722498037155,-0.32439188771775945,0.5684261156270678,0.6735905740726088,0.13894721554859224,-0.21374206835246273,-0.017134301856757187,-0.0888796063749212,0.04578089772011137,0
sample_05604.html,-0.11195419709865992,-0.04356164669757005,-0.34013138050983827,-0.32161568600025897,-0.15870336100625568,-0.3365771940723391,-0.44887348689285445,0.65277384019121,0.021029077857633385,-0.2213451577223952,-0.01584868809819045,-0.055306426965000995,-0.8009706831200027,1
sample_09466.html,-0.42195139550166794,-0.44555508066955507,-0.5789898120788778,-0.4688591484204489,0.32103522205746726,-0.31220658136317986,-0.10977361938621372,-1.9925510562714843,0.5085048947738157,-0.26943886026242064,-0.02613359816672435,-0.10175897261407163,-0.5993294962936854,1
sample_01744.html,0.23565098031337856,-0.4193381175844256,-0.4197508576995181,1.2285307655900735,1.9002967580309318,0.8514901754991732,0.22932624812042704,0.5265424134049737,-1.133802155056592,-0.21387526115894331,-0.02613359816672435,0.0921550808742606,1.349791381866466,0
sample_02131.html,-0.28871169844110295,-0.4193381175844256,-0.4993703348891979,-0.3768319844078302,0.10820027342225229,-0.1477049455763551,-0.44887348689285445,-0.47564489890900213,1.2128502994758146,-0.2691502758483794,0.006006745797444088,-0.0959704934054647,-0.5840167931257267,1
sample_02703.html,-0.38434341649263754,-0.4018601421943393,-0.18089242613047862,-0.4555663358408484,-0.8972826450154812,-0.3304845408950493,-0.10977361938621372,0.2831618879702053,-2.0455706570342516,-0.24714016457746538,-0.02613359816672435,-0.0997330048910592,2.8610874852014017,1
sample_04194.html,0.2915256919839381,0.4458216642248465,1.0930192089043984,0.05365063836230829,1.2577854569622104,-0.2817433154767308,-0.10977361938621372,0.5636554594306514,-0.1552663159100455,0.031898764999326396,-0.02613359816672435,-0.0726718645908218,0.5155057576597766,0
sample_08776.html,0.9093710614180095,1.8702766585168804,0.5356828685766397,0.4002862894765053,1.3036964317416588,-0.2817433154767308,0.9075259831337085,0.40069671212859864,-0.056337317956271636,-0.14917685541100698,-0.011991846822490236,0.010103388092257335,0.3047400877025259,1
sample_08922.html,0.2130861929079603,-0.15716848673313102,-0.34013138050983827,0.8941654030108922,1.5685950459912401,1.0951963025907654,0.22932624812042704,0.49156667382679525,-0.8147259404057275,-0.16296231088174587,-0.02613359816672435,-0.0531357472617734,1.2672815597326095,0
sample_01662.html,-0.33652755746687024,-0.4193381175844256,0.05796600543856084,-0.19891280065010075,0.6715954159314034,0.022889343387759473,0.22932624812042704,0.6712365750524901,0.019934178687058334,-0.2312680218051976,-0.02613359816672435,-0.09568106944503435,0.05170481835550225,0
sample_01858.html,0.18729786444462512,0.04382823025286147,-0.26051190332015844,0.6272866273742981,0.885887522168715,0.7052664992442178,-0.10977361938621372,0.7204553825826545,0.994357099231709,1.1656137349608486,-0.01970552937389066,-0.02694287884282703,-0.7418649823833356,0
sample_09660.html,-0.24895469206012794,-0.46303305605964135,-0.5789898120788778,-0.47806186482171076,-0.4722282445368599,-0.32439188771775945,-0.44887348689285445,-1.9925510562714843,2.275925863471504,-0.2694943572651209,0.03557586224447905,0.3950372554646183,-1.5051251358237554,1
sample_02592.html,-0.43269653236139094,-0.4805110314497277,-0.5789898120788778,-0.4760168167325414,-0.5944229710489761,-0.31220658136317986,-0.44887348689285445,-1.9925510562714843,-0.2748823571787236,-0.2694610590635007,0.04714638607157969,-0.09843059706912263,-0.32950195820574124,0
sample_03323.html,-0.37897084806277603,-0.4717720437546845,-0.4993703348891979,-0.4259131385478935,0.3796045869586771,-0.23300209005841238,-0.44887348689285445,0.12646531815564885,0.4944744516386598,-0.26778504958195354,-0.018419915615323922,-0.056608834786937554,-0.45100107891790536,0
sample_03837.html,-0.18770741195970694,-0.15716848673313102,-0.18089242613047862,-0.1938001804271775,0.6507541578716366,-0.11724167968990606,-0.10977361938621372,0.6060585535910269,0.2557677888589735,-0.15948819851271104,-0.02613359816672435,-0.07238244063039144,-0.07811565272121383,0
sample_08046.html,-0.3515707490704824,-0.4717720437546845,-0.5789898120788778,-0.2940075367964734,0.9067562990208229,-0.09287106698074685,-0.10977361938621372,-1.9925510562714843,0.0803562817318638,-0.26930566745594003,-0.02613359816672435,-0.08801133449363016,-0.18455693040270962,1
sample_06469.html,0.1539879401794839,0.09626215642312039,-0.18089242613047862,0.003546960177660339,1.0142154147387894,0.38844853402514784,0.22932624812042704,0.7166359444530706,0.014185750747435328,-0.25316713907071114,-0.02613359816672435,0.00460433284408075,0.2642950955029333,0
sample_03465.html,-0.17373873404206708,-0.07851759747774266,0.05796600543856084,-0.049624290140741566,0.867846258837125,-0.3365771940723391,-0.10977361938621372,0.6915507323495852,0.913689630958822,0.002352160761720199,0.009863587073144301,-0.0758555281555556,0.05512200153761508,1
sample_00591.html,-0.3795081049057622,-0.39312115449929613,-0.26051190332015844,-0.37376441227407625,0.08201485862260356,-0.2695580091221512,0.22932624812042704,0.45098528377539904,-0.37635850277089483,-0.25195730441184594,-0.02613359816672435,-0.07773678389835285,0.1923702870923885,0
sample_06589.html,-0.4138925428568757,-0.44555508066955507,-0.26051190332015844,-0.23265609412139426,-0.280541457535236,-0.2817433154767308,-0.44887348689285445,0.3835398721544379,-1.617450369895724,-0.25979348119311946,-0.011991846822490236,-0.10277195647557784,1.62556985461704,0
sample_06319.html,-0.2016760898773468,-0.22708038829347624,0.05796600543856084,-0.010768376446524789,0.8563804607447922,-0.21472413052654296,-0.10977361938621372,0.6947833218906534,0.8609541532202581,-0.012054861139261333,-0.002992550512523074,-0.08338055112674461,0.09580559591505423,1
sample_02565.html,-0.2484174352171418,-0.44555508066955507,-0.34013138050983827,-0.274579579949365,0.7705075726472074,-0.1537975987536449,-0.10977361938621372,0.5803460972795912,0.0780403095165437,-0.21702749091231677,-0.002992550512523074,-0.1019036845942868,0.054724366008291385,0
sample_04597.html,-0.44666521027903083,-0.4805110314497277,-0.4197508576995181,-0.4678366243758642,-1.5106540643212891,-0.29392862183131047,-0.10977361938621372,0.37736588198594256,0.20308214410977832,-0.26721898015441115,-0.02613359816672435,-0.10320609241622336,-0.4544497350062705,1
sample_07858.html,-0.33115498903700874,-0.34942621602408036,-0.4993703348891979,-0.4003500374332772,0.4618700726624893,-0.2817433154767308,-0.10977361938621372,0.3316516123233787,0.1037463501317055,-0.26031515301850167,-0.004278164271089811,-0.09582578142524951,-0.3918705153675585,1
sample_01077.html,-0.43054750498944633,-0.4717720437546845,-0.18089242613047862,-0.36558421991739903,0.7824249478235384,-0.2817433154767308,-0.10977361938621372,0.284602498041021,-0.04877344166497287,-0.2641555456053581,-0.02613359816672435,-0.10262724449536266,-0.3080438376317539,1
sample_04632.html,-0.4283984776175017,-0.4805110314497277,-0.4993703348891979,-0.2827597723060422,0.5908983802695755,-0.10505637333532646,0.22932624812042704,0.31175186516938147,-0.5911675613384577,-0.24621891433264145,-0.02613359816672435,-0.10364022835686888,0.21375690915026677,1
sample_06272.html,-0.3273941911361057,-0.3406872283290372,-0.4993703348891979,-0.3931923691211846,0.4911933928541008,-0.2817433154767308,-0.10977361938621372,0.343253371727165,0.01518725426425972,-0.25871683934073486,-0.004278164271089811,-0.09582578142524951,-0.20254721649351112,1
sample_07059.html,0.29528648988484113,-0.31447026524390775,0.45606339138695995,0.6937506902723004,0.7944943728060542,0.7357297651306668,0.9075259831337085,0.1948126441928762,0.19919180530681216,-0.09349116290158915,-0.02613359816672435,0.00851155630989043,0.3425582134686378,0
sample_05184.html,0.16580759072517917,0.5506895165653642,0.13758548262824066,-0.0025881840898475724,1.9269207111910076,-0.12333433286719588,-0.10977361938621372,0.5908161986451956,0.07850286379418955,-0.06641972498441352,-0.02613359816672435,-0.028100574684548418,0.3640642213602162,0
sample_01340.html,0.07769746847545071,-0.27951431446373515,-0.021653471751118984,0.06080830667440085,-0.020193914970831516,0.8758607882083325,-0.10977361938621372,0.6561440789744165,-0.45370617516263895,-0.22802699684750374,-0.01970552937389066,-0.02954769448670015,0.8117722188574821,0
sample_05901.html,-0.292472496342006,-0.2183414005984331,-0.4993703348891979,-0.40341760956703115,0.3781284496261238,-0.3304845408950493,-0.10977361938621372,0.5270756439326301,0.04828070336748112,-0.26458842222641993,-0.004278164271089811,-0.09293154182094605,-0.508151769809738,1
sample_08525.html,-0.3821943891206929,-0.2882533021587783,-0.5789898120788778,-0.37376441227407625,1.040445547575992,-0.31829923454046966,-0.44887348689285445,-1.9925510562714843,-0.7519354776747622,-0.2694943572651209,-0.02613359816672435,-0.10204839657450197,0.24937284411477675,1
sample_01891.html,-0.4198023681297234,-0.4368160929745119,-0.4197508576995181,-0.3860347008090921,-1.0724023317385125,-0.2695580091221512,-0.44887348689285445,0.4051928432799574,-0.471282467763659,-0.044653800525380566,-0.017134301856757187,-0.10016714083170472,1.2469768155677374,1
sample_06714.html,-0.25325274680401716,-0.13095152364800158,0.3764439141972801,-0.19891280065010075,0.23623552446867022,-0.19035351781738374,0.22932624812042704,0.7032832799695565,0.6926544152149999,-0.21209935707253572,-0.0209911431324574,-0.08410411102782048,-0.7353966482656021,1
sample_06864.html,-0.267221424721657,-0.3057312775488646,1.9688334579908764,-0.3338859745352748,-1.7759112162167674,-0.31829923454046966,-0.10977361938621372,0.4881188803484178,2.4521872687301562,-0.2593717039725976,-0.02613359816672435,0.06277854889058042,-1.4319116461900578,1
sample_07244.html,0.2700354182644921,0.04382823025286147,1.0930192089043984,0.24997525492256148,1.1545848683029198,0.8088416032581446,0.22932624812042704,0.46735094369943864,-0.0941959797155756,-0.046518499816108526,-0.02613359816672435,-0.05979249835167137,0.6960806576836494,0
sample_09134.html,-0.4203396249727095,-0.44555508066955507,-0.34013138050983827,-0.04144409778406435,1.4960539166337237,-0.31220658136317986,-0.44887348689285445,0.4030803959739748,-1.2437725541133962,-0.2101014649753272,-0.011991846822490236,-0.10089070073278059,1.1235710677593314,1
sample_06897.html,-0.18770741195970694,-0.15716848673313102,-0.5789898120788778,-0.34308869093653666,-1.5317025127251507,-0.30611392818589006,-0.10977361938621372,-1.9925510562714843,0.55052082834961,-0.2694943572651209,0.0008642907631771383,-0.058345378549519634,-0.9197877881056263,1
sample_01756.html,0.522008877624996,0.6293404058207527,0.9337802545250389,-0.33899859475819805,-1.863493600279228,-0.3365771940723391,-0.44887348689285445,0.6581819289491139,1.038196700821339,2.6322108265189326,0.027862179693078627,0.06726462027725079,-1.4879719716735689,0
sample_00010.html,1.5927617656963913,1.9401885600772255,-0.1012729489407988,2.1365321171812446,1.3571191465875398,0.29096608318851097,0.22932624812042704,0.7253077729071655,0.8963895133410893,1.3011818131569877,-0.02613359816672435,0.35220250932092706,-0.5214739355149922,0
sample_06209.html,0.4333614985322814,0.4895166027000622,1.0133997317147188,0.3225744620880718,0.8866676593409332,0.39454118720243764,0.22932624812042704,0.691044072457075,1.3375829362325313,0.4556627782177963,-0.02613359816672435,-0.04995208369703959,-0.37473898069188405,1
sample_08283.html,-0.3273941911361057,-0.3406872283290372,-0.4993703348891979,-0.3931923691211846,0.4911933928541008,-0.2817433154767308,-0.10977361938621372,0.343253371727165,0.014755662774137335,-0.25871683934073486,-0.004278164271089811,-0.09582578142524951,-0.20254721649351112,1
sample_02496.html,-0.3601668585582608,-0.3669041914141667,-0.4993703348891979,-0.38092208058616883,0.3680691258671591,-0.31829923454046966,-0.10977361938621372,0.32406544035740675,-0.1394855662758389,-0.26636432631282747,-0.02613359816672435,-0.08280170320588393,0.1677260497478496,1
sample_01849.html,0.2856158667110904,0.3671707749694581,0.854160777335359,0.3788132845402276,0.6165995636436102,-0.18426086464009395,-0.44887348689285445,0.6373561928539877,0.8091911526727589,7.796295722980309,-0.02613359816672435,0.02356160225226845,-1.3574845722429059,0
sample_03989.html,0.1421682896337886,0.3671707749694581,0.854160777335359,1.2326208617684122,1.5240273201507857,0.9672505858676795,1.58572571814699,0.681187634051247,-0.6074415988555234,-0.20254277320755493,-0.02613359816672435,-0.043295332607141614,0.8666691419729261,0
sample_03660.html,-0.02545584537788991,-0.34942621602408036,0.21720495981792048,-0.22243085367554774,0.7153514403510309,0.04116730291962889,0.22932624812042704,0.5770233365435015,0.08893813949053514,-0.23256665166838314,-0.014563074339623712,-0.05964778637145619,-0.2722598081435031,1
sample_06693.html,-0.31611179743339657,-0.44555508066955507,-0.26051190332015844,-0.3277508302677669,0.43955250770014576,-0.17207555828551432,-0.10977361938621372,0.6136016444705382,0.7239450287188135,-0.24651859814722274,-0.014563074339623712,-0.051254491518976146,-0.07140170216566491,0
sample_06843.html,-0.37843359121978987,-0.3669041914141667,-0.5789898120788778,-0.3931923691211846,0.11736226289865999,-0.275650662299441,-0.44887348689285445,-1.9925510562714843,-0.5739264774785415,-0.26939446266026046,-0.02613359816672435,-0.09799646112847712,0.10473378406813608,1
sample_09509.html,0.7256292211167465,1.5469341138002837,0.6153023457663196,1.1457063179787168,0.5484943860937161,0.4189117999115969,0.22932624812042704,0.6465962755500615,-0.10209507504830756,-0.024574984948434807,-0.02613359816672435,0.03311259294646989,0.4576193647683964,0
sample_02928.html,-0.4520377787088923,-0.4805110314497277,-0.5789898120788778,-0.49237720144589586,-2.256016803315404,-0.3365771940723391,-0.44887348689285445,-1.9925510562714843,-0.28455034337823454,-0.2694943572651209,-0.027419211925291086,-0.10364022835686888,-1.3183861875806664,1
sample_01086.html,-0.45150052186590617,-0.4805110314497277,-0.5789898120788778,-0.4709041965096182,0.38227209905013554,-0.3304845408950493,-0.44887348689285445,-1.9925510562714843,-0.14609972910209987,-0.2694943572651209,-0.018419915615323922,-0.10364022835686888,0.3090284863007503,1
sample_05939.html,-0.3547942901283993,-0.2882533021587783,-0.18089242613047862,-0.38398965271992275,0.5546602973343739,-0.3304845408950493,-0.10977361938621372,0.36660585748368696,-0.10702847404350226,-0.1311736277350501,-0.002992550512523074,-0.09148442201879432,0.8383389762032847,0
sample_03176.html,-0.00020477375754090525,-0.31447026524390775,0.13758548262824066,0.23463739425379168,1.4830038137022352,0.38844853402514784,-0.10977361938621372,0.4972016711963152,-0.9309416475245842,-0.23794986093030615,-0.02613359816672435,-0.06804108122393625,1.4623157699867246,0
sample_00811.html,-0.24895469206012794,-0.46303305605964135,-0.5789898120788778,-0.47806186482171076,-0.4722282445368599,-0.32439188771775945,-0.44887348689285445,-1.9925510562714843,2.275925863471504,-0.2694943572651209,0.03557586224447905,0.3950372554646183,-1.5051251358237554,1
sample_06472.html,-0.13559349819005048,-0.1833854498182605,1.4114971176631177,-0.06393962676492669,-1.5723257854703065,-0.08677841380345704,0.5684261156270678,0.4880491897844017,0.6758883567554824,0.10547669117930064,-0.02613359816672435,-0.0030654021073234354,-0.03867242200662451,0
sample_08198.html,-0.14687589189275962,-0.11347354825791527,0.6153023457663196,-0.23367861816597893,1.0161093847207188,-0.17207555828551432,0.22932624812042704,0.8081067117882598,1.604960305932069,0.452088771243901,-0.02613359816672435,-0.07238244063039144,-1.2031979321537112,0
sample_00915.html,-0.155472001380538,0.2186079841537245,-0.18089242613047862,-0.368651792051153,-0.7397151513966914,-0.32439188771775945,-0.10977361938621372,0.397979238957927,-0.09111091802101214,0.49028180850220415,-0.01970552937389066,-0.0948127975637433,-1.3834552348303164,0
sample_05338.html,0.9378456740962754,1.214852581388644,0.6153023457663196,0.5874081896354966,0.12202586851853697,-0.08677841380345704,0.22932624812042704,0.6827267067147338,0.7060353634102465,-0.03621825611494454,-0.02613359816672435,0.0037360609627897098,-0.15106703327980997,0
sample_00107.html,-0.3574805743433301,-0.4717720437546845,0.3764439141972801,-0.3236607340894283,-0.44121157386901283,-0.07459310744887743,0.22932624812042704,0.20445593973670312,1.9289927064798915,-0.1191862751517989,0.008577973314577563,0.6901049831233567,-0.5981621174399488,1
sample_08661.html,3.6219808616550764,4.1074575084479275,-0.021653471751118984,2.2980909162256196,1.07994995491539,-0.08677841380345704,3.6203249231868346,0.4415304166400294,0.10487778971769565,0.08182386862845963,-0.02613359816672435,1.2268417177414344,-0.2821036440509349,0
sample_01240.html,0.17225467284101295,0.5419505288703211,0.2968244370076003,-0.1528992186437914,1.3724198252598052,-0.3304845408950493,0.22932624812042704,0.5891887866917841,-0.042034768467593304,-0.17510505507255772,-0.017134301856757187,-0.03316549399207948,-0.47587131102506924,0
sample_04129.html,-0.3676884543600669,-0.4542940683645982,-0.5789898120788778,-0.2858273444397962,0.44539417683210375,-0.08068576062616724,-0.10977361938621372,-1.9925510562714843,0.01953895250676549,-0.26928346865485997,-0.02613359816672435,-0.09799646112847712,-0.43245428039819866,1
sample_09461.html,-0.4445161829070862,-0.4717720437546845,-0.5789898120788778,-0.4760168167325414,-0.9340423253421295,-0.3304845408950493,-0.44887348689285445,-1.9925510562714843,1.5121195952573505,-0.2694943572651209,0.02914779345164536,-0.10262724449536266,0.41871627118434734,1
sample_09084.html,-0.31933533849131346,-0.31447026524390775,0.5356828685766397,-0.34820131115945996,0.7887119199486361,-0.275650662299441,-0.10977361938621372,0.6631124580615154,0.43361393571117185,-0.16892268897175133,-0.02613359816672435,-0.06688338538221486,-0.7569433466875919,1
sample_06650.html,-0.4144297996998619,-0.4717720437546845,-0.4993703348891979,-0.298097632974812,-1.0483542986330636,-0.09896372015803664,1.9248255856536307,-0.05545505590400005,-0.10597665084678984,-0.2680736339959948,-0.02613359816672435,-0.10277195647557784,-0.6895828006794934,1
sample_06446.html,-0.31396277006145196,-0.3406872283290372,-0.4993703348891979,-0.37376441227407625,0.05687775598690603,-0.2695580091221512,-0.10977361938621372,0.3316516123233787,-2.69877429460229,-0.26031515301850167,-0.02613359816672435,-0.09683876528675574,3.5716534930225863,1
sample_01659.html,-0.4214141386586818,-0.4805110314497277,-0.5789898120788778,-0.4565888598854331,-0.28562008578696146,-0.2817433154767308,-0.10977361938621372,-1.9925510562714843,-0.673783511855988,-0.26943886026242064,-0.0017069367539563366,-0.10320609241622336,-0.6148844652213704,1
sample_03562.html,-0.4520377787088923,-0.4805110314497277,-0.5789898120788778,-0.4872645812229726,-1.1042484602310472,-0.3365771940723391,-0.44887348689285445,-1.9925510562714843,-0.1255671443634771,-0.2694943572651209,-0.027419211925291086,-0.10364022835686888,-0.19551598149448488,0
sample_08559.html,-0.042110807510460535,-0.270775326768692,0.05796600543856084,-0.09257030001329694,0.6225642013227696,0.04116730291962889,-0.10977361938621372,0.36271214344374936,1.313567882524489,-0.12162814327060932,-0.014563074339623712,-0.06442328171855691,0.14690762186038508,0
sample_04574.html,-0.04855788962629432,0.2011300087636382,1.2522581632837582,-0.12733611752917512,-0.42531426307002324,-0.23300209005841238,1.2466258506403491,0.6223840528922033,0.4322772646545565,0.04863666101371788,-0.014563074339623712,-0.07325071251168248,-0.3626497993350891,0
sample_02563.html,-0.425712193402571,-0.4717720437546845,-0.4197508576995181,-0.4300032347262321,-1.6893667702664803,-0.19644617099467354,-0.10977361938621372,0.40139478109889704,0.37023804093351226,-0.2675630615711526,-0.02613359816672435,-0.09958829291084402,-0.6042411601294365,1
sample_09512.html,0.19374494656045893,-0.11347354825791527,0.45606339138695995,0.17635352371246651,0.6112965700268667,0.39454118720243764,-0.44887348689285445,0.4879860422241178,-0.6111985535543555,-0.1492767500158674,-0.01970552937389066,-0.04271648468628092,-0.10857807529530042,0
sample_06904.html,0.7095115158271621,0.8740320612819609,0.7745413001456792,1.2571614388384438,0.6084233028804388,0.760100377839826,-0.44887348689285445,0.5479821125174831,-0.1097689021963663,0.24524034277957757,-0.02613359816672435,0.011116371953763547,-0.46824862267387507,0
sample_02023.html,0.8303943054990456,0.20986899645868135,0.6153023457663196,0.7908904745078423,1.275886832867034,1.015991811285998,0.22932624812042704,0.4338804814615964,-0.08214247090751078,-0.0892178936936709,-0.02613359816672435,0.16320866315991067,0.8913578116557036,0
sample_08253.html,-0.4214141386586818,-0.4805110314497277,-0.5789898120788778,-0.4565888598854331,-0.28562008578696146,-0.2817433154767308,-0.10977361938621372,-1.9925510562714843,-0.6722464092818357,-0.26943886026242064,-0.0017069367539563366,-0.10320609241622336,-0.6158825631244942,1
sample_09027.html,-0.3821943891206929,-0.2882533021587783,-0.5789898120788778,-0.37376441227407625,1.0349185882949992,-0.31829923454046966,-0.44887348689285445,-1.9925510562714843,-0.7702275040533052,-0.2694943572651209,-0.02613359816672435,-0.10204839657450197,0.2499703599778838,1
sample_06129.html,0.799233408605849,1.3808933475944638,0.45606339138695995,0.7111335990302395,1.1051182099867831,-0.2695580091221512,0.22932624812042704,0.4280403864639606,-0.3073216839194484,-0.19587203348298643,-0.02613359816672435,-0.005091369830335862,0.5912613298374109,0
sample_01762.html,0.20932539500705724,-0.42807710527946874,-0.4197508576995181,0.3593853276931192,0.5866234594232965,1.2414199788457208,-0.44887348689285445,0.6420577726717299,-1.0467502470342036,-0.2603262524190417,-0.02613359816672435,-0.08222285528502322,0.7078833234696906,0
sample_01307.html,-0.23229972992755732,-0.3406872283290372,1.0133997317147188,-0.1897100842488389,0.6957700572834805,-0.1598902519309347,0.22932624812042704,0.5866558635150685,0.3184987053907795,-0.12358163776565767,-0.017134301856757187,-0.08164400736416254,-0.0876619171239642,1
sample_00949.html,-0.16944067929817788,-0.1833854498182605,-0.021653471751118984,-0.11404330494957464,0.3309219901495814,-0.11114902651261627,-0.10977361938621372,0.7359048763251749,1.4131470037382088,2.33424741902136,-0.014563074339623712,0.055832373840252095,-1.119818758988827,0
sample_02194.html,-0.39884935125326354,-0.42807710527946874,-0.5789898120788778,-0.4453410953950019,-1.3551134896387114,-0.275650662299441,-0.44887348689285445,-1.9925510562714843,-0.340570119490788,-0.26947215846404077,-0.002992550512523074,-0.09191855795943984,-0.4665302332828814,1
sample_05367.html,-0.2989195784578398,-0.2969922898538215,0.5356828685766397,-0.34308869093653666,0.8351660577928418,-0.23300209005841238,-0.10977361938621372,0.675732770779353,0.4593304955368332,-0.17342904559101058,-0.02613359816672435,-0.0655809775602783,-0.7626426806274148,1
sample_00056.html,0.8771356508388406,0.5157335657851917,2.0484529351805563,0.4227818184573677,0.31770584182891987,-0.30611392818589006,-0.10977361938621372,0.7288197413275349,1.3476709955798032,4.724137045102747,-0.006849391788223287,0.5110962635971873,-1.2630642759295532,0
sample_07957.html,-0.4337710460473632,-0.4805110314497277,-0.5789898120788778,-0.4238680904587242,0.112213789965582,-0.23909474323570218,-0.10977361938621372,-1.9925510562714843,0.006465332638411609,-0.2694166614613405,-0.013277460581056975,-0.10364022835686888,-0.37498324121327414,1
sample_02106.html,-0.28495090054019995,-0.34942621602408036,0.854160777335359,-0.36558421991739903,0.8515813262838515,-0.30002127500860026,0.22932624812042704,0.65210248265979,0.9197183153869088,0.5475769140899289,-0.0209911431324574,-0.0807757354828715,-1.09808671722165,0
sample_00109.html,-0.4423671555351416,-0.4717720437546845,-0.4197508576995181,-0.4637465281975256,0.06645751149589522,-0.32439188771775945,-0.10977361938621372,0.39468658545828894,-0.08893714184087449,-0.24035843084749642,0.0008642907631771383,-0.10219310855471715,0.8390807146384558,1
sample_08838.html,-0.1479504055787319,0.3322148241892855,-0.021653471751118984,-0.1897100842488389,1.0902017588189337,-0.2817433154767308,-0.10977361938621372,0.5827732229602978,-0.16259439965600675,-0.2075486028511163,-0.02613359816672435,-0.09553635746481917,0.013073846767848018,0
sample_03640.html,-0.3832689028066652,-0.3406872283290372,-0.4993703348891979,-0.42182304236955487,0.31854531639712264,-0.3365771940723391,-0.10977361938621372,0.6469376813861578,0.2542052753743706,-0.25298954866207035,0.026576565934511888,-0.10002242885148954,-0.7262651769500164,1
sample_03354.html,-0.3096647153175628,-0.3406872283290372,-0.4993703348891979,-0.37376441227407625,0.06381297614258408,-0.2695580091221512,-0.10977361938621372,0.3316516123233787,-2.6902040839400905,-0.26031515301850167,-0.02613359816672435,-0.0910502860781488,3.566025188243186,1
sample_01042.html,0.251768685602963,-0.22708038829347624,-0.021653471751118984,1.0587917741890214,0.5320879958046372,1.174400793895533,0.5684261156270678,0.3622327674301146,-0.9818917358451669,-0.24666289035424335,-0.02613359816672435,-0.09076086211771846,0.980178759827928,0
sample_08584.html,0.2915256919839381,0.17491304567850874,-0.18089242613047862,0.650804680399745,0.26835053045732066,0.8880460945629121,1.9248255856536307,0.40319196302425425,-0.6576165153528754,-0.14160706424269465,-0.02613359816672435,-0.06919877706565764,0.5870991488056436,0
sample_07479.html,0.8604806887062699,1.5119781630201112,0.13758548262824066,2.117104160334136,0.7633094281144434,1.174400793895533,-0.10977361938621372,0.6508274728283551,-0.3389191210340566,-0.1255129334596259,-0.02613359816672435,0.1815870846472377,0.41501783964528627,0
sample_04558.html,-0.03458921170865445,-0.15716848673313102,0.45606339138695995,-0.298097632974812,0.3123769161107669,-0.17207555828551432,-0.10977361938621372,0.5565178444547247,0.4721157190821114,0.2375373588047847,-0.01584868809819045,0.05727949364240383,0.016298659307147408,0
sample_02985.html,0.7116605431991067,0.2623029226289403,0.6949218229559994,0.7366967001448558,1.2978951747798786,1.393736308277966,-0.10977361938621372,0.6660418335647638,-1.0395406608425857,-0.08316872039934506,-0.02613359816672435,-0.027232302803257377,1.9786844026659343,0
sample_09224.html,5.713521751400155,9.717887608665631,0.3764439141972801,3.457633182784615,-0.0182785670538304,-0.23909474323570218,-0.10977361938621372,0.6617241512360272,0.046062664100621625,-0.10196000551364533,-0.0209911431324574,2.890884778235712,0.44813080503966096,0
sample_06351.html,-0.06682462228782339,-0.4105991298893824,-0.34013138050983827,0.10988946081446414,0.8176793066054214,0.29096608318851097,-0.44887348689285445,0.6342788661307754,1.373805017419943,-0.0032974341131639306,-0.02613359816672435,0.11255947008460003,-0.776318114712044,0
sample_06502.html,-0.4310847618324325,-0.4542940683645982,0.05796600543856084,-0.4678366243758642,-1.2283196910127008,-0.3304845408950493,-0.44887348689285445,0.6327101838991975,0.7362537230157309,3.656063929935065,0.006006745797444088,-0.09452337360331296,-1.320499956986161,1
sample_06790.html,-0.4520377787088923,-0.4805110314497277,-0.4993703348891979,-0.48828710526755725,-2.256016803315404,-0.3365771940723391,-0.44887348689285445,0.6948797331186194,1.5053124660766433,-0.23345460371158694,-0.027419211925291086,-0.10364022835686888,-1.3340155493845216,1
sample_09614.html,-0.4455906965930585,-0.4717720437546845,-0.5789898120788778,-0.4913546774013112,-1.120503254919361,-0.3365771940723391,-0.44887348689285445,-1.9925510562714843,-0.5845334519260238,-0.2694943572651209,0.06643059245008076,-0.10320609241622336,-0.9494299464308067,1
sample_01411.html,-0.4520377787088923,-0.4805110314497277,-0.4993703348891979,-0.49237720144589586,-2.256016803315404,-0.3365771940723391,-0.44887348689285445,0.7098154049140102,1.1754824689710208,-0.26787384478627396,-0.027419211925291086,-0.10364022835686888,-1.113828281109684,1
sample_05303.html,0.06910135898767233,0.6642963566009252,0.13758548262824066,0.8369040565141517,0.7830376527660364,0.4128191467343071,1.2466258506403491,0.4856418552819469,0.08871420777348554,-0.1074098111788086,-0.02613359816672435,-0.034467901814016044,-0.12025852607587002,0
sample_04389.html,0.4038123721680432,0.9439439628423061,4.5962762052503106,0.6211514831067901,1.0330309105721454,-0.23300209005841238,1.9248255856536307,0.6213620911567961,0.12215496592873597,0.2290685161927285,-0.02613359816672435,-0.08092044746308667,-0.1878936973106866,1
sample_08791.html,-0.19361723723255458,-0.061039622087656356,-0.18089242613047862,-0.34002111880278274,0.5250597301547857,-0.30002127500860026,-0.10977361938621372,0.5395562108893249,0.20779664052332186,-0.25082516555676115,-0.004278164271089811,-0.07542139221491008,-0.25453190491861954,0
sample_05705.html,-0.34190012589673174,-0.39312115449929613,0.05796600543856084,2.1743655068308767,2.0985326300210563,6.535935589910562,-0.10977361938621372,0.6041929561037164,-0.8595505984626219,-0.14323867612208163,-0.02613359816672435,-0.09408923766266744,0.9414703967027789,0
sample_06522.html,-0.4337710460473632,-0.4805110314497277,0.2968244370076003,-0.19993532469468542,-1.6903184335732646,-0.12333433286719588,-0.10977361938621372,0.5845255734631565,0.5699411861900121,0.3378093432835729,-0.02613359816672435,-0.10320609241622336,-1.2199349212249921,1
sample_00713.html,0.23350195294143394,0.4108657134446739,-0.021653471751118984,0.07410111925400133,0.036659498192476006,-0.245187396412992,-0.44887348689285445,0.7138572974020024,-0.15812122448913243,-0.1869703142498684,-0.02613359816672435,-0.03779627735896503,0.16801324327681558,0
sample_07476.html,-0.24895469206012794,-0.46303305605964135,-0.5789898120788778,-0.47806186482171076,-0.4722282445368599,-0.32439188771775945,-0.44887348689285445,-1.9925510562714843,2.275925863471504,-0.2694943572651209,0.03557586224447905,0.3950372554646183,-1.5051251358237554,1
sample_09961.html,-0.1291464160742167,-0.2358193759885194,-0.4993703348891979,-0.3308184024015209,-0.5159009071218542,-0.18426086464009395,-0.44887348689285445,-1.3033137334598561,2.178322260289701,-0.2693500650581003,-0.0209911431324574,0.24149784445631944,-0.8244129005536751,0
sample_03312.html,-0.2747430205234631,-0.3319482406339941,0.21720495981792048,-0.368651792051153,0.11900462730255423,-0.19035351781738374,-0.10977361938621372,0.30592354573344865,0.16654785738992248,-0.2353193030023149,0.009863587073144301,-0.04416360448843265,-0.09423786407028353,1
sample_09562.html,-0.08455409810636631,0.2535639349338971,0.3764439141972801,-0.16823707931256118,-0.34808463157957725,-0.2878359686540206,-0.10977361938621372,0.6166203779058766,0.025397939022530954,-0.203963496476681,-0.02613359816672435,-0.09220798191987019,-0.108680029780343,0
sample_09284.html,-0.0023538011294855017,-0.42807710527946874,-0.4197508576995181,0.04240287387187711,-0.01969952145596829,0.7844709905489853,-0.10977361938621372,0.3865358269447715,-1.0657617256088634,-0.265309883261523,-0.014563074339623712,-0.07281657657103696,1.2205799649801288,0
sample_00958.html,-0.41872785444375105,-0.44555508066955507,-0.4993703348891979,-0.41466537405746234,-0.8807664702485071,-0.30002127500860026,-0.10977361938621372,0.40973863008096567,0.42220264208583586,-0.25702973045864763,-0.014563074339623712,-0.10045656479213506,-0.37157295495220827,1
sample_04339.html,-0.43538281657632166,-0.4805110314497277,-0.4993703348891979,-0.3165030657773357,0.8275359639062684,-0.1537975987536449,-0.10977361938621372,-0.17131392189562852,-0.9263571103559429,-0.2650323982480218,-0.02613359816672435,-0.10335080439643853,1.555125250624696,1
sample_03762.html,-0.36715119751708075,-0.3669041914141667,-0.4993703348891979,-0.4003500374332772,1.8452055226050732,-0.29392862183131047,-0.10977361938621372,0.2566391469699681,-0.378266847210388,-0.2213118595207751,-0.02613359816672435,-0.08598536677061773,1.4409560967677957,1
sample_01128.html,-0.17051519298415016,-0.4805110314497277,-0.34013138050983827,-0.44329604730583255,-0.24812118916834344,-0.25128004959028183,-0.10977361938621372,0.03919824573132944,1.843642142344946,-0.21107821222285136,0.006006745797444088,0.594305652220912,0.09854883648325219,1
sample_04857.html,-0.39240226913742976,-0.4193381175844256,-0.4993703348891979,-0.40341760956703115,0.1746516527038288,-0.31829923454046966,-0.10977361938621372,0.5429421939573353,0.02936400841583809,-0.2087695369105215,-0.02613359816672435,-0.0503862196376851,-0.7187101931564723,1
sample_06290.html,-0.061989310700948055,0.15743507028842244,-0.1012729489407988,0.031155109381445945,0.8459968888210561,0.0472599560969187,0.22932624812042704,0.09325772240367318,-1.0024489692699332,-0.04898256673599905,-0.02613359816672435,-0.08873489439470603,1.677519602118886,0
sample_06282.html,0.4779538165001318,0.9614219382323924,0.2968244370076003,-0.05984953058658808,0.6365000351023683,-0.3304845408950493,0.22932624812042704,0.5660011316094219,-0.03216545204688119,-0.08326861500420549,-0.01584868809819045,-0.03475732577444639,0.30172271733861167,0
sample_06002.html,-0.4214141386586818,-0.4805110314497277,-0.5789898120788778,-0.4565888598854331,-0.28562008578696146,-0.2817433154767308,-0.10977361938621372,-1.9925510562714843,-0.6722464092818357,-0.26943886026242064,-0.0017069367539563366,-0.10320609241622336,-0.6158825631244942,1
sample_04447.html,-0.26023708576283705,-0.31447026524390775,-0.4993703348891979,-0.3297958783569362,0.6871664316131983,-0.09287106698074685,-0.10977361938621372,0.2637548557984933,-0.33283185606260896,-0.26625333230742704,-0.02613359816672435,-0.06529155359984795,0.23078744108992805,1
sample_01521.html,-0.30482940373068745,-0.38438216680425297,0.13758548262824066,-0.204025420873024,0.630156565879175,0.05944526245149831,-0.44887348689285445,0.791978193993918,1.0102380530368125,-0.13516941192946716,-0.02613359816672435,-0.10132483667342611,-0.2129408895489863,0
sample_05386.html,0.15237616965052544,0.30599786110415605,0.21720495981792048,0.15692556686535813,0.9148782307597664,-0.20863147734925316,-0.44887348689285445,0.6729434061366867,0.17451266881859834,-0.18266374684033002,-0.02613359816672435,-0.055451138945216166,0.09320720372650151,0
sample_02237.html,-0.20006431934838836,0.13995709489833613,-0.34013138050983827,-0.2602642433251799,0.164924577181089,-0.2634653559448614,-0.44887348689285445,0.504516537192088,-0.7672220922240854,-0.25951599617961824,-0.02613359816672435,-0.09886473300976815,1.044382719360695,0
sample_03684.html,0.06748958845871388,-0.13969051134304472,0.45606339138695995,0.08637140778901715,1.1442398553912512,0.29705873636580077,-0.44887348689285445,0.13600506420786537,-0.8414308682542712,-0.08047156606811354,-0.02613359816672435,-0.0969834772669709,1.2803959573210302,0
sample_08195.html,0.004093280986348287,-0.06977860978269951,0.5356828685766397,0.46981792450826165,0.7138385668841594,0.6626179270031891,1.2466258506403491,0.6089199568213103,0.09128785815715983,0.02985647529995767,-0.02613359816672435,-0.005236081810551035,-0.051884393427022245,0
sample_05154.html,0.15130165596455314,-0.1833854498182605,1.2522581632837582,0.1835111920245591,0.5926050541047787,0.8027489500808548,0.9075259831337085,0.4274782717501942,0.2631237684696445,-0.057850987767496934,-0.02613359816672435,-0.01985199181228354,0.1092171999537347,0
sample_00461.html,-0.4520377787088923,-0.4805110314497277,-0.4993703348891979,-0.49237720144589586,-2.256016803315404,-0.3365771940723391,-0.44887348689285445,0.7697084350368484,1.3591102854980488,2.1264555415111324,-0.027419211925291086,-0.10364022835686888,-1.5522331665246654,1
sample_05569.html,-0.41657882707180643,-0.46303305605964135,-0.4993703348891979,-0.4453410953950019,0.6780707137355114,-0.31220658136317986,-0.10977361938621372,0.4690830242913584,-1.9001707947946955,-0.2647549132345206,0.08700041258714855,-0.08685363865190877,2.8942320147656346,1
sample_08732.html,-0.4520377787088923,-0.4805110314497277,-0.5789898120788778,-0.48828710526755725,-1.4745881252400244,-0.3365771940723391,-0.44887348689285445,-1.9925510562714843,-2.257469615287448,-0.2694943572651209,-0.027419211925291086,-0.10364022835686888,-1.1604855999758212,1
sample_09659.html,-0.440218128163197,-0.4805110314497277,-0.5789898120788778,-0.48419700908921864,-2.256016803315404,-0.30611392818589006,-0.44887348689285445,-1.9925510562714843,-0.10100185483128253,-0.26943886026242064,-0.01584868809819045,-0.09437866162309778,-1.2002264804210399,1
sample_04920.html,0.23511372347039242,0.12247911950824984,0.13758548262824066,0.7806652340619958,1.1250103785704755,0.7661930310171158,-0.44887348689285445,0.7549372414207592,0.9939710686696993,10.830849631828189,-0.022276756891024138,0.0012759572991317635,-1.189412173407646,0
sample_05514.html,-0.41872785444375105,-0.44555508066955507,-0.4993703348891979,-0.41466537405746234,-1.396574208167864,-0.30002127500860026,-0.10977361938621372,0.4123839510499752,0.46263417140384605,-0.25710742626242794,-0.014563074339623712,-0.10045656479213506,-0.4970730851687619,1
sample_05339.html,-0.3590923448722885,-0.4717720437546845,-0.4993703348891979,0.3389348468014262,0.8584809427907236,0.2787807768339313,0.9075259831337085,0.10584691167054394,-1.385984155666975,-0.268118031598155,-0.02613359816672435,-0.09828588508890747,1.69345305425639,1
sample_09961.html,-0.4310847618324325,-0.4805110314497277,-0.4993703348891979,-0.2602642433251799,0.7885659686072157,-0.19035351781738374,1.2466258506403491,0.3470864964649568,0.17676062796471725,-0.25587539280248267,-0.02613359816672435,-0.10219310855471715,0.11350996616736715,1
sample_00935.html,-0.34995897854152397,-0.39312115449929613,-0.4197508576995181,-0.3942148931657693,0.047161254366329036,-0.3304845408950493,-0.44887348689285445,0.5532737196893565,0.6802496858051528,-0.23275534147756397,-0.02613359816672435,-0.07759207191813769,-0.809587897056047,1
sample_02773.html,0.022897270490863507,0.2972588734091129,0.854160777335359,0.10886693676987949,0.0761352481979481,-0.245187396412992,-0.10977361938621372,0.6313369333623506,0.8903224653394377,0.23391895422872921,-0.02613359816672435,-0.02375921527809322,-0.714162279977075,0
sample_09011.html,0.928712307765511,1.5294561384101975,1.4114971176631177,0.35018261129185735,0.10213099892661759,-0.23909474323570218,-0.10977361938621372,0.5896394261204617,0.008137091407269826,-0.12298227013649511,-0.024847984408157612,0.019364954826028426,-0.07314842238734871,0
sample_00332.html,-0.41872785444375105,-0.44555508066955507,-0.4993703348891979,-0.41466537405746234,-0.8807664702485071,-0.30002127500860026,-0.10977361938621372,0.40973863008096567,0.42220264208583586,-0.25702973045864763,-0.014563074339623712,-0.10045656479213506,-0.37157295495220827,1
sample_00352.html,-0.45042600817993383,-0.4805110314497277,-0.5789898120788778,-0.483174485044634,-1.3751335685245674,-0.32439188771775945,-0.10977361938621372,-1.9925510562714843,0.21004684256597803,-0.2694943572651209,-0.014563074339623712,-0.1034955163766537,-0.8478573474268543,1
sample_09783.html,0.2797060414382428,-0.4717720437546845,-0.4197508576995181,-0.35433645542696784,0.20990108184289363,-0.23300209005841238,-0.10977361938621372,0.31425637803737216,2.3670999912924424,-0.25951599617961824,-0.02613359816672435,1.1744559809035418,-1.2764337683331075,1
sample_04260.html,1.1758504555391396,-0.1484294990380879,0.7745413001456792,1.8164820912262485,0.7216603899623529,2.673193475508825,0.22932624812042704,0.4305629353188641,-0.4450299226183527,-0.20810357287811868,-0.02613359816672435,0.32962744040736003,0.8951334000544173,0
sample_02459.html,-0.23229972992755732,-0.3057312775488646,-0.1012729489407988,-0.0935928240578816,1.0928163650631453,0.4067264935570173,-0.44887348689285445,0.5330577773645778,-0.5700138899659758,-0.24934894528493481,-0.02613359816672435,-0.08699835063212395,0.8289192553084398,0
sample_06711.html,-0.3590923448722885,-0.4717720437546845,-0.4993703348891979,0.3389348468014262,0.8584809427907236,0.2787807768339313,0.9075259831337085,0.10584691167054394,-1.385984155666975,-0.268118031598155,-0.02613359816672435,-0.09828588508890747,1.69345305425639,1
sample_04937.html,-0.4429044123781278,-0.4805110314497277,-0.5789898120788778,-0.44329604730583255,-0.06936590903517763,-0.275650662299441,-0.10977361938621372,-1.9925510562714843,-0.37220232536430614,-0.2694943572651209,-0.02613359816672435,-0.10364022835686888,-0.09724673388122487,1
sample_04649.html,-0.4343083028903494,-0.4805110314497277,-0.5789898120788778,-0.3931923691211846,-0.7630267661155536,-0.30002127500860026,0.22932624812042704,-1.9925510562714843,0.18932311978122132,-0.2694943572651209,0.00472113203887735,-0.1034955163766537,0.47376810775136136,1
sample_04580.html,3.091708357627747,-0.2969922898538215,-0.26051190332015844,-0.33695354666902877,0.27992571938285177,-0.21472413052654296,0.22932624812042704,0.5512354429336944,2.403423680070513,-0.18573828078992313,-0.0209911431324574,8.734788675265056,-1.3841600897311925,1
sample_08883.html,-0.1291464160742167,-0.27951431446373515,-0.18089242613047862,0.12011470126031067,0.9716290298347326,0.25441016412477213,0.9075259831337085,0.6208733944216822,-0.10298658135689669,-0.12113976964684724,-0.02613359816672435,-0.0883007584540605,-0.2422103142714965,0
sample_02809.html,-0.3993866080962497,-0.3581652037191235,-0.26051190332015844,-0.44840866752875586,-0.5266357433487054,-0.3365771940723391,-0.44887348689285445,0.5841418697006634,1.1067560917207584,-0.25457676293929715,-0.0017069367539563366,-0.10016714083170472,-0.39851951231128113,0
sample_08755.html,0.12282704328628724,0.32347583649424233,-0.18089242613047862,-0.14983164651003747,0.4044606938976703,-0.2634653559448614,-0.10977361938621372,0.6211855130816789,-0.15682596590332148,-0.2234984414271644,-0.02613359816672435,-0.042137636765420226,-0.1904347759549624,0
sample_02951.html,-0.3273941911361057,-0.3406872283290372,-0.4993703348891979,-0.3931923691211846,0.4911933928541008,-0.2817433154767308,-0.10977361938621372,0.343253371727165,0.016396757465000942,-0.25871683934073486,-0.004278164271089811,-0.09582578142524951,-0.20254721649351112,1
sample_00643.html,-0.09583649180907544,-0.08725658517278581,-0.18089242613047862,-0.09666039619163555,0.7583605936033544,0.022889343387759473,0.5684261156270678,0.3958123481899021,-0.43195692334479074,-0.25375540729933366,-0.02613359816672435,-0.10320609241622336,0.10958873409187506,1
sample_07490.html,2.4760120155656202,2.814087329581541,-0.4197508576995181,0.5465072278521106,0.008989188979788275,-0.16598290510822453,0.22932624812042704,0.5223050212480355,-1.0404105261609577,-0.2608257254433438,-0.023562370649590873,-0.08916903033535155,0.4565799505272803,0
sample_07357.html,-0.3821943891206929,-0.2882533021587783,-0.5789898120788778,-0.37376441227407625,1.0298242566479083,-0.31829923454046966,-0.44887348689285445,-1.9925510562714843,-0.2285732750027962,-0.2694943572651209,-0.02613359816672435,-0.10204839657450197,0.2305492430794769,1
sample_03399.html,0.18729786444462512,0.4108657134446739,-0.021653471751118984,0.005592008266829643,0.05969609455795286,-0.08677841380345704,-0.10977361938621372,0.6121062180505572,-0.34298419976015654,-0.1985358896125978,-0.02613359816672435,-0.028968846565839455,-0.47706028024034425,0
sample_07219.html,-0.4520377787088923,-0.4805110314497277,-0.4993703348891979,-0.4893096293121419,-1.2617362862192816,-0.3365771940723391,-0.44887348689285445,0.3532038811058397,-0.1951210113805891,-0.25720732086728837,-0.027419211925291086,-0.10364022835686888,0.6619746399597711,1
sample_07920.html,1.0420735016355884,2.149924264758261,3.959320387732872,0.9964178074693574,1.7263274585697623,-0.245187396412992,0.5684261156270678,0.24275316844761918,-0.7948601706094127,0.27326632914319726,-0.02613359816672435,-0.08699835063212395,1.2999000067615543,0
sample_03910.html,-0.3633903996161777,-0.4542940683645982,-0.5789898120788778,-0.3645616958728144,0.28655127439575556,-0.13551963922177548,-0.10977361938621372,-1.9925510562714843,-0.5296716361703092,-0.2694943572651209,-0.02613359816672435,-0.09843059706912263,0.002264611403390344,1
sample_08011.html,-0.31664905427638274,-0.26203633907364887,-0.18089242613047862,0.13749761001824976,-0.2006151660775534,-0.11724167968990606,0.22932624812042704,0.4480001796119134,-0.15405736635196216,-0.14090780200867167,-0.02613359816672435,-0.09191855795943984,0.22727827723109184,0
sample_07849.html,1.1898191334567794,2.010100461637571,1.0133997317147188,0.34609251511351874,0.11889047034048907,-0.09896372015803664,-0.44887348689285445,0.6939715757562278,0.6776421421904896,0.4619450389234631,-0.02613359816672435,0.09128680899296955,-0.9014056030549921,0
sample_05617.html,-0.4520377787088923,-0.4805110314497277,-0.5789898120788778,-0.48828710526755725,-0.4857802989613899,-0.3365771940723391,-0.44887348689285445,-1.9925510562714843,-2.374105694263592,-0.2694943572651209,-0.027419211925291086,-0.10364022835686888,-0.06926926283400898,0
sample_01028.html,-0.18770741195970694,-0.15716848673313102,-0.5789898120788778,-0.34308869093653666,1.100821226869268,-0.30611392818589006,-0.10977361938621372,-1.9925510562714843,0.3163179842141385,-0.2694943572651209,0.0008642907631771383,-0.058345378549519634,-0.20849749927324426,1
sample_02171.html,-0.4300102481464602,-0.46303305605964135,-0.5789898120788778,-0.4678366243758642,-0.4195689642159084,-0.2878359686540206,-0.44887348689285445,-1.9925510562714843,0.01072396741276144,-0.26943886026242064,-0.01584868809819045,-0.10277195647557784,-0.228668490105373,1
sample_04198.html,1.5508557319434715,2.490744784864944,0.854160777335359,0.5076513141578938,-0.04994706489096272,-0.03194453520784878,-0.10977361938621372,0.6839064997222678,0.7430440678111184,0.4407784820935927,-0.02613359816672435,0.1105335023615876,-0.9190477836789607,0
sample_08808.html,-0.4498887513369477,-0.4805110314497277,-0.5789898120788778,-0.4790843888662954,-1.3476059645985698,-0.32439188771775945,-0.10977361938621372,-1.9925510562714843,0.27527684025315774,-0.2694943572651209,-0.002992550512523074,-0.10277195647557784,-0.792065571621464,1
sample_01737.html,-0.14150332346289812,-0.07851759747774266,-0.4993703348891979,-0.31445801768816645,-1.4755951228790312,-0.3304845408950493,-0.44887348689285445,0.2763283799219673,0.669422590762172,-0.2440545312273322,-0.0017069367539563366,-0.07136945676888523,-0.7611312510184627,1
sample_03731.html,-0.3676884543600669,-0.42807710527946874,-0.4993703348891979,-0.4167104221466316,-0.33280466467443487,-0.31220658136317986,-0.10977361938621372,-0.04095308242076704,0.7703511837657724,-0.2672744771571114,-0.00042132299538959916,-0.06210789003511414,-0.3334153416111575,1
sample_08861.html,-0.4520377787088923,-0.4805110314497277,-0.5789898120788778,-0.4872645812229726,-0.5646813094979187,-0.3365771940723391,-0.44887348689285445,-1.9925510562714843,0.20734746637242016,-0.2694943572651209,-0.027419211925291086,-0.10364022835686888,-0.22176201245511531,0
sample_00042.html,-0.28495090054019995,-0.38438216680425297,-0.18089242613047862,-0.3911473210320153,0.9467137187333441,-0.2817433154767308,0.22932624812042704,0.22367667837584237,0.4871378031695344,-0.25502073896089905,-0.006849391788223287,-0.0813545834037322,0.05758308111280886,1
sample_02574.html,-0.4520377787088923,-0.4805110314497277,-0.5789898120788778,-0.4903321533567266,-1.1074513775587007,-0.3365771940723391,-0.44887348689285445,-1.9925510562714843,-1.065929834695512,-0.2694943572651209,-0.027419211925291086,-0.10364022835686888,-0.17148778652497682,0
sample_00962.html,-0.3666139406740946,-0.2969922898538215,-0.4993703348891979,-0.2592417192805952,0.7807143314852952,-0.31220658136317986,6.33312386323996,-0.41650874953288364,0.010101225001095702,-0.2629457109464929,-0.011991846822490236,-0.09336567776159158,0.09704478618869046,1
sample_00672.html,1.765758469137931,3.1986027881634396,1.2522581632837582,1.2162604770550578,0.1639952668370096,-0.01975922885326917,0.9075259831337085,0.5138466798967884,-0.10363003772921164,1.0436424224262677,-0.02613359816672435,0.13991003434526778,0.18276593992354292,0
sample_09097.html,0.7121978000420928,1.4857611999349816,0.5356828685766397,1.8400001442516953,0.48567339805620446,0.8758607882083325,0.22932624812042704,0.6516603982716112,-0.24270235408383264,-0.03854913022835449,-0.02613359816672435,0.09258921681490612,0.3467327672377843,0
sample_02741.html,0.5940012945851401,0.7429472458563137,-0.021653471751118984,0.8082733832657815,0.8522973478190723,0.08990852833794734,0.9075259831337085,0.4719828781074651,0.2899649104375832,-0.17122026488354114,-0.01970552937389066,-0.04358475656757196,0.06439726518255309,1
sample_04469.html,-0.32470790692117496,-0.4805110314497277,-0.5789898120788778,-0.34820131115945996,-0.14810215201377983,0.016796690210469666,-0.10977361938621372,-1.9925510562714843,-0.19684875501002433,-0.26930566745594003,-0.02613359816672435,-0.07874976775985908,-0.2157173239942835,1
sample_07170.html,-0.3010686058297844,-0.3406872283290372,0.5356828685766397,-0.2060704689621933,1.019774580212051,-0.07459310744887743,-0.10977361938621372,0.3345212535430001,0.014110493972206479,-0.25387750070527415,-0.011991846822490236,-0.10233782053493232,0.2572277853044043,1
sample_03387.html,-0.3864924438645821,-0.34942621602408036,-0.4197508576995181,-0.41364285001287765,0.30463772208246326,-0.31829923454046966,-0.10977361938621372,0.48509327763311444,0.10803321038127753,-0.26498800064586164,-0.014563074339623712,-0.10233782053493232,0.2209442831407084,0
sample_02222.html,-0.45150052186590617,-0.4805110314497277,-0.4993703348891979,-0.4852195331338033,-1.190779340579476,-0.3304845408950493,-0.44887348689285445,0.4718247729963577,-0.37910086996060266,-0.2682623238051756,-0.013277460581056975,-0.10364022835686888,-0.2038723770835628,1
sample_07882.html,-0.1946917509185269,-0.20960241290338993,0.7745413001456792,-0.14165145415336025,-0.3714851373270442,-0.19644617099467354,-0.10977361938621372,0.599984798200096,0.7288356118234438,-0.038327142217553546,-0.02613359816672435,0.04454483938346858,-0.7789593616822253,0
sample_08658.html,-0.17427599088505322,-0.2183414005984331,0.2968244370076003,0.01990734489101477,1.0290719895202225,0.29096608318851097,-0.10977361938621372,0.7031706928205208,-0.3472721647199597,-0.1888239141400563,-0.02613359816672435,-0.09293154182094605,0.4502315107119062,0
sample_06796.html,0.3989770605811679,0.8128591474166589,-0.021653471751118984,0.19475895651499026,0.5124623912974581,-0.32439188771775945,-0.10977361938621372,0.633899545248565,-0.018500734951146302,-0.24419882343435284,-0.017134301856757187,-0.04705784409273612,0.23179131467551645,0
sample_00604.html,-0.4310847618324325,-0.46303305605964135,-0.5789898120788778,-0.4688591484204489,-0.36259086863695095,-0.29392862183131047,-0.44887348689285445,-1.9925510562714843,0.00037260849284860803,-0.26943886026242064,-0.014563074339623712,-0.10277195647557784,-0.20074867158154033,1
sample_09881.html,-0.07112267703171259,0.1836520333735519,0.6153023457663196,-0.0700747710324346,0.37312182201747524,-0.31829923454046966,0.22932624812042704,0.6518341034650802,0.11887842370211907,-0.15785658663332405,-0.011991846822490236,-0.06471270567898726,0.23216058026117606,0
sample_06407.html,-0.007726369559346993,-0.06977860978269951,-0.26051190332015844,0.21623196145126794,-0.10913338609739551,0.4737456785072051,-0.44887348689285445,-0.20205302140300602,-0.7687599904986151,-0.22601800534975516,-0.02613359816672435,-0.06818579320415143,1.167499513556314,0
sample_09046.html,-0.3273941911361057,-0.3406872283290372,-0.4993703348891979,-0.3931923691211846,0.4911933928541008,-0.2817433154767308,-0.10977361938621372,0.343253371727165,0.013587883629138776,-0.25871683934073486,-0.004278164271089811,-0.09582578142524951,-0.2023741806974135,1
sample_07950.html,-0.11141694025567377,-0.1484294990380879,-0.26051190332015844,-0.15801183886671466,0.697220407860359,0.08381587516065754,-0.10977361938621372,0.5462503868480717,0.29190612065029303,-0.25853924893209407,-0.02613359816672435,-0.010445713098297274,-0.052077220387863485,0
sample_02306.html,0.7132723137280651,1.2235915690836872,-0.1012729489407988,0.40233133756567463,0.5823458375687907,-0.1598902519309347,0.9075259831337085,0.5256492560097309,0.1411717671981582,-0.1370785088223553,-0.02613359816672435,0.24352381217933186,-0.14395059718618616,0
sample_03290.html,-0.3913277554514574,-0.4542940683645982,-0.1012729489407988,-0.41875547023580095,-0.24205366487759092,-0.20253882417196337,-0.10977361938621372,0.5949341023281466,0.3745713814155177,-0.19119918585562645,-0.02613359816672435,-0.09872002102955299,-0.5280313298740718,1
sample_09745.html,-0.38810421439354054,-0.3756431791092098,-0.5789898120788778,-0.3788770324969995,-0.4581927520321817,-0.3304845408950493,-0.44887348689285445,-1.9925510562714843,-0.21468328199714107,-0.2694943572651209,-0.002992550512523074,-0.09828588508890747,-0.25336203587221773,0
sample_03427.html,-0.02169504747698687,-0.08725658517278581,-0.18089242613047862,0.12011470126031067,0.24075389941972503,0.30315138954309057,0.5684261156270678,0.630869626170604,-0.14649880760525905,-0.16757966150640558,-0.02613359816672435,-0.0460448602312299,0.39688553434661134,0
sample_06045.html,-0.31396277006145196,-0.3406872283290372,-0.4993703348891979,-0.37376441227407625,0.05687775598690603,-0.2695580091221512,-0.10977361938621372,0.3316516123233787,-2.698996573116613,-0.26031515301850167,-0.02613359816672435,-0.09683876528675574,3.571772122672126,1
sample_06263.html,-0.43054750498944633,-0.4717720437546845,-0.4993703348891979,-0.44840866752875586,-0.4802532427832406,-0.30002127500860026,-0.10977361938621372,0.15641832936714456,1.0097295232428287,-0.25876123694289505,-0.011991846822490236,-0.10364022835686888,0.526540205527383,1
sample_04989.html,0.8937906129714112,0.10500114411816354,1.5707360720424772,1.0618593463227752,-0.38161061156328413,1.734924886206195,-0.10977361938621372,0.2831182159936034,1.0144957659317615,-0.04486468913564146,-0.02613359816672435,0.12963548374999048,1.1101556306492184,0
sample_09516.html,-0.4520377787088923,-0.4805110314497277,-0.4993703348891979,-0.49237720144589586,-2.256016803315404,-0.3365771940723391,-0.44887348689285445,0.4104330007684331,-0.19010852131287564,-0.2658981514901455,-0.027419211925291086,-0.10364022835686888,-1.012174561798067,1
sample_01897.html,0.49299700810374397,1.3109814460341187,0.45606339138695995,0.6323992475972213,0.6181357772129643,0.163020366465425,0.22932624812042704,0.6579244256288176,0.10801277967966309,-0.04186785098982867,-0.02613359816672435,-0.015221208445397993,0.1410976894683095,0
sample_07737.html,-0.4450534397500724,-0.4717720437546845,-0.4197508576995181,-0.44431857135041725,-0.36004281257078397,-0.3304845408950493,-0.10977361938621372,0.28610712914078423,-0.3665230306546095,-0.26673060653064906,0.009863587073144301,-0.1034955163766537,0.2450882785879847,1
sample_05991.html,-0.2989195784578398,-0.3057312775488646,-0.5789898120788778,0.06080830667440085,0.6124942370448475,-0.1477049455763551,0.5684261156270678,-1.9925510562714843,0.08145250964481546,-0.2694943572651209,-0.02613359816672435,-0.09915415697019851,-1.1142973238915113,1
sample_04800.html,0.287764894083035,0.8827710489770041,1.0133997317147188,0.2448626346996382,-0.06969511106705638,-0.17207555828551432,-0.10977361938621372,0.6405047706349817,0.19432351983833895,0.12116014414238763,-0.02613359816672435,-0.08366997508717497,-0.8052574780863015,0
sample_06479.html,0.3989770605811679,0.7866421843315294,-0.4197508576995181,0.09557412419027901,0.8921760688725996,-0.11724167968990606,0.9075259831337085,0.07913601027446952,0.46968356173619724,-0.2601153638087808,-0.02613359816672435,0.005327892745156616,-0.20771900768035792,0
sample_01247.html,-0.33115498903700874,-0.34942621602408036,-0.4993703348891979,-0.4003500374332772,0.4618700726624893,-0.2817433154767308,-0.10977361938621372,0.3316516123233787,0.1039648664510373,-0.26031515301850167,-0.004278164271089811,-0.09582578142524951,-0.3918705153675585,1
sample_06032.html,-0.3075156879456182,-0.38438216680425297,0.13758548262824066,-0.1528992186437914,-0.10478961982168644,-0.0502224947397182,0.9075259831337085,0.3446390838797575,-0.329432513319407,-0.23953707520753292,-0.02613359816672435,-0.08265699122566875,0.4862996959548247,1
sample_09113.html,-0.4117435154849311,-0.4368160929745119,-0.4993703348891979,-0.3942148931657693,0.13942124568772696,-0.2573727027675716,-0.10977361938621372,0.3157265175638114,-0.42560636137578206,-0.23571888142175662,-0.02613359816672435,-0.09814117310869229,0.9649412578709315,0
sample_05091.html,-0.4520377787088923,-0.4805110314497277,-0.5789898120788778,-0.49237720144589586,-2.256016803315404,-0.3365771940723391,-0.44887348689285445,-1.9925510562714843,-1.4078000403100033,-0.2694943572651209,-0.027419211925291086,-0.10364022835686888,-1.3155472897162082,1
sample_00467.html,0.17977626864281904,0.5419505288703211,-0.34013138050983827,-0.024061189026125265,1.2999719049104137,-0.29392862183131047,-0.10977361938621372,0.6648992302213628,-0.2962385227095271,-0.24756194179798718,-0.02613359816672435,-0.02086497567378975,0.48477485059585856,0
sample_05992.html,-0.4085199744270142,-0.4368160929745119,-0.5789898120788778,-0.45147623966250977,-0.646915479252084,-0.29392862183131047,-0.44887348689285445,-1.9925510562714843,0.4275937413288635,-0.2694943572651209,-0.006849391788223287,-0.08584065479040257,-0.7969353715375895,1
sample_02140.html,-0.40637094705506965,-0.42807710527946874,-0.34013138050983827,-0.4422735232612479,-0.335798768630629,-0.30611392818589006,-0.10977361938621372,0.6021241686360833,0.577584624793864,-0.20183241157299187,-0.02613359816672435,-0.09886473300976815,-0.5655495112817583,1
sample_07488.html,0.089517119021146,0.35843178727441494,-0.26051190332015844,-0.14165145415336025,0.3369702258501917,-0.31829923454046966,-0.10977361938621372,0.7172139733871788,-0.11683604256983535,-0.23690651727954168,-0.02613359816672435,-0.07136945676888523,0.07534996693491448,0
sample_09504.html,-0.42195139550166794,-0.4805110314497277,-0.4197508576995181,-0.19277765638259284,0.6254054621273132,-0.025851882030558975,-0.44887348689285445,0.547393573313132,-1.352656070230294,-0.2610699122552249,-0.02613359816672435,-0.10219310855471715,1.6508245672566724,0
sample_09333.html,-0.4520377787088923,-0.4805110314497277,-0.5789898120788778,-0.49237720144589586,-2.256016803315404,-0.3365771940723391,-0.44887348689285445,-1.9925510562714843,-1.0100062404755705,-0.2694943572651209,-0.027419211925291086,-0.10364022835686888,-1.3278084117058344,1
sample_09750.html,-0.20060157619137453,-0.09599557286782896,-0.34013138050983827,-0.2612867673697645,0.975475647082701,-0.20863147734925316,-0.10977361938621372,0.41213962404574306,0.5004313711028858,-0.26057043923092277,-0.02613359816672435,-0.08309112716631427,0.017826229536621503,0
sample_02029.html,-0.28817444159811684,-0.34942621602408036,1.2522581632837582,-0.34411121498112135,-0.06379506139852963,-0.17207555828551432,-0.10977361938621372,0.6223135179913302,0.9824765561151905,-0.13492522511758612,-0.02613359816672435,0.011984643835054588,-0.4938974115622151,1
sample_04228.html,-0.328468704822078,-0.24455836368356254,-0.4993703348891979,-0.4320482828154014,-1.1064845680151991,-0.32439188771775945,-0.44887348689285445,0.36522348286505535,0.3163146623581913,0.6509345319188503,-0.008135005546790024,-0.06500212963941761,-1.4239947761252447,0
sample_09123.html,-0.2199428225388759,-0.0348226590025269,0.05796600543856084,0.2642905915467466,1.1574013476597835,0.25441016412477213,-0.10977361938621372,0.5347316865942883,-1.3377095802538592,-0.2324334588619026,-0.02613359816672435,-0.021299111614435273,1.9998524744638677,0
sample_02599.html,-0.4283984776175017,-0.42807710527946874,-0.4197508576995181,-0.44840866752875586,-0.266302474946613,-0.32439188771775945,-0.44887348689285445,0.3975740043628056,-0.11169352888016335,-0.25609738081328365,-0.02613359816672435,-0.10175897261407163,-0.5342426526409559,0
sample_08956.html,7.832462740137527,0.1486960825933793,0.21720495981792048,6.623367624818697,1.5579069989786547,10.483974848794356,0.22932624812042704,0.7054320415288879,1.5152062972792288,7.5330623397725445,-0.02613359816672435,4.3393069882093815,-0.6946090264155089,0
sample_01019.html,-0.3666139406740946,-0.2969922898538215,-0.4993703348891979,-0.2592417192805952,0.7807143314852952,-0.31220658136317986,6.33312386323996,-0.41650874953288364,0.0005337983338173602,-0.2629457109464929,-0.011991846822490236,-0.09336567776159158,0.09704478618869046,1
sample_00662.html,1.094724672248231,1.844059695431751,0.6153023457663196,0.2172544854958526,0.6130308656076388,-0.30611392818589006,0.22932624812042704,0.729030093848007,0.02981887349824763,-0.20232078519675398,-0.02613359816672435,0.10315319137061377,0.13486295106777613,0
sample_01031.html,-0.3273941911361057,-0.3406872283290372,-0.4993703348891979,-0.3931923691211846,0.4911933928541008,-0.2817433154767308,-0.10977361938621372,0.343253371727165,0.015266978806984409,-0.25871683934073486,-0.004278164271089811,-0.09582578142524951,-0.20254721649351112,1
sample_09165.html,-0.4520377787088923,-0.4805110314497277,-0.5789898120788778,-0.4872645812229726,-0.7067890193140784,-0.3365771940723391,-0.44887348689285445,-1.9925510562714843,0.22606251694284138,-0.2694943572651209,-0.027419211925291086,-0.10364022835686888,-0.8721332970100784,1
sample_01835.html,-0.4520377787088923,-0.4805110314497277,-0.4993703348891979,-0.49237720144589586,-2.256016803315404,-0.3365771940723391,-0.44887348689285445,0.7705781029710084,1.3678238046309112,-0.267185681952791,-0.027419211925291086,-0.10364022835686888,-1.0168014571092276,1
sample_08647.html,-0.4520377787088923,-0.4805110314497277,-0.4993703348891979,-0.49237720144589586,-2.256016803315404,-0.3365771940723391,-0.44887348689285445,0.7697390010992521,1.3592723457167761,2.1264777403122124,-0.027419211925291086,-0.10364022835686888,-1.5522331665246654,1
sample_09520.html,-0.38488067333562365,-0.4018601421943393,0.3764439141972801,-0.3942148931657693,-0.44833508942334016,-0.29392862183131047,-0.44887348689285445,0.4818368344833822,0.18674102570324388,-0.10043938763965883,-0.01584868809819045,-0.09394452568245226,1.0323860141116246,1
sample_00569.html,0.2823923256531735,0.5769064796504938,2.128072412370236,0.4125565780115211,0.08830462259701187,0.0472599560969187,0.22932624812042704,0.6091976348886439,0.8676649640289984,0.2786606378056603,-0.02613359816672435,0.10821811067814484,-0.8594080213603504,0
sample_01264.html,-0.4026101491541666,-0.46303305605964135,-0.4993703348891979,-0.4085302297899544,-0.04733162896485178,-0.2695580091221512,-0.10977361938621372,-0.03204479934760725,0.25220556444584563,-0.2677517513803334,-0.02613359816672435,-0.09090557409793362,-0.24127981662475959,1
sample_05416.html,-0.17696227509998397,-0.19212443751330363,-0.021653471751118984,0.011727152534337554,-0.1586322324375841,0.19348363235187405,0.22932624812042704,0.4911067530045775,-0.6371139766725353,-0.23327701330294617,-0.02613359816672435,-0.08714306261233912,0.5341911855962937,0
sample_08409.html,-0.440218128163197,-0.4542940683645982,-0.5789898120788778,-0.483174485044634,-0.507432561993674,-0.3365771940723391,-0.44887348689285445,-1.9925510562714843,0.6524990402796229,-0.2694943572651209,0.0008642907631771383,-0.10233782053493232,-0.3539424821450643,0
sample_00409.html,4.317191216479153,6.0125568259673345,0.13758548262824066,4.9167749944069135,1.2576734922983024,-0.2878359686540206,-0.10977361938621372,0.05607057137423963,0.2616565407490715,-0.12560172866394628,-0.011991846822490236,0.5678233598415353,0.5838795122165441,1
sample_07703.html,-0.4455906965930585,-0.4717720437546845,-0.5789898120788778,-0.4760168167325414,-0.5084934647318502,-0.3304845408950493,-0.44887348689285445,-1.9925510562714843,1.5138319888222096,-0.2694943572651209,0.03557586224447905,-0.10320609241622336,0.4240872386714492,1
sample_09009.html,-0.28871169844110295,-0.3581652037191235,0.854160777335359,-0.29093996466271943,0.5444615022313051,-0.13551963922177548,0.22932624812042704,0.29843582664954577,-0.06493691545573145,-0.00253157547590066,-0.002992550512523074,-0.09683876528675574,1.322239068844472,1
sample_06645.html,-0.3273941911361057,-0.3406872283290372,-0.4993703348891979,-0.3931923691211846,0.4911933928541008,-0.2817433154767308,-0.10977361938621372,0.343253371727165,0.012446231267424893,-0.25871683934073486,-0.004278164271089811,-0.09582578142524951,-0.202201092750684,1
sample_06347.html,2.0306260927301025,0.8041201597216157,0.6153023457663196,2.255144906353064,1.792549070469866,2.782861232700042,2.942125188173553,0.7214488903116274,-0.22010701010582817,0.058459630491659836,-0.02613359816672435,0.4629071741855346,0.30064956163876283,0
sample_00535.html,-0.36285314277319153,-0.4105991298893824,-0.4993703348891979,-0.30525530128690453,-0.7692075329014605,-0.05631514791700801,-0.44887348689285445,0.4419927136465939,1.1829133731713262,-0.2646439192291202,-0.02613359816672435,-0.0937998137022371,0.5464511081213898,1
sample_09841.html,-0.4488142376509754,-0.4805110314497277,-0.4993703348891979,-0.4852195331338033,-2.256016803315404,-0.31829923454046966,-0.44887348689285445,-0.0712527533896549,-3.051970185236725,0.6063038423473197,-0.017134301856757187,-0.10364022835686888,4.632880413820152,1
sample_07515.html,-0.39670032388131893,-0.4018601421943393,-0.4993703348891979,-0.29298501275188876,0.08975602693046332,-0.11114902651261627,-0.44887348689285445,0.591344295177493,-1.045294939368808,-0.25772899269267063,-0.022276756891024138,-0.09900944498998333,1.4067244742473832,0
sample_04280.html,-0.3483472080125655,-0.2969922898538215,-0.4993703348891979,-0.24083628647807148,-0.2395298633808175,-0.31220658136317986,-0.10977361938621372,-0.05959182194610678,-0.46511688166924886,-0.252667666046409,-0.005563778029656549,-0.10074598875256541,0.3330109321285686,1
sample_08953.html,-0.3623158859302054,-0.38438216680425297,-0.34013138050983827,-0.18357493998133098,0.9035448547434294,-0.30002127500860026,-0.10977361938621372,0.8532580442490544,1.3025807718779916,-0.11598964779626524,-0.002992550512523074,-0.09510222152417365,-0.4990474950486019,1
sample_07184.html,-0.40153563546819426,-0.4805110314497277,-0.4993703348891979,-0.40955275383453904,-1.1230232592588287,-0.20863147734925316,-0.10977361938621372,0.5865529830839468,0.3440723018067845,-0.265787157484745,-0.017134301856757187,-0.10161426063385645,-0.6159172563322561,1
sample_03148.html,-0.17373873404206708,0.026350254862775167,-0.4993703348891979,0.12829489361698787,0.8141108144759069,-0.05631514791700801,-0.44887348689285445,0.4984620777386993,0.22721478894325706,-0.17744702858650774,-0.02613359816672435,-0.07556610419512526,-0.09627481559523228,0
sample_04319.html,-0.4198023681297234,-0.42807710527946874,-0.4197508576995181,-0.4340933309045707,0.45426244680399297,-0.2878359686540206,-0.44887348689285445,0.7548518449288179,1.470725356034793,-0.2475397429969071,-0.02613359816672435,-0.09872002102955299,-1.3286735124603752,0
sample_02544.html,-0.22370362043977893,-0.4717720437546845,-0.4993703348891979,-0.23981376243348684,0.7749095922819669,0.18129832599729442,-0.10977361938621372,0.07454921462950032,-0.47119029012375796,-0.26550967247124385,-0.02613359816672435,-0.09944358093062886,0.07396012652385317,1
sample_06959.html,-0.425712193402571,-0.46303305605964135,-0.4197508576995181,-0.2960525848856427,0.7842045791612351,-0.1537975987536449,-0.10977361938621372,0.382114824780166,0.07739211756819217,-0.247750631607168,-0.02613359816672435,-0.10335080439643853,-0.046344040688044444,1
sample_07640.html,-0.44344166922111394,-0.4805110314497277,-0.5789898120788778,-0.4453410953950019,0.7087154325574094,-0.31220658136317986,-0.10977361938621372,-1.9925510562714843,-0.9826417156399254,-0.2694832578645808,-0.002992550512523074,-0.10089070073278059,0.37650090845157924,1
sample_07182.html,-0.3236333932352027,-0.3406872283290372,0.5356828685766397,-0.342066166891952,-0.46661340559132924,-0.32439188771775945,-0.10977361938621372,0.829970592337285,1.4075456361639105,0.024284576228853872,-0.02613359816672435,-0.043440044587356785,-0.5911228512436353,1
sample_02108.html,-0.09691100549504775,-0.2532973513786057,0.45606339138695995,-0.11302078090498999,0.4961992028929944,-0.01975922885326917,3.281225055680194,0.6537502436655471,0.17679846364644536,-0.20586149396902909,0.00472113203887735,-0.0786050557796439,0.1946416165940136,1
sample_03990.html,-0.1903936961746377,-0.07851759747774266,0.45606339138695995,-0.31854811386650506,-0.9005816600977264,-0.3365771940723391,-0.44887348689285445,0.567439147978402,0.2887653032774673,1.846584156893837,-0.01584868809819045,-0.06312087389662036,-0.8776556447434498,0
sample_00308.html,-0.4520377787088923,-0.4805110314497277,-0.5789898120788778,-0.49237720144589586,-2.256016803315404,-0.3365771940723391,-0.44887348689285445,-1.9925510562714843,-1.3807463433378615,-0.2694943572651209,-0.027419211925291086,-0.10364022835686888,-1.3218406063138382,1
sample_01257.html,-0.31933533849131346,-0.26203633907364887,-0.4993703348891979,-0.24390385861182545,0.6964982333557235,-0.31829923454046966,-0.10977361938621372,0.47955792075230697,0.6592221857317608,-0.26436643421561895,-0.009420619305356762,-0.08815604647384534,-0.6253879153566483,1
sample_06156.html,-0.40690820389805576,-0.4805110314497277,-0.5789898120788778,-0.43716090303832467,-0.051970471305265095,-0.23909474323570218,-0.44887348689285445,-1.9925510562714843,0.6881184003189227,-0.2694610590635007,-0.011991846822490236,-0.10335080439643853,-0.035635416929861954,1
sample_08191.html,-0.3290059616650642,-0.3057312775488646,-0.4993703348891979,-0.14574155033169886,-0.2667876087269936,-0.30002127500860026,-0.44887348689285445,0.4856709982556043,-0.3861650155135545,-0.2601153638087808,-0.02613359816672435,-0.09495750954395848,-0.2795389411704832,0
sample_09386.html,1.9032962209423854,0.39338773805458754,-0.34013138050983827,1.306242592978507,1.3907684524267112,2.2223371403893797,2.942125188173553,0.42216028475650635,-0.9306098172912323,-0.25776229089429076,-0.02613359816672435,0.034704424728836794,0.45747404703306577,1
sample_05172.html,-0.41765334075777877,-0.42807710527946874,-0.4197508576995181,-0.4300032347262321,0.09793354735666451,-0.3304845408950493,-0.10977361938621372,0.3714078109406047,0.5309011359766598,-0.25787328489969125,-0.002992550512523074,-0.09351038974180675,0.014744022899802471,1
sample_00196.html,-0.3096647153175628,-0.3406872283290372,-0.4993703348891979,-0.37376441227407625,0.06381297614258408,-0.2695580091221512,-0.10977361938621372,0.3316516123233787,-2.6902685408208695,-0.26031515301850167,-0.02613359816672435,-0.0910502860781488,3.566025188243186,1
sample_01922.html,-0.4498887513369477,-0.4805110314497277,-0.5789898120788778,-0.47703934077712606,-0.03926582490359585,-0.32439188771775945,-0.44887348689285445,-1.9925510562714843,0.16033415073575952,-0.2694943572651209,-0.02613359816672435,-0.10262724449536266,0.07460052324390459,0
sample_02232.html,0.37480050264679116,0.8652930735869178,0.6153023457663196,0.12829489361698787,-0.06807324041168356,-0.2817433154767308,0.22932624812042704,0.5987830422381378,0.5605125718999973,-0.08876281827152896,-0.02613359816672435,-0.06644924944156934,-0.4909732343772118,0
sample_02208.html,-0.34458641011166247,-0.4717720437546845,-0.4993703348891979,0.5526423721196184,1.3020696193313233,0.3457999617841192,0.9075259831337085,0.23092557442481462,0.4503662870085152,-0.2620466595027491,-0.02613359816672435,-0.08482767092889634,0.33060462375435473,1
sample_05579.html,-0.4520377787088923,-0.4805110314497277,-0.5789898120788778,-0.4893096293121419,-1.4410346506882659,-0.3365771940723391,-0.44887348689285445,-1.9925510562714843,-1.2635657529451412,-0.2694943572651209,-0.027419211925291086,-0.10364022835686888,0.1665969494578065,1
sample_01166.html,-0.44182989869215544,-0.46303305605964135,-0.4993703348891979,-0.45863390797460235,0.06453424829245305,-0.3304845408950493,-0.44887348689285445,-0.045924347023679084,-0.33389598815190025,-0.2690836794451391,0.0034355182803106135,-0.1034955163766537,0.1211297731961582,0
sample_00999.html,-0.33061773219402263,-0.24455836368356254,-0.34013138050983827,-0.23061104603222496,0.3565512758337679,-0.2208167837038328,-0.10977361938621372,0.6305444341269263,-0.5471748196145956,-0.23823844534434738,-0.02613359816672435,-0.09683876528675574,0.9563718269512151,0
sample_05244.html,-0.4445161829070862,-0.46303305605964135,-0.4993703348891979,-0.4494311915733405,-0.6019353954515749,-0.3365771940723391,-0.10977361938621372,0.42396616689586447,0.14179810699955894,-0.2537443078987936,0.018862883383111463,-0.10335080439643853,-0.41071978755133015,1
sample_05159.html,-0.3773590775338176,-0.39312115449929613,-0.4993703348891979,-0.4310257587708167,0.43817395185988695,-0.2634653559448614,-0.10977361938621372,0.2600747570413519,0.47899873335808624,-0.22649527957297722,-0.02613359816672435,-0.07614495211598594,0.8584050399643619,1
sample_04292.html,0.3930672353083202,-0.24455836368356254,-0.4197508576995181,0.32870960635557966,1.0404515673118164,0.9855285453995489,-0.10977361938621372,0.5832706126264607,-1.1800701002955027,-0.24879397525793245,-0.02613359816672435,-0.084538246968466,-0.17784159785541973,0
sample_04588.html,-0.29354701002797834,-0.19212443751330363,-0.4993703348891979,-0.3277508302677669,0.6264047624984795,-0.32439188771775945,0.22932624812042704,-0.08626618088968165,-0.8862125610658368,-0.225274345513572,-0.02613359816672435,-0.09003730221664259,1.6144547949104289,1
sample_00728.html,2.1601049918897646,-0.4717720437546845,-0.5789898120788778,0.07512364329858598,-1.239288128114764,-0.30611392818589006,1.2466258506403491,-1.9925510562714843,1.8967625176093805,-0.2694943572651209,-0.008135005546790024,7.245557686870708,-1.2156394301408515,1
sample_08979.html,-0.45150052186590617,-0.4805110314497277,-0.4993703348891979,-0.4913546774013112,-2.256016803315404,-0.3304845408950493,-0.44887348689285445,0.9395335224185557,2.3181275042452203,-0.21549577363779024,-0.01970552937389066,-0.10364022835686888,-1.505252891833849,1
sample_04442.html,0.3828593552915834,0.2885198857140697,3.8000814333535122,1.4902969210037444,-0.1403952671309732,0.31533669589767016,-0.10977361938621372,0.49912202434152686,0.43163809064382247,4.399124398489079,-0.02613359816672435,0.02081207462818016,-1.0876945043838635,0
sample_07020.html,-0.11034242656970147,-0.008605695917397443,-0.1012729489407988,-0.12017844921708255,0.35990343900615046,-0.11114902651261627,-0.44887348689285445,0.6665173840866795,1.2068066177694052,-0.23654023706172012,-0.0209911431324574,0.13252972335429394,-0.23453426278637904,0
sample_05724.html,-0.45096326502292,-0.4805110314497277,-0.4993703348891979,-0.48419700908921864,-1.091387524772613,-0.3304845408950493,-0.44887348689285445,0.19867672293162741,-0.33585272868493177,-0.2687173992273175,-0.0017069367539563366,-0.10364022835686888,-0.8852200678013379,1
sample_02280.html,-0.43054750498944633,-0.4717720437546845,-0.4993703348891979,-0.44840866752875586,-0.4802532427832406,-0.30002127500860026,-0.10977361938621372,0.15641832936714456,1.0097295232428287,-0.25876123694289505,-0.011991846822490236,-0.10364022835686888,0.526540205527383,1
sample_08422.html,2.182132522452197,1.057550802877867,0.9337802545250389,1.2009226163862878,0.49264420369247097,0.8636754818537528,-0.10977361938621372,0.44325502686571117,0.7142423020862961,0.17594678520806162,-0.02613359816672435,0.3383101592202704,0.002721281447838436,0
sample_09220.html,-0.4520377787088923,-0.4805110314497277,-0.5789898120788778,-0.48828710526755725,-0.4857802989613899,-0.3365771940723391,-0.44887348689285445,-1.9925510562714843,-2.374105694263592,-0.2694943572651209,-0.027419211925291086,-0.10364022835686888,-0.06926926283400898,0
sample_01977.html,-0.39455129650937437,-0.34942621602408036,-0.4993703348891979,-0.389102272942846,-0.11079004283181877,-0.3304845408950493,-0.10977361938621372,0.5384318154104949,0.6180199523580159,-0.1907663092345646,-0.0209911431324574,-0.08366997508717497,-1.1254786018627683,1
sample_04563.html,-0.4203396249727095,-0.4542940683645982,-0.26051190332015844,-0.4719267205542028,-1.514456932503265,-0.2817433154767308,-0.44887348689285445,0.5098093348837853,0.07594910334488125,0.08589734862665702,0.012434814590277775,-0.08714306261233912,0.32939796243726366,0
sample_00195.html,-0.28871169844110295,-0.3756431791092098,-0.021653471751118984,-0.19277765638259284,0.2822352509870609,0.04116730291962889,0.5684261156270678,0.08672904180980379,-0.1654844632563252,-0.12781050937141572,-0.02613359816672435,-0.09437866162309778,0.6709002596942398,0
sample_07310.html,3.329175882227625,3.119951898908051,-0.18089242613047862,3.1028173393137406,0.7612813282441413,5.622037613317091,-0.10977361938621372,0.5873414339693327,-0.19619537684626517,-0.20206549898433288,-0.017134301856757187,0.5873594771705837,0.7293756548580964,0
sample_09180.html,-0.3886414712365267,-0.4805110314497277,-0.4993703348891979,-0.43920595112749394,0.13229338187351822,-0.2208167837038328,-0.10977361938621372,-0.1268481045386658,-0.4471929066292876,-0.2651655910545024,-0.02613359816672435,-0.10320609241622336,-0.02373773269279918,1
sample_04285.html,-0.3676884543600669,-0.44555508066955507,-0.4197508576995181,-0.3942148931657693,0.13906209637853165,-0.1537975987536449,0.5684261156270678,0.4926562276650931,-0.5345045425854054,-0.26637542571336753,-0.02613359816672435,-0.09900944498998333,0.30992695042194385,0
sample_02522.html,-0.31396277006145196,-0.3406872283290372,-0.4993703348891979,-0.37376441227407625,0.05687775598690603,-0.2695580091221512,-0.10977361938621372,0.3316516123233787,-2.698732951658702,-0.26031515301850167,-0.02613359816672435,-0.09683876528675574,3.5716534930225863,1
sample_03502.html,-0.02599310222087606,0.00013329177764570985,4.198178819301911,0.12624984552781857,-0.35093752609892886,0.3640779213159886,-0.10977361938621372,0.5859583393095512,0.6835251851235079,0.922925342152712,-0.02613359816672435,-0.07513196825447974,-0.5006154559423552,0
sample_03290.html,-0.02599310222087606,0.2360859595438108,-0.1012729489407988,0.06898849903107807,1.5420988759558105,-0.18426086464009395,-0.44887348689285445,0.6853303191908974,-0.12208172950010247,-0.20254277320755493,-0.0209911431324574,-0.0612396181538231,0.5487591255924404,0
sample_00248.html,0.42852618694540606,0.8390761105017883,0.6949218229559994,0.21827700954043724,0.6348000713952273,-0.3304845408950493,-0.10977361938621372,0.6018620017991021,2.3835250419258993,-0.10855304943443347,-0.02613359816672435,-0.01652361626733455,-1.145267159074724,0
sample_05625.html,-0.4450534397500724,-0.4805110314497277,-0.5789898120788778,-0.42898071068164745,0.2621742996695351,-0.30002127500860026,-0.10977361938621372,-1.9925510562714843,-0.5455265095436055,-0.26943886026242064,-0.008135005546790024,-0.10364022835686888,0.036300929807954324,1
sample_00486.html,-0.4520377787088923,-0.4805110314497277,-0.4993703348891979,-0.49237720144589586,-2.256016803315404,-0.3365771940723391,-0.44887348689285445,0.7697390010992521,1.3592723457167761,2.1264777403122124,-0.027419211925291086,-0.10364022835686888,-1.5522331665246654,1
sample_02197.html,-0.3515707490704824,-0.4018601421943393,0.05796600543856084,-0.33286345049069016,0.5277549366646805,-0.10505637333532646,-0.10977361938621372,0.5781534117535319,0.519816388516146,0.1290851161279815,-0.02613359816672435,-0.0948127975637433,-0.9687043766398001,0
sample_08435.html,-0.4520377787088923,-0.4805110314497277,-0.5789898120788778,-0.4903321533567266,-1.3311978846653307,-0.3365771940723391,-0.44887348689285445,-1.9925510562714843,-0.39005173375104685,-0.2694943572651209,-0.027419211925291086,-0.10364022835686888,-0.07212895576287152,0
sample_02898.html,-0.43484555973333555,-0.4717720437546845,-0.34013138050983827,-0.38194460463075347,0.5589741102766943,-0.2573727027675716,-0.10977361938621372,0.49367350646261127,1.5818986120053593,-0.258528149531554,-0.005563778029656549,-0.07064589686780937,-0.5905625839692451,1
sample_03185.html,0.802994206506752,1.6430629784457584,0.9337802545250389,0.2642905915467466,0.005403273530387107,-0.275650662299441,-0.10977361938621372,0.6439979839983491,0.1461025988364702,-0.04556395136966445,-0.02613359816672435,-0.018839007950777326,-0.08127764982458784,0
sample_07413.html,-0.45150052186590617,-0.4805110314497277,-0.4993703348891979,-0.4913546774013112,-2.256016803315404,-0.3304845408950493,-0.44887348689285445,0.930634311475459,2.2442438117332077,-0.14019744037410864,-0.01970552937389066,-0.10364022835686888,-1.5326077234511195,1
sample_05183.html,5.476054226800277,8.494429331359589,0.2968244370076003,5.778762763991775,1.6222747926559002,4.0562257467536105,-0.44887348689285445,0.7483573310886307,0.9248696899341892,0.1534372009128455,-0.02613359816672435,0.15915672771388584,0.4536455648561149,0
sample_01974.html,-0.3096647153175628,-0.3406872283290372,-0.4993703348891979,-0.37376441227407625,0.06381297614258408,-0.2695580091221512,-0.10977361938621372,0.3316516123233787,-2.6904033257696836,-0.26031515301850167,-0.02613359816672435,-0.0910502860781488,3.5660843661725488,1
sample_02083.html,0.06802684530170003,0.03508924255781832,0.7745413001456792,0.41664667418985973,1.2713714920081807,0.24222485777019248,0.5684261156270678,0.6087390662677764,0.16345038894966255,0.0462280910965276,-0.02613359816672435,-0.07122474478867005,0.052423753926946946,0
sample_06045.html,0.28722763724004885,0.8740320612819609,3.083506138646394,1.1436612698895474,0.18072228981572203,-0.17207555828551432,0.5684261156270678,0.3026303649481136,0.44981351730354857,0.25976945808649965,-0.02613359816672435,-0.047781403993811984,0.1861438797552748,0
sample_02235.html,-0.4520377787088923,-0.4805110314497277,-0.5789898120788778,-0.48419700908921864,-0.830259881372424,-0.3365771940723391,-0.44887348689285445,-1.9925510562714843,-1.745920478279883,-0.2694943572651209,-0.027419211925291086,-0.10364022835686888,0.9364118114997716,0
sample_03421.html,-0.25164097627505866,-0.3319482406339941,-0.26051190332015844,-0.3768319844078302,0.28948140200461503,-0.25128004959028183,-0.10977361938621372,0.1823631992305582,0.616336312160211,-0.2088361333137618,0.011149200831711038,-0.008998593296145541,0.43444478437678946,1
sample_05173.html,-0.44344166922111394,-0.4805110314497277,-0.5789898120788778,-0.4453410953950019,0.7087154325574094,-0.31220658136317986,-0.10977361938621372,-1.9925510562714843,-0.997517769394876,-0.2694832578645808,-0.002992550512523074,-0.10103541271299576,0.37730302428064155,1
sample_06090.html,-0.3660766838311084,-0.4018601421943393,0.05796600543856084,-0.2960525848856427,0.2850708190836819,-0.18426086464009395,-0.10977361938621372,0.6044535774983644,0.7022984016490672,0.03585015159158327,-0.02613359816672435,-0.07194830468974593,-0.7524953932315731,0
sample_07954.html,-0.31879808164832735,-0.4805110314497277,-0.4993703348891979,0.3859709528523202,0.21176013856825546,0.20566893870645367,0.5684261156270678,0.0873705542910308,-1.1140227174637458,-0.2652654856593628,-0.014563074339623712,-0.09944358093062886,1.1354835497381488,1
sample_08469.html,-0.2505664625890864,-0.15716848673313102,-0.34013138050983827,-0.31445801768816645,0.18458238182446446,-0.2573727027675716,0.22932624812042704,0.6147204301345031,0.8610500492787552,-0.1578676860338641,-0.02613359816672435,-0.06789636924372107,-0.3865686474675061,0
sample_05092.html,-0.4391436144772247,-0.4805110314497277,-0.4993703348891979,-0.44022847517207864,-0.5498168799907667,-0.245187396412992,-0.10977361938621372,0.3703367708508456,0.20890350610055172,-0.26836221841003605,-0.02613359816672435,-0.10161426063385645,-0.409770802505643,1
sample_07537.html,-0.30268037635874284,-0.2882533021587783,0.45606339138695995,-0.34308869093653666,0.9290286069551814,-0.2878359686540206,-0.10977361938621372,0.6542260141326023,0.4107010686561274,-0.19732605495373262,-0.02613359816672435,-0.06051605825274724,-0.7118667916952987,1
sample_04391.html,-0.155472001380538,0.2186079841537245,-0.18089242613047862,-0.368651792051153,-0.7397151513966914,-0.32439188771775945,-0.10977361938621372,0.39797985946540465,-0.07367409444319808,0.48695198834018993,-0.01970552937389066,-0.07976275162136529,-1.3824234867320653,0
sample_09274.html,-0.11249145394164607,-0.0348226590025269,-0.18089242613047862,-0.049624290140741566,1.0604037212912258,0.028981996565049278,-0.10977361938621372,0.5362272368244466,0.0011915644375243171,-0.12288237553163468,-0.02613359816672435,-0.0677516572635059,-0.029973670557862365,0
sample_00386.html,-0.2494919489031141,-0.38438216680425297,-0.4197508576995181,-0.12733611752917512,-0.9321472470989766,0.010704037033179861,0.22932624812042704,0.22132441172714837,-0.32625749113065633,-0.26422214200859834,-0.02613359816672435,-0.06543626558006313,0.5613686529150324,0
sample_01846.html,-0.3145000269044381,-0.4105991298893824,-0.4993703348891979,-0.44840866752875586,0.2790832107224478,-0.30002127500860026,-0.44887348689285445,0.6206529394762584,2.747300824869063,-0.20759300045327647,-0.02613359816672435,0.1403441702859133,-1.1566232459635581,1
sample_06382.html,-0.1651426245542887,-0.008605695917397443,-0.021653471751118984,-0.3277508302677669,0.46455719431591924,-0.3365771940723391,0.22932624812042704,0.6877944369249837,0.43152020338394187,-0.189212393158958,-0.01584868809819045,-0.07657908805663147,-0.6025799278308247,0
sample_06982.html,1.858703902974535,3.4957283697949064,-0.18089242613047862,1.820572187404587,1.7886609630708574,-0.245187396412992,0.22932624812042704,0.665913183623173,0.009914261163095739,-0.2338208839294085,-0.004278164271089811,0.3134196986232606,0.39497453963496154,1
sample_05100.html,0.4865499259879102,0.03508924255781832,-0.1012729489407988,0.5577549923425417,1.3461298947651255,0.8758607882083325,0.9075259831337085,0.5928939960950386,-0.26813847974036004,-0.1427170042966994,-0.02613359816672435,-0.011024561019157967,0.24192446925015776,0
sample_07689.html,-0.05231868752719737,0.3846487503595444,-0.4197508576995181,0.18862381224748234,-0.1587596279736056,-0.16598290510822453,1.9248255856536307,0.5693772783229792,-0.08730916204329436,-0.25183521100590545,-0.0209911431324574,-0.09553635746481917,0.19852898987185164,0
sample_05335.html,-0.3687629680460392,-0.39312115449929613,-0.021653471751118984,-0.29196248870730407,-1.4158680489245992,-0.32439188771775945,-0.44887348689285445,0.4794821926214012,1.4358176791688233,-0.20369711086371983,-0.008135005546790024,-0.08482767092889634,-0.7873659261790328,1
sample_00094.html,-0.4488142376509754,-0.4805110314497277,-0.4197508576995181,-0.4903321533567266,-2.256016803315404,-0.3304845408950493,-0.44887348689285445,-0.3596074767925978,-4.339656543765288,-0.12772171416709535,0.006006745797444088,-0.10364022835686888,-1.5365467910426651,1
sample_02923.html,-0.3467354374836071,-0.4805110314497277,-0.4993703348891979,-0.053714386319080175,1.0634586403250355,0.2239468982383231,1.2466258506403491,-0.2063392399241698,-0.8709097853010707,-0.2638669611913168,-0.02613359816672435,-0.09119499805836398,0.7856972158936272,0
sample_01498.html,0.45001646066485207,0.9264659874522199,1.3318776404734378,-0.11608835303874394,0.5432054001721054,-0.32439188771775945,-0.10977361938621372,0.6435237847067228,0.20478563304063627,-0.04391014068919739,-0.02613359816672435,-0.0851170948893267,-0.5517785763527638,0
sample_08343.html,-0.2693704520936016,-0.3669041914141667,-0.4993703348891979,-0.4259131385478935,0.5347124189419791,-0.29392862183131047,-0.10977361938621372,0.3086213864942135,2.3283642462595577,-0.22669506878269807,-0.02613359816672435,0.17304907781454246,-1.4601096752965403,1
sample_01639.html,0.2539177129749076,-0.2882533021587783,0.21720495981792048,0.20498419696083678,0.8325444446730276,0.9672505858676795,-0.10977361938621372,0.4799543279245394,2.138317687313981,-0.24765073700230758,-0.02613359816672435,-0.08945845429578189,-0.5755267093921953,0
sample_08369.html,-0.4214141386586818,-0.4805110314497277,-0.5789898120788778,-0.4565888598854331,-0.28562008578696146,-0.2817433154767308,-0.10977361938621372,-1.9925510562714843,-0.6722464092818357,-0.26943886026242064,-0.0017069367539563366,-0.10320609241622336,-0.6158825631244942,1
sample_07038.html,0.2571412540328245,1.1711576429134283,1.8095945036115169,0.3859709528523202,1.2570437940170487,-0.32439188771775945,-0.10977361938621372,0.5514393985949968,0.4651408001249409,0.07752840061946129,-0.0107062330639235,-0.07513196825447974,-0.12683745864585624,0
sample_04151.html,-0.28495090054019995,-0.38438216680425297,-0.18089242613047862,-0.3911473210320153,0.9467137187333441,-0.2817433154767308,0.22932624812042704,0.4454530056410051,0.7031905955045846,-0.25739601067646917,-0.006849391788223287,-0.0813545834037322,-0.3973001001647306,1
sample_04503.html,0.28937666461199346,0.7866421843315294,1.1726386860940783,0.19271390842582095,-0.5810740736244168,-0.16598290510822453,-0.10977361938621372,0.6406582777759686,0.1362713421296294,0.11817440539711488,-0.02613359816672435,-0.07093532082823971,-0.8529696608182068,0
sample_08446.html,-0.385955187021596,-0.39312115449929613,-0.4993703348891979,-0.42284556641413956,0.235483390574574,-0.2817433154767308,-0.10977361938621372,0.10007527399045031,-0.4786282036976205,-0.21183297145957458,-0.02613359816672435,-0.09958829291084402,1.547876795206834,1
sample_00174.html,-0.23767229835741882,-0.24455836368356254,0.05796600543856084,-0.09666039619163555,-0.043492539414700195,-0.17816821146280412,-0.44887348689285445,0.5021080209093507,-0.32545965858468795,-0.16572606161621767,-0.01584868809819045,-0.0851170948893267,0.36381771836166127,0
sample_02456.html,0.6971546084384806,-0.1659074744281742,0.45606339138695995,0.889052782787969,1.3386590937471574,1.7532028457380644,-0.10977361938621372,0.502217434148072,-0.7022843637835041,-0.13680102380885412,-0.02613359816672435,-0.08945845429578189,1.1793766634821312,0
sample_09915.html,-0.4337710460473632,-0.46303305605964135,-0.4993703348891979,-0.46579157628669493,-0.994335084894047,-0.31829923454046966,-0.44887348689285445,0.5766664835670271,0.5455334221569172,-0.21536258083130966,-0.01584868809819045,-0.10089070073278059,-0.8504406289698616,1
sample_00060.html,-0.4251749365595848,-0.4542940683645982,-0.5789898120788778,-0.41364285001287765,2.293365649513998,-0.31829923454046966,-0.10977361938621372,-1.9925510562714843,-1.218418241391197,-0.2694943572651209,-0.0107062330639235,-0.09886473300976815,1.1697781050334084,1
sample_01976.html,-0.39884935125326354,-0.4805110314497277,-0.4993703348891979,-0.3676292680065683,1.3598969094744573,-0.20863147734925316,-0.10977361938621372,-0.11760644192762107,-0.514740774367316,-0.26829562200679574,-0.009420619305356762,-0.10364022835686888,0.3453540870619144,1
sample_00350.html,-0.41228077232791727,-0.4368160929745119,-0.4197508576995181,-0.38398965271992275,-0.13830127719450253,-0.2878359686540206,-0.10977361938621372,0.28278578906579,-0.18300099335128983,-0.26562066647664434,-0.0107062330639235,-0.10291666845579302,-0.1636866256743266,1
sample_08563.html,-0.4079827175840281,-0.4105991298893824,0.13758548262824066,-0.4044401336116158,0.09138111336020502,-0.3365771940723391,-0.10977361938621372,0.9363756875205268,1.9618369056585678,0.3623834160792379,0.018862883383111463,-0.1003118528119199,-0.8347710068783067,0
sample_08641.html,-0.41872785444375105,-0.44555508066955507,-0.4993703348891979,-0.41466537405746234,-0.8807664702485071,-0.30002127500860026,-0.10977361938621372,0.40973863008096567,0.42220264208583586,-0.25702973045864763,-0.014563074339623712,-0.10045656479213506,-0.37157295495220827,1
sample_06407.html,-0.4310847618324325,-0.46303305605964135,-0.5789898120788778,-0.4688591484204489,-0.36259086863695095,-0.29392862183131047,-0.44887348689285445,-1.9925510562714843,0.00037260849284860803,-0.26943886026242064,-0.014563074339623712,-0.10277195647557784,-0.20074867158154033,1
sample_00494.html,-0.1903936961746377,-0.4105991298893824,-0.021653471751118984,-0.08541263170120439,1.5180842118085034,0.21176159188374347,-0.10977361938621372,0.34451592237050516,-1.3212681469478942,-0.25936060457205756,-0.02613359816672435,-0.09770703716804677,2.116704726172917,0
sample_00108.html,-0.4031474059971527,-0.4193381175844256,-0.26051190332015844,-0.46579157628669493,-2.256016803315404,-0.3365771940723391,-0.44887348689285445,0.5946566456625424,0.4518269328191654,-0.1542603808583487,0.02914779345164536,-0.0948127975637433,-0.9301746424660021,1
sample_04769.html,0.5311422439557606,1.1798966306084713,0.3764439141972801,0.2387274904321303,0.7765105149833991,-0.2878359686540206,0.22932624812042704,0.5652606991661624,-0.13317016447822413,-0.18966746858109992,-0.02613359816672435,-0.07831563181921355,-0.03339472592438149,0
sample_04838.html,0.4451811490779767,0.707991295076141,3.003886661456714,0.13443003788449578,0.25333441450831967,-0.30002127500860026,-0.44887348689285445,0.5434162898310483,0.33571987356550864,0.41514996624662326,-0.02613359816672435,0.04468955136368375,-0.32289283041998046,0
sample_02080.html,-0.3886414712365267,-0.4805110314497277,-0.4993703348891979,-0.21322813727428588,1.1006210555129208,-0.01975922885326917,0.22932624812042704,-0.08207518016347878,-0.9793298844878066,-0.2690836794451391,-0.02613359816672435,-0.09336567776159158,0.31119564491548435,1
sample_01173.html,-0.4520377787088923,-0.4805110314497277,-0.5789898120788778,-0.49237720144589586,-2.256016803315404,-0.3365771940723391,-0.44887348689285445,-1.9925510562714843,-0.14314776052739323,-0.2694943572651209,-0.027419211925291086,-0.10364022835686888,-1.420902100249105,1
sample_05692.html,0.8239472233832118,1.6605409538358447,-0.1012729489407988,0.4708404485528463,0.3957327612882186,-0.2817433154767308,0.9075259831337085,0.28539762108114775,0.26201806167937497,1.3384203019688468,-0.02613359816672435,-0.07455312033361905,-0.9844262667020119,1
sample_09416.html,-0.4477397239650031,-0.4805110314497277,-0.4993703348891979,-0.48419700908921864,-1.2792309526931431,-0.31829923454046966,-0.44887348689285445,0.28704593753334845,0.3543205055116786,-0.2681957274019353,-0.011991846822490236,-0.10364022835686888,-0.8513035002848958,1
sample_01558.html,-0.004502828501430098,-0.06977860978269951,-0.34013138050983827,-0.16516950717880724,0.2108923034136679,-0.013666575675979363,-0.44887348689285445,0.5130906910688764,-0.10342266636533605,-0.2516354217961846,-0.02613359816672435,-0.018404872010131804,0.15895324440202305,0
sample_08516.html,-0.03136567065073755,0.15743507028842244,0.6153023457663196,-0.20095784873927006,0.36773607217332427,-0.30611392818589006,0.22932624812042704,0.5991376588629358,0.22614435562799537,-0.13331581203927925,-0.02613359816672435,-0.056608834786937554,-0.5168203521180412,1
sample_02254.html,-0.4079827175840281,-0.44555508066955507,-0.5789898120788778,-0.4729492445987875,-1.1680996285521696,-0.2817433154767308,-0.44887348689285445,-1.9925510562714843,-0.05213739247938837,-0.26943886026242064,-0.002992550512523074,-0.09293154182094605,-0.9258764395490112,1
sample_09060.html,0.8916415855994666,1.8702766585168804,0.45606339138695995,0.5996784781705125,0.9470829574589208,-0.245187396412992,0.5684261156270678,0.6265690650900572,0.05904534751866057,-0.14074131100057097,-0.02613359816672435,0.016181291261294615,-0.0077381535542548905,0
sample_03242.html,-0.436457330262294,-0.4805110314497277,-0.4993703348891979,-0.44329604730583255,0.08141459285252393,-0.2878359686540206,-0.10977361938621372,0.5758773058430701,1.1080785843751697,-0.25766239628943033,-0.02613359816672435,-0.10320609241622336,-0.05396251787572604,1
sample_02733.html,-0.1291464160742167,-0.04356164669757005,-0.26051190332015844,-0.14983164651003747,0.027509693533451604,-0.30611392818589006,-0.10977361938621372,0.6995452700943432,0.3372058324334919,-0.23455344436505163,-0.01584868809819045,-0.04155878884455953,-0.7290902157840907,1
sample_07964.html,-0.4488142376509754,-0.4805110314497277,-0.4993703348891979,-0.4852195331338033,-1.3384300946045464,-0.31829923454046966,-0.44887348689285445,-0.07134170978834635,-3.039051443683039,0.60635933935002,-0.017134301856757187,-0.10364022835686888,4.626342628098604,1
sample_00191.html,0.3962907763662371,0.8565540858918747,1.0133997317147188,0.1129570329482181,-0.18652839075299357,-0.2878359686540206,0.5684261156270678,0.6602402814036711,0.3790765622781772,-0.11072853194028277,-0.02613359816672435,-0.011458696959803488,-0.299438996433089,0
sample_00726.html,-0.4520377787088923,-0.4805110314497277,-0.5789898120788778,-0.49237720144589586,-2.256016803315404,-0.3365771940723391,-0.44887348689285445,-1.9925510562714843,-1.3820197317511476,-0.2694943572651209,-0.027419211925291086,-0.10364022835686888,-1.3089010697936254,1
sample_09724.html,-0.41228077232791727,-0.44555508066955507,-0.4993703348891979,-0.2868498684843808,0.29150715211888123,-0.19035351781738374,-0.10977361938621372,0.4110704294559236,-0.18172214318880614,-0.2677184531787133,-0.01584868809819045,-0.07686851201706182,0.7065645774073426,1
sample_03247.html,-0.4144297996998619,-0.44555508066955507,-0.4993703348891979,-0.459656432019187,-1.1827888074403163,-0.2695580091221512,-0.44887348689285445,0.3161420196641209,0.1868075812759582,-0.26796263999059433,-0.013277460581056975,-0.08801133449363016,-1.0714052415236879,0
sample_05019.html,-0.22907618886964043,-0.13969051134304472,-0.021653471751118984,0.05365063836230829,0.19282986199739152,-0.12333433286719588,0.9075259831337085,0.7122294178830972,1.3891242350841067,0.8859865371554343,-0.01584868809819045,0.03904578413529199,-0.8726203708728283,1
sample_02892.html,-0.44182989869215544,-0.4805110314497277,-0.5789898120788778,-0.2234533777201324,-0.09313385485476104,0.1508350601108454,-0.44887348689285445,-1.9925510562714843,-1.2775652744940842,-0.2694943572651209,-0.02613359816672435,-0.09553635746481917,0.6909239119540586,1
sample_06877.html,-0.41657882707180643,-0.4717720437546845,-0.4993703348891979,-0.42080051832497023,0.5242065506950628,-0.245187396412992,-0.10977361938621372,0.34566993372931776,0.7860121895058805,-0.2608146260428038,-0.02613359816672435,-0.10262724449536266,0.24156129225075332,1
sample_05640.html,-0.4520377787088923,-0.4805110314497277,-0.5789898120788778,-0.48828710526755725,-0.4857802989613899,-0.3365771940723391,-0.44887348689285445,-1.9925510562714843,-2.374105694263592,-0.2694943572651209,-0.027419211925291086,-0.10364022835686888,-0.06926926283400898,0
sample_09167.html,-0.09046392337921395,0.131218107203293,1.729975026421837,-0.13858388201960628,0.028792206123768625,-0.32439188771775945,-0.44887348689285445,0.5636241087515939,1.268568371240849,1.3385312959742472,-0.005563778029656549,-0.07064589686780937,-1.1328103027265377,0
sample_07686.html,-0.009875396931291589,-0.34942621602408036,0.13758548262824066,-0.1426739781979449,-0.13867241752676862,0.2239468982383231,-0.10977361938621372,0.5482925279378614,-0.07463953393480184,-0.23523050779799454,-0.014563074339623712,-0.05443815508370996,-0.16504086024157055,1
sample_01623.html,-0.3273941911361057,-0.3406872283290372,-0.4993703348891979,-0.3931923691211846,0.4911933928541008,-0.2817433154767308,-0.10977361938621372,0.343253371727165,0.015530981377047788,-0.25871683934073486,-0.004278164271089811,-0.09582578142524951,-0.2023741806974135,1
sample_01458.html,-0.3623158859302054,-0.3406872283290372,-0.5789898120788778,0.5730928530113115,1.438337743304381,-0.22690943688112258,0.9075259831337085,-1.9925510562714843,-0.7506634025533611,-0.2694943572651209,-0.02613359816672435,-0.09799646112847712,0.6790212082186913,1
sample_07205.html,-0.42947299130347405,-0.46303305605964135,-0.4993703348891979,-0.40955275383453904,0.15465273373444294,-0.30002127500860026,-0.10977361938621372,0.5766664835670271,0.2862945145494476,-0.21536258083130966,-0.02613359816672435,-0.10016714083170472,-0.4523166959423494,1
sample_06023.html,0.4645223954254781,1.276025495253946,0.45606339138695995,0.6876155460047925,0.7101130771374256,0.23613220459290268,0.22932624812042704,0.6626078223440247,0.0776752761742157,-0.05165752226615048,-0.02613359816672435,-2.6450522804796216e-05,0.16823407512689859,0
sample_06568.html,-0.34512366695464863,-0.3581652037191235,-0.5789898120788778,-0.3236607340894283,-1.5618256765481078,-0.25128004959028183,0.22932624812042704,-1.9925510562714843,0.14718622429748107,-0.2694499596629607,-0.02613359816672435,-0.09090557409793362,-0.7409036767509012,1
sample_03591.html,-0.3886414712365267,-0.39312115449929613,-0.4993703348891979,-0.06700719889868065,2.456511009757182,-0.30611392818589006,-0.10977361938621372,0.3028039317655021,-2.463971348177232,-0.24684048076288412,-0.01584868809819045,-0.1024825325151475,3.043651827524713,1
sample_00764.html,1.5766440604068068,2.4645278217798148,2.0484529351805563,1.3543012230739857,0.5504936227236364,-0.1598902519309347,0.5684261156270678,0.4829667873398256,-0.25159871177312326,0.9373545628547737,-0.02613359816672435,0.14613264949452023,0.7441632142021386,0
sample_08225.html,0.15721148123740078,0.6817743319910116,0.05796600543856084,0.9309762686159397,0.40802022304024316,0.9916211985768387,-0.10977361938621372,0.5352864207648868,-1.3694662295463573,-0.2324334588619026,-0.02613359816672435,0.062344412949934896,2.0289588632739153,0
sample_04648.html,-0.4047591765261112,-0.4805110314497277,-0.5789898120788778,-0.44738614348417116,0.034931585711863646,-0.20253882417196337,-0.10977361938621372,-1.9925510562714843,-2.62656432307172,-0.26930566745594003,-0.02613359816672435,-0.10175897261407163,-0.9684391515644523,0
sample_06715.html,-0.30268037635874284,-0.3319482406339941,-0.4993703348891979,-0.36660674396198367,0.1450017406474816,-0.2695580091221512,-0.10977361938621372,0.343253371727165,-2.6719336805261857,-0.25871683934073486,-0.02613359816672435,-0.0910502860781488,3.551320391951708,1
sample_04189.html,-0.1903936961746377,0.07878418103303408,-0.34013138050983827,-0.22652094985388635,0.48233095487979627,-0.22690943688112258,-0.44887348689285445,0.4162633312700717,-0.6587539935064576,-0.25776229089429076,-0.02613359816672435,-0.0883007584540605,0.4567328952925018,0
sample_08559.html,-0.38917872807951287,-0.38438216680425297,-0.5789898120788778,-0.36967431609573764,0.17788503813101314,-0.2634653559448614,0.9075259831337085,-1.9925510562714843,-0.6317494213760976,-0.2694166614613405,-0.02613359816672435,-0.09929886895041368,-0.26532634254132254,1
sample_09452.html,-0.44182989869215544,-0.46303305605964135,-0.5789898120788778,-0.4606789560637717,-0.7343906102748531,-0.3304845408950493,-0.10977361938621372,-1.9925510562714843,0.06970113264790631,-0.2694832578645808,-0.00042132299538959916,-0.1034955163766537,-0.45266340637978364,1
sample_07438.html,-0.43162201867541866,-0.4717720437546845,-0.34013138050983827,-0.42489061450330884,-0.06223552589490985,-0.29392862183131047,-0.44887348689285445,0.53439856147418,-1.1879761895513004,-0.24359945580519027,-0.02613359816672435,-0.09061615013750328,-1.364910092093167,1
sample_01705.html,-0.4337710460473632,-0.46303305605964135,-0.26051190332015844,-0.4606789560637717,-0.07026198971077695,-0.31220658136317986,-0.44887348689285445,0.27073757210414384,-0.6199538482446006,-0.24584153471427983,-0.02613359816672435,-0.10335080439643853,1.5223558666298511,0
sample_09994.html,0.48816169651686864,0.9002490243670904,0.05796600543856084,-0.030196333293633176,-0.009291028794890174,-0.3304845408950493,-0.10977361938621372,0.7047742162071007,0.3027097154937611,-0.20070027271790705,-0.01584868809819045,0.005906740666017309,-0.10599045221220081,0
sample_03648.html,-0.3273941911361057,-0.3406872283290372,-0.4993703348891979,-0.3931923691211846,0.4911933928541008,-0.2817433154767308,-0.10977361938621372,0.343253371727165,0.014087534539939939,-0.25871683934073486,-0.004278164271089811,-0.09582578142524951,-0.2023741806974135,1
sample_06067.html,-0.4520377787088923,-0.4805110314497277,-0.4993703348891979,-0.49237720144589586,-2.256016803315404,-0.3365771940723391,-0.44887348689285445,0.7664895777438175,1.3359214288656298,-0.267185681952791,-0.027419211925291086,-0.10364022835686888,-1.0168014571092276,1
sample_07609.html,-0.30482940373068745,-0.34942621602408036,-0.26051190332015844,-0.13142621370751373,0.34975004627680084,-0.21472413052654296,0.22932624812042704,0.6739208020345642,0.06277564239220887,-0.2537887055009538,-0.018419915615323922,-0.04893909983553337,0.23783708526195693,0
sample_01525.html,-0.414967056542848,-0.4368160929745119,-0.18089242613047862,-0.4760168167325414,-1.0319170889922633,-0.3365771940723391,-0.44887348689285445,0.6576979112676488,0.8358488792658703,-0.20178801397083168,0.07414427500148119,-0.10074598875256541,-1.3106264343316139,0
sample_02518.html,-0.35533154697138547,-0.4105991298893824,-0.34013138050983827,-0.33593102262444413,0.007603159946363196,-0.10505637333532646,0.22932624812042704,0.3774693877798431,-0.33052085118071567,-0.19973462487092292,-0.02613359816672435,-0.09857530904933781,0.47613890154536337,1
sample_09424.html,0.24478434664414309,0.7254692704662273,-0.18089242613047862,0.04547044600563107,1.2549418887941366,-0.25128004959028183,-0.10977361938621372,0.7487143947851715,0.18914839273349926,-0.23782776752436563,-0.02613359816672435,-0.03953282112154711,0.32877019920775014,1
sample_00702.html,-0.4455906965930585,-0.4805110314497277,-0.4993703348891979,-0.3911473210320153,0.9524247765549114,-0.29392862183131047,0.22932624812042704,0.2819067950693202,-0.03223336726296023,-0.26799593819221446,-0.02613359816672435,-0.10364022835686888,0.22635023066404644,1
sample_07436.html,0.770758795927583,0.7779031966364862,-0.4197508576995181,0.6416019639984831,1.8344148857284364,1.9237971347021792,-0.44887348689285445,0.7576308978830556,1.3434143461937746,5.8077715198275754,-0.018419915615323922,0.016326003241509787,-0.8637780617725566,0
sample_00746.html,0.1464663443776778,0.19239102106859504,-0.18089242613047862,-0.0680297229432653,-1.5636559245377377,-0.3304845408950493,-0.44887348689285445,0.3139527459581294,0.34525839751096815,0.004805128281070676,-0.009420619305356762,0.0834723620613502,0.8348844270935335,1
sample_06567.html,-0.27957833211033845,-0.2969922898538215,-0.34013138050983827,-0.09154777596871229,-0.29877627293619524,-0.10505637333532646,-0.10977361938621372,0.6684040506674856,-0.2495859889545994,-0.25080296675568103,-0.02613359816672435,-0.08757719855298464,-0.49157939420752916,0
sample_03154.html,-0.4396808713202109,-0.4717720437546845,-0.4197508576995181,-0.46579157628669493,-1.7247823961965245,-0.2878359686540206,-0.10977361938621372,0.40139478109889704,0.29993066625912085,-0.2675630615711526,-0.02613359816672435,-0.10262724449536266,-0.43320073846554163,1
sample_00195.html,-0.144726864520815,-0.4805110314497277,-0.4993703348891979,-0.3850121767645074,-0.5033182421276082,-0.275650662299441,-0.10977361938621372,-1.9925510562714843,2.3639436538996224,-0.2694832578645808,-0.02613359816672435,0.7100752363930506,-1.0143806117464174,1
sample_07972.html,-0.3886414712365267,-0.4805110314497277,-0.4993703348891979,-0.43920595112749394,0.13229338187351822,-0.2208167837038328,-0.10977361938621372,-0.1268481045386658,-0.4471929066292876,-0.2651655910545024,-0.02613359816672435,-0.10320609241622336,-0.02373773269279918,1
sample_09755.html,-0.20328786040630525,-0.17464646212321733,-0.4993703348891979,-0.1508541705546221,0.3952671462287259,-0.18426086464009395,-0.10977361938621372,0.24876567178780673,-0.2478997917002412,-0.2593051075693574,-0.0107062330639235,-0.08801133449363016,-0.2505334507951852,1
sample_04969.html,-0.022769561162959168,0.05256721794790462,-0.4993703348891979,-0.22958852198764032,-0.03448054673598147,-0.0014812693213997515,-0.10977361938621372,0.46683084627566634,-0.16440122920779834,-0.2646550186296602,-0.01970552937389066,-0.08352526310695979,0.26595734473886395,0
sample_09168.html,-0.15600925822352416,-0.42807710527946874,-0.021653471751118984,0.01888482084643012,0.6677785642785836,0.2726881236566415,0.22932624812042704,0.564663781168742,-0.3172303578954272,-0.24090230147395875,-0.02613359816672435,-0.05443815508370996,0.5876337058185884,0
sample_03866.html,-0.4058336902120835,-0.39312115449929613,-0.34013138050983827,-0.4688591484204489,-1.4060417507139824,-0.3365771940723391,-0.44887348689285445,-0.2874375896961329,-3.158623798683393,-0.19243121931557172,-0.006849391788223287,-0.09886473300976815,4.344918236692762,1
sample_06927.html,-0.4520377787088923,-0.4805110314497277,-0.4993703348891979,-0.4913546774013112,-2.256016803315404,-0.3365771940723391,-0.44887348689285445,0.28472399515306424,-0.3183300544440059,-0.26840661601219623,-0.027419211925291086,-0.10364022835686888,-0.9961102115749075,1
sample_05349.html,-0.4520377787088923,-0.4805110314497277,-0.5789898120788778,-0.49237720144589586,-2.256016803315404,-0.3365771940723391,-0.44887348689285445,-1.9925510562714843,-1.3950323556491044,-0.2694943572651209,-0.027419211925291086,-0.10364022835686888,-1.3133725301468988,1
sample_08107.html,-0.42678670708854327,-0.4717720437546845,-0.26051190332015844,-0.47397176864337215,-1.3384300946045464,-0.29392862183131047,-0.44887348689285445,0.5998662773876132,0.5697709784114281,-0.24463170005541468,-0.009420619305356762,-0.10074598875256541,-0.7623141837981142,1
sample_00768.html,-0.4224886523446541,-0.4193381175844256,0.5356828685766397,-0.44840866752875586,-0.9102229695251469,-0.3304845408950493,-0.44887348689285445,0.874874458356171,1.7985288587826658,-0.1851389131607606,-0.002992550512523074,-0.10132483667342611,-0.43693892182364313,0
sample_07482.html,0.24317257611518464,-0.270775326768692,0.05796600543856084,0.8747374461637838,0.0461184713963491,1.3449950828596475,1.2466258506403491,0.3083017469728482,-0.8017744669830941,-0.16938886379443333,-0.02613359816672435,-0.07556610419512526,1.1316826291700701,0
sample_09020.html,-0.44075538500618316,-0.4717720437546845,-0.5789898120788778,-0.3962599412549386,0.44387091720130983,-0.20253882417196337,-0.10977361938621372,-1.9925510562714843,-0.226186222795459,-0.2694943572651209,-0.02613359816672435,-0.10320609241622336,0.5644301557510526,1
sample_05743.html,-0.155472001380538,0.2186079841537245,-0.18089242613047862,-0.368651792051153,-0.7397151513966914,-0.32439188771775945,-0.10977361938621372,0.39799482204673514,-0.08516237787403526,0.48695198834018993,-0.01970552937389066,-0.0948127975637433,-1.3828474583304151,0
sample_04605.html,-0.3096647153175628,-0.3406872283290372,-0.4993703348891979,-0.37376441227407625,0.06381297614258408,-0.2695580091221512,-0.10977361938621372,0.3316516123233787,-2.6902627571864066,-0.26031515301850167,-0.02613359816672435,-0.0910502860781488,3.566025188243186,1
sample_08643.html,0.07286215688857538,-0.04356164669757005,0.21720495981792048,0.04138034982729246,-0.6987504251854781,0.25441016412477213,-0.44887348689285445,0.4682210923084049,0.4797383561725213,-0.2089138291175421,-0.02613359816672435,-0.05574056290564652,-0.4013476671456017,0
sample_02252.html,-0.41228077232791727,-0.4193381175844256,1.5707360720424772,-0.4115978019237084,-0.8988179380618518,-0.3304845408950493,-0.44887348689285445,0.03861012845264201,-2.4251871194980157,3.4866537794923214,-0.0209911431324574,-0.09987771687127438,3.377260214032498,0
sample_02569.html,-0.4477397239650031,-0.4805110314497277,-0.4993703348891979,-0.4422735232612479,-0.028663301743440176,-0.32439188771775945,-0.10977361938621372,-0.3323776107144926,-1.393835078938314,-0.22248839597802011,-0.006849391788223287,-0.10364022835686888,-0.9978884438158176,1
sample_03262.html,0.1464663443776778,0.19239102106859504,-0.18089242613047862,-0.0680297229432653,-1.5636559245377377,-0.3304845408950493,-0.44887348689285445,0.31394217111238215,0.3446858460250848,0.004805128281070676,-0.009420619305356762,0.0834723620613502,0.8348844270935335,1
sample_06130.html,-0.2946215237139506,-0.38438216680425297,0.6153023457663196,-0.14165145415336025,1.1971441220032604,0.08990852833794734,0.5684261156270678,0.5232031762046777,0.08268241522126764,-0.09996211341643679,-0.02613359816672435,-0.08106515944330184,0.5043744139184055,0
sample_02576.html,-0.3768218206908314,-0.3232092529389509,-0.34013138050983827,-0.37580946036324553,-0.041574217966220406,-0.2878359686540206,0.22932624812042704,0.5636389140211698,0.3706676264346569,-0.26527658505990287,-0.013277460581056975,-0.1034955163766537,-0.33347425878736037,1
sample_06367.html,-0.24895469206012794,-0.46303305605964135,-0.5789898120788778,-0.47806186482171076,-0.4722282445368599,-0.32439188771775945,-0.44887348689285445,-1.9925510562714843,2.275925863471504,-0.2694943572651209,0.03557586224447905,0.3950372554646183,-1.5051251358237554,1
sample_08005.html,-0.4520377787088923,-0.4805110314497277,-0.26051190332015844,-0.4617014801083563,-0.6935759838145575,-0.3365771940723391,-0.10977361938621372,0.8174658110230564,2.430438544804145,-0.22507455630385115,-0.027419211925291086,-0.10364022835686888,-1.4334832185150586,0
sample_01672.html,-0.4520377787088923,-0.4805110314497277,-0.5789898120788778,-0.4903321533567266,-1.114558160185379,-0.3365771940723391,-0.44887348689285445,-1.9925510562714843,-1.60279190543054,-0.2694943572651209,-0.027419211925291086,-0.10364022835686888,0.2457020263352195,0
sample_03656.html,-0.4520377787088923,-0.4805110314497277,-0.4993703348891979,-0.49237720144589586,-2.256016803315404,-0.3365771940723391,-0.44887348689285445,0.3849328585191046,-0.1664740235422336,-0.26700809154415023,-0.027419211925291086,-0.10364022835686888,-0.686457504583203,0
sample_06820.html,2.114975417078928,3.5306843205750793,0.6153023457663196,1.5802790369271937,0.7415144961319028,0.1386497537562658,1.9248255856536307,0.6628805849045473,0.7879683454952683,0.34005142219266254,-0.02613359816672435,0.0661069244355294,-0.51806766485257,0
sample_01696.html,-0.44935149449396156,-0.4805110314497277,-0.4993703348891979,-0.45147623966250977,-1.4127662377232946,-0.31829923454046966,-0.10977361938621372,0.24483547210239193,0.39698700526154984,-0.2667417059311891,-0.009420619305356762,-0.10364022835686888,-0.3356119392575058,1
sample_00389.html,-0.42087688181569566,-0.44555508066955507,-0.5789898120788778,-0.43716090303832467,0.23433066566882033,-0.32439188771775945,-0.10977361938621372,-1.9925510562714843,0.11691226866882365,-0.2694943572651209,-0.00042132299538959916,-0.09712818924718608,-0.292187842220035,1
sample_08186.html,-0.3085902016315905,-0.2358193759885194,-0.4993703348891979,-0.05269186227449552,0.14338751275529885,-0.19035351781738374,0.22932624812042704,0.5648423941005405,-1.2832898082466304,-0.2047626533155644,-0.004278164271089811,-0.0883007584540605,2.4159370198727244,1
sample_02122.html,-0.4310847618324325,-0.46303305605964135,-0.5789898120788778,-0.4688591484204489,-0.36259086863695095,-0.29392862183131047,-0.44887348689285445,-1.9925510562714843,0.00037260849284860803,-0.26943886026242064,-0.014563074339623712,-0.10277195647557784,-0.20074867158154033,1
sample_09204.html,0.0250462978628081,0.10500114411816354,-0.26051190332015844,0.3634754238714578,-0.023322027693952873,0.1386497537562658,-0.44887348689285445,0.5230846408262918,0.23000789297615803,-0.24611901972778102,-0.02613359816672435,-0.04937323577617889,0.2205844959323668,0
sample_00126.html,-0.4391436144772247,-0.4717720437546845,-0.4993703348891979,-0.43716090303832467,0.6684286170186974,-0.30611392818589006,-0.10977361938621372,0.39885374422855047,0.3027088270904262,-0.26012646320932087,0.0034355182803106135,-0.10132483667342611,0.024517338115470452,0
sample_05796.html,-0.41819059760076494,-0.4717720437546845,-0.1012729489407988,-0.2960525848856427,-0.3595051665878532,-0.025851882030558975,0.22932624812042704,0.47703651871951797,-0.01840777191119486,-0.15340572701676505,-0.018419915615323922,-0.1024825325151475,0.25691926216705824,0
sample_09925.html,-0.3273941911361057,-0.3406872283290372,-0.4993703348891979,-0.3931923691211846,0.4911933928541008,-0.2817433154767308,-0.10977361938621372,0.343253371727165,0.015338298281638785,-0.25871683934073486,-0.004278164271089811,-0.09582578142524951,-0.20254721649351112,1
sample_00809.html,-0.08133055704844942,-0.061039622087656356,-0.26051190332015844,-0.2531065750130873,-0.07838436354299555,-0.17816821146280412,-0.10977361938621372,0.5930216419603658,0.7933419625057188,-0.10530092507619959,-0.01584868809819045,0.05554294987982175,-0.37929587681759774,0
sample_01527.html,-0.1237738476443552,0.22734697184876765,-0.34013138050983827,-0.04860176609615691,0.925682923780115,-0.01975922885326917,-0.44887348689285445,0.0478024573204988,-0.6232571532997881,-0.2553315221760204,-0.024847984408157612,-0.08613007875083291,0.5631189454549902,0
sample_03594.html,-0.4090572312700004,-0.4368160929745119,1.729975026421837,-0.4422735232612479,-1.7104247085355702,-0.3304845408950493,0.22932624812042704,0.628146024638912,0.9780053277104046,0.3395297503672803,0.06643059245008076,-0.08945845429578189,-1.1937570381023819,1
sample_00160.html,-0.3521080059134686,-0.3581652037191235,-0.1012729489407988,-0.22652094985388635,0.39560204096852697,-0.04412984156242839,0.22932624812042704,0.645927858388974,0.2652464884964037,-0.22053490148297175,-0.02613359816672435,-0.10089070073278059,-0.017040835393827766,0
sample_04260.html,-0.3655394269881223,-0.4018601421943393,-0.5789898120788778,-0.4310257587708167,-0.1756866406264978,-0.245187396412992,-0.10977361938621372,-1.9925510562714843,-1.3824029425982256,-0.2694166614613405,0.0008642907631771383,-0.10291666845579302,-0.8935440908857661,1
sample_01951.html,-0.4477397239650031,-0.4805110314497277,-0.5789898120788778,-0.4688591484204489,-0.6502400691274753,-0.30002127500860026,-0.10977361938621372,-1.9925510562714843,-0.14469037377730304,-0.2694943572651209,-0.02613359816672435,-0.1034955163766537,-0.6095858697734594,1
sample_06353.html,1.1941171882006685,2.2722700924888652,0.7745413001456792,0.6354668197309753,1.0975993237550847,-0.23909474323570218,0.5684261156270678,0.6156921875712394,-0.03502594082894439,-0.08528870590249411,-0.02613359816672435,0.018641394924952558,-0.07417425138889787,0
sample_07844.html,0.02021098627593276,0.19239102106859504,0.45606339138695995,-0.20504794491760867,-0.11799457652081484,-0.31829923454046966,0.5684261156270678,0.6987348518847621,0.4732556203879788,-0.16311770248930652,-0.02613359816672435,-0.0168130402277649,-0.7388361779934135,0
sample_06485.html,-0.4337710460473632,-0.4717720437546845,-0.5789898120788778,-0.4310257587708167,0.16641209992948797,-0.2878359686540206,-0.10977361938621372,-1.9925510562714843,-0.9683090737414821,-0.2694832578645808,-0.02613359816672435,-0.10320609241622336,0.3296361865230303,1
sample_04711.html,-0.3096647153175628,-0.3406872283290372,-0.4993703348891979,-0.37376441227407625,0.06381297614258408,-0.2695580091221512,-0.10977361938621372,0.3316516123233787,-2.6902907612045635,-0.26031515301850167,-0.02613359816672435,-0.0910502860781488,3.5660843661725488,1
sample_01750.html,0.30979242464546713,0.4545606519198896,0.05796600543856084,0.15692556686535813,-0.2834978321612621,0.10209383469252695,-0.10977361938621372,0.6033836570410336,-0.006463292080486914,-0.13938718413468518,-0.02613359816672435,0.041216463838519596,-0.25543884351747015,0
sample_01387.html,-0.31611179743339657,-0.46303305605964135,-0.4197508576995181,-0.3911473210320153,-0.668870854756959,-0.16598290510822453,-0.44887348689285445,0.4680632823996033,0.4333726582408978,-0.2630456055513533,-0.022276756891024138,-0.05646412280672238,-0.5393544314883331,1
sample_02981.html,-0.24250760994429416,-0.20960241290338993,-0.4993703348891979,-0.31752558982192036,0.8298338557395974,-0.3365771940723391,-0.10977361938621372,0.01660112101228969,0.024221177991065417,-0.2653542808636832,0.0008642907631771383,-0.08395939904760531,-0.14945186302667832,1
sample_06334.html,-0.4520377787088923,-0.4805110314497277,-0.4993703348891979,-0.483174485044634,-1.1624160229061482,-0.3365771940723391,-0.44887348689285445,0.12508687972960042,-1.2287506374063095,-0.24961533089789595,-0.027419211925291086,-0.10364022835686888,2.1325026518561985,1
sample_06017.html,-0.155472001380538,-0.13969051134304472,-0.1012729489407988,-0.15392174268837608,0.6692749288924795,0.04116730291962889,-0.44887348689285445,0.5532345442070827,0.05636259090516601,-0.23034677156037367,-0.02613359816672435,-0.042137636765420226,-0.0869562799636119,0
sample_00916.html,-0.3273941911361057,-0.3406872283290372,-0.4993703348891979,-0.3931923691211846,0.4911933928541008,-0.2817433154767308,-0.10977361938621372,0.343253371727165,0.01303226845841934,-0.25871683934073486,-0.004278164271089811,-0.09582578142524951,-0.2023741806974135,1
sample_01903.html,-0.10926791288372917,-0.13095152364800158,0.13758548262824066,0.39108357307524344,0.3709761858967873,0.19348363235187405,0.9075259831337085,0.5050273886660179,0.51774884477417,-0.21262102889791795,-0.02613359816672435,-0.08338055112674461,-0.10470810729080392,0
sample_03264.html,-0.4144297996998619,-0.4805110314497277,-0.021653471751118984,-0.39523741721035394,0.36773112436228944,-0.20253882417196337,-0.10977361938621372,0.5123878949774493,0.1542322824735557,-0.2040633910815414,-0.02613359816672435,-0.10320609241622336,0.07737019114473408,1
sample_04909.html,-0.3096647153175628,-0.3406872283290372,-0.4993703348891979,-0.37376441227407625,0.06381297614258408,-0.2695580091221512,-0.10977361938621372,0.3316516123233787,-2.690369538117064,-0.26031515301850167,-0.02613359816672435,-0.0910502860781488,3.5660843661725488,1
sample_02698.html,-0.2580880583908925,-0.4717720437546845,-0.4993703348891979,-0.37376441227407625,-0.6310003454324387,-0.23300209005841238,0.22932624812042704,0.6025060851622493,2.168775181921409,-0.03973676608613957,-0.02613359816672435,0.11907150919428283,-0.29438635640209954,1
sample_01726.html,-0.39240226913742976,-0.34942621602408036,-0.4197508576995181,-0.38807974889826136,0.027585194586293584,-0.3304845408950493,-0.10977361938621372,0.5338328727732901,0.41432172425785396,-0.19117698705454636,-0.0209911431324574,-0.08540651884975704,-1.0965346492329182,1
sample_09829.html,2.172461899278446,1.3721543598994208,6.0294267946645475,2.4126136092191004,1.092140610352368,1.2596979383775901,-0.10977361938621372,0.5523607157654293,1.0189542193541032,1.516654475840928,-0.02613359816672435,0.7398859043173763,-0.8416327392865356,0
sample_02202.html,0.23565098031337856,0.061306205642947774,0.6949218229559994,-0.3011652051085659,-0.40471748864731655,-0.25128004959028183,-0.10977361938621372,0.7882618955685329,2.490726326414919,-0.2312236242030374,-0.02613359816672435,1.1060072142617647,-1.387741860307062,1
sample_05073.html,0.2797060414382428,0.419604701139717,3.1631256158360737,0.15283547068701953,1.061537145494693,0.07772322198336773,0.5684261156270678,0.371054446012425,-0.28292335756235854,0.04488506363118186,-0.02613359816672435,-0.026653454882396684,0.5772155610791715,0
sample_06697.html,-0.44397892606410005,-0.4717720437546845,-0.4993703348891979,-0.4852195331338033,-2.256016803315404,-0.3304845408950493,-0.44887348689285445,0.38490793188890293,0.056421143122623404,-0.2612697014649457,0.007292359556010826,-0.1019036845942868,-0.7146742166535045,1
sample_07226.html,-0.4455906965930585,-0.4805110314497277,-0.4993703348891979,-0.4893096293121419,-2.256016803315404,-0.32439188771775945,-0.44887348689285445,0.8918444226471598,1.82219000350318,-0.26616453710310667,0.013720428348844514,-0.09654934132632538,-1.3205337375578676,1
sample_03431.html,-0.35049623538451014,-0.3581652037191235,0.7745413001456792,-0.4238680904587242,-1.1369599711689051,-0.3365771940723391,-0.44887348689285445,0.590803209743753,0.4425182864553923,4.700561918355686,0.02529095217594515,-0.08207814330480806,-1.0098103129083478,0
sample_08407.html,1.8538685913876596,1.5731510768854131,0.21720495981792048,0.9483591773738788,0.7599861160702988,1.4424775336962843,0.9075259831337085,0.5775871190531884,0.43669673905870626,-0.08031617446055288,-0.02613359816672435,-0.004801945869905515,-0.7179179598721237,0
sample_02614.html,0.0905916327071183,0.026350254862775167,2.207691889559916,0.606836146482605,0.9123166272599582,0.23613220459290268,0.5684261156270678,0.6780868863266972,0.9747969041313558,5.695745270176877,-0.02613359816672435,0.053082846216163805,-0.8892742839877552,0
sample_07749.html,-0.4488142376509754,-0.4805110314497277,-0.5789898120788778,-0.45249876370709446,0.059242876278372554,-0.3304845408950493,-0.44887348689285445,-1.9925510562714843,-0.10862686614741542,-0.2694943572651209,0.03557586224447905,-0.1034955163766537,0.24200252570820774,1
sample_04982.html,-0.436457330262294,-0.4805110314497277,-0.4993703348891979,-0.44329604730583255,0.08141459285252393,-0.2878359686540206,-0.10977361938621372,0.5875359989928212,1.126667479096995,-0.25769569449105045,-0.02613359816672435,-0.10320609241622336,-0.05214974887894934,1
sample_02923.html,-0.4477397239650031,-0.4805110314497277,-0.4197508576995181,-0.4453410953950019,0.439460443289678,-0.31220658136317986,-0.10977361938621372,0.4747159814633654,-0.12929805210657028,-0.2588500321472154,-0.0107062330639235,-0.10364022835686888,-0.14261097783348572,1
sample_01930.html,0.04170125999537873,0.20986899645868135,0.854160777335359,-0.056781958452834125,0.49077526951325645,-0.29392862183131047,0.5684261156270678,0.5451650435268682,0.16145373464362642,-0.11714398545243017,-0.02613359816672435,-0.05762181864844377,0.12540655524116387,0
sample_08863.html,-0.42195139550166794,-0.4105991298893824,-0.4197508576995181,-0.44329604730583255,-0.8344868744628522,-0.29392862183131047,-0.44887348689285445,0.5582430047860188,0.1647168812930074,-0.26354507857565546,-0.02613359816672435,-0.10060127677235024,-0.10943629216645229,0
sample_05105.html,-0.4520377787088923,-0.4805110314497277,-0.4993703348891979,-0.48828710526755725,-2.256016803315404,-0.3365771940723391,-0.44887348689285445,0.6948797331186194,1.5196087503905018,-0.23345460371158694,-0.027419211925291086,-0.10364022835686888,-1.3340155493845216,1
sample_02849.html,-0.42678670708854327,-0.4805110314497277,-0.4993703348891979,-0.43613837899374003,0.22870312713976457,-0.2634653559448614,-0.10977361938621372,0.41080236828343436,1.3145796091173665,-0.26777395018141353,-0.02613359816672435,-0.10320609241622336,-0.47358072490267605,1
sample_00533.html,-0.20113883303436067,-0.3057312775488646,-0.1012729489407988,-0.0956378721470509,0.6036603231708788,0.37626322767056825,-0.10977361938621372,0.20436812579035485,-0.40735458868108315,-0.23634044785199926,-0.02613359816672435,-0.095391645484604,0.7819751079677582,0
sample_08102.html,-0.2398213257293634,-0.44555508066955507,-0.18089242613047862,-0.2725345318601957,-0.31865082440568876,0.19348363235187405,-0.10977361938621372,0.7355934529442927,-0.14441975582124866,-0.2573294142732289,-0.02613359816672435,-0.0997330048910592,0.22898681015268785,0
sample_07777.html,-0.44182989869215544,-0.4805110314497277,-0.5789898120788778,-0.4044401336116158,0.39005498763978147,-0.20863147734925316,-0.10977361938621372,-1.9925510562714843,-0.5311948564767017,-0.2694943572651209,-0.013277460581056975,-0.09843059706912263,0.357549095088158,1
sample_06445.html,-0.44666521027903083,-0.4805110314497277,-0.4197508576995181,-0.4678366243758642,-1.5106540643212891,-0.29392862183131047,-0.10977361938621372,0.37736588198594256,0.20308214410977832,-0.26721898015441115,-0.02613359816672435,-0.10320609241622336,-0.4544497350062705,1
sample_07978.html,0.028807095763711148,-0.27951431446373515,1.9688334579908764,-0.3297958783569362,-0.25664366347036666,-0.3365771940723391,-0.10977361938621372,0.6891399942810751,1.1320228104492462,2.9371446575556543,0.012434814590277775,0.24569449188255946,-1.2738420383877587,1
sample_07752.html,-0.3827316459636791,-0.2882533021587783,-0.4993703348891979,-0.3717193641849069,1.0272830076069597,-0.31829923454046966,-0.44887348689285445,-0.4061239611480421,-0.28286358990613614,-0.2629013133443327,-0.02613359816672435,-0.10219310855471715,0.10994819535876853,1
sample_09802.html,0.012152133631140524,-0.008605695917397443,0.05796600543856084,0.05365063836230829,1.159442237954695,-0.025851882030558975,-0.10977361938621372,0.6385348599172018,0.757330368531561,1.160574607115667,-0.02613359816672435,-0.049517947756394065,-0.48069922094625345,0
sample_02897.html,0.03579143472253109,0.3846487503595444,0.6153023457663196,-0.1191559251724979,-0.0013967629803452433,-0.19035351781738374,-0.10977361938621372,0.6272330682969355,-0.24604196522196042,-0.24064701526153764,-0.02613359816672435,-0.08482767092889634,0.12547772781582442,0
sample_00039.html,-0.4520377787088923,-0.4805110314497277,-0.5789898120788778,-0.48828710526755725,-0.802559461368469,-0.3365771940723391,-0.44887348689285445,-1.9925510562714843,-0.5995553892337647,-0.2694943572651209,-0.027419211925291086,-0.10364022835686888,0.2594178641217855,0
sample_05707.html,-0.2156447677949867,-0.13969051134304472,-0.1012729489407988,-0.0680297229432653,0.38769500289758985,-0.11114902651261627,0.5684261156270678,0.6064725403518703,0.3754965620731104,-0.14156266664053446,-0.02613359816672435,-0.06514684161963279,-0.05072805746955564,0
sample_06511.html,-0.2666841678786709,-0.08725658517278581,0.05796600543856084,0.0577407345406469,0.94211808041242,-0.1598902519309347,-0.10977361938621372,0.534302974676337,-1.0708946419674388,-0.23244455826244262,-0.02613359816672435,-0.08106515944330184,1.5938282291971184,0
sample_07144.html,-0.3821943891206929,-0.2882533021587783,-0.5789898120788778,-0.37376441227407625,1.0298242566479083,-0.31829923454046966,-0.44887348689285445,-1.9925510562714843,-0.2285732750027962,-0.2694943572651209,-0.02613359816672435,-0.10204839657450197,0.2305492430794769,1
sample_00577.html,0.0599679926569078,0.3671707749694581,-0.26051190332015844,-0.1938001804271775,1.3425894119698047,-0.30002127500860026,-0.10977361938621372,0.584030785752841,1.07621257391972,-0.16123080439749846,0.006006745797444088,-0.07846034379942872,-1.16519283333517,1
sample_06739.html,-0.43054750498944633,-0.4717720437546845,-0.4993703348891979,-0.44840866752875586,-0.4802532427832406,-0.30002127500860026,-0.10977361938621372,0.15641832936714456,1.0097295232428287,-0.25876123694289505,-0.011991846822490236,-0.10364022835686888,0.526540205527383,1
sample_05056.html,-0.2639978836637401,-0.3581652037191235,-0.021653471751118984,-0.20504794491760867,0.673507214990061,0.10209383469252695,0.22932624812042704,0.5918832661276134,0.6317484902892438,0.06578523484809112,-0.02613359816672435,-0.08063102350265633,-0.7224306844127577,0
sample_09379.html,-0.37252376594694225,-0.4018601421943393,-0.4197508576995181,-0.4637465281975256,-1.1872981709558512,-0.29392862183131047,-0.44887348689285445,0.4860518373904618,0.09848448396042132,-0.18881281473951628,-0.011991846822490236,-0.09423394964288262,-1.2306273913249948,0
sample_03607.html,-0.28817444159811684,-0.4542940683645982,-0.26051190332015844,-0.2193632815417938,-0.20464900679938136,-0.06240780109429781,-0.10977361938621372,0.6286003492411074,1.5148721700726173,-0.25375540729933366,-0.01970552937389066,-0.05328045924198857,-0.06031608149066814,0
sample_01184.html,-0.3821943891206929,-0.2882533021587783,-0.5789898120788778,-0.37376441227407625,1.0298242566479083,-0.31829923454046966,-0.44887348689285445,-1.9925510562714843,-0.2285732750027962,-0.2694943572651209,-0.02613359816672435,-0.10204839657450197,0.2305492430794769,1
sample_07636.html,-0.3273941911361057,-0.3406872283290372,-0.4993703348891979,-0.3931923691211846,0.4911933928541008,-0.2817433154767308,-0.10977361938621372,0.343253371727165,0.013265910810179351,-0.25871683934073486,-0.004278164271089811,-0.09582578142524951,-0.202201092750684,1
sample_03632.html,0.2668118772065752,0.5157335657851917,0.05796600543856084,0.40948900587776715,0.496833467452731,-0.07459310744887743,-0.10977361938621372,0.7205145162655376,-0.1385316348262719,-0.20227638759459377,-0.018419915615323922,-0.04734726805316646,0.6116991233014973,0
sample_00396.html,-0.19200546670359614,-0.0348226590025269,0.5356828685766397,-0.23572366625514823,1.0297939520623287,-0.18426086464009395,-0.10977361938621372,0.6350691066801388,1.426529285825999,1.113957124847468,-0.011991846822490236,-0.0872877745925543,-1.0628028514047143,1
sample_08532.html,-0.328468704822078,-0.270775326768692,-0.4993703348891979,-0.389102272942846,-0.05788687236888822,-0.2878359686540206,0.22932624812042704,0.3878165121376359,0.20165934170610103,-0.2605371410293026,-0.004278164271089811,-0.09307625380116123,-0.5773222817181572,1
sample_00446.html,-0.3795081049057622,-0.44555508066955507,0.3764439141972801,-0.28889491657355015,-1.7520939981932921,-0.19644617099467354,0.5684261156270678,0.2286124929689969,-0.9791462579562457,-0.24782832741094832,-0.009420619305356762,-0.10262724449536266,1.731213449273171,1
sample_06030.html,0.12067801591434264,0.37590976266450127,0.854160777335359,0.056718210496062245,0.4595977737905229,0.04116730291962889,0.5684261156270678,0.6085910232826223,0.6239240388621936,-0.06658621599251424,-0.02613359816672435,-0.017970736069486286,-0.46143291319815266,0
sample_02165.html,-0.4144297996998619,-0.4542940683645982,-0.4993703348891979,-0.3257057821785976,0.5175315175718104,-0.2817433154767308,-0.10977361938621372,0.5753563092175383,0.36426373708983123,-0.1929861893425741,-0.008135005546790024,-0.09886473300976815,-0.4170771190494151,1
sample_03526.html,-0.41872785444375105,-0.44555508066955507,-0.4993703348891979,-0.41466537405746234,-0.8807664702485071,-0.30002127500860026,-0.10977361938621372,0.40973863008096567,0.42220264208583586,-0.25702973045864763,-0.014563074339623712,-0.10045656479213506,-0.37157295495220827,1
sample_07254.html,-0.4520377787088923,-0.4805110314497277,-0.5789898120788778,-0.49237720144589586,-2.256016803315404,-0.3365771940723391,-0.44887348689285445,-1.9925510562714843,-0.7890435544950053,-0.2694943572651209,-0.027419211925291086,-0.10364022835686888,-1.3764110403993035,1
sample_09003.html,-0.3096647153175628,-0.3406872283290372,-0.4993703348891979,-0.37376441227407625,0.06381297614258408,-0.2695580091221512,-0.10977361938621372,0.3316516123233787,-2.6902627571864066,-0.26031515301850167,-0.02613359816672435,-0.0910502860781488,3.566025188243186,1
sample_01064.html,0.19965477183330657,-0.07851759747774266,0.854160777335359,0.1599931389991121,0.5749622318791945,0.38235588084785804,-0.10977361938621372,0.5319577603524581,0.47847401659783856,0.1786328401387531,-0.02613359816672435,0.07348723542650323,-0.6553100443482994,0
sample_09336.html,-0.24250760994429416,-0.20960241290338993,-0.4993703348891979,-0.31752558982192036,0.8298338557395974,-0.3365771940723391,-0.10977361938621372,0.01660112101228969,0.024221177991065417,-0.2653542808636832,0.0008642907631771383,-0.08395939904760531,-0.14945186302667832,1
sample_01103.html,-0.4520377787088923,-0.4805110314497277,-0.5789898120788778,-0.4872645812229726,-0.7067890193140784,-0.3365771940723391,-0.44887348689285445,-1.9925510562714843,0.22606251694284138,-0.2694943572651209,-0.027419211925291086,-0.10364022835686888,-0.8721332970100784,1
sample_02012.html,0.8760611371528683,-0.20960241290338993,3.6408424789741525,1.1385486496666242,0.86351872889114,1.643535088546848,0.5684261156270678,0.5719138424899731,0.33764925900108106,2.7617630296223656,-0.02613359816672435,-0.05762181864844377,-0.36471617685399443,0
sample_04661.html,-0.385955187021596,-0.39312115449929613,-0.4993703348891979,-0.42284556641413956,0.235483390574574,-0.2817433154767308,-0.10977361938621372,0.10007527399045031,-0.4786282036976205,-0.21183297145957458,-0.02613359816672435,-0.09958829291084402,1.547876795206834,1
sample_06577.html,-0.44666521027903083,-0.4805110314497277,-0.18089242613047862,-0.4412509992166633,-0.11242070690411045,-0.30002127500860026,-0.10977361938621372,0.6159075012383525,0.5719195187866983,-0.17912303806805488,-0.02613359816672435,-0.10364022835686888,-0.5958993015289547,1
sample_09057.html,-0.375210050161873,-0.4717720437546845,-0.5789898120788778,-0.33695354666902877,-0.3092369386597769,-0.10505637333532646,-0.44887348689285445,-1.9925510562714843,-0.964207632280635,-0.2694943572651209,-0.01970552937389066,-0.10364022835686888,0.9392475281756939,0
sample_09701.html,-0.43162201867541866,-0.46303305605964135,-0.5789898120788778,-0.46988167246503354,-0.5190038326404544,-0.30002127500860026,-0.44887348689285445,-1.9925510562714843,0.07776651133405947,-0.26943886026242064,-0.0107062330639235,-0.1024825325151475,-0.3122874518749758,1
sample_08114.html,0.33235721205088536,0.39338773805458754,0.3764439141972801,0.2959888369288708,1.8723617621241313,-0.025851882030558975,0.22932624812042704,0.6570792512320035,0.36099532182241456,0.2704692802071053,-0.02613359816672435,0.008800980270320774,0.2938384153433174,0
sample_07197.html,-0.4488142376509754,-0.4717720437546845,-0.5789898120788778,-0.4678366243758642,-0.5636349655574512,-0.3365771940723391,-0.10977361938621372,-1.9925510562714843,-0.168321894753002,-0.2694943572651209,0.018862883383111463,-0.10364022835686888,-0.07444076719238102,1
sample_05451.html,-0.4520377787088923,-0.4805110314497277,-0.4993703348891979,-0.48419700908921864,-1.1191368112236186,-0.3365771940723391,-0.44887348689285445,-0.0908437213597368,-1.6961167289704908,-0.2507807679546009,-0.027419211925291086,-0.10364022835686888,2.7110837157434675,1
sample_08851.html,0.38876918056443105,0.7429472458563137,0.2968244370076003,-0.03735400160572574,0.6280251615282939,-0.32439188771775945,0.9075259831337085,0.735113745313594,0.0180117330978269,-0.21839271717874262,-0.01970552937389066,-0.026219318941751165,-0.2950958005585685,0
sample_04370.html,-0.22048007938186204,-0.3581652037191235,0.21720495981792048,-0.1764172716692384,0.2682455908372322,0.07772322198336773,-0.10977361938621372,0.4766379441408846,-0.17761898157309608,-0.15696863459012025,-0.02613359816672435,-0.08092044746308667,0.45351754809286243,0
sample_08716.html,-0.4520377787088923,-0.4805110314497277,-0.5789898120788778,-0.4729492445987875,-1.2358954982675527,-0.3365771940723391,-0.44887348689285445,-1.9925510562714843,-1.031364697829471,-0.2694943572651209,-0.027419211925291086,-0.10364022835686888,0.28770998600557657,1
sample_07131.html,-0.4520377787088923,-0.4805110314497277,-0.5789898120788778,-0.48828710526755725,-0.4857802989613899,-0.3365771940723391,-0.44887348689285445,-1.9925510562714843,-2.374105694263592,-0.2694943572651209,-0.027419211925291086,-0.10364022835686888,-0.06926926283400898,0
sample_00962.html,-0.3601668585582608,-0.3319482406339941,-0.26051190332015844,-0.342066166891952,0.35938525118338505,-0.29392862183131047,0.5684261156270678,0.3972371751335054,-0.5263526462898709,-0.2518019128042853,-0.01970552937389066,-0.0937998137022371,0.6156132889663893,0
sample_07081.html,-0.1323699571321336,-0.11347354825791527,0.6153023457663196,-0.25208405096850267,0.701891111196922,-0.17816821146280412,-0.10977361938621372,0.8114542180518212,1.6438359500268744,0.4410115695049337,-0.02613359816672435,-0.06731752132286038,-1.2243317670619105,0
sample_02280.html,-0.20006431934838836,-0.3319482406339941,-0.18089242613047862,-0.16005688695588396,0.5540007244486708,0.29096608318851097,0.22932624812042704,0.8782638741220431,-0.9380594011373055,-0.25991557459905995,-0.02613359816672435,-0.08063102350265633,1.3888162341379588,0
sample_08351.html,-0.411206258641945,-0.4805110314497277,-0.5789898120788778,-0.4064851817007851,0.3995870758040268,-0.25128004959028183,0.22932624812042704,-1.9925510562714843,-0.058170624502516755,-0.2694166614613405,-0.02613359816672435,-0.10320609241622336,-0.441555673836931,1
sample_05314.html,-0.1721269635131086,0.15743507028842244,-0.4197508576995181,-0.11608835303874394,-0.08490233848830636,-0.23909474323570218,-0.10977361938621372,0.5683471591962312,-0.6702995982654955,-0.26428873841183864,-0.022276756891024138,-0.08859018241449086,0.24872957910997978,0
sample_04861.html,-0.4343083028903494,-0.4542940683645982,-0.4197508576995181,-0.4555663358408484,0.04304766728500618,-0.32439188771775945,-0.44887348689285445,0.9754368590135798,0.47121985315948023,-0.2650323982480218,0.0034355182803106135,-0.10219310855471715,-0.14302858705476404,0
sample_01962.html,0.5279187028978437,0.7516862335513568,0.854160777335359,0.1446552783303423,0.25029688245796283,-0.2634653559448614,0.5684261156270678,0.584089549461782,0.2815825777675397,0.056850217413352964,-0.02613359816672435,-0.007985609434639327,0.12727520363984485,0
sample_04320.html,-0.2725939931515185,-0.26203633907364887,0.5356828685766397,-0.3338859745352748,0.5046013248710325,-0.245187396412992,-0.10977361938621372,0.6569964615512103,0.4961429040020671,-0.1708650840662596,-0.02613359816672435,-0.05805595458908929,-0.6568933244901249,1
sample_01593.html,-0.14741314873574576,-0.26203633907364887,0.3764439141972801,-0.09972796832538951,0.402870387490907,0.10818648786981676,2.942125188173553,0.6570376184818543,0.24772344601873492,-0.21531818322914947,-0.014563074339623712,-0.06225260201532931,0.2263994608604047,1
sample_04192.html,-0.44397892606410005,-0.4805110314497277,-0.5789898120788778,-0.32161568600025897,-0.04602867107459104,-0.2634653559448614,0.22932624812042704,-1.9925510562714843,-1.1824598898151435,-0.2694610590635007,-0.02613359816672435,-0.10219310855471715,-0.32082093797176897,1
sample_08865.html,-0.4520377787088923,-0.4805110314497277,-0.5789898120788778,-0.483174485044634,-1.2720318634131071,-0.3365771940723391,-0.44887348689285445,-1.9925510562714843,-0.0795097429896247,-0.2694943572651209,-0.027419211925291086,-0.10364022835686888,-0.014750783815409774,0
sample_01929.html,0.8808964487397436,0.2360859595438108,0.2968244370076003,0.862467157628768,1.3731569522068456,2.496506533367421,0.5684261156270678,0.44833379366084053,-0.69450988955042,-0.19808081419045587,-0.02613359816672435,0.08680073760629918,0.7173849860446496,0
sample_09493.html,0.09112888955010444,0.27978089801902656,0.6153023457663196,0.13545256192908045,2.273625621577574,0.05944526245149831,0.22932624812042704,0.6849964550939652,0.9148388849629818,1.5517285815474777,0.0008642907631771383,-0.07122474478867005,-0.7011144396324063,1
sample_01563.html,-0.4477397239650031,-0.4805110314497277,-0.4197508576995181,-0.4903321533567266,-2.256016803315404,-0.3304845408950493,-0.44887348689285445,-0.35839779309504005,-4.317743006857751,-0.11969684757664108,0.03429024848591231,-0.1034955163766537,-1.5374167939565893,1
sample_03494.html,-0.3961630670383328,-0.4105991298893824,0.05796600543856084,-0.46681410033127957,-0.9691014484665553,-0.3365771940723391,-0.44887348689285445,0.6790211132571646,0.8937069678843286,-0.11379196648933586,0.03429024848591231,-0.09683876528675574,-0.8024177066987619,1
sample_03389.html,-0.44075538500618316,-0.4717720437546845,-0.5789898120788778,-0.4300032347262321,-1.623292835688391,-0.31829923454046966,-0.10977361938621372,-1.9925510562714843,-0.3605340977693512,-0.2694943572651209,-0.0107062330639235,-0.10320609241622336,-0.29611666221244476,1
sample_01329.html,-0.4477397239650031,-0.4805110314497277,-0.4993703348891979,-0.47806186482171076,-1.4148956556824754,-0.31829923454046966,-0.44887348689285445,0.35145792066472964,0.06668472264291235,-0.26799593819221446,-0.011991846822490236,-0.10364022835686888,-0.8366839963516206,1
sample_06667.html,-0.3821943891206929,-0.2882533021587783,-0.5789898120788778,-0.37376441227407625,1.0353268160137736,-0.31829923454046966,-0.44887348689285445,-1.9925510562714843,-0.09632974426958875,-0.2694943572651209,-0.02613359816672435,-0.10204839657450197,0.25185724806001436,1
sample_06082.html,-0.4520377787088923,-0.4805110314497277,-0.5789898120788778,-0.486242057178388,-1.0200836873138628,-0.3365771940723391,-0.44887348689285445,-1.9925510562714843,0.19333343166059386,-0.2694943572651209,-0.027419211925291086,-0.10364022835686888,0.25538278721721513,1
sample_07214.html,-0.08724038232129706,0.03508924255781832,0.05796600543856084,0.7285165077881786,0.5535843634248531,1.1561228343636636,-0.10977361938621372,0.5349215769338994,-1.4814136453328786,-0.2324334588619026,-0.02613359816672435,0.05829247750391004,2.0571299174661326,0
sample_08920.html,-0.4520377787088923,-0.4805110314497277,-0.5789898120788778,-0.49237720144589586,-0.7419987387873467,-0.3365771940723391,-0.44887348689285445,-1.9925510562714843,1.298248801339678,-0.2694943572651209,-0.027419211925291086,-0.10364022835686888,-1.1818565246935473,1
sample_09525.html,-0.43538281657632166,-0.4717720437546845,-0.4197508576995181,-0.4494311915733405,-1.8285293515827974,-0.22690943688112258,-0.10977361938621372,0.4066228702510142,0.20549469220527664,-0.2642110426080583,-0.02613359816672435,-0.10233782053493232,-0.4970429029906451,1
sample_01716.html,0.7798921622583476,0.4895166027000622,-0.34013138050983827,0.492313453489124,0.6593665103420427,-0.31829923454046966,1.9248255856536307,0.33901548918481794,-0.14929358029138065,-0.26599804609500594,-0.0107062330639235,0.05424054205788519,-0.43252528348330616,0
sample_07550.html,-0.241970353101308,-0.27951431446373515,-0.34013138050983827,-0.23776871434431754,0.47088866040389715,-0.09896372015803664,-0.44887348689285445,0.580285792498088,0.892403293930118,-0.21540697843346987,-0.02613359816672435,-0.006972625573133114,-0.7867338214094273,0
sample_06476.html,0.16795661809712376,0.4720386273099759,2.9242671842670345,0.10682188868071019,-0.2016625516624494,-0.05631514791700801,0.5684261156270678,0.486544900012304,0.07842559072965356,0.44613949255443563,-0.02613359816672435,-0.05414873112327961,-0.5253055467298475,0
sample_02099.html,-0.4477397239650031,-0.4805110314497277,-0.4993703348891979,-0.4749942926879568,-1.472289803425565,-0.31220658136317986,-0.10977361938621372,0.3391934432522604,0.19293084074541011,-0.2680514351949147,-0.009420619305356762,-0.10364022835686888,-0.7620769896873242,1
sample_08962.html,-0.44075538500618316,-0.4717720437546845,-0.4993703348891979,-0.4709041965096182,-1.6380502483426695,-0.30002127500860026,-0.10977361938621372,0.17530077781688883,0.2626463714186053,-0.2687062998267775,-0.02613359816672435,-0.10277195647557784,-0.36206272663598704,1
sample_00405.html,-0.4026101491541666,-0.4717720437546845,0.13758548262824066,-0.21322813727428588,-0.5820518204344169,0.1508350601108454,0.22932624812042704,0.5229590594349823,-0.07895745224993485,-0.1801108847161191,-0.01584868809819045,-0.10233782053493232,0.2965280059491173,0
sample_09502.html,2.039222202217881,3.5569012836602085,0.21720495981792048,2.1191492084233055,1.0709683334390458,-0.21472413052654296,1.9248255856536307,0.4061139128300343,-0.0332305935683684,0.06081270340614989,-0.02613359816672435,0.7189026671861762,0.2630790731474459,0
sample_09738.html,-0.3805826185917345,-0.2882533021587783,-0.5789898120788778,-0.36660674396198367,0.871221756055918,-0.31220658136317986,-0.10977361938621372,-1.9925510562714843,0.19058544049151455,-0.2694943572651209,-0.02613359816672435,-0.1019036845942868,0.08132898471273364,1
sample_01518.html,5.382571536120687,1.214852581388644,-0.18089242613047862,6.003718053800398,1.156448200615296,13.804470830417301,-0.10977361938621372,0.5924842140249278,-0.6395579381949305,-0.20700473222465396,-0.0209911431324574,0.803125039671407,1.4751714613287652,0
sample_07457.html,1.7560878459641804,3.5569012836602085,-0.34013138050983827,1.426900430239496,2.304298694929785,-0.31220658136317986,0.5684261156270678,0.3732916769837496,-1.8998294702335339,-0.25961589078447866,-0.02613359816672435,0.14454081771215332,2.588973937208999,0
sample_04211.html,-0.3273941911361057,-0.3406872283290372,-0.4993703348891979,-0.3931923691211846,0.4911933928541008,-0.2817433154767308,-0.10977361938621372,0.343253371727165,0.015338298281638785,-0.25871683934073486,-0.004278164271089811,-0.09582578142524951,-0.20254721649351112,1
sample_00930.html,-0.32255887954923035,-0.4018601421943393,-0.4197508576995181,-0.34717878711487526,-0.29301407158440806,-0.2208167837038328,-0.10977361938621372,0.0035960509316255384,0.3049115497687824,-0.2662977299095872,0.0034355182803106135,-0.08280170320588393,0.2247973934534967,1
sample_02310.html,0.16527033388219303,0.39338773805458754,0.05796600543856084,0.3624528998268732,0.6115884363732741,-0.11724167968990606,-0.10977361938621372,0.5116526266324158,0.5960628836870834,4.736213192890318,-0.02613359816672435,0.012852915716345628,-0.9072101900073147,0
sample_06917.html,-0.4520377787088923,-0.4805110314497277,-0.4993703348891979,-0.49237720144589586,-2.256016803315404,-0.3365771940723391,-0.44887348689285445,0.7697396080118865,1.3592755619943566,2.1264777403122124,-0.027419211925291086,-0.10364022835686888,-1.5522331665246654,1
sample_05341.html,0.1663448475681653,0.3322148241892855,-0.34013138050983827,0.011727152534337554,-0.38964349481574484,-0.04412984156242839,-0.10977361938621372,0.7245622054974863,-0.5337350076169557,-0.22855976807342604,-0.02613359816672435,-0.0813545834037322,0.3836410470073266,0
sample_06270.html,0.3533102289273452,0.8915100366720472,-0.34013138050983827,-0.07416486721077321,0.5872816333563083,-0.3304845408950493,-0.10977361938621372,0.7057182950289842,0.007873202140820365,-0.22952541592041015,-0.02613359816672435,-0.057042970727583076,-0.4091452947909519,1
sample_06612.html,0.17977626864281904,0.12247911950824984,0.5356828685766397,0.23054729807545307,0.7750856907510887,0.010704037033179861,-0.10977361938621372,0.6622870423124363,1.01387813248304,1.5275096895690943,-0.02613359816672435,0.030652489282811942,-0.7110239853358246,0
sample_07567.html,-0.4520377787088923,-0.4805110314497277,-0.4993703348891979,-0.4872645812229726,-2.1586870680002836,-0.3365771940723391,-0.44887348689285445,0.26829661949702877,2.3554301516960736,-0.2686175046224571,-0.027419211925291086,-0.10364022835686888,-1.367112647949191,1
sample_07573.html,0.9276377940795386,1.2935034706440323,1.5707360720424772,1.608909710175564,1.6384925181259222,0.6565252738258993,-0.44887348689285445,0.536953610743436,0.5084578634738044,2.2173929301357407,-0.01584868809819045,-0.028100574684548418,-0.03091953960330314,1
sample_03607.html,-0.44344166922111394,-0.4805110314497277,-0.5789898120788778,-0.3850121767645074,0.0595402354823181,-0.2634653559448614,1.58572571814699,-1.9925510562714843,0.039198919164220844,-0.2694943572651209,-0.02613359816672435,-0.10060127677235024,-0.38186106209139314,1
sample_02447.html,-0.3913277554514574,-0.4542940683645982,-0.1012729489407988,-0.4565888598854331,-0.6662978355609438,-0.2817433154767308,-0.44887348689285445,0.39433592930257977,-0.35174069443867484,-0.1555257125199141,-0.011991846822490236,-0.08801133449363016,1.023573913264786,0
sample_03813.html,0.4946087786327024,1.0925067536580397,0.854160777335359,0.004569484222244991,0.12087569927527624,-0.30002127500860026,-0.10977361938621372,0.6223589446737414,-0.05638848998834637,-0.1882356459114338,-0.02613359816672435,0.019799090766673945,-0.24436799450891222,0
sample_04066.html,-0.4455906965930585,-0.4717720437546845,-0.5789898120788778,-0.4760168167325414,-0.5084934647318502,-0.3304845408950493,-0.44887348689285445,-1.9925510562714843,1.5170635314886165,-0.2694943572651209,0.009863587073144301,-0.10320609241622336,0.4353595586080583,1
sample_09248.html,0.6068954588168076,1.3634153722043776,0.2968244370076003,0.7561246569919642,1.0212904211543288,-0.20253882417196337,0.9075259831337085,0.5420639933170617,-0.267225108409413,0.22593848524043514,-0.02613359816672435,-0.05516171498478582,0.9752155711680226,0
sample_07154.html,-0.12538561817331365,0.15743507028842244,0.45606339138695995,-0.018948568803202004,0.2671278397487691,-0.2878359686540206,-0.10977361938621372,0.6127620794030586,0.05231485535720811,-0.1485219907791442,-0.0209911431324574,-0.06514684161963279,-0.32700479039338665,0
sample_01406.html,-0.4520377787088923,-0.4805110314497277,-0.4993703348891979,-0.4913546774013112,-2.256016803315404,-0.3365771940723391,-0.44887348689285445,0.26418862936781795,-0.33605608292068484,-0.26831782080787586,-0.027419211925291086,-0.10364022835686888,-0.3948113155664274,1
sample_00378.html,-0.4477397239650031,-0.4717720437546845,-0.4197508576995181,-0.45147623966250977,0.006365819599019019,-0.3365771940723391,-0.10977361938621372,0.7471557683676554,1.8257611248250665,-0.24406563062787226,0.0304334072102121,-0.1034955163766537,-0.1836204093580072,0
sample_05935.html,1.3681884053281808,1.800364756956535,1.3318776404734378,0.8021382389982735,0.1584848285211362,-0.013666575675979363,1.2466258506403491,0.6383109615922535,0.34850142246859067,-0.06518769152446827,-0.02613359816672435,0.19707126653026125,-0.038543075402263115,0
sample_08019.html,0.5891659829982646,1.0750287782679535,0.21720495981792048,0.14363275428575767,0.5183686181596879,-0.2878359686540206,0.5684261156270678,0.7058559433000617,0.1420326326044892,-0.19923515184662077,-0.017134301856757187,0.04324243156153202,-0.14364030092736113,0
sample_04368.html,0.09703871482295208,0.6555573689058821,-0.34013138050983827,0.2775834041263471,0.8213998606532654,-0.06850045427158762,-0.10977361938621372,0.5406521198312032,-0.47424257617297755,-0.25706302866026776,-0.02613359816672435,-0.08410411102782048,0.2817947093373954,0
sample_03321.html,-0.3273941911361057,-0.3406872283290372,-0.4993703348891979,-0.3931923691211846,0.4911933928541008,-0.2817433154767308,-0.10977361938621372,0.343253371727165,0.015317777452149232,-0.25871683934073486,-0.004278164271089811,-0.09582578142524951,-0.20254721649351112,1
sample_05041.html,0.25015691507400456,0.8740320612819609,0.13758548262824066,0.10988946081446414,1.0751469809046372,-0.275650662299441,0.9075259831337085,0.5738247389652763,-0.1179243624055699,-0.16564836581243733,-0.02613359816672435,-0.07411898439297353,0.4874764358469575,1
sample_02610.html,-0.4047591765261112,-0.39312115449929613,-0.4197508576995181,-0.3676292680065683,-0.3861696106470465,-0.31829923454046966,-0.10977361938621372,0.1799890851836058,-0.12128653126315084,-0.26836221841003605,0.020148497141678202,-0.10146954865364127,-0.22124812012999576,1
sample_06867.html,-0.3821943891206929,-0.2882533021587783,-0.5789898120788778,-0.37376441227407625,1.0298242566479083,-0.31829923454046966,-0.44887348689285445,-1.9925510562714843,-0.2285732750027962,-0.2694943572651209,-0.02613359816672435,-0.10204839657450197,0.2305492430794769,1
sample_03968.html,-0.4079827175840281,-0.4717720437546845,-0.4197508576995181,1.8451127644746186,2.7496167979690607,-0.23909474323570218,1.9248255856536307,-0.24341650966385803,-3.9840259825047792,-0.2679293417889742,-0.009420619305356762,-0.10204839657450197,4.66372817741213,1
sample_06928.html,-0.2188683088529036,-0.2183414005984331,0.45606339138695995,-0.13653883393043698,0.8723608305748021,0.053352609274208505,-0.44887348689285445,0.6717546546131345,0.786944930604606,0.24712724087138563,-0.02613359816672435,-0.05501700300457065,-1.1073943794465535,0
sample_09518.html,-0.42947299130347405,-0.4368160929745119,-0.4993703348891979,-0.48010691291088003,-1.0784472002629473,-0.3365771940723391,-0.44887348689285445,0.24723470602052885,0.496795653845785,-0.2677517513803334,0.040718317278746,-0.1019036845942868,-0.803833400785506,0
sample_01213.html,-0.41657882707180643,-0.4542940683645982,-0.18089242613047862,-0.09052525192412764,0.4146876376245948,-0.18426086464009395,-0.10977361938621372,0.2964824734794999,-0.7492163403009441,-0.17084288526517952,-0.02613359816672435,-0.09351038974180675,1.505294565817466,0
sample_02331.html,-0.04264806435344669,-0.20960241290338993,-0.26051190332015844,0.015817248712676164,0.6076334154318855,0.24222485777019248,-0.44887348689285445,0.7416439805748686,-0.5936188747203319,-0.24373264861167085,-0.02613359816672435,-0.06196317805489897,0.8946124673940138,0
sample_02426.html,-0.4520377787088923,-0.4805110314497277,-0.5789898120788778,-0.48828710526755725,-0.4857802989613899,-0.3365771940723391,-0.44887348689285445,-1.9925510562714843,-2.374105694263592,-0.2694943572651209,-0.027419211925291086,-0.10364022835686888,-0.06926926283400898,0
sample_03317.html,-0.4106690017989588,-0.4805110314497277,-0.5789898120788778,0.005592008266829643,2.6963523949080788,-0.09287106698074685,-0.10977361938621372,-1.9925510562714843,-2.6129221868711774,-0.2694943572651209,-0.02613359816672435,-0.10219310855471715,3.3665695692046063,1
sample_06221.html,-0.45042600817993383,-0.4805110314497277,-0.4993703348891979,-0.48419700908921864,-1.091387524772613,-0.3304845408950493,-0.44887348689285445,0.19867672293162741,-0.33425918288558676,-0.2687173992273175,0.0008642907631771383,-0.10364022835686888,-0.887651317215179,1
sample_02545.html,0.49084798073179936,0.9526829505373493,0.5356828685766397,0.08228131161067855,-0.26997243051074,-0.2878359686540206,-0.10977361938621372,0.6150579876589652,0.3177234382895114,0.10128111777516273,-0.02613359816672435,-0.02824528666476359,-0.4482277865481702,0
sample_03627.html,-0.4488142376509754,-0.4805110314497277,-0.5789898120788778,-0.4565888598854331,-0.14402521628176326,-0.32439188771775945,-0.10977361938621372,-1.9925510562714843,-0.7189365521112614,-0.2694943572651209,-0.008135005546790024,-0.10364022835686888,-0.3600862828815091,1
sample_07658.html,-0.31127648584652123,-0.3581652037191235,-0.4993703348891979,-0.3563815035161372,0.13933020475347077,-0.18426086464009395,-0.10977361938621372,0.6987441905708546,0.024559600434667265,-0.26232414451625025,-0.02613359816672435,-0.08280170320588393,-0.37817094857809386,0
sample_04924.html,-0.436457330262294,-0.4805110314497277,-0.5789898120788778,-0.4003500374332772,0.673635482600488,-0.23300209005841238,-0.10977361938621372,-1.9925510562714843,-1.1010724852307008,-0.26943886026242064,-0.02613359816672435,-0.10320609241622336,0.29115710365030545,1
sample_01545.html,-0.3096647153175628,-0.3406872283290372,-0.4993703348891979,-0.37376441227407625,0.06381297614258408,-0.2695580091221512,-0.10977361938621372,0.3316516123233787,-2.6902907612045635,-0.26031515301850167,-0.02613359816672435,-0.0910502860781488,3.5660843661725488,1
sample_06063.html,0.6450406946688242,1.0051168767076082,0.3764439141972801,0.07103354712024737,1.1689821808446594,-0.23909474323570218,0.22932624812042704,0.5926953773806801,0.4404077182412006,0.10136991297948311,-0.02613359816672435,-0.03273135805143396,-0.31185962112987753,0
sample_04940.html,-0.3209471090202719,-0.4542940683645982,-0.5789898120788778,-0.3533139313823832,-0.3421037878510554,-0.11114902651261627,-0.44887348689285445,-1.9925510562714843,-1.1288511424996321,-0.2694943572651209,-0.011991846822490236,-0.1024825325151475,0.8481652373478219,0
sample_08831.html,0.3651298794730405,-0.1833854498182605,0.05796600543856084,0.24997525492256148,0.7015527887202228,0.9428799731585202,-0.10977361938621372,0.2905284182536835,-0.2972194538952197,-0.21184407086011464,-0.02613359816672435,-0.0466237081520906,0.2869277004542313,0
sample_02897.html,-0.45096326502292,-0.4805110314497277,-0.4993703348891979,-0.4903321533567266,-1.224241531954088,-0.3304845408950493,-0.44887348689285445,0.6871450408913973,0.8223150690452642,-0.2626127289302915,-0.018419915615323922,-0.10364022835686888,-0.9191274828819102,1
sample_04890.html,-0.34512366695464863,-0.34942621602408036,-0.26051190332015844,-0.36558421991739903,0.3931359235600121,-0.3365771940723391,-0.10977361938621372,0.7992169011935791,1.3833701625644557,0.24033440774087664,0.01500604210741125,-0.0888796063749212,-1.1337459893611321,1
sample_01925.html,0.18837237813059743,0.4895166027000622,0.2968244370076003,0.07103354712024737,-2.1210333055018813,-0.04412984156242839,-0.10977361938621372,0.595975841161433,2.528007484805402,-0.20486254792042483,-0.02613359816672435,-0.01116927299937314,-1.215504412155289,0
sample_03301.html,-0.3096647153175628,-0.3406872283290372,-0.4993703348891979,-0.37376441227407625,0.06381297614258408,-0.2695580091221512,-0.10977361938621372,0.3316516123233787,-2.690445765698258,-0.26031515301850167,-0.02613359816672435,-0.0910502860781488,3.5661435571395677,1
sample_07459.html,-0.3854179301786098,-0.46303305605964135,-0.4993703348891979,-0.2766246280385343,0.519370298567252,-0.05631514791700801,-0.10977361938621372,0.2802696700861033,-1.2483366786059973,-0.2674409681652121,-0.02613359816672435,-0.10103541271299576,1.4060204928695885,0
sample_08500.html,-0.440218128163197,-0.4805110314497277,-0.5789898120788778,-0.48419700908921864,-2.256016803315404,-0.30611392818589006,-0.44887348689285445,-1.9925510562714843,-0.1978691029778706,-0.26943886026242064,-0.01584868809819045,-0.09524693350438883,-1.2002264804210399,1
sample_05813.html,0.24317257611518464,-0.31447026524390775,1.0133997317147188,0.11704712912655671,0.7809316415261331,0.38235588084785804,1.58572571814699,0.7267424410605224,0.008215718965008138,-0.10315874077197044,-0.02613359816672435,-0.0574771066682286,0.35508652921995965,0
sample_08075.html,-0.440218128163197,-0.4805110314497277,-0.5789898120788778,-0.48419700908921864,-1.2118664146121996,-0.30611392818589006,-0.44887348689285445,-1.9925510562714843,-0.17454163997475702,-0.26943886026242064,-0.011991846822490236,-0.09452337360331296,-1.1015398973773183,1
sample_03554.html,-0.4520377787088923,-0.4805110314497277,-0.5789898120788778,-0.4872645812229726,-0.7067890193140784,-0.3365771940723391,-0.44887348689285445,-1.9925510562714843,0.22606251694284138,-0.2694943572651209,-0.027419211925291086,-0.10364022835686888,-0.8721332970100784,1
sample_07124.html,-0.3832689028066652,-0.38438216680425297,-0.26051190332015844,-0.46988167246503354,-1.4709703972430515,-0.32439188771775945,-0.44887348689285445,0.6484125072491967,0.9513035260115663,-0.20692703642087365,-0.0017069367539563366,-0.09625991736589504,-0.6170742180973037,1
sample_01912.html,1.5239928897941641,-0.20960241290338993,-0.5789898120788778,10.821851351883277,-0.22876549774563584,12.945406732419437,-0.44887348689285445,-1.9925510562714843,-1.0388203949205175,-0.2694943572651209,-0.022276756891024138,0.012997627696560802,1.047834947767334,0
sample_07540.html,-0.4520377787088923,-0.4805110314497277,-0.4993703348891979,-0.49237720144589586,-2.256016803315404,-0.3365771940723391,-0.44887348689285445,0.7697390010992521,1.3592723457167761,2.1264777403122124,-0.027419211925291086,-0.10364022835686888,-1.5522331665246654,1
sample_08025.html,-0.4520377787088923,-0.4805110314497277,-0.5789898120788778,-0.49237720144589586,-2.256016803315404,-0.3365771940723391,-0.44887348689285445,-1.9925510562714843,-1.3950323556491044,-0.2694943572651209,-0.027419211925291086,-0.10364022835686888,-1.3133725301468988,1
sample_03850.html,-0.4520377787088923,-0.4805110314497277,-0.4993703348891979,-0.49237720144589586,-2.256016803315404,-0.3365771940723391,-0.44887348689285445,0.23395982685898742,-0.7977731060892027,-0.26885059203379813,-0.027419211925291086,-0.10364022835686888,-0.792065571621464,1
sample_09354.html,-0.436457330262294,-0.4805110314497277,-0.5789898120788778,-0.41466537405746234,0.42914483866489467,-0.23300209005841238,-0.10977361938621372,-1.9925510562714843,-1.089610874500559,-0.26943886026242064,-0.02613359816672435,-0.10320609241622336,0.25224883411605653,1
sample_08122.html,-0.4520377787088923,-0.4805110314497277,-0.5789898120788778,-0.4903321533567266,-1.114558160185379,-0.3365771940723391,-0.44887348689285445,-1.9925510562714843,-1.60279190543054,-0.2694943572651209,-0.027419211925291086,-0.10364022835686888,0.2457020263352195,0
sample_09539.html,-0.12538561817331365,0.15743507028842244,-0.34013138050983827,-0.11813340112791325,-0.05281866056144726,-0.31829923454046966,-0.10977361938621372,0.4842844883770448,-0.2936713538075712,-0.2626127289302915,-0.02613359816672435,-0.07672380003684665,0.3489456749942079,0
sample_04131.html,0.10993287905461967,-0.270775326768692,0.05796600543856084,0.0025244361330756873,0.853184374666646,0.7479150714852464,-0.10977361938621372,0.549446213505972,-0.6043321794591004,-0.2171939819204175,-0.02613359816672435,-0.06760694528329073,0.6473165315213538,0
sample_09258.html,0.6692172526032009,1.4333272737647227,0.3764439141972801,0.23156982212003774,1.2456531517814389,-0.09896372015803664,-0.44887348689285445,0.6581807282331572,0.5689615579958772,-0.22877065668368693,-0.02613359816672435,0.16320866315991067,-0.06664639896151416,1
sample_02810.html,0.1464663443776778,0.19239102106859504,-0.18089242613047862,-0.0680297229432653,-1.5636559245377377,-0.3304845408950493,-0.44887348689285445,0.31398919470331793,0.34512372071560343,0.004805128281070676,-0.009420619305356762,0.0834723620613502,0.8348844270935335,1
sample_04007.html,-0.3456609237976348,-0.31447026524390775,0.6949218229559994,-0.04348914587323365,-0.6429779603595213,-0.13551963922177548,0.22932624812042704,0.6103647249719687,-0.061941850306508006,-0.10424648202489509,-0.02613359816672435,-0.09799646112847712,0.12954558139244055,0
sample_05353.html,-0.4520377787088923,-0.4805110314497277,-0.4993703348891979,-0.49237720144589586,-2.256016803315404,-0.3365771940723391,-0.44887348689285445,0.1816032717824125,-1.7220570042063035,-0.09904086317161286,-0.027419211925291086,-0.10364022835686888,-1.548367826888735,1
sample_05940.html,-0.009875396931291589,0.3322148241892855,-0.4993703348891979,-0.012813424535694092,-0.8407301762508961,-0.32439188771775945,0.5684261156270678,0.2818881837292299,0.8106039869335121,-0.2638336629896967,0.00472113203887735,-0.002775978146893089,-0.2434090356549059,0
sample_09853.html,1.6373540836642415,0.35843178727441494,-0.26051190332015844,1.5219951663858686,0.4330664543117073,1.2109567129592718,0.22932624812042704,0.5347593773473935,0.551218794060441,-0.20741541004463573,-0.02613359816672435,0.2844773025802259,-0.7127759206206821,0
sample_08989.html,0.3114041951744256,0.37590976266450127,2.0484529351805563,-0.09461534810246625,0.7659551686261341,-0.06850045427158762,-0.44887348689285445,0.5282357006268142,0.15084401000842887,0.2526880405419494,-0.02613359816672435,-0.017391888148625592,-0.3133633715583066,0
sample_07512.html,-0.45096326502292,-0.4805110314497277,-0.4993703348891979,-0.4913546774013112,-2.256016803315404,-0.3304845408950493,-0.44887348689285445,0.9260135772759581,2.2025992127257092,0.0500462848823039,-0.013277460581056975,-0.10364022835686888,-1.5444713402880013,1
sample_06155.html,-0.041036293824488236,-0.2882533021587783,0.2968244370076003,0.19578148055957492,0.7241773783778357,0.699173846066928,-0.44887348689285445,0.6287885882928221,-0.9520471416855085,-0.23872681896810946,-0.02613359816672435,0.00851155630989043,1.6233534266929743,0
sample_06372.html,2.3282663837444293,4.055023582277668,1.650355549232157,1.8870362503025895,1.4941580753254664,0.14474240693355558,0.9075259831337085,0.5821754863591162,0.01284566513191758,0.36933164081730757,-0.02613359816672435,-0.026653454882396684,0.18100194480509668,0
sample_03599.html,-0.4520377787088923,-0.4805110314497277,-0.5789898120788778,-0.4933997254904805,-1.3476059645985698,-0.3365771940723391,-0.44887348689285445,-1.9925510562714843,-1.9623998690208075,-0.2694943572651209,-0.027419211925291086,-0.10364022835686888,-0.3673539818824813,1
sample_07981.html,-0.3204098521772858,-0.3669041914141667,-0.5789898120788778,-0.28071472421687294,0.3862969525607325,-0.21472413052654296,-0.10977361938621372,-1.9925510562714843,1.6253077757416605,-0.26939446266026046,-0.00042132299538959916,-0.10146954865364127,0.6266241256354779,1
sample_02721.html,-0.45096326502292,-0.4805110314497277,-0.5789898120788778,-0.20198037278385472,-0.44910118862006365,-0.3304845408950493,-0.10977361938621372,-1.9925510562714843,-1.892757918744376,-0.2694943572651209,-0.01584868809819045,-0.1034955163766537,1.178423389046984,1
sample_04357.html,-0.436457330262294,-0.4542940683645982,-0.4993703348891979,-0.4555663358408484,-0.13554332371994163,-0.32439188771775945,-0.10977361938621372,0.2287021509586939,0.048499757878979026,-0.26673060653064906,-0.0209911431324574,-0.10060127677235024,0.5383973426482718,1
sample_05048.html,-0.11034242656970147,-0.12221253595295842,0.6949218229559994,0.2387274904321303,0.2876687771852561,-0.0014812693213997515,0.22932624812042704,0.6336990402497384,1.054931531259875,2.6872305549959474,-0.02613359816672435,-0.017391888148625592,-1.103664866130978,0
sample_09299.html,0.871763082408979,1.8877546339069666,0.6949218229559994,0.5536648961642031,0.2951945673393284,-0.20253882417196337,-0.10977361938621372,0.4890172275749822,0.5646171034594014,0.8487258495424952,-0.02613359816672435,-0.057332394688013426,-0.8307935564218037,0
sample_05752.html,-0.45150052186590617,-0.4805110314497277,-0.4993703348891979,-0.4852195331338033,-1.5708407457115336,-0.3304845408950493,-0.44887348689285445,0.4468771620675293,-0.41230260126736334,-0.26836221841003605,-0.013277460581056975,-0.10364022835686888,-0.6330115945698455,1
sample_09677.html,-0.35318251959944086,-0.46303305605964135,-0.4197508576995181,-0.2786696761277036,1.2588607913205774,0.04116730291962889,-0.44887348689285445,0.3095142549990424,-1.3317341923006014,-0.26680830233442937,-0.017134301856757187,-0.09915415697019851,2.000622009185754,0
sample_02164.html,-0.28495090054019995,-0.3756431791092098,0.05796600543856084,0.5761604251450655,1.0718280352885905,0.9246020136266508,-0.10977361938621372,0.37553410312722746,-0.3301553414481932,-0.2346200407682919,-0.02613359816672435,0.007209148487953869,0.12501974096792517,1
sample_00936.html,-0.07380896124664334,-0.4105991298893824,-0.4993703348891979,-0.01179090049110944,-0.6018130506798164,0.8210269096127242,-0.10977361938621372,0.44651127968764137,-1.040660054194373,-0.26405565100049766,-0.024847984408157612,-0.05805595458908929,0.8595485468664215,0
sample_06545.html,-0.2473429215311695,-0.1484294990380879,0.2968244370076003,-0.18255241593674632,1.4737373448672306,-0.31829923454046966,-0.10977361938621372,0.4090021493672528,-0.7372479096313501,-0.24484258866567557,0.0034355182803106135,-0.08410411102782048,1.2608743200799537,1
sample_03996.html,-0.35586880381437164,-0.3669041914141667,-0.26051190332015844,-0.3717193641849069,0.6554282768329536,-0.3365771940723391,-0.10977361938621372,0.7965777950099486,1.3768565669956743,0.23505109308381406,0.01500604210741125,-0.09452337360331296,-1.1362044614047393,1
sample_07077.html,0.7250919642737604,0.34969279957937177,1.4114971176631177,0.6160388628838669,1.2934249819397092,1.2718832447321697,0.22932624812042704,0.46844389721955065,0.08725876877889946,2.397058926677488,-0.02613359816672435,0.01343176363720632,-1.1290067615892139,0
sample_06034.html,-0.4106690017989588,-0.4193381175844256,-0.4197508576995181,-0.4576113839300177,-0.8708513415700084,-0.32439188771775945,-0.10977361938621372,0.29937557357180783,0.07176855278593894,-0.2654208772669235,-0.01584868809819045,-0.10103541271299576,-0.051271245412052455,0
sample_02945.html,-0.4171160839147926,-0.4805110314497277,-0.4993703348891979,-0.42284556641413956,-0.382859567457219,-0.2695580091221512,-0.10977361938621372,0.4999524206584515,0.039294192052841306,-0.25980458059365946,-0.002992550512523074,-0.10233782053493232,-0.13367069073384152,1
sample_09135.html,-0.4520377787088923,-0.4805110314497277,-0.5789898120788778,-0.4903321533567266,-1.114558160185379,-0.3365771940723391,-0.44887348689285445,-1.9925510562714843,-1.60279190543054,-0.2694943572651209,-0.027419211925291086,-0.10364022835686888,0.2457020263352195,0
sample_01204.html,-0.12055030658643831,0.10500114411816354,0.05796600543856084,-0.21425066131887052,0.4031770669900577,-0.21472413052654296,0.22932624812042704,0.29882310148598096,-0.5784784836346408,-0.08327971440474553,-0.009420619305356762,-0.08034159954222597,0.27989118520374173,0
sample_01636.html,-0.4520377787088923,-0.4805110314497277,-0.4993703348891979,-0.4872645812229726,-1.3187675238323038,-0.3365771940723391,-0.44887348689285445,0.3888481033916708,1.5113262433542851,-0.26324539476107417,-0.027419211925291086,-0.10364022835686888,-1.5458314026883417,1
sample_00045.html,-0.3096647153175628,-0.3406872283290372,-0.4993703348891979,-0.37376441227407625,0.06381297614258408,-0.2695580091221512,-0.10977361938621372,0.3316516123233787,-2.6902799844858523,-0.26031515301850167,-0.02613359816672435,-0.0910502860781488,3.566025188243186,1
sample_00639.html,-0.4520377787088923,-0.4805110314497277,-0.5789898120788778,-0.483174485044634,-0.9666594826742058,-0.3365771940723391,-0.44887348689285445,-1.9925510562714843,-1.752241892894271,-0.2694943572651209,-0.027419211925291086,-0.10364022835686888,0.02917905701097209,1
sample_02437.html,0.7890255285891121,1.1973746059985577,8.258772155975583,0.3215519380434871,1.5203434719568982,-0.31220658136317986,-0.10977361938621372,0.6162008366806008,0.5816096867436724,0.9056213767107781,-0.01584868809819045,0.1539470964261396,-0.4042604103045971,0
sample_06903.html,-0.4310847618324325,-0.46303305605964135,-0.5789898120788778,-0.4688591484204489,-0.36259086863695095,-0.29392862183131047,-0.44887348689285445,-1.9925510562714843,0.00037260849284860803,-0.26943886026242064,-0.014563074339623712,-0.10277195647557784,-0.20074867158154033,1
sample_08111.html,-0.3854179301786098,-0.3756431791092098,-0.34013138050983827,-0.19993532469468542,-0.4299913676749633,-0.2817433154767308,0.22932624812042704,0.3675598416052989,0.001311506612944869,-0.19735935315535277,-0.018419915615323922,-0.10291666845579302,-0.08343849821288163,1
sample_09723.html,-0.4369945871052801,-0.4717720437546845,-0.26051190332015844,-0.45147623966250977,0.3606634760745436,-0.30611392818589006,-0.10977361938621372,0.19859910948731294,-0.5793663899784126,-0.263667171981596,-0.011991846822490236,-0.1024825325151475,0.15922491008039005,1
sample_01601.html,0.3962907763662371,0.8740320612819609,-0.1012729489407988,0.809295907310366,1.239786210659947,0.1569277132881352,-0.44887348689285445,0.8295732709118598,1.0820655089924793,0.5168981709972379,-0.02613359816672435,0.015891867300864268,-0.05755508363236461,0
sample_06287.html,-0.4455906965930585,-0.4805110314497277,-0.5789898120788778,-0.4811294369554647,-1.4376286611456532,-0.31829923454046966,-0.10977361938621372,-1.9925510562714843,-0.2129054298445516,-0.2694943572651209,-0.009420619305356762,-0.10364022835686888,-0.4006005963083358,1
sample_04098.html,0.46183611121054735,1.5119781630201112,2.287311366749596,0.9800574227560029,0.5932140648431987,-0.05631514791700801,0.22932624812042704,0.5930419817876399,0.6556533382073972,0.053376105044318126,-0.009420619305356762,0.01560244334043392,-0.7614508040144206,0
sample_02889.html,-0.19684077829047147,-0.39312115449929613,-0.021653471751118984,-0.009745852401940137,0.17747989900908973,0.17520567282000463,-0.44887348689285445,0.49877050297116615,0.14882452244915184,1.417903109236126,-0.023562370649590873,-0.0764343760764163,-0.38868175195244636,0
sample_07593.html,-0.4520377787088923,-0.4805110314497277,-0.5789898120788778,-0.4872645812229726,-0.7067890193140784,-0.3365771940723391,-0.44887348689285445,-1.9925510562714843,0.22606251694284138,-0.2694943572651209,-0.027419211925291086,-0.10364022835686888,-0.8721332970100784,1
sample_00093.html,-0.4144297996998619,-0.4542940683645982,-0.4993703348891979,-0.3257057821785976,0.5175315175718104,-0.2817433154767308,-0.10977361938621372,0.5753563092175383,0.36426373708983123,-0.1929861893425741,-0.008135005546790024,-0.09886473300976815,-0.4170771190494151,1
sample_09702.html,-0.40959448811298654,-0.4805110314497277,-0.4197508576995181,-0.34002111880278274,0.5714484442503874,-0.11724167968990606,-0.10977361938621372,0.20856731838053558,0.46978129640333577,-0.2648215096377609,-0.02613359816672435,-0.10074598875256541,0.29978616881741127,1
sample_09949.html,-0.3821943891206929,-0.2882533021587783,-0.5789898120788778,-0.37376441227407625,1.0298242566479083,-0.31829923454046966,-0.44887348689285445,-1.9925510562714843,0.03441351271408106,-0.2694943572651209,-0.02613359816672435,-0.10204839657450197,0.2342650668542219,1
sample_02295.html,-0.03781275276657134,0.32347583649424233,-0.4993703348891979,-0.24185881052265615,1.353446229604079,-0.23909474323570218,-0.44887348689285445,0.3680130582277887,-0.27058483866421923,-0.25926070996719713,-0.006849391788223287,-0.06644924944156934,0.8047633173664963,1
sample_09403.html,-0.19630352144748534,-0.11347354825791527,2.207691889559916,-0.16005688695588396,-1.400429200963765,-0.2878359686540206,-0.44887348689285445,0.7847630437440242,1.5121390088015219,5.531307651176074,-0.02613359816672435,-0.07498725627426457,-1.378349140401798,0
sample_01105.html,-0.3096647153175628,-0.3406872283290372,-0.4993703348891979,-0.37376441227407625,0.06381297614258408,-0.2695580091221512,-0.10977361938621372,0.3316516123233787,-2.6902423213346274,-0.26031515301850167,-0.02613359816672435,-0.0910502860781488,3.566025188243186,1
sample_09924.html,-0.34458641011166247,-0.3319482406339941,-0.1012729489407988,-0.3645616958728144,0.7377073039143348,-0.32439188771775945,-0.10977361938621372,0.6625978631504545,0.79260142811221,-0.1399310547611475,-0.02613359816672435,-0.07382956043254318,-0.8974798338745387,1
sample_01394.html,2.3513684279928335,1.9314495723821825,0.5356828685766397,1.8379550961625262,-0.6627608228950268,0.20566893870645367,0.5684261156270678,0.5659045839474959,0.11977764753184797,0.2116979543475543,-0.02613359816672435,0.6866318955981925,-0.36783439350202674,0
sample_08949.html,-0.4520377787088923,-0.4805110314497277,-0.5789898120788778,-0.4872645812229726,-0.7067890193140784,-0.3365771940723391,-0.44887348689285445,-1.9925510562714843,0.22606251694284138,-0.2694943572651209,-0.027419211925291086,-0.10364022835686888,-0.8721332970100784,1
sample_06005.html,-0.4520377787088923,-0.4805110314497277,-0.4993703348891979,-0.49237720144589586,-2.256016803315404,-0.3365771940723391,-0.44887348689285445,0.7411184024872401,1.188343690915183,-0.2671190855495507,-0.027419211925291086,-0.10364022835686888,-1.027589258564042,1
sample_01630.html,-0.36822571120305303,-0.38438216680425297,-0.4993703348891979,-0.44329604730583255,0.03663912556539968,-0.32439188771775945,-0.44887348689285445,0.22124157834864566,-0.2553487395010261,-0.1941072287971189,-0.02613359816672435,-0.06804108122393625,1.5583511322519457,1
sample_08451.html,-0.4343083028903494,-0.4542940683645982,-0.5789898120788778,-0.4279581866370628,0.018066859762146115,-0.3365771940723391,-0.44887348689285445,-1.9925510562714843,-0.8458984735184986,-0.2694943572651209,0.04328954479587948,-0.10175897261407163,0.4731759373280073,1
sample_02112.html,-0.41281802917090343,-0.42807710527946874,-0.5789898120788778,-0.42182304236955487,0.8204248754122149,-0.30611392818589006,-0.10977361938621372,-1.9925510562714843,-0.08974445583924309,-0.2694943572651209,-0.009420619305356762,-0.09872002102955299,-0.25321795671439107,1
sample_00634.html,-0.1511739466366488,-0.3406872283290372,-0.1012729489407988,0.8696248259408605,1.4409763013143737,0.49202363803907456,-0.44887348689285445,0.5455587108527024,-1.6773229143629786,-0.2600820656071607,-0.01584868809819045,-0.06051605825274724,1.9485805026473695,0
sample_09865.html,-0.08562861179233862,0.07004519333799093,0.05796600543856084,-0.24390385861182545,0.4947586268167405,-0.30611392818589006,0.5684261156270678,0.7394740465041283,0.2809721236477964,-0.21589535205723195,-0.02613359816672435,-0.05935836241102585,-0.37978031707344473,0
sample_05232.html,-0.1366680118760228,-0.3232092529389509,-0.021653471751118984,-0.12017844921708255,-1.511371860285682,0.0472599560969187,-0.44887348689285445,0.08059799192403784,0.36878226460316904,0.04416360259607878,-0.009420619305356762,-0.051254491518976146,1.15830025945713,1
sample_00011.html,-0.4343083028903494,-0.4717720437546845,-0.4197508576995181,-0.44022847517207864,0.06416672343532498,-0.2817433154767308,-0.10977361938621372,0.3600250372681366,0.7634127022207301,-0.25508733536413936,-0.02613359816672435,-0.10320609241622336,0.48401676293763846,1
sample_01122.html,0.9990929541966964,1.555673101495327,0.45606339138695995,2.4637398114483333,0.9887844351406947,1.4485701868735743,0.22932624812042704,0.6425619388816064,-0.3977800496369629,-0.050680775018626306,-0.02613359816672435,0.17695630128035214,0.5580133203821575,0
sample_05956.html,0.07286215688857538,0.9788999136224787,0.5356828685766397,0.7837328061957498,0.39292427594673573,-0.275650662299441,-0.10977361938621372,0.5461316562865828,-0.6792288140027557,-0.1366345328007534,-0.02613359816672435,-0.09886473300976815,0.6564277292788526,0
sample_04585.html,-0.3064411742596459,-0.270775326768692,-0.18089242613047862,-0.4381834270829093,-0.7885044138064693,-0.30611392818589006,-0.44887348689285445,0.5181163321306759,0.6412606582691086,-0.2377500717205853,-0.02613359816672435,-0.09944358093062886,-0.08621279448227771,0
sample_07909.html,-0.4520377787088923,-0.4805110314497277,-0.26051190332015844,-0.4617014801083563,-0.6935759838145575,-0.3365771940723391,-0.10977361938621372,0.804098088794311,2.429927494004756,-0.22511895390601133,-0.027419211925291086,-0.10364022835686888,-1.4335051739310192,0
sample_06868.html,-0.23391150045651576,-0.3581652037191235,-0.4197508576995181,-0.3492238352040446,0.820260095742144,-0.31829923454046966,0.22932624812042704,0.7505654229705386,0.9440820892919896,-0.2003894895027857,-0.02613359816672435,0.028915945520229865,0.4521078904417418,1
sample_09801.html,-0.2666841678786709,-0.24455836368356254,0.2968244370076003,-0.3195706379110897,-1.0947796459097545,-0.32439188771775945,-0.44887348689285445,0.7277480831579484,1.3395854617258234,0.17721211686962704,-0.023562370649590873,-0.04691313211252095,-1.1954467316082633,0
sample_03373.html,-0.3666139406740946,-0.38438216680425297,-0.021653471751118984,-0.38092208058616883,0.13949622591835434,-0.2695580091221512,-0.10977361938621372,0.5574359022615437,0.16674412499965707,-0.20399679467830112,-0.006849391788223287,-0.09929886895041368,-0.20065940273766758,1
sample_03121.html,-0.18770741195970694,-0.15716848673313102,-0.5789898120788778,-0.34308869093653666,1.100821226869268,-0.30611392818589006,-0.10977361938621372,-1.9925510562714843,0.3163179842141385,-0.2694943572651209,0.0008642907631771383,-0.058345378549519634,-0.20849749927324426,1
sample_03785.html,-0.3118137426895074,-0.3057312775488646,0.05796600543856084,-0.3257057821785976,-0.04987619673339827,-0.32439188771775945,-0.10977361938621372,0.4602642360697793,-0.10637105300079944,-0.23861582496270897,-0.009420619305356762,-0.09220798191987019,0.36454773594234985,1
sample_01813.html,-0.43269653236139094,-0.4805110314497277,-0.5789898120788778,-0.4760168167325414,-0.5944229710489761,-0.31220658136317986,-0.44887348689285445,-1.9925510562714843,-0.2748823571787236,-0.2694610590635007,0.04714638607157969,-0.09843059706912263,-0.32950195820574124,0
sample_05475.html,-0.2124212267370698,-0.3756431791092098,-0.4197508576995181,-0.3011652051085659,0.34047023591461156,-0.03803718838513859,-0.44887348689285445,0.2967875237921879,-0.43863121433877,-0.25421048272147556,-0.004278164271089811,-0.09177384597922467,-0.18510971406144575,0
sample_00664.html,-0.41335528601388954,-0.4018601421943393,-0.34013138050983827,-0.40955275383453904,0.415272896447619,-0.3365771940723391,-0.10977361938621372,0.6082227457827126,0.40911906437488726,-0.13944268113738542,0.0008642907631771383,-0.09915415697019851,-0.298338096597157,1
sample_08158.html,-0.32470790692117496,-0.4805110314497277,-0.5789898120788778,-0.34820131115945996,-0.14810215201377983,0.016796690210469666,-0.10977361938621372,-1.9925510562714843,-0.19684875501002433,-0.26930566745594003,-0.02613359816672435,-0.07874976775985908,-0.2157173239942835,1
sample_02533.html,-0.26507239734971244,-0.26203633907364887,0.45606339138695995,0.22747972594169913,-0.9802982479413274,0.022889343387759473,-0.10977361938621372,0.3270754910578284,-0.9686556617705171,-0.21465221919674662,-0.02613359816672435,-0.08743248657276947,0.8918937115474157,0
sample_06457.html,-0.4520377787088923,-0.4805110314497277,-0.4993703348891979,-0.49237720144589586,-2.256016803315404,-0.3365771940723391,-0.44887348689285445,0.7462580960279406,1.2350733303543104,1.9288640130972086,-0.027419211925291086,-0.10364022835686888,-1.5522005723798307,1
sample_03456.html,0.09166614639309059,-0.17464646212321733,-0.021653471751118984,0.4340295829477988,1.2867830755317087,0.4676530253299153,-0.10977361938621372,0.5593299702633124,1.0840451342803963,2.1032688937829733,-0.02613359816672435,0.031954897104748504,-0.8906622991267058,0
sample_00375.html,-0.3402883553677733,-0.3406872283290372,-0.26051190332015844,-0.3594490756498911,0.09534208742062343,-0.3365771940723391,-0.10977361938621372,0.7886107542917827,1.373975933346114,0.22601618104421548,0.01500604210741125,-0.08714306261233912,-1.14466079064188,1
sample_07835.html,-0.36177862908721925,-0.3232092529389509,-0.1012729489407988,-0.42284556641413956,-1.1955064562291235,-0.3365771940723391,-0.44887348689285445,0.3942240175259238,0.026089533980170602,-0.24268930496090638,0.0021499045217438758,-0.10002242885148954,-0.9257274843071174,0
sample_07734.html,0.089517119021146,0.20986899645868135,0.05796600543856084,1.0158457643164658,0.6503046095718449,2.051742851425265,-0.10977361938621372,0.5351198883076996,-1.6075200781052719,-0.2324334588619026,-0.02613359816672435,0.1891121076184267,2.3055415639541375,0
sample_03687.html,-0.44612795343604467,-0.4805110314497277,-0.5789898120788778,-0.48010691291088003,-1.3540485959489172,-0.30002127500860026,-0.44887348689285445,-1.9925510562714843,0.04430206499829908,-0.2694166614613405,-0.013277460581056975,-0.09452337360331296,-1.0075183839071873,0
sample_04047.html,-0.4488142376509754,-0.4805110314497277,-0.5789898120788778,-0.46988167246503354,-0.4298780888433753,-0.31829923454046966,-0.10977361938621372,-1.9925510562714843,-1.0897108829652162,-0.2694943572651209,-0.014563074339623712,-0.10364022835686888,-0.0949130191863865,1
sample_08169.html,-0.057153999114072714,-0.09599557286782896,0.3764439141972801,-0.13142621370751373,0.2186634129427718,-0.007573922498689558,0.22932624812042704,0.5668301606735634,0.4003996663295243,-0.18604906400504448,-0.02613359816672435,-0.03403376587337052,-0.15145947982127603,0
sample_00575.html,-0.03673823908059905,0.2186079841537245,-0.18089242613047862,0.2152094374066833,1.1403624127354888,-0.19644617099467354,-0.44887348689285445,0.5949493280667952,-0.2810919334011502,-0.1863376484190857,-0.004278164271089811,0.07623676305059153,0.6088057019515598,0
sample_08507.html,-0.4520377787088923,-0.4805110314497277,-0.4197508576995181,-0.48828710526755725,-1.3097555129853682,-0.3365771940723391,-0.44887348689285445,0.3366399816664566,-0.5987187398997782,-0.2561306790149038,-0.027419211925291086,-0.10364022835686888,0.5785600043653071,0
sample_09608.html,-0.12216207711539676,0.13995709489833613,1.650355549232157,0.11397955699280275,-0.49384761098463814,-0.13551963922177548,0.9075259831337085,0.4640202066747386,-0.2283939102321597,-0.205373120345267,-0.02613359816672435,-0.056608834786937554,0.35562950855992964,0
sample_04570.html,-0.2704449657795739,-0.3581652037191235,-0.4993703348891979,0.00047938804390638344,0.829457755484152,0.12646444740168616,1.2466258506403491,0.12594055867178214,0.07699503990384837,-0.26717458255225096,-0.02613359816672435,-0.07542139221491008,-0.18746267233939443,0
sample_09548.html,-0.2919352394990199,-0.3669041914141667,-0.1012729489407988,-0.32877335431235155,0.21805948324897612,-0.17816821146280412,0.22932624812042704,0.7529277473754146,1.6169912467203513,0.012064136234261679,0.0021499045217438758,-0.08931374231556673,-1.0200240010960462,1
sample_04685.html,-0.440218128163197,-0.4805110314497277,-0.5789898120788778,-0.48419700908921864,-2.256016803315404,-0.30611392818589006,-0.44887348689285445,-1.9925510562714843,-0.24369068605556432,-0.26943886026242064,-0.011991846822490236,-0.0948127975637433,-1.2020031351053397,1
sample_03832.html,4.122704239318168,7.166103201713031,2.685408752697995,1.8451127644746186,1.2005874230070552,-0.30002127500860026,-0.10977361938621372,0.32682019835611315,1.031330944745796,-0.22764961722914215,-0.013277460581056975,0.7675258925384744,-0.11475766440277362,0
sample_08007.html,-0.35533154697138547,-0.3669041914141667,-0.4993703348891979,-0.3257057821785976,0.9597891905515219,-0.29392862183131047,-0.10977361938621372,0.3583811095225799,-0.34538315914725926,-0.260859023644964,-0.004278164271089811,-0.10103541271299576,0.5120188360453757,1
sample_01779.html,0.8013824359777936,1.6692799415308879,0.13758548262824066,0.8951879270554769,0.9226263696067954,-0.2208167837038328,1.2466258506403491,0.49776775803189316,0.08018073323294311,-0.10874173924361429,-0.02613359816672435,0.4398979693313221,0.3976599842655385,0
sample_07561.html,-0.4520377787088923,-0.4805110314497277,-0.4993703348891979,-0.49237720144589586,-2.256016803315404,-0.3365771940723391,-0.44887348689285445,0.06649804708062462,-1.1854255629769443,-0.2687506974289377,-0.027419211925291086,-0.10364022835686888,-0.5164903429204203,1
sample_08844.html,-0.44344166922111394,-0.4805110314497277,-0.5789898120788778,-0.3850121767645074,0.0595402354823181,-0.2634653559448614,1.58572571814699,-1.9925510562714843,0.039198919164220844,-0.2694943572651209,-0.02613359816672435,-0.10060127677235024,-0.38186106209139314,1
sample_04948.html,-0.44182989869215544,-0.4805110314497277,-0.5789898120788778,-0.45863390797460235,0.7956144130898307,-0.30002127500860026,-0.44887348689285445,-1.9925510562714843,-1.6262707678123638,-0.2694943572651209,-0.017134301856757187,-0.10364022835686888,1.2533067419088455,1
sample_07962.html,-0.436457330262294,-0.4805110314497277,-0.5789898120788778,-0.41466537405746234,0.2538781347317253,-0.23300209005841238,-0.10977361938621372,-1.9925510562714843,-1.0567718383615516,-0.26947215846404077,-0.02613359816672435,-0.10320609241622336,0.15880880018977425,1
sample_08948.html,-0.44129264184916933,-0.4542940683645982,-0.4993703348891979,-0.48419700908921864,-2.256016803315404,-0.32439188771775945,-0.44887348689285445,0.7463462658678576,1.9630742068708922,-0.26303450615081325,-0.011991846822490236,-0.10306138043600818,-1.2605671472301723,0
sample_01490.html,0.359757311043179,0.59438445504058,0.5356828685766397,0.17124090348954327,-0.13867255681643068,-0.09287106698074685,-0.44887348689285445,0.6216771618398477,0.6673839445918526,-0.15646916156581814,-0.02613359816672435,0.0002629734376255504,-0.25302490811336487,0
sample_03766.html,-0.22209184991082048,-0.2358193759885194,0.2968244370076003,0.05876325858523155,0.5581900306014363,0.10209383469252695,0.22932624812042704,0.40649118623178043,-0.3887550047933419,-0.22412000785740707,-0.02613359816672435,-0.08815604647384534,0.31406047468157283,0
sample_03836.html,-0.4144297996998619,-0.4542940683645982,-0.26051190332015844,-0.41773294619121626,1.1581931851636036,-0.2817433154767308,-0.10977361938621372,0.6475654232624688,0.7016611666751769,-0.18763627828227125,-0.014563074339623712,-0.10016714083170472,-0.4436818159798051,1
sample_03917.html,-0.44129264184916933,-0.4717720437546845,-0.34013138050983827,-0.43307080685998606,-0.7419987387873467,-0.30611392818589006,-0.10977361938621372,0.3903727218238497,0.08084299285496706,-0.26165818048384737,-0.02613359816672435,-0.10219310855471715,-0.6016902771663944,1
sample_00524.html,-0.4520377787088923,-0.4805110314497277,-0.4993703348891979,-0.49237720144589586,-2.256016803315404,-0.3365771940723391,-0.44887348689285445,0.7697390010992521,1.3592723457167761,2.1264777403122124,-0.027419211925291086,-0.10364022835686888,-1.5522331665246654,1
sample_09989.html,-0.4520377787088923,-0.4805110314497277,-0.5789898120788778,-0.49237720144589586,-2.256016803315404,-0.3365771940723391,-0.44887348689285445,-1.9925510562714843,-0.7511692388114386,-0.2694943572651209,-0.027419211925291086,-0.10364022835686888,-1.3297296670542782,1
sample_00851.html,-0.4520377787088923,-0.4805110314497277,-0.4197508576995181,-0.4913546774013112,-2.256016803315404,-0.3365771940723391,-0.44887348689285445,0.9917021938514549,2.5367009697992966,0.31058251375883666,-0.027419211925291086,-0.10364022835686888,-1.5144847270402093,1
sample_06419.html,-0.41550431338583416,-0.4368160929745119,-0.4197508576995181,-0.4023950855224465,-1.371918666229915,-0.30002127500860026,0.22932624812042704,0.29933471621324054,1.7484192952946749,-0.2481058124244495,-0.013277460581056975,-0.10002242885148954,-0.7526887025857579,1
sample_07101.html,-0.4498887513369477,-0.4805110314497277,-0.4993703348891979,-0.4709041965096182,-1.4485405042524644,-0.32439188771775945,-0.10977361938621372,0.3391934432522604,0.1393958154561796,-0.2680514351949147,-0.009420619305356762,-0.10320609241622336,-0.4000954652893477,1
sample_03877.html,-0.2500292057461002,-0.3232092529389509,-0.4197508576995181,-0.3911473210320153,-0.4104327796633926,-0.2573727027675716,-0.10977361938621372,0.5954241245604538,0.6007412954747475,-0.2098683775639862,-0.01584868809819045,-0.034323189833800866,-0.8250497379931107,0
sample_07764.html,-0.4520377787088923,-0.4805110314497277,-0.5789898120788778,-0.48828710526755725,-0.4857802989613899,-0.3365771940723391,-0.44887348689285445,-1.9925510562714843,-2.374105694263592,-0.2694943572651209,-0.027419211925291086,-0.10364022835686888,-0.06926926283400898,0
sample_02894.html,-0.39562581019534665,-0.44555508066955507,-0.4197508576995181,-0.3706968401403223,0.33844371667916845,-0.19644617099467354,-0.10977361938621372,0.6371686155798099,0.4971777059059051,-0.15270646478274205,-0.02613359816672435,-0.09929886895041368,-0.6706284188974593,1
sample_09340.html,1.094724672248231,1.6081070276655858,0.7745413001456792,0.5485522759412799,-0.3759508365615981,-0.025851882030558975,1.58572571814699,0.6255139571852537,0.030828596677229692,-0.0759430106477742,-0.02613359816672435,0.14888217711860852,0.026792252973027283,0
sample_00997.html,1.7174053532691778,3.3908605174543887,0.45606339138695995,0.6681875891576842,1.6052954373704813,-0.32439188771775945,0.22932624812042704,0.6421280109137072,-0.41285180448357855,-0.1502090996612314,-0.02613359816672435,0.054819389978745886,0.7611514650171203,0
sample_04018.html,-0.1774995319429701,-0.10473456056287211,0.05796600543856084,-0.3338859745352748,0.2865626295312398,-0.3365771940723391,-0.10977361938621372,0.11257509027379675,-0.3039743166339457,-0.16757966150640558,0.013720428348844514,-0.00017116250301996952,1.0666042730326555,1
sample_00316.html,0.6799623894629239,0.061306205642947774,-0.1012729489407988,-0.1876650361596696,-0.23907413788732232,-0.25128004959028183,0.22932624812042704,0.07638765933106514,2.4590463270170804,-0.2290925392993483,-0.014563074339623712,2.406389068475312,-1.1507755043634744,0
sample_03094.html,-0.1565465150665103,0.00013329177764570985,-0.4993703348891979,-0.07314234316618856,0.9488142976764314,-0.06850045427158762,-0.44887348689285445,0.4746702896815154,0.25113596030702956,-0.17684766095734517,-0.02613359816672435,-0.07527668023469491,-0.16082986621849907,0
sample_06156.html,1.3676511484851948,0.7691642089414431,0.6153023457663196,0.6978407864506391,1.1702464888817683,0.9246020136266508,0.5684261156270678,0.4342262711490357,0.43319657669997574,-0.03452004783231728,-0.017134301856757187,-0.005091369830335862,-0.12751655113465515,0
sample_06180.html,-0.3182608248053412,-0.31447026524390775,0.5356828685766397,-0.33593102262444413,1.02357925310356,-0.275650662299441,-0.10977361938621372,0.6614081099782901,0.43883433791000936,-0.1634173863038878,-0.02613359816672435,-0.06659396142178452,-0.7389814957287439,1
sample_02410.html,-0.37306102278992836,-0.31447026524390775,-0.5789898120788778,-0.3113904455544125,-0.9727234762748317,-0.19035351781738374,-0.44887348689285445,-1.9925510562714843,-1.2640320333666277,-0.2694943572651209,-0.017134301856757187,-0.09003730221664259,0.8653014655803525,0
sample_08277.html,-0.3821943891206929,-0.2882533021587783,-0.5789898120788778,-0.37376441227407625,1.0481535649443108,-0.31829923454046966,-0.44887348689285445,-1.9925510562714843,-0.21813367831863686,-0.2694943572651209,-0.02613359816672435,-0.10204839657450197,0.2289025477694614,1
sample_01039.html,-0.4520377787088923,-0.4805110314497277,-0.5789898120788778,-0.486242057178388,-1.0200836873138628,-0.3365771940723391,-0.44887348689285445,-1.9925510562714843,0.19333343166059386,-0.2694943572651209,-0.027419211925291086,-0.10364022835686888,0.25538278721721513,1
sample_07972.html,-0.17911130247192855,-0.026083671307483746,0.13758548262824066,-0.21220561322970122,-0.06280139317456335,-0.17207555828551432,-0.10977361938621372,0.564680371732524,-0.29862591225262375,-0.21744926813283857,-0.0209911431324574,-0.06659396142178452,-0.03579743590500551,0
sample_00322.html,-0.4520377787088923,-0.4805110314497277,-0.4993703348891979,-0.49237720144589586,-2.256016803315404,-0.3365771940723391,-0.44887348689285445,0.769739105002695,1.3592728942092693,2.1264777403122124,-0.027419211925291086,-0.10364022835686888,-1.5522331665246654,1
sample_08112.html,-0.4520377787088923,-0.4805110314497277,-0.5789898120788778,-0.49237720144589586,-2.256016803315404,-0.3365771940723391,-0.44887348689285445,-1.9925510562714843,-1.2972817976803461,-0.2694943572651209,-0.027419211925291086,-0.10364022835686888,-1.3042592724394466,1
sample_09397.html,-0.2494919489031141,-0.22708038829347624,0.13758548262824066,-0.12222349730625186,0.6938979981709805,-0.03194453520784878,0.22932624812042704,0.6387451158171827,0.9165619754190085,0.22338562311622423,-0.02613359816672435,-0.10103541271299576,-0.6227378418920457,1
sample_08911.html,-0.436457330262294,-0.4805110314497277,-0.5789898120788778,-0.41466537405746234,0.42914483866489467,-0.23300209005841238,-0.10977361938621372,-1.9925510562714843,-1.089610874500559,-0.26943886026242064,-0.02613359816672435,-0.10320609241622336,0.25224883411605653,1
sample_04482.html,-0.38702970070756826,-0.39312115449929613,-0.4993703348891979,-0.415687898102047,-0.11257550011102768,-0.3365771940723391,0.22932624812042704,-0.03204479934760725,-0.1675890006281696,-0.2677517513803334,0.021434110900244937,-0.10089070073278059,-0.41142891880400867,1
sample_05270.html,-0.4520377787088923,-0.4805110314497277,-0.5789898120788778,-0.4903321533567266,-1.2301247820781707,-0.3365771940723391,-0.44887348689285445,-1.9925510562714843,-0.8642787479616151,-0.2694943572651209,-0.027419211925291086,-0.10364022835686888,0.04490397180982436,0
sample_02900.html,-0.20113883303436067,0.008872279472688862,0.3764439141972801,-0.1978902766055161,-0.34424642015990314,-0.3365771940723391,-0.44887348689285445,0.5446405039881403,-0.09467986597358023,-0.2251855503092516,-0.005563778029656549,-0.08106515944330184,0.2135440041962073,0
sample_00989.html,-0.4520377787088923,-0.4805110314497277,-0.5789898120788778,-0.48828710526755725,-0.4857802989613899,-0.3365771940723391,-0.44887348689285445,-1.9925510562714843,-2.374105694263592,-0.2694943572651209,-0.027419211925291086,-0.10364022835686888,-0.06926926283400898,0
sample_04087.html,-0.4310847618324325,-0.4717720437546845,-0.34013138050983827,-0.42284556641413956,-0.2373260526300182,-0.30611392818589006,-0.44887348689285445,0.5320888966937303,-1.2619951511275664,-0.2437215492111308,0.006006745797444088,-0.09090557409793362,-1.4150392610411338,1
sample_08159.html,0.3753377594897773,0.9002490243670904,1.0133997317147188,0.19884905269332886,0.903001721959033,-0.11114902651261627,0.9075259831337085,0.648448402975593,0.4253421590421885,-0.0839012808349882,-0.02613359816672435,0.012997627696560802,0.11511280279609357,0
sample_04310.html,-0.35049623538451014,-0.3581652037191235,-0.26051190332015844,-0.3614941237390604,0.458575890325906,-0.3365771940723391,-0.10977361938621372,0.7970927744608551,1.3708387751649949,0.23876939226472996,0.01500604210741125,-0.09090557409793362,-1.1283726620579444,1
sample_08718.html,0.1464663443776778,0.19239102106859504,-0.18089242613047862,-0.0680297229432653,-1.5636559245377377,-0.3304845408950493,-0.44887348689285445,0.3139311019969857,0.34466782560034387,0.004805128281070676,-0.009420619305356762,0.0834723620613502,0.8348844270935335,1
sample_01025.html,0.5676757092788187,-0.2008634252083468,0.9337802545250389,0.24793020683339217,0.8374503961364574,0.9246020136266508,0.22932624812042704,0.620221647451314,0.6080819739474072,-0.12030731460634368,-0.02613359816672435,0.13846291454311604,-0.6112022525287788,0
sample_07615.html,-0.04748337594032203,-0.3232092529389509,0.13758548262824066,-0.3083228734206585,-0.377164309928173,0.07772322198336773,-0.10977361938621372,0.17924048321075353,-0.45517924831964435,-0.1895453751751594,-0.01584868809819045,-0.06804108122393625,0.7845062779920043,1
sample_09855.html,-0.4251749365595848,-0.4542940683645982,-0.5789898120788778,-0.41364285001287765,2.293365649513998,-0.31829923454046966,-0.10977361938621372,-1.9925510562714843,-1.218418241391197,-0.2694943572651209,-0.0107062330639235,-0.09886473300976815,1.1697781050334084,1
sample_04901.html,3.3205797727398467,5.4183056627044,-0.18089242613047862,1.1119630245074232,0.443299332989445,-0.2817433154767308,-0.10977361938621372,0.7298799599222523,0.25449508026736867,-0.22488586649467035,-0.022276756891024138,0.7808393947182704,0.29380755520698804,0
sample_00786.html,-0.18663289827373464,-0.017344683612440594,-0.4993703348891979,0.14363275428575767,1.0561204612334476,-0.03803718838513859,-0.44887348689285445,0.5109698222431753,0.22534650248136825,-0.20469605691232412,-0.02613359816672435,-0.07556610419512526,-0.09041603109887868,0
sample_01452.html,2.1305558655255266,3.207341775858483,4.91475411400903,1.8451127644746186,1.0575360802359257,-0.08068576062616724,0.22932624812042704,0.6139763382508214,0.12248005974723823,1.4043951387788884,-0.02613359816672435,0.024140450173129144,-0.2836072771404428,0
sample_06838.html,-0.4396808713202109,-0.4717720437546845,-0.34013138050983827,-0.4617014801083563,-1.6771275451299916,-0.2878359686540206,-0.10977361938621372,0.41172914281227757,0.3088307037407746,-0.2664198233155277,-0.02613359816672435,-0.10277195647557784,-0.4156764052316369,1
sample_07992.html,-0.44935149449396156,-0.4805110314497277,-0.4993703348891979,-0.45147623966250977,-1.4127662377232946,-0.31829923454046966,-0.10977361938621372,0.24483547210239193,0.39698700526154984,-0.2667417059311891,-0.009420619305356762,-0.10364022835686888,-0.3356119392575058,1
sample_00158.html,-0.4520377787088923,-0.4805110314497277,-0.4993703348891979,-0.4913546774013112,-0.994335084894047,-0.3365771940723391,-0.44887348689285445,0.8326177214204157,1.7499728140174013,-0.26487700664046115,-0.027419211925291086,-0.10364022835686888,-1.2840296251842738,0
sample_03579.html,-0.13559349819005048,-0.17464646212321733,0.5356828685766397,0.04547044600563107,-0.013653611287105195,-0.09287106698074685,-0.10977361938621372,0.6609687338770521,0.7688192957329312,0.1946270763169614,-0.02613359816672435,0.049899182651429994,-1.1053098535078043,0
sample_05010.html,-0.41872785444375105,-0.44555508066955507,-0.4993703348891979,-0.41466537405746234,-0.8807664702485071,-0.30002127500860026,-0.10977361938621372,0.40973863008096567,0.42220264208583586,-0.25702973045864763,-0.014563074339623712,-0.10045656479213506,-0.37157295495220827,1
sample_03855.html,-0.17803678878595625,-0.08725658517278581,1.0930192089043984,0.27349330794800847,0.19981590471145944,-0.08068576062616724,0.22932624812042704,0.771350171099499,1.08709370191102,0.06816050656366127,-0.02613359816672435,-0.08670892667169361,-0.23617280956018605,0
sample_04021.html,1.217219232449073,2.246053129403736,0.6153023457663196,1.1947874721187801,1.0945936224205166,0.8880460945629121,0.9075259831337085,0.6288903840496832,0.05865341744349383,-0.10273696355144864,-0.02613359816672435,-0.07296128855125214,-0.4305460235947146,0
sample_07751.html,-0.16030731296741335,-0.13969051134304472,1.0133997317147188,-0.1743722235800691,1.0308524868762519,-0.0502224947397182,-0.44887348689285445,0.6661651654950838,0.8676043208448527,1.629035906308908,-0.02613359816672435,-0.07006704894694868,-1.1644162061273682,0
sample_01700.html,0.262513822462686,0.39338773805458754,0.7745413001456792,0.4258493905911216,1.7950240842485286,-0.025851882030558975,-0.44887348689285445,0.5338816345620114,-0.44185786177405106,-0.0859879681365171,-0.022276756891024138,-0.006972625573133114,0.0005070047373317407,0
sample_07231.html,-0.4429044123781278,-0.4717720437546845,-0.4197508576995181,-0.46988167246503354,-1.4990077710513754,-0.32439188771775945,-0.10977361938621372,0.40139478109889704,0.2072460261620974,-0.2675630615711526,-0.0107062330639235,-0.10306138043600818,-0.1777912985711111,1
sample_05837.html,0.3807103279196388,0.8915100366720472,-0.1012729489407988,0.23259234616462238,0.7235044821331647,-0.03194453520784878,0.5684261156270678,0.3189828121413305,-0.41872681058526956,-0.24613011912832108,-0.02613359816672435,-0.07469783231383421,0.17688961977726816,0
sample_06142.html,-0.4498887513369477,-0.4805110314497277,-0.5789898120788778,-0.4790843888662954,-1.3476059645985698,-0.32439188771775945,-0.10977361938621372,-1.9925510562714843,0.27527684025315774,-0.2694943572651209,-0.002992550512523074,-0.10277195647557784,-0.792065571621464,1
sample_07151.html,0.4752675322852011,1.0313338397927376,4.5962762052503106,0.8103184313549507,1.06588264986314,-0.08068576062616724,0.22932624812042704,0.5970873618383962,0.8112450407542006,4.055997530194054,-0.02613359816672435,0.0037360609627897098,-0.8589011041822254,0
sample_09211.html,0.09435243060802134,-0.07851759747774266,-0.021653471751118984,0.14567780237492697,0.6206798483835856,0.5407648634573929,-0.44887348689285445,0.6056395940308196,-0.022908181146669593,-0.14576933944521242,-0.02613359816672435,-0.06312087389662036,0.14753561976774127,0
sample_00647.html,-0.23068795939859887,-0.11347354825791527,-0.1012729489407988,-0.14369650224252956,1.4838595791048124,-0.09287106698074685,-0.10977361938621372,0.28042062236766313,-0.09568971018142323,-0.2454974532975384,-0.02613359816672435,-0.09003730221664259,0.6372257623726554,0
sample_06368.html,0.6283857325362535,1.1711576429134283,0.21720495981792048,0.8072508592211968,0.07479031567086646,-0.31829923454046966,0.22932624812042704,0.6364647823960723,-0.7170311973421208,-0.19889107042987933,-0.02613359816672435,-0.012761104781740047,1.1362131240384679,0
sample_06854.html,-0.3096647153175628,-0.3406872283290372,-0.4993703348891979,-0.37376441227407625,0.06381297614258408,-0.2695580091221512,-0.10977361938621372,0.3316516123233787,-2.6902907612045635,-0.26031515301850167,-0.02613359816672435,-0.0910502860781488,3.5660843661725488,1
sample_04522.html,1.2956587315250507,1.2061135936936007,2.287311366749596,0.7315840799219325,0.11803219166792482,0.2239468982383231,0.22932624812042704,0.3590858190881616,-0.2794433297707982,-0.004129889153667486,-0.02613359816672435,0.13976532236505262,0.8376449425584933,0
sample_00883.html,-0.3096647153175628,-0.3406872283290372,-0.4993703348891979,-0.37376441227407625,0.06381297614258408,-0.2695580091221512,-0.10977361938621372,0.3316516123233787,-2.6901995569457076,-0.26031515301850167,-0.02613359816672435,-0.0910502860781488,3.566025188243186,1
sample_06799.html,-0.4117435154849311,-0.4368160929745119,-0.4197508576995181,-0.412620325968293,-1.396574208167864,-0.30002127500860026,-0.10977361938621372,0.4920668421817645,0.5137972833935793,-0.2533336300788118,-0.014563074339623712,-0.09987771687127438,-0.5064305773222884,1
sample_08599.html,-0.38165713227770676,-0.4105991298893824,-0.4993703348891979,-0.4197779942803856,0.04850626562234983,-0.30002127500860026,-0.10977361938621372,0.5766664835670271,0.10544840474181767,-0.21536258083130966,-0.014563074339623712,-0.0959704934054647,-0.054968855578663905,1
sample_03053.html,0.15828599492337309,0.646818381210839,0.3764439141972801,0.21827700954043724,0.5954094576535593,-0.2695580091221512,0.5684261156270678,0.5966733624537698,0.06326228398809344,-0.14885497279534562,-0.02613359816672435,-0.009722153197221407,-1.1783143755601388,0
sample_01021.html,-0.3821943891206929,-0.2882533021587783,-0.5789898120788778,-0.37376441227407625,1.0511664063880717,-0.31829923454046966,-0.44887348689285445,-1.9925510562714843,-0.7873152263219263,-0.2694943572651209,-0.02613359816672435,-0.10204839657450197,0.24703945536138674,1
sample_04088.html,-0.440218128163197,-0.4805110314497277,-0.5789898120788778,-0.48419700908921864,-1.2118664146121996,-0.30611392818589006,-0.44887348689285445,-1.9925510562714843,-0.17454163997475702,-0.26943886026242064,-0.011991846822490236,-0.09452337360331296,-1.1015398973773183,1
sample_07342.html,0.42046733430061384,0.08752316872807724,0.6153023457663196,0.38494842880773555,0.7638921433871192,0.21785424506103326,-0.10977361938621372,0.7446891486969239,1.3786216029645046,6.018515837881456,-0.02613359816672435,0.0937469126566275,-1.2605596766521763,0
sample_01957.html,-0.4498887513369477,-0.4805110314497277,-0.5789898120788778,-0.4790843888662954,-1.3476059645985698,-0.32439188771775945,-0.10977361938621372,-1.9925510562714843,0.27527684025315774,-0.2694943572651209,-0.002992550512523074,-0.10277195647557784,-0.792065571621464,1
sample_02315.html,0.3565337699852621,0.9089880120621335,0.3764439141972801,0.07001102307566272,0.7526522912946643,-0.3365771940723391,0.5684261156270678,0.7010683940648506,0.4515448454473071,-0.19074411043348452,-0.01584868809819045,-0.05516171498478582,-0.7839987293774383,0
sample_05249.html,-0.4455906965930585,-0.4717720437546845,-0.5789898120788778,-0.4760168167325414,-0.5084934647318502,-0.3304845408950493,-0.44887348689285445,-1.9925510562714843,1.5194780005953845,-0.2694943572651209,0.020148497141678202,-0.10320609241622336,0.431050221531192,1
sample_02790.html,-0.23820955520040496,-0.017344683612440594,-0.1012729489407988,-0.27969220017228824,0.19053741457302242,-0.3304845408950493,-0.44887348689285445,0.4463402517071859,0.27980045097861633,-0.2076928950581369,-0.005563778029656549,-0.08569594281018739,-0.5055482277463011,0
sample_08190.html,-0.3854179301786098,-0.3406872283290372,-0.4993703348891979,-0.45045371561792513,-0.37527758300866376,-0.3365771940723391,-0.10977361938621372,0.03831189304054663,-0.5535957534280345,-0.26244623792219074,0.00472113203887735,-0.10320609241622336,0.7426637401255117,0
sample_06235.html,0.12497607065823184,0.03508924255781832,-0.021653471751118984,0.5966109060367585,0.44271249958763387,0.14474240693355558,0.22932624812042704,0.6091822406710472,-0.6116251442349829,-0.24528656468727747,-0.02613359816672435,-0.09843059706912263,0.1027052679078704,0
sample_01497.html,-0.45150052186590617,-0.4805110314497277,-0.5789898120788778,-0.4903321533567266,-0.3926099528020803,-0.3304845408950493,-0.44887348689285445,-1.9925510562714843,-1.0595730436028317,-0.2694943572651209,-0.02613359816672435,-0.10364022835686888,-0.5233068346556187,0
sample_00247.html,-0.38165713227770676,-0.4018601421943393,0.21720495981792048,-0.30934539746524314,0.25879286144385716,-0.17816821146280412,-0.10977361938621372,0.5491050009108586,-0.04471334314771145,-0.10392459940923371,-0.02613359816672435,-0.0997330048910592,-0.5581389586628054,0
sample_09173.html,-0.23176247308457118,0.04382823025286147,-0.021653471751118984,-0.31752558982192036,-1.5603266169820573,-0.31220658136317986,-0.10977361938621372,0.6654219412537048,0.5802985656519452,-0.250092605121118,-0.02613359816672435,-0.0699223369667335,-0.4936661495857849,1
sample_00810.html,-0.4396808713202109,-0.46303305605964135,-0.5789898120788778,-0.4749942926879568,-0.031884072372110626,-0.31829923454046966,-0.44887348689285445,-1.9925510562714843,0.5895597558271571,-0.2694832578645808,-0.02613359816672435,-0.1019036845942868,-0.7804336339660662,0
sample_08002.html,-0.4520377787088923,-0.4805110314497277,-0.4993703348891979,-0.49237720144589586,-2.256016803315404,-0.3365771940723391,-0.44887348689285445,0.7462826740475249,1.2352018836043706,1.929008305304229,-0.027419211925291086,-0.10364022835686888,-1.5522005723798307,1
sample_02831.html,-0.27635479105242156,-0.3756431791092098,-0.4993703348891979,-0.42693566259247817,0.5390934724545814,-0.29392862183131047,-0.10977361938621372,0.3133888595449994,0.0062075617670999525,-0.22545193592221277,-0.02613359816672435,0.17261494187389695,-1.068526291974057,1
sample_05442.html,-0.4488142376509754,-0.4805110314497277,-0.5789898120788778,-0.46988167246503354,-0.4298780888433753,-0.31829923454046966,-0.10977361938621372,-1.9925510562714843,-1.0897108829652162,-0.2694943572651209,-0.014563074339623712,-0.10364022835686888,-0.0949130191863865,1
sample_09642.html,-0.3316922458799949,-0.4805110314497277,-0.5789898120788778,-0.251061526923918,0.9458994132014459,-0.025851882030558975,0.5684261156270678,-1.9925510562714843,-0.7974618790879684,-0.2694943572651209,-0.01584868809819045,-0.10320609241622336,0.1892604666960653,1
sample_08385.html,0.31194145201741175,0.707991295076141,-0.34013138050983827,0.02501996511393803,0.3839243227396662,-0.2208167837038328,-0.44887348689285445,0.642528551403747,0.5339987589218489,-0.25389969950635427,-0.02613359816672435,-0.06022663429231689,-0.011957648130299287,0
sample_06688.html,3.091708357627747,-0.2969922898538215,-0.26051190332015844,-0.33695354666902877,0.27992571938285177,-0.21472413052654296,0.22932624812042704,0.5512354429336944,2.403423680070513,-0.18573828078992313,-0.0209911431324574,8.734788675265056,-1.3841600897311925,1
sample_02276.html,0.5359775555426359,0.5157335657851917,0.6949218229559994,0.5557099442533724,-0.01997237173548521,0.699173846066928,1.58572571814699,0.5509426095295776,0.19920202065761822,0.1254112145492258,-0.02613359816672435,0.0580030535434797,-0.4381596507736448,0
sample_09442.html,-0.20382511724929142,-0.12221253595295842,-0.5789898120788778,-0.3257057821785976,-0.030564133255238334,-0.275650662299441,-0.10977361938621372,-1.9925510562714843,-0.3646689586460752,-0.26939446266026046,-0.00042132299538959916,-0.08902431835513637,-0.6812166789975967,1
sample_00256.html,-0.4144297996998619,-0.4805110314497277,-0.1012729489407988,-0.3942148931657693,0.37036230002019915,-0.20253882417196337,-0.10977361938621372,0.5349063613913825,0.2529851963113251,-0.21060093799962934,-0.006849391788223287,-0.10335080439643853,-0.05692434781684213,1
sample_06191.html,-0.3821943891206929,-0.2882533021587783,-0.5789898120788778,-0.37376441227407625,1.0455802247764663,-0.31829923454046966,-0.44887348689285445,-1.9925510562714843,-0.7728945809917137,-0.2694943572651209,-0.02613359816672435,-0.10204839657450197,0.2496404029308946,1
sample_06469.html,-0.4520377787088923,-0.4805110314497277,-0.4993703348891979,-0.49237720144589586,-2.256016803315404,-0.3365771940723391,-0.44887348689285445,0.3849328585191046,-0.1664740235422336,-0.26700809154415023,-0.027419211925291086,-0.10364022835686888,-0.686457504583203,1
sample_04505.html,0.26627462036358907,0.6293404058207527,3.8000814333535122,0.35427270747019596,0.6488715248569741,-0.2634653559448614,0.5684261156270678,-1.9925510562714843,-0.5493881825323101,-0.2682623238051756,-0.02613359816672435,0.02515343403463536,0.2949617921015273,1
sample_06186.html,1.8361391155691167,4.151152446923143,0.45606339138695995,1.712184638678614,0.9778064960612586,-0.11114902651261627,-0.44887348689285445,0.515603240916741,0.7723887355261855,-0.16399455513197028,-0.02613359816672435,-0.06760694528329073,-0.5089737941424654,0
sample_03247.html,-0.4445161829070862,-0.4805110314497277,-0.4993703348891979,-0.4637465281975256,-1.660337563224084,-0.275650662299441,-0.10977361938621372,0.3391934432522604,0.09833956091326469,-0.2680514351949147,-0.02613359816672435,-0.10291666845579302,-0.766820832790151,1
sample_08952.html,-0.04264806435344669,-0.12221253595295842,-0.34013138050983827,0.4156241501452751,0.680746443917024,-0.03803718838513859,-0.44887348689285445,-0.009019373954617426,-1.3381235633323811,0.06867107898850344,-0.02613359816672435,-0.05602998686607686,2.2784213580290444,0
sample_00358.html,-0.19200546670359614,0.026350254862775167,-0.021653471751118984,-0.2081155170513626,0.3670953518405605,-0.2817433154767308,-0.10977361938621372,0.48008106876174594,-0.23482892974484504,-0.22686155979079878,-0.022276756891024138,-0.08092044746308667,0.5271585294925524,0
sample_08508.html,-0.2408958394153357,-0.4368160929745119,-0.4197508576995181,-0.2612867673697645,0.006051606345979112,-0.2878359686540206,0.5684261156270678,0.34635009780583204,-7.851757030852685e-05,-0.2530894432669308,-0.02613359816672435,-0.002341842206247569,-0.7872033074716241,1
sample_07203.html,-0.11410322447060452,0.13995709489833613,1.1726386860940783,-0.0956378721470509,0.1398924928944194,-0.2817433154767308,1.2466258506403491,0.6238982421376681,0.36510237181213917,0.05284333381839585,-0.002992550512523074,-0.09900944498998333,-0.19768998487963385,0
sample_05346.html,-0.3483472080125655,-0.42807710527946874,-0.26051190332015844,-0.4259131385478935,-1.7414485738172598,-0.19035351781738374,-0.44887348689285445,0.7761104675297618,0.9090619869153369,-0.21939166322734688,0.006006745797444088,-0.09669405330654056,-1.2514780091898976,0
sample_06994.html,1.941978713637388,0.7167302827711842,-0.18089242613047862,2.284798103646019,1.2024038268155033,3.044845319323503,-0.10977361938621372,0.5859598998033173,-0.47431747501179283,-0.2017436163686715,-0.0209911431324574,0.2481545955462174,1.1729694759801075,0
sample_00018.html,-0.4520377787088923,-0.4805110314497277,-0.5789898120788778,-0.4913546774013112,-0.7419987387873467,-0.3365771940723391,-0.44887348689285445,-1.9925510562714843,-1.1514274411702081,-0.2694943572651209,-0.027419211925291086,-0.10364022835686888,-0.6906017066846795,1
sample_02698.html,1.9795866926464185,2.525700735645117,2.3669308439392753,1.9013515869267745,1.6504906207454542,0.2726881236566415,0.5684261156270678,0.6749957496706308,-0.12532444029770434,0.041399851861606975,-0.02613359816672435,0.08260409018005915,0.0583940234362926,0
sample_09431.html,-0.44666521027903083,-0.4805110314497277,-0.4197508576995181,-0.4678366243758642,-1.5106540643212891,-0.29392862183131047,-0.10977361938621372,0.37736588198594256,0.20308214410977832,-0.26721898015441115,-0.02613359816672435,-0.10320609241622336,-0.4544497350062705,1
sample_06893.html,0.515024538666176,1.1536796675233418,-0.26051190332015844,0.16306071113286605,0.22315213736405104,-0.3304845408950493,-0.10977361938621372,0.7320738320838949,-0.6619468301133778,-0.23359889591860755,-0.017134301856757187,-0.018260160029916633,0.785900994487133,0
sample_07348.html,0.20610185394914035,0.07878418103303408,1.0133997317147188,0.10886693676987949,1.421110779448617,0.3397073086068294,0.22932624812042704,0.35765125289612754,1.5411241177988704,-0.01335349100244688,-0.02613359816672435,0.016326003241509787,0.0037774621170573006,0
sample_04316.html,-0.3295432185080503,-0.3406872283290372,-0.021653471751118984,-0.23879123838890218,1.4800981647374434,-0.2634653559448614,-0.10977361938621372,0.7116872089326881,0.8413545078616831,-0.08517771189709364,-0.013277460581056975,-0.09683876528675574,-0.4544011045421773,1
sample_00808.html,-0.4520377787088923,-0.4805110314497277,-0.5789898120788778,-0.4893096293121419,-1.120503254919361,-0.3365771940723391,-0.44887348689285445,-1.9925510562714843,-1.2690065589985096,-0.2694943572651209,-0.027419211925291086,-0.10364022835686888,-0.3017502081303335,1
sample_08438.html,0.41187122481283545,0.9526829505373493,-0.1012729489407988,-0.03428642947197178,0.7438078095746048,-0.2817433154767308,0.5684261156270678,0.4749019885331751,-0.19744197925524176,-0.23326591390240614,-0.02613359816672435,-0.004946657850120688,0.004857201834162667,0
sample_05892.html,-0.42302590918764027,-0.44555508066955507,-0.5789898120788778,-0.4555663358408484,-0.8031348609058567,-0.32439188771775945,-0.10977361938621372,-1.9925510562714843,0.417712412150019,-0.26943886026242064,-0.0107062330639235,-0.10175897261407163,-0.6357750956584722,1
sample_08919.html,-0.33921384168180096,-0.39312115449929613,-0.5789898120788778,-0.2633318154589338,1.0692174199959972,-0.275650662299441,0.22932624812042704,-1.9925510562714843,0.5671819161612085,-0.2694943572651209,-0.02613359816672435,-0.03273135805143396,-0.11371546010285968,1
sample_01981.html,-0.40153563546819426,-0.4805110314497277,-0.4993703348891979,-0.4064851817007851,-1.1260325397321014,-0.20863147734925316,-0.10977361938621372,0.5865529830839468,0.3257197300972157,-0.265787157484745,-0.017134301856757187,-0.10161426063385645,-0.6241935094380149,1
sample_09343.html,-0.39025324176548515,-0.4105991298893824,-0.4197508576995181,-0.4565888598854331,-2.1516017662619054,-0.32439188771775945,-0.10977361938621372,0.5771489674588817,0.45123132147281325,-0.16134179840289894,-0.01584868809819045,-0.09568106944503435,-0.7331278741449321,1
sample_05976.html,-0.4450534397500724,-0.4805110314497277,-0.5789898120788778,-0.42898071068164745,0.2621742996695351,-0.30002127500860026,-0.10977361938621372,-1.9925510562714843,-0.6560726222871466,-0.26943886026242064,-0.008135005546790024,-0.10364022835686888,0.036300929807954324,1
sample_05582.html,-0.4520377787088923,-0.4805110314497277,-0.5789898120788778,-0.4913546774013112,-2.256016803315404,-0.3365771940723391,-0.44887348689285445,-1.9925510562714843,-0.834531934820573,-0.2694943572651209,-0.027419211925291086,-0.10364022835686888,-1.2476211570692826,1
sample_01120.html,-0.08294232757740787,-0.1484294990380879,-0.1012729489407988,-0.2858273444397962,0.8772406561425105,-0.2695580091221512,-0.10977361938621372,0.4916882772699318,-0.6351885130870479,-0.25858364653425425,-0.0107062330639235,-0.07556610419512526,-0.4492889736780358,0
sample_02970.html,-0.440218128163197,-0.4805110314497277,-0.5789898120788778,-0.48419700908921864,-2.256016803315404,-0.30611392818589006,-0.44887348689285445,-1.9925510562714843,-0.24369068605556432,-0.26943886026242064,-0.011991846822490236,-0.0948127975637433,-1.2020031351053397,1
sample_02936.html,-0.27313124999450467,-0.08725658517278581,0.05796600543856084,0.17328595157871257,0.11139345864178728,-0.14161229239906528,-0.10977361938621372,0.5348502923745395,-1.1026108495950955,-0.2324334588619026,-0.02613359816672435,-0.07947332766093494,1.679820070785993,0
sample_02874.html,-0.3983120944102774,-0.39312115449929613,-0.4993703348891979,-0.4749942926879568,-1.4561582013591257,-0.31829923454046966,-0.44887348689285445,0.08213947815769025,-0.29800511917812883,-0.26810693219761494,-0.011991846822490236,-0.09553635746481917,-1.210087187057838,1
sample_06031.html,-0.28495090054019995,-0.38438216680425297,-0.18089242613047862,-0.3911473210320153,0.9467137187333441,-0.2817433154767308,0.22932624812042704,0.22367667837584237,0.4871378031695344,-0.25502073896089905,-0.006849391788223287,-0.0813545834037322,0.05758308111280886,1
sample_07684.html,-0.4520377787088923,-0.4805110314497277,-0.5789898120788778,-0.483174485044634,-1.2720318634131071,-0.3365771940723391,-0.44887348689285445,-1.9925510562714843,-0.06394141188026854,-0.2694943572651209,-0.027419211925291086,-0.10364022835686888,-0.014750783815409774,0
sample_04610.html,2.186430577196086,2.5693956741203325,-0.26051190332015844,1.7029819222773521,0.7134392718719655,-0.23909474323570218,0.5684261156270678,0.7155518178703169,0.03707739140048558,-0.21329809233086086,-0.02613359816672435,0.1452643776132292,-0.44913522057802224,0
sample_07167.html,-0.436457330262294,-0.4805110314497277,-0.4993703348891979,-0.44329604730583255,0.08141459285252393,-0.2878359686540206,-0.10977361938621372,0.586325203916847,1.1179378038988521,-0.25769569449105045,-0.02613359816672435,-0.10320609241622336,-0.0531861514210827,1
sample_03812.html,-0.4520377787088923,-0.4805110314497277,-0.5789898120788778,-0.4903321533567266,-1.114558160185379,-0.3365771940723391,-0.44887348689285445,-1.9925510562714843,-1.60279190543054,-0.2694943572651209,-0.027419211925291086,-0.10364022835686888,0.2457020263352195,0
sample_07934.html,0.02021098627593276,-0.4193381175844256,-0.5789898120788778,0.2192995335850219,0.44923576754009814,0.8210269096127242,-0.44887348689285445,-1.9925510562714843,-0.47350249499392444,-0.26939446266026046,-0.02613359816672435,0.2406295725750284,1.2522307439995672,0
sample_04028.html,0.7250919642737604,1.686757916920974,1.1726386860940783,0.5107188862916477,0.39698189886432106,-0.19035351781738374,-0.10977361938621372,0.7096048654644467,0.9100151715910864,0.504067263972943,-0.02613359816672435,-0.052556899340912705,-0.5962422831962197,0
sample_06735.html,-0.3230961363922165,-0.3232092529389509,-0.26051190332015844,-0.33286345049069016,1.2654969686842223,-0.22690943688112258,0.22932624812042704,0.4165462336413648,-0.2546058077060555,-0.24305558517872794,-0.01584868809819045,-0.07846034379942872,1.1171993166115715,0
sample_02155.html,-0.39455129650937437,-0.34942621602408036,-0.4993703348891979,-0.38807974889826136,-0.08624569038052864,-0.3304845408950493,-0.10977361938621372,0.619491837435752,0.5774643890590815,-0.19162096307614826,-0.0209911431324574,-0.08381468706739013,-1.0985387980105052,1
sample_00959.html,-0.3821943891206929,-0.2882533021587783,-0.5789898120788778,-0.37376441227407625,1.0455802247764663,-0.31829923454046966,-0.44887348689285445,-1.9925510562714843,0.02507780481221077,-0.2694943572651209,-0.02613359816672435,-0.10204839657450197,0.23395628296371732,1
sample_08153.html,2.762369912877238,3.687986099085856,9.851161699769179,3.4382052259375064,1.0610020248938932,0.49811629121636436,0.5684261156270678,0.6559376257462394,0.6815022495292581,1.269681714424333,-0.02613359816672435,0.07623676305059153,-0.38169462335021,0
sample_04739.html,-0.12753464554525823,0.04382823025286147,0.05796600543856084,-0.16823707931256118,-0.7160784467190136,-0.30002127500860026,0.22932624812042704,0.5682236442210605,0.6496505050288051,-0.07960581282598984,-0.011991846822490236,-0.04734726805316646,-0.8686085792253275,0
sample_01880.html,-0.44935149449396156,-0.4717720437546845,-0.5789898120788778,-0.4811294369554647,-0.6692729779548975,-0.3365771940723391,-0.44887348689285445,-1.9925510562714843,0.33025907457448733,-0.2694943572651209,-0.005563778029656549,-0.10364022835686888,-0.7334356671734338,0
sample_04504.html,0.8379159013008517,0.8827710489770041,-0.1012729489407988,0.8082733832657815,-0.13605050765941398,0.31533669589767016,-0.10977361938621372,0.5918029575056708,-1.4897072638484832,-0.23693981548116183,-0.02613359816672435,-0.014497648544322126,1.7593654684848046,0
sample_07628.html,2.075218410697953,1.389632335289507,-0.18089242613047862,2.3839829359707303,0.5777587625340397,4.7690661684965185,-0.10977361938621372,0.5940219665320519,-0.34492081087618254,-0.20853644949918052,-0.01970552937389066,0.3422173826860801,0.8799579312738702,0
sample_09654.html,-0.155472001380538,0.2186079841537245,-0.18089242613047862,-0.368651792051153,-0.7397151513966914,-0.32439188771775945,-0.10977361938621372,0.3978858885117603,-0.09798829029204136,0.4891829678487395,-0.01970552937389066,-0.0948127975637433,-1.3836749845547909,0
sample_05535.html,-0.019546020105042274,0.131218107203293,0.45606339138695995,0.2172544854958526,0.7486231198045473,-0.05631514791700801,0.22932624812042704,0.634565664881183,1.0475703087819892,0.3558680679622301,-0.014563074339623712,-0.06543626558006313,-0.4542235446787766,0
sample_09177.html,-0.32793144797909185,-0.3232092529389509,0.6153023457663196,-0.3308184024015209,1.443193393031635,-0.23909474323570218,-0.10977361938621372,0.6750388598888978,0.4619419146500993,-0.16811243273232787,-0.02613359816672435,-0.07397427241275835,-0.6020084090576378,1
sample_06256.html,-0.07219719071768489,-0.13969051134304472,-0.1012729489407988,0.21009681718376003,0.7359435697663156,0.19957628552916384,-0.44887348689285445,0.6378570467774689,0.8697331618418344,0.48697418714127005,-0.02613359816672435,-0.04734726805316646,-0.8869533070847181,0
sample_05568.html,-0.3096647153175628,-0.3406872283290372,-0.4993703348891979,-0.37376441227407625,0.06381297614258408,-0.2695580091221512,-0.10977361938621372,0.3316516123233787,-2.6903442224846508,-0.26031515301850167,-0.02613359816672435,-0.0910502860781488,3.5660843661725488,1
sample_07178.html,-0.45096326502292,-0.4805110314497277,-0.5789898120788778,-0.47806186482171076,-1.5106540643212891,-0.3304845408950493,-0.44887348689285445,-1.9925510562714843,-0.6223662289597627,-0.2694943572651209,-0.004278164271089811,-0.10364022835686888,-0.8307365818566329,1
sample_06146.html,-0.4337710460473632,-0.46303305605964135,-0.4993703348891979,-0.48828710526755725,-0.9915621547527916,-0.3365771940723391,-0.44887348689285445,0.5172222633954209,0.4380005391919402,-0.26636432631282747,0.08700041258714855,-0.09872002102955299,-1.0055610142462665,1
sample_04803.html,-0.40744546074104193,-0.4105991298893824,-0.5789898120788778,-0.4238680904587242,0.16664315725435164,-0.32439188771775945,-0.44887348689285445,-1.9925510562714843,-1.4592848238340848,-0.2694943572651209,-0.018419915615323922,-0.10233782053493232,1.9407770210936073,1
sample_08064.html,-0.4214141386586818,-0.46303305605964135,-0.34013138050983827,-0.37376441227407625,-0.5477790480123453,-0.2695580091221512,-0.10977361938621372,0.3536265593411421,-0.8467917489085105,-0.26443303061885925,-0.014563074339623712,-0.10262724449536266,0.8671824867164126,1
sample_05907.html,-0.003965571658443949,0.17491304567850874,0.6949218229559994,-0.1743722235800691,0.23458254982617963,-0.2817433154767308,0.5684261156270678,0.6230022565295474,0.5320999577367252,0.0630880805168596,-0.02613359816672435,-0.024482775179169084,-0.4252840509279398,0
sample_00660.html,0.7385233853484141,-0.15716848673313102,-0.021653471751118984,1.080264779125299,0.15565778131818245,2.4051167357080736,-0.10977361938621372,0.6674640143692795,-0.8894605688073801,-0.22491916469629047,-0.0209911431324574,0.010103388092257335,1.3952018312784444,0
sample_02646.html,0.22383132976768327,-0.38438216680425297,0.6153023457663196,0.589453237724666,0.6273864942040255,0.44328241262075607,-0.44887348689285445,0.7715219322304165,-0.25499314125962075,-0.19432921680791984,-0.02613359816672435,-0.025929894981320818,0.08138691102693389,0
sample_01691.html,-0.3316922458799949,-0.27951431446373515,-0.1012729489407988,-0.14062893010877558,-1.6394207374946803,-0.2817433154767308,-0.10977361938621372,0.6603476728950238,0.6947179830301685,-0.03368759279181373,-0.011991846822490236,-0.04257177270606575,-0.8580304233100889,1
sample_09416.html,-0.0028910579724716508,-0.0348226590025269,1.2522581632837582,0.1916913843812363,0.5290369223767112,-0.11114902651261627,0.9075259831337085,0.6410697679409982,0.8842850462327682,0.22939039880838988,-0.02613359816672435,0.08159110631855294,-0.32462620007994,0
sample_07249.html,-0.12431110448734135,-0.3232092529389509,0.13758548262824066,0.13033994170615718,0.5931952183463317,0.2665954704793517,0.5684261156270678,0.3715731256882822,0.21404052198987555,-0.09223693064056379,-0.02613359816672435,-0.07252715261060662,0.3845566556487031,0
sample_09583.html,-0.1312954434461613,-0.11347354825791527,0.6153023457663196,-0.25208405096850267,0.8744166854242634,-0.17816821146280412,-0.10977361938621372,0.8137492979933639,1.6693162537924155,0.4391801684158259,-0.02613359816672435,-0.06587040152070865,-1.2219463450157066,0
sample_09072.html,-0.39240226913742976,-0.4805110314497277,-0.34013138050983827,-0.4085302297899544,-0.028707553463429937,-0.2634653559448614,-0.10977361938621372,0.4329112400418788,1.6130884599703712,-0.23629605024983907,-0.008135005546790024,-0.073684848452328,-0.32639790045422507,0
sample_06024.html,-0.38165713227770676,-0.4018601421943393,-0.18089242613047862,0.14772285046409628,1.0112143039069927,0.8149342564354344,0.22932624812042704,-0.37583882889270076,-0.14259035309951215,-0.1994460404568817,-0.02613359816672435,-0.04271648468628092,0.9759715597633155,1
sample_06025.html,-0.1522484603226211,-0.44555508066955507,-0.34013138050983827,-0.25821919523601056,0.6673002011869877,-0.01975922885326917,-0.44887348689285445,0.6526993579305608,0.3263569805216001,-0.2577178932921306,-0.014563074339623712,-0.04575543627079956,-0.18037027768700042,0
sample_08941.html,-0.45042600817993383,-0.4717720437546845,-0.5789898120788778,-0.48419700908921864,-0.3926099528020803,-0.3365771940723391,-0.44887348689285445,-1.9925510562714843,-0.7011302660498586,-0.2694943572651209,-0.006849391788223287,-0.10364022835686888,-0.20818484319833336,1
sample_08465.html,-0.2451938941592249,-0.31447026524390775,-0.18089242613047862,0.04649297005021572,0.20738077469981314,0.07772322198336773,1.2466258506403491,0.3715933606410526,-0.8645391273911224,-0.24166816011122202,-0.02613359816672435,-0.08338055112674461,0.9504406443403551,0
sample_05493.html,-0.02653035906386221,0.2186079841537245,0.05796600543856084,-0.24594890670099476,-0.024102667520167972,-0.32439188771775945,-0.10977361938621372,0.6551169730475173,0.1411321624350072,-0.170254617036557,-0.017134301856757187,-0.05197805142005201,-0.4100955836024325,0
sample_01374.html,-0.4477397239650031,-0.4805110314497277,-0.4993703348891979,-0.4749942926879568,-1.514456932503265,-0.31220658136317986,-0.10977361938621372,0.3703367708508456,0.10285978025555965,-0.26836221841003605,-0.0107062330639235,-0.10320609241622336,-0.47897591635821873,1
sample_09136.html,-0.3918650122944436,-0.46303305605964135,-0.4993703348891979,-0.4310257587708167,0.7369455469214203,-0.25128004959028183,-0.10977361938621372,0.5832984106817196,0.28877969798656977,-0.2151627916215888,-0.006849391788223287,-0.09915415697019851,-0.7973786127943657,1
sample_04140.html,-0.41281802917090343,-0.42807710527946874,-0.5789898120788778,-0.42182304236955487,0.8204248754122149,-0.30611392818589006,-0.10977361938621372,-1.9925510562714843,-0.08974445583924309,-0.2694943572651209,-0.009420619305356762,-0.09872002102955299,-0.25321795671439107,1
sample_09933.html,-0.44397892606410005,-0.46303305605964135,-0.4197508576995181,-0.45045371561792513,0.01377132404590083,-0.3365771940723391,-0.10977361938621372,0.7890855852580793,1.5151288516841872,-0.24197894332634334,0.0304334072102121,-0.10306138043600818,-0.026729849113295515,0
sample_04893.html,-0.20489963093526373,-0.3232092529389509,-0.26051190332015844,-0.20198037278385472,-0.19562987401147056,0.09600118151523715,-0.44887348689285445,0.34537019511600864,-0.5865587797715708,-0.24620781493210142,-0.02613359816672435,-0.08540651884975704,0.4643488562122022,0
sample_09908.html,2.133242149740457,-0.4717720437546845,-0.4993703348891979,-0.4647690522421103,-1.5292881323419367,-0.30611392818589006,-0.10977361938621372,0.3391934432522604,0.4766830907532785,-0.2680514351949147,0.006006745797444088,0.5192001344892371,-1.4787320009686578,1
sample_02735.html,-0.24250760994429416,-0.20960241290338993,-0.4993703348891979,-0.31752558982192036,0.8298338557395974,-0.3365771940723391,-0.10977361938621372,0.01660112101228969,0.024221177991065417,-0.2653542808636832,0.0008642907631771383,-0.08395939904760531,-0.14945186302667832,1
sample_02376.html,-0.18770741195970694,-0.15716848673313102,-0.5789898120788778,-0.34308869093653666,1.100821226869268,-0.30611392818589006,-0.10977361938621372,-1.9925510562714843,0.3163179842141385,-0.2694943572651209,0.0008642907631771383,-0.058345378549519634,-0.20849749927324426,1
sample_07212.html,-0.31611179743339657,-0.4105991298893824,-0.34013138050983827,0.4575476359732458,-0.47863913601250263,0.09600118151523715,-0.44887348689285445,0.18166260064839868,-1.2395937700607922,-0.24991501471247723,-0.02613359816672435,-0.10175897261407163,1.2514745207264317,0
sample_05216.html,0.7809666759443199,2.0625343878078297,-0.26051190332015844,1.395202184857372,0.2870341553172563,-0.23909474323570218,-0.44887348689285445,0.5968584897430239,-0.09548124698272366,-0.1887018207341158,-0.004278164271089811,0.41674405249689433,-0.7128626731965736,1
sample_01505.html,-0.4289357344604879,-0.4193381175844256,-0.4197508576995181,-0.41364285001287765,0.4217678522622766,-0.3365771940723391,-0.10977361938621372,0.5744411505109929,0.2208035915153475,-0.19208713789883025,0.0008642907631771383,-0.1019036845942868,-0.05473841497468366,1
sample_06107.html,0.29474923304185496,0.7342082581612704,-0.021653471751118984,0.1835111920245591,-0.06564479177261416,-0.2208167837038328,-0.10977361938621372,0.6445872811151981,0.670476049136037,-0.20692703642087365,-0.02613359816672435,-0.025061623100029778,-0.5164796390032567,0
sample_01581.html,-0.11410322447060452,-0.270775326768692,1.0133997317147188,-0.060872054631172734,1.0351774490475993,0.18739097917458425,-0.10977361938621372,0.5019635514257894,0.674890646334635,0.07535291811361199,-0.014563074339623712,0.012708203736130455,0.3112462831788991,0
sample_05839.html,-0.27796656158138,-0.4193381175844256,-0.4993703348891979,-0.2428813345672408,0.49018081151647214,0.163020366465425,-0.44887348689285445,0.7569742698785145,1.1221193098132656,-0.1367455268061539,-0.01584868809819045,-0.08743248657276947,-0.4231571265255897,0
sample_02768.html,0.2426353192721985,0.646818381210839,0.9337802545250389,0.06285335476357015,0.5274663708776538,-0.23909474323570218,-0.10977361938621372,0.673635897337107,0.08460404965962982,-0.052445579704493844,-0.02613359816672435,-0.06283144993619001,-0.6598881527434716,0
sample_03177.html,-0.18770741195970694,-0.15716848673313102,-0.5789898120788778,-0.34308869093653666,1.100821226869268,-0.30611392818589006,-0.10977361938621372,-1.9925510562714843,0.3163179842141385,-0.2694943572651209,0.0008642907631771383,-0.058345378549519634,-0.20849749927324426,1
sample_04037.html,-0.1291464160742167,-0.42807710527946874,-0.4197508576995181,-0.26946695972644175,0.4641132721072551,0.3397073086068294,-0.44887348689285445,0.19219477995145998,-0.05425317008472648,-0.2671301849500908,-0.02613359816672435,-0.08989259023642741,-0.501222280693227,1
sample_06981.html,-0.4310847618324325,-0.46303305605964135,-0.5789898120788778,-0.4688591484204489,-0.36259086863695095,-0.29392862183131047,-0.44887348689285445,-1.9925510562714843,0.00037260849284860803,-0.26943886026242064,-0.014563074339623712,-0.10277195647557784,-0.20074867158154033,1
sample_01087.html,-0.1312954434461613,-0.026083671307483746,-0.5789898120788778,-0.11404330494957464,0.8239984061938481,-0.09287106698074685,0.5684261156270678,-1.9925510562714843,-0.7471882365168607,-0.2694943572651209,-0.02613359816672435,-0.09018201419685776,0.7253019995236996,1
sample_02605.html,1.1146031754387185,1.6692799415308879,0.854160777335359,0.3859709528523202,0.7811794378347182,-0.30002127500860026,0.5684261156270678,0.5287609529237405,-0.0376619416762155,-0.13705631002127522,-0.02613359816672435,0.04888619878992378,0.04184069585232523,0
sample_07946.html,0.7626999432827908,1.3109814460341187,0.2968244370076003,0.6395569159093139,0.6631441610391358,-0.08677841380345704,0.5684261156270678,0.5328956331285045,0.16298503555774152,-0.0924256204497446,-0.02613359816672435,0.21342372029457582,-0.026345994388407852,0
sample_07147.html,3.646157419589453,3.4170774805395183,0.9337802545250389,4.542531194088931,2.32486615190669,1.0708256898816062,0.5684261156270678,0.5720045409706913,-0.8161332588405608,0.43360826934472213,-0.02613359816672435,0.45509272725391525,1.325775233692889,0
sample_06200.html,-0.05393045805615582,0.05256721794790462,-0.26051190332015844,0.022974917024768726,0.5682624718129119,0.035074649742339085,-0.10977361938621372,0.40421942047495174,-0.09069731347956252,-0.19016694160540207,-0.02613359816672435,-0.08482767092889634,0.24375880253315688,0
sample_04566.html,-0.06682462228782339,0.20986899645868135,0.3764439141972801,-0.04757924205157226,-0.09812100007895522,-0.25128004959028183,1.58572571814699,0.7524662228472515,0.33135092484781825,-0.1956833436738056,-0.02613359816672435,-0.08424882300803566,-0.06350617474688958,0
sample_03738.html,-0.27205673630853233,-0.20960241290338993,-0.34013138050983827,-0.24185881052265615,-1.670406043764303,-0.20253882417196337,0.22932624812042704,0.1301150387505388,0.73776069712897,-0.26158048468006706,-0.01584868809819045,-0.07788149587856803,-0.7710242258586472,1
sample_05887.html,-0.17964855931491472,-0.2358193759885194,0.21720495981792048,0.213164389317514,1.1563155423524822,0.16911301964271483,-0.10977361938621372,0.6407135505234349,1.3766672469575254,-0.015040599884534087,-0.02613359816672435,-0.05805595458908929,-0.7874902532850897,0
sample_01470.html,-0.2113467130510975,-0.1484294990380879,-0.5789898120788778,-0.05984953058658808,0.8444273850224994,-0.32439188771775945,-0.10977361938621372,-1.9925510562714843,-0.7428473587694634,-0.2694610590635007,-0.02613359816672435,-0.10016714083170472,0.6390843717747272,1
sample_09405.html,0.5735855345516664,-0.3232092529389509,-0.021653471751118984,0.40130881352108994,0.4990810272695231,1.1134742621226348,0.5684261156270678,0.6738823096931517,-0.2743917628317705,-0.251258042177823,-0.02613359816672435,-0.019128431911207673,0.14831743596340116,1
sample_03717.html,0.21684699080886333,0.34969279957937177,0.05796600543856084,0.17533099966788188,-0.3897549689377999,0.25441016412477213,-0.10977361938621372,0.6461495460953417,0.2603290421350005,-0.09633260943984129,-0.02613359816672435,0.1219657487985863,-0.17989801460366356,0
sample_01801.html,-0.45150052186590617,-0.4805110314497277,-0.4993703348891979,-0.4913546774013112,-2.256016803315404,-0.3304845408950493,-0.44887348689285445,0.9350943196723309,2.2826373335012664,-0.19098829724536556,-0.01970552937389066,-0.10364022835686888,-1.5198422527019813,1
sample_09027.html,0.040089489466420276,0.07004519333799093,0.6949218229559994,0.12011470126031067,-0.2596056036267976,-0.04412984156242839,-0.44887348689285445,0.6172904847117395,0.867993596010344,3.523559286287979,-0.02613359816672435,0.0028677890814986697,-1.0290581202198403,0
sample_00615.html,-0.01524796536115308,-0.2183414005984331,0.3764439141972801,0.10375431654695623,-0.16711460948518647,0.510301597570944,0.22932624812042704,0.5008030791178332,-0.2984963032188903,-0.1773471339816473,-0.02613359816672435,-0.08859018241449086,0.2984633810811036,0
sample_04551.html,0.07984649584739531,0.2186079841537245,0.2968244370076003,-0.13551630988585234,-0.574075930877977,-0.2208167837038328,-0.10977361938621372,0.5298699648666367,0.09477322409397451,-0.18280803904735063,-0.02613359816672435,-0.05964778637145619,-0.18060241318651227,0
sample_07717.html,0.16258404966726228,0.4545606519198896,-0.18089242613047862,-0.18459746402591562,0.342319294064675,-0.3304845408950493,-0.10977361938621372,0.7042393751760769,-0.047305240563354486,-0.23853812915892866,-0.017134301856757187,0.016615427201940133,0.33063161170627764,1
sample_09970.html,3.2099048630847,4.684230696320776,2.3669308439392753,1.5465357434559004,1.0377266678796404,-0.2634653559448614,-0.10977361938621372,0.5894317284786189,1.456877164337344,2.1236695919755806,-0.02613359816672435,0.2734791920838727,-0.9450320445435959,0
sample_06942.html,0.36029456788616515,0.07004519333799093,0.13758548262824066,0.10375431654695623,1.3437837965966224,0.3640779213159886,0.22932624812042704,0.6253132404952999,0.07881725042119722,-0.05174631747047086,-0.02613359816672435,-0.03345491795250983,0.11243339460113966,0
sample_05377.html,-0.34780995116957936,-0.3581652037191235,0.7745413001456792,-0.4238680904587242,-1.1725022780184444,-0.3365771940723391,-0.44887348689285445,0.5596391140803391,0.2976995584504554,3.2239864657120996,0.02529095217594515,-0.08265699122566875,-0.9970710608893145,0
sample_02715.html,-0.44666521027903083,-0.4717720437546845,-0.4993703348891979,-0.48419700908921864,-1.3322091700034961,-0.3365771940723391,-0.44887348689285445,0.3910248052665828,-0.2983175564679634,-0.26772955257925335,0.04586077231301296,-0.10233782053493232,-0.4394991267121079,0
sample_00305.html,0.9845870194360704,1.9926224862474844,3.1631256158360737,0.9657420861318179,1.61563318299544,-0.09896372015803664,0.5684261156270678,0.5711118292920873,-0.31079269119831116,0.12397939187955967,-0.0209911431324574,-0.04590014825101473,0.45365763772736145,0
sample_07873.html,-0.35855508802930236,-0.3406872283290372,-0.5789898120788778,0.583318093457158,1.4432040819991707,-0.21472413052654296,0.9075259831337085,-1.9925510562714843,-0.7696871822953526,-0.2694943572651209,-0.02613359816672435,-0.09799646112847712,0.7044713032001196,1
sample_07109.html,-0.4052964333690973,-0.4105991298893824,-0.4993703348891979,-0.41875547023580095,-0.03589486973899635,-0.31829923454046966,-0.10977361938621372,-0.055808716520015726,-0.5243588709256557,-0.2636338737799758,-0.02613359816672435,-0.10204839657450197,0.7080490190643716,1
sample_02637.html,-0.4520377787088923,-0.4805110314497277,-0.4993703348891979,-0.49237720144589586,-2.256016803315404,-0.3365771940723391,-0.44887348689285445,0.7697390010992521,1.3592723457167761,2.1264777403122124,-0.027419211925291086,-0.10364022835686888,-1.5522331665246654,1
sample_05508.html,-0.3118137426895074,-0.3057312775488646,0.05796600543856084,-0.3257057821785976,-0.04987619673339827,-0.32439188771775945,-0.10977361938621372,0.4602642360697793,-0.10637105300079944,-0.23861582496270897,-0.009420619305356762,-0.09220798191987019,0.36454773594234985,1
sample_00900.html,-0.41819059760076494,-0.4717720437546845,-0.5789898120788778,-0.4811294369554647,-1.557239237400944,-0.3304845408950493,-0.44887348689285445,-1.9925510562714843,2.1996149474709354,-0.2694943572651209,0.044575158554446215,-0.035915021616167775,-1.5292417391517128,1
sample_03970.html,-0.13183270028914743,-0.11347354825791527,0.6153023457663196,-0.25208405096850267,0.8744166854242634,-0.17816821146280412,-0.10977361938621372,0.8106494858853316,1.6563723021846821,0.43916906901528585,-0.02613359816672435,-0.06500212963941761,-1.2219463450157066,0
sample_07409.html,0.460761597524575,0.32347583649424233,3.6408424789741525,0.721358839476086,1.0288720059021152,0.2787807768339313,-0.10977361938621372,0.6421930437873998,0.9440750155413805,0.28590854635831126,-0.02613359816672435,0.07131655572327564,0.033637245028468835,0
sample_09676.html,-0.2451938941592249,-0.2882533021587783,0.9337802545250389,-0.1876650361596696,0.154508272186798,-0.1477049455763551,0.22932624812042704,0.4309216731232166,0.23585207791984297,-0.07545463702401212,-0.02613359816672435,-0.04676842013230577,0.3850676927267354,0
sample_06906.html,0.471506734384298,0.8128591474166589,0.6949218229559994,0.1109119848590488,0.4685506713161472,-0.31220658136317986,0.9075259831337085,0.6759330480645596,0.09787492339417538,-0.13924289192766456,-0.017134301856757187,0.007643284428599389,-0.799654023082924,0
sample_07371.html,-0.4520377787088923,-0.4805110314497277,-0.4993703348891979,-0.49237720144589586,-2.256016803315404,-0.3365771940723391,-0.44887348689285445,0.7879186850170263,1.4152591994043082,-0.267185681952791,-0.027419211925291086,-0.10364022835686888,-1.0168014571092276,1
sample_03169.html,0.18514883707268054,0.31473684879919916,-0.1012729489407988,0.056718210496062245,-0.2567632406171029,-0.30002127500860026,-0.44887348689285445,0.6181611387575484,0.3830567971982812,-0.23782776752436563,-0.02613359816672435,0.20228089781800748,-0.5527176267031052,0
sample_08936.html,-0.20382511724929142,-0.13969051134304472,1.8095945036115169,-0.21425066131887052,-1.2919532040968666,-0.30002127500860026,-0.44887348689285445,0.6610451937018305,1.046403315037041,2.365414535737813,-0.02613359816672435,-0.07281657657103696,-1.4043425015516713,0
sample_05972.html,1.1887446197708071,2.097490338588002,2.526169798318635,0.791912998552427,0.09252165950464747,0.1508350601108454,0.5684261156270678,0.5893640324722853,0.4419723664688892,0.1501184801513713,-0.02613359816672435,0.01343176363720632,-0.14548962751698422,0
sample_05828.html,0.42583990273047534,0.9089880120621335,0.6153023457663196,0.10477684059154088,0.003963884444295816,-0.275650662299441,0.22932624812042704,0.7227106116695434,-0.13923095760538298,-0.1950506778430229,-0.02613359816672435,-0.06876464112501211,0.2918769648954635,0
sample_09396.html,-0.3096647153175628,-0.3406872283290372,-0.4993703348891979,-0.37376441227407625,0.06381297614258408,-0.2695580091221512,-0.10977361938621372,0.3316516123233787,-2.6902423213346274,-0.26031515301850167,-0.02613359816672435,-0.0910502860781488,3.566025188243186,1
sample_06410.html,-0.3864924438645821,-0.4368160929745119,-0.1012729489407988,-0.3533139313823832,0.8687379246360483,-0.25128004959028183,-0.10977361938621372,0.6295786928937552,-0.03469836205618756,-0.2492712494811545,-0.024847984408157612,-0.09148442201879432,0.6190999889406055,1
sample_00643.html,2.4314196975977698,4.719186647100948,1.1726386860940783,1.9667931257801923,1.6541593893194184,0.04116730291962889,0.9075259831337085,0.8209043061143402,0.5620742587832391,0.6501131762788868,-0.02613359816672435,-0.0011841463645261825,0.2056276034870799,0
sample_01557.html,0.25875302456178295,0.8565540858918747,1.4114971176631177,0.12011470126031067,0.38315435976884205,-0.22690943688112258,0.9075259831337085,0.6964974446660082,0.6417393660369526,-0.19163206247668832,-0.02613359816672435,-0.024482775179169084,-0.4652975357628964,0
sample_04052.html,1.0270303100319762,1.3808933475944638,0.05796600543856084,0.7407867963231944,0.8096228046711544,-0.13551963922177548,-0.10977361938621372,0.3784156733360661,-0.09018751417008931,-0.23455344436505163,-0.02613359816672435,0.0704482838419846,-0.21755773282587984,1
sample_02257.html,0.02128549996190506,0.09626215642312039,2.207691889559916,0.09864169632403297,1.1821370841065744,-0.03194453520784878,0.5684261156270678,0.5997475638196782,0.061997421671736386,0.06212243266987548,-0.02613359816672435,-0.08613007875083291,0.30216323372487974,0
sample_02598.html,-0.24895469206012794,-0.46303305605964135,-0.5789898120788778,-0.47806186482171076,-0.4722282445368599,-0.32439188771775945,-0.44887348689285445,-1.9925510562714843,2.275925863471504,-0.2694943572651209,0.03557586224447905,0.3950372554646183,-1.5051251358237554,1
sample_01860.html,-0.4085199744270142,-0.4105991298893824,-0.4993703348891979,-0.47703934077712606,-1.4247911990232913,-0.31829923454046966,-0.44887348689285445,0.10862466291856293,-0.3122598596919948,-0.26815132979977513,-0.011991846822490236,-0.09886473300976815,-1.1843497290578902,1
sample_01209.html,-0.3623158859302054,-0.38438216680425297,-0.34013138050983827,-0.18664251211508492,0.9402935493550021,-0.30002127500860026,-0.10977361938621372,0.8532580442490544,1.3107067448217304,-0.11598964779626524,-0.002992550512523074,-0.09510222152417365,-0.5001011464121817,1
sample_04972.html,-0.25325274680401716,-0.20960241290338993,1.1726386860940783,-0.15494426673296072,0.21957382228533368,-0.17816821146280412,-0.44887348689285445,0.43490541658338416,-0.21202923239922328,0.01107628958619746,-0.02613359816672435,-0.073684848452328,0.4477449816284254,0
sample_03162.html,-0.16782890876921944,-0.06977860978269951,1.0930192089043984,-0.13653883393043698,-0.13827288027168422,-0.04412984156242839,-0.44887348689285445,0.5725759433898893,0.3820508645401938,-0.18385138269811507,-0.02613359816672435,0.03745395235292509,-0.16919387579981046,0
sample_06559.html,1.2553644683010896,-0.39312115449929613,-0.5789898120788778,-0.32468325813401294,-1.516777934308331,-0.31829923454046966,-0.10977361938621372,-1.9925510562714843,2.1624392850451257,-0.2694943572651209,0.06385936493294728,3.9565438005402482,-1.520738930664038,1
sample_07781.html,0.03740320525148953,0.19239102106859504,-0.5789898120788778,-0.23981376243348684,0.12695681944824794,-0.2634653559448614,-0.10977361938621372,-1.9925510562714843,0.4868926321750835,-0.26895048663865856,-0.02613359816672435,0.10127193562781651,-0.766784783665964,1
sample_07087.html,-0.252715489961031,-0.08725658517278581,-0.4993703348891979,-0.1426739781979449,0.9158580002979008,-0.23909474323570218,-0.44887348689285445,0.47800224393019547,0.3912943252749444,-0.2634118857691749,-0.02613359816672435,-0.09148442201879432,-0.19118371117731292,0
sample_03051.html,0.6923192968516053,1.3109814460341187,1.0133997317147188,0.603768574348851,0.6792106058241499,-0.10505637333532646,1.2466258506403491,0.5756538449807488,0.36343628594921007,-0.04974842537326232,-0.02613359816672435,0.2519171070318119,-0.8212231202012441,0
sample_06781.html,-0.017396992733097676,-0.1484294990380879,-0.1012729489407988,-0.1702821274017305,0.3787773880489416,0.26050281730206193,-0.10977361938621372,0.3670996008187405,-0.07063981594330769,-0.22123416371699475,-0.02613359816672435,0.022403906410547066,0.37763581049940237,0
sample_08656.html,0.19320768971747276,1.5294561384101975,-0.4993703348891979,0.22952477403086843,2.2934564300371467,0.19348363235187405,0.22932624812042704,0.45682031129530054,-1.94142962332348,-0.26132519846764596,-0.022276756891024138,0.03238903304539402,2.7628195283162773,0
sample_00504.html,-0.4450534397500724,-0.4717720437546845,-0.4993703348891979,-0.4913546774013112,-2.256016803315404,-0.3365771940723391,-0.44887348689285445,0.41101401037187285,-0.1103912300198115,-0.26636432631282747,0.05486006862298012,-0.10320609241622336,-0.7377419925513174,1
sample_00716.html,-0.06306382438692035,0.2360859595438108,-0.1012729489407988,-0.10688563663748207,0.20994376504016884,-0.275650662299441,-0.10977361938621372,0.656566790225766,-0.4098785631554024,-0.24636320653966207,-0.01584868809819045,-0.09351038974180675,0.016261267304193163,0
sample_05349.html,-0.020083276948028424,0.13995709489833613,0.5356828685766397,0.10170926845778692,0.7699854483774742,-0.05631514791700801,0.22932624812042704,0.5716582288528564,0.2021377327388421,-0.20164372176381107,-0.02613359816672435,-0.09018201419685776,-1.0658112909729438,0
sample_07179.html,-0.3827316459636791,-0.4805110314497277,-0.26051190332015844,-0.39216984507659997,0.6214101985857693,-0.17207555828551432,0.22932624812042704,0.5821859597290703,0.53504032556644,-0.17751362498974801,-0.014563074339623712,-0.10161426063385645,-0.632219687226945,1
sample_01325.html,-0.44666521027903083,-0.4805110314497277,-0.18089242613047862,-0.4412509992166633,-0.11242070690411045,-0.30002127500860026,-0.10977361938621372,0.6159075012383525,0.5719195187866983,-0.17912303806805488,-0.02613359816672435,-0.10364022835686888,-0.5958993015289547,1
sample_08849.html,1.1484503565468458,1.4071103106795932,1.2522581632837582,1.5219951663858686,1.108992570101766,-0.08677841380345704,0.22932624812042704,0.6293062095130448,-0.2110353305248447,0.16066291066441635,-0.02613359816672435,0.10083779968717099,-0.7209124882593378,0
sample_08241.html,-0.3574805743433301,-0.4805110314497277,-0.5789898120788778,-0.4893096293121419,-1.134521941823523,-0.3304845408950493,-0.44887348689285445,-1.9925510562714843,2.2550509550398505,-0.2694943572651209,19.7890312626224,0.2364329251487884,-1.5360901601111911,1
sample_06212.html,-0.43054750498944633,-0.4717720437546845,-0.4993703348891979,-0.44840866752875586,-0.4802532427832406,-0.30002127500860026,-0.10977361938621372,0.15641832936714456,1.0097295232428287,-0.25876123694289505,-0.011991846822490236,-0.10364022835686888,0.526540205527383,1
sample_09715.html,-0.400461121782222,-0.4805110314497277,-0.5789898120788778,-0.36558421991739903,0.03349143356066756,-0.245187396412992,-0.10977361938621372,-1.9925510562714843,-1.3355601875264023,-0.26939446266026046,-0.0017069367539563366,-0.1034955163766537,1.0061440378626116,1
sample_00100.html,0.03364240735058649,-0.3756431791092098,-0.18089242613047862,-0.1764172716692384,-0.532538984567312,0.06553791562878812,-0.44887348689285445,0.6181638489866099,-0.7487631644724116,-0.2461634173299412,-0.023562370649590873,-0.05602998686607686,0.30576663377526125,0
sample_08536.html,-0.1323699571321336,-0.3581652037191235,0.6153023457663196,0.6272866273742981,1.229481876385636,0.5224869039255235,0.9075259831337085,0.11542718977615538,-0.9140028396804188,-0.1037137107989728,-0.02613359816672435,-0.09452337360331296,1.7004363237118774,0
sample_03190.html,-0.41013174495597265,-0.4193381175844256,-0.18089242613047862,-0.3113904455544125,0.9831023435127376,-0.31220658136317986,-0.44887348689285445,0.5023704314824458,1.4852870334630655,-0.24853868904551135,-0.02613359816672435,0.05221457433487277,-0.2887922363618025,1
sample_07878.html,3.132002620851708,5.575607441215177,0.21720495981792048,3.6468001310327756,0.9708327471738746,1.2109567129592718,-0.44887348689285445,0.6374294316720307,1.3231893215394324,-0.10496794305999817,-0.02613359816672435,0.0937469126566275,-0.00888922229791629,0
sample_06385.html,1.3950512474774883,1.6605409538358447,2.8446477070773546,1.4023598531694643,1.5122786974279265,0.07772322198336773,0.9075259831337085,0.7672709088157035,1.3570076614122248,4.001699262752141,-0.02613359816672435,0.6413370457908433,0.4037761712424794,0
sample_03466.html,0.48547541230193786,1.0925067536580397,3.3223645702154334,0.6794353536481152,-0.08771952034955166,-0.29392862183131047,0.22932624812042704,0.6345131091601998,0.9344439096681242,2.255352879982703,-0.0209911431324574,0.020956786608395332,-0.8139820310601149,0
sample_05898.html,0.5526325176752065,1.109984729048126,0.21720495981792048,0.3726781402727197,0.33452390574188845,-0.04412984156242839,0.5684261156270678,0.6116159404294133,0.2642989612760939,-0.16663621246050156,-0.02613359816672435,0.00243365314085315,-0.12389823600359727,0
sample_02224.html,-0.42195139550166794,-0.42807710527946874,-0.4197508576995181,-0.4678366243758642,-1.2178329902344815,-0.30611392818589006,-0.44887348689285445,0.6009040071988003,0.5824768508008915,-0.237916562728686,-0.01584868809819045,-0.1003118528119199,-0.9885840801183713,1
sample_01574.html,0.8239472233832118,1.6605409538358447,-0.1012729489407988,0.4708404485528463,0.3957327612882186,-0.2817433154767308,0.9075259831337085,0.28539762108114775,0.26201806167937497,1.3384203019688468,-0.02613359816672435,-0.07455312033361905,-0.9844262667020119,1
sample_01603.html,-0.42678670708854327,-0.44555508066955507,-0.4197508576995181,-0.4422735232612479,-0.274583766170957,-0.30002127500860026,-0.10977361938621372,0.3340214988596828,0.1148666157000291,-0.26498800064586164,-0.02613359816672435,-0.10320609241622336,0.18818821059461419,1
sample_04288.html,-0.19791529197644378,-0.26203633907364887,1.3318776404734378,-0.2234533777201324,-0.2397862350877202,-0.06240780109429781,-0.44887348689285445,0.5929715541889204,0.39674146345527134,0.5813856881349133,-0.02613359816672435,-0.06804108122393625,-0.2425231789489344,0
sample_01732.html,-0.43538281657632166,-0.4717720437546845,-0.4197508576995181,-0.4494311915733405,-1.8285293515827974,-0.22690943688112258,-0.10977361938621372,0.4066228702510142,0.20549469220527664,-0.2642110426080583,-0.02613359816672435,-0.10233782053493232,-0.4970429029906451,1
sample_02377.html,0.1421682896337886,0.31473684879919916,2.207691889559916,-0.040421573739479695,0.33419302012192187,-0.20863147734925316,0.5684261156270678,0.7124343208136401,0.7524253211906096,0.21889036589750505,-0.01584868809819045,0.016615427201940133,-0.6512159850792364,0
sample_05311.html,-0.440218128163197,-0.4805110314497277,-0.34013138050983827,-0.42080051832497023,0.5922728906535657,-0.2878359686540206,-0.10977361938621372,0.4083508597662461,-0.2522075435911258,-0.22854866867288598,-0.004278164271089811,-0.10291666845579302,0.08548471210382382,1
sample_08712.html,0.029881609449683443,0.03508924255781832,0.5356828685766397,-0.14062893010877558,-0.07963197498888946,-0.20253882417196337,-0.10977361938621372,0.4625701578986282,-0.02647108538148095,-0.14144057323459394,-0.02613359816672435,-0.04561072429058439,0.44480255172231475,0
sample_09127.html,-0.40637094705506965,-0.4105991298893824,-0.5789898120788778,-0.4197779942803856,0.15286816669785602,-0.32439188771775945,-0.10977361938621372,-1.9925510562714843,-0.017178340149857096,-0.2694943572651209,-0.002992550512523074,-0.10175897261407163,0.11897880735257811,1
sample_08466.html,-0.4214141386586818,-0.4368160929745119,-0.5789898120788778,-0.45045371561792513,-0.3734434833570778,-0.30611392818589006,-0.44887348689285445,-1.9925510562714843,-0.4350136668611768,-0.2694943572651209,-0.02613359816672435,-0.08555123082997222,-0.1820601406824349,0
sample_00583.html,0.6520250336276441,1.214852581388644,2.605789275508315,0.10682188868071019,-0.21799179970310478,-0.30002127500860026,0.5684261156270678,0.6619223698735764,0.4273418261943159,0.20119792143666948,-0.02613359816672435,-0.04691313211252095,-0.7752347374883751,0
sample_09114.html,0.4645223954254781,1.1187237167431694,0.2968244370076003,0.1129570329482181,0.22674796660373872,-0.2695580091221512,0.22932624812042704,0.608924723755908,0.23404630415172714,-0.13822174707798018,-0.02613359816672435,-0.038664549240256064,-0.6876724969637139,0
sample_02794.html,0.11530544748448115,0.46329963961493276,0.5356828685766397,0.07819121543233994,0.4777156343240335,-0.2695580091221512,1.2466258506403491,0.49903337771104433,0.2617377279384455,-0.12253829411489321,-0.02613359816672435,-0.01565534438604351,-0.4385559694995172,0
sample_07161.html,3.0535631217757304,0.4720386273099759,2.605789275508315,2.6334788028493854,1.4450666936389478,4.226820035717726,0.9075259831337085,0.3724285423427193,-0.5998030683582113,0.5962033878558766,-0.02613359816672435,0.1545259443470003,1.4439366227103891,0
sample_02292.html,-0.42195139550166794,-0.4542940683645982,-0.5789898120788778,-0.4064851817007851,0.6692400338041281,-0.2695580091221512,-0.10977361938621372,-1.9925510562714843,-0.2088402120640166,-0.2694943572651209,-0.02613359816672435,-0.10103541271299576,0.17077296344464152,1
sample_01138.html,0.10939562221163351,-0.44555508066955507,0.2968244370076003,0.25406535110090006,1.134201588595528,0.7418224183079566,3.9594247906934754,0.4636406847830637,-0.21746450460109765,-0.20781498846407742,-0.02613359816672435,-0.027232302803257377,0.14381016116378353,0
sample_01394.html,-0.4520377787088923,-0.4805110314497277,-0.4993703348891979,-0.49237720144589586,-2.256016803315404,-0.3365771940723391,-0.44887348689285445,0.7888413388518452,1.406740601113225,-0.2671190855495507,-0.027419211925291086,-0.10364022835686888,-1.027589258564042,1
sample_05975.html,0.07393667057454767,0.39338773805458754,-0.34013138050983827,-0.24390385861182545,0.820247432495052,-0.32439188771775945,-0.10977361938621372,0.714831611640286,-0.21224545689546018,-0.22597360774759498,-0.02613359816672435,-0.05950307439124102,0.3737181246668682,0
sample_00842.html,-0.40099837862520815,-0.3581652037191235,-0.5789898120788778,-0.10688563663748207,0.39163792986267915,-0.2878359686540206,0.22932624812042704,-1.9925510562714843,0.24808378498633923,-0.2694943572651209,-0.02613359816672435,-0.1003118528119199,-0.3209684199583164,1
sample_09979.html,-0.3096647153175628,-0.3406872283290372,-0.4993703348891979,-0.37376441227407625,0.06381297614258408,-0.2695580091221512,-0.10977361938621372,0.3316516123233787,-2.6902211515844425,-0.26031515301850167,-0.02613359816672435,-0.0910502860781488,3.566025188243186,1
sample_01331.html,2.7983661213573097,6.615546976925312,0.6153023457663196,1.4013373291248796,0.6841909803595594,-0.23300209005841238,-0.10977361938621372,0.7025957183563204,-0.640387912916039,-0.19589423228406652,-0.017134301856757187,-0.0726718645908218,0.5065052626557938,0
sample_01030.html,-0.40422191968312504,-0.46303305605964135,-0.4993703348891979,-0.42898071068164745,-0.5040092763086924,-0.2695580091221512,-0.44887348689285445,0.2830138309046778,-0.06787708757920415,-0.26818462800139525,-0.0017069367539563366,-0.1003118528119199,-1.0615007935445215,1
sample_00619.html,0.07071312951663078,0.08752316872807724,-0.34013138050983827,0.2407725385212996,0.5451086177763733,0.12037179422439637,-0.44887348689285445,0.6037128017853187,-0.0764176976723273,-0.2500704063200379,-0.02613359816672435,-0.027087590823042202,0.06215263680437651,0
sample_08122.html,-0.37897084806277603,-0.4717720437546845,-0.18089242613047862,-0.15698931482213002,0.8529063525014203,-0.20253882417196337,0.22932624812042704,-0.2983747855912968,-0.8103824412247207,-0.1592662105019101,-0.002992550512523074,-0.10103541271299576,1.642709785544424,1
sample_03484.html,-0.4520377787088923,-0.4805110314497277,-0.5789898120788778,-0.4903321533567266,-1.114558160185379,-0.3365771940723391,-0.44887348689285445,-1.9925510562714843,-1.60279190543054,-0.2694943572651209,-0.027419211925291086,-0.10364022835686888,0.2457020263352195,0
sample_09899.html,-0.43806910079125244,-0.4717720437546845,-0.4993703348891979,-0.4555663358408484,-1.7649839180135536,-0.245187396412992,-0.10977361938621372,0.3391934432522604,0.11032388241467624,-0.2680514351949147,-0.02613359816672435,-0.10045656479213506,-0.5562162430966727,1
sample_04223.html,-0.1366680118760228,-0.1833854498182605,0.05796600543856084,-0.07211981912160391,0.6217124692643164,0.09600118151523715,-0.10977361938621372,0.5896893847408989,0.2872084163473137,-0.21989113625164902,-0.02613359816672435,-0.08743248657276947,-1.0130731302205243,0
sample_08878.html,1.9468140252242634,1.214852581388644,6.268285226233587,1.7520630764174154,1.0547066166601407,1.0891036494134756,-0.10977361938621372,0.5430466052648864,1.0177334862201977,1.543326335338662,-0.009420619305356762,0.6501644765839689,-0.8352480287067895,0
sample_05982.html,-0.3773590775338176,-0.39312115449929613,-0.4993703348891979,-0.4310257587708167,0.43817395185988695,-0.2634653559448614,-0.10977361938621372,0.25992720347054593,0.4794253652400288,-0.22650637897351728,-0.02613359816672435,-0.07614495211598594,0.8586242681825191,1
sample_05317.html,-0.24250760994429416,-0.20960241290338993,-0.4993703348891979,-0.31752558982192036,0.8298338557395974,-0.3365771940723391,-0.10977361938621372,0.01660112101228969,0.024221177991065417,-0.2653542808636832,0.0008642907631771383,-0.08395939904760531,-0.14945186302667832,1
sample_03545.html,-0.3273941911361057,-0.3406872283290372,-0.4993703348891979,-0.3931923691211846,0.4911933928541008,-0.2817433154767308,-0.10977361938621372,0.343253371727165,0.014938926219117741,-0.25871683934073486,-0.004278164271089811,-0.09582578142524951,-0.20254721649351112,1
sample_05516.html,-0.436457330262294,-0.4805110314497277,-0.4993703348891979,-0.44329604730583255,0.08141459285252393,-0.2878359686540206,-0.10977361938621372,0.5778557361576508,1.12534360362348,-0.2577178932921306,-0.02613359816672435,-0.10320609241622336,-0.05240898966930544,1
sample_02560.html,-0.05393045805615582,-0.026083671307483746,-0.1012729489407988,-0.10893068472665138,0.26181663409804345,-0.06850045427158762,-0.10977361938621372,0.6818198185280436,0.1879815895446284,-0.16520438979083543,-0.02613359816672435,-0.07122474478867005,-0.2823624676362372,0
sample_09904.html,-0.35640606065735775,-0.3406872283290372,-0.4993703348891979,-0.2858273444397962,0.5474906345094398,-0.21472413052654296,-0.10977361938621372,0.3576960289681944,-0.07518723587813719,-0.26736327236143176,-0.02613359816672435,-0.10161426063385645,-0.12345684609424772,1
sample_04994.html,-0.43162201867541866,-0.4717720437546845,-0.4197508576995181,-0.36967431609573764,0.8745731319389075,-0.2878359686540206,-0.10977361938621372,0.3039676333342053,-0.06909060018282086,-0.26728557655765145,-0.02613359816672435,-0.10262724449536266,-0.3282691824598087,1
sample_08130.html,-0.19361723723255458,-0.2008634252083468,0.3764439141972801,-0.3124129695989971,0.6299691546670757,-0.32439188771775945,0.22932624812042704,0.4788348566920621,0.23025962785495768,-0.1588222344803082,-0.004278164271089811,-0.06225260201532931,0.39911930235572896,1
sample_05078.html,-0.19522900776151303,-0.42807710527946874,-0.4197508576995181,-0.27560210399394963,1.109128783278995,0.10209383469252695,0.22932624812042704,0.6719222299889936,-0.35920031337980385,-0.25550911258466114,-0.02613359816672435,-0.09524693350438883,-0.022087947457853172,0
sample_05896.html,-0.42195139550166794,-0.44555508066955507,-0.5789898120788778,-0.4688591484204489,0.32103522205746726,-0.31220658136317986,-0.10977361938621372,-1.9925510562714843,0.5085048947738157,-0.26943886026242064,-0.02613359816672435,-0.10175897261407163,-0.5993294962936854,1
sample_03793.html,-0.42302590918764027,-0.4542940683645982,-0.4993703348891979,-0.4760168167325414,-1.482901198731579,-0.32439188771775945,-0.10977361938621372,0.5762712227313794,0.4027250556201907,-0.21531818322914947,-0.014563074339623712,-0.09915415697019851,-0.8664030898962684,1
sample_05430.html,-0.41281802917090343,-0.4805110314497277,-0.34013138050983827,-0.4606789560637717,-0.7419987387873467,-0.275650662299441,-0.44887348689285445,0.34034989488539424,0.12303950921524759,-0.2075264040500362,-0.006849391788223287,-0.084538246968466,0.7470449538105673,0
sample_01891.html,0.03847771893746183,0.35843178727441494,-0.1012729489407988,-0.036331477561141086,0.35273705251630816,-0.25128004959028183,0.22932624812042704,0.5677326349060436,0.4406822425968459,-0.22547413472329286,-0.024847984408157612,-0.07730264795770733,-0.2149208534711063,0
sample_04604.html,-0.3316922458799949,-0.4805110314497277,-0.5789898120788778,-0.251061526923918,0.9422956807874616,-0.025851882030558975,0.5684261156270678,-1.9925510562714843,-0.7772247206466328,-0.2694943572651209,-0.01584868809819045,-0.10320609241622336,0.18642125592781708,1
sample_02478.html,-0.3096647153175628,-0.3406872283290372,-0.4993703348891979,-0.37376441227407625,0.06381297614258408,-0.2695580091221512,-0.10977361938621372,0.3316516123233787,-2.6902799844858523,-0.26031515301850167,-0.02613359816672435,-0.0910502860781488,3.566025188243186,1
sample_07821.html,-0.3273941911361057,-0.3406872283290372,-0.4993703348891979,-0.3931923691211846,0.4911933928541008,-0.2817433154767308,-0.10977361938621372,0.343253371727165,0.015338298281638785,-0.25871683934073486,-0.004278164271089811,-0.09582578142524951,-0.20254721649351112,1
sample_09025.html,-0.4520377787088923,-0.4805110314497277,-0.5789898120788778,-0.4852195331338033,-0.6453592867003504,-0.3365771940723391,-0.44887348689285445,-1.9925510562714843,-0.9421734708009145,-0.2694943572651209,-0.027419211925291086,-0.10364022835686888,-0.2942693825351173,1
sample_06666.html,-0.4520377787088923,-0.4805110314497277,-0.5789898120788778,-0.49237720144589586,-2.256016803315404,-0.3365771940723391,-0.44887348689285445,-1.9925510562714843,-0.9990272052866309,-0.2694943572651209,-0.027419211925291086,-0.10364022835686888,-1.1534836345188566,1
sample_07399.html,1.3010312999549123,1.4682832245448953,0.2968244370076003,0.936088888838863,0.35070546434838484,1.1378448748317942,0.22932624812042704,0.4137785484035394,0.19575207497549346,-0.17625939272872265,-0.02613359816672435,0.04020347997701338,-0.07835086510799788,0
sample_08438.html,-0.4520377787088923,-0.4805110314497277,-0.4993703348891979,-0.49237720144589586,-2.256016803315404,-0.3365771940723391,-0.44887348689285445,0.6719449969812759,1.043577831921445,-0.2662755311085071,-0.027419211925291086,-0.10364022835686888,-1.1342750444824288,1
sample_01540.html,0.23457646662740625,-0.2183414005984331,0.6949218229559994,0.5720703289667268,1.1135324743896984,0.5346722102801031,0.5684261156270678,0.5196006879786694,-0.2810300413021714,-0.12571272266934677,-0.02613359816672435,0.0688564520596177,0.40075065234235646,0
sample_05547.html,-0.21510751095200054,-0.1659074744281742,0.2968244370076003,-0.27764715208311896,-0.7911096149704641,0.016796690210469666,-0.44887348689285445,0.40845952674519215,0.19223368103528826,-0.25419938332093556,-0.01970552937389066,-0.0574771066682286,-0.14073229043819577,0
sample_00698.html,-0.4455906965930585,-0.4717720437546845,-0.5789898120788778,-0.4760168167325414,-0.5084934647318502,-0.3304845408950493,-0.44887348689285445,-1.9925510562714843,1.5165679440574156,-0.2694943572651209,0.021434110900244937,-0.10320609241622336,0.43051286142179146,1
sample_01144.html,0.5042794018064531,1.5818900645804563,0.21720495981792048,0.12113722530489532,0.4740172818370883,0.016796690210469666,-0.44887348689285445,0.8500738008829349,1.129917698834085,0.290525896982971,-0.02613359816672435,-0.08786662251341498,-0.6971912127952499,1
sample_07596.html,-0.23176247308457118,0.04382823025286147,-0.021653471751118984,-0.31752558982192036,0.9190953645645588,-0.31220658136317986,-0.10977361938621372,0.6612510676925886,-0.13471735107399668,-0.2498373189086969,-0.02613359816672435,-0.0699223369667335,0.8314747275270745,1
sample_05115.html,2.7553855739184177,3.8977218037668915,0.2968244370076003,3.7490525354912405,0.19202395018164334,2.179688568148351,0.22932624812042704,0.03637957352029895,-0.6406053605762857,0.019101156176651736,-0.02613359816672435,0.43396477814249995,1.010536320519253,0
sample_09234.html,0.30710614043053636,0.6642963566009252,0.6949218229559994,0.22747972594169913,0.06290481360282962,-0.23909474323570218,0.9075259831337085,0.6218224630364833,0.8004522174792811,-0.11950815776746027,-0.02613359816672435,-0.03244193409100361,-0.6749599330304711,0
sample_06874.html,1.069473600627882,1.8178427323466215,0.2968244370076003,0.5986559541259278,1.1245775026376097,-0.03803718838513859,0.9075259831337085,0.3986647695987225,-0.6019271248525964,-0.18576047959100322,-0.02613359816672435,-0.09119499805836398,0.6092155016157357,0
sample_06115.html,-0.4138925428568757,-0.4805110314497277,-0.4993703348891979,-0.34002111880278274,-0.5379449314124435,-0.07459310744887743,-0.44887348689285445,-0.20788138939194953,-0.598244314493515,-0.26892828783757844,-0.02613359816672435,-0.10074598875256541,0.25069406733213245,0
sample_07388.html,-0.4477397239650031,-0.4805110314497277,-0.5789898120788778,-0.4647690522421103,-0.6596462939419805,-0.30002127500860026,-0.10977361938621372,-1.9925510562714843,-0.1490206138604244,-0.2694943572651209,-0.02613359816672435,-0.1034955163766537,-0.41888622446431234,1
sample_04967.html,0.13303492330302408,0.3671707749694581,-0.18089242613047862,0.10682188868071019,0.6213949372836791,0.010704037033179861,-0.10977361938621372,0.5775061986633098,-0.26840280677077344,-0.23804975553516655,-0.02613359816672435,-0.02607460696153599,-0.1729593991265991,0
sample_08860.html,-0.3273941911361057,-0.3406872283290372,-0.4993703348891979,-0.3931923691211846,0.4911933928541008,-0.2817433154767308,-0.10977361938621372,0.343253371727165,0.014950166452611465,-0.25871683934073486,-0.004278164271089811,-0.09582578142524951,-0.20254721649351112,1
sample_07802.html,-0.44344166922111394,-0.4805110314497277,-0.4993703348891979,-0.4647690522421103,-1.660337563224084,-0.2695580091221512,-0.10977361938621372,0.3391934432522604,0.2602642427682996,-0.2680514351949147,-0.02613359816672435,-0.10262724449536266,-0.5221404988145169,1
sample_02639.html,0.10133676956684128,0.12247911950824984,0.3764439141972801,0.6906831181385464,1.4192773701892685,0.9489726263358101,-0.10977361938621372,0.5403434013385512,-0.9044387503195795,-0.14534756222469064,-0.02613359816672435,-0.08482767092889634,1.3407655155801443,0
sample_01254.html,2.207920850915532,3.460772419014734,0.7745413001456792,2.4545370950470713,-0.016550424442472355,0.38235588084785804,-0.10977361938621372,0.6889214664046484,-0.4009147666402249,-0.20834775968999972,-0.02613359816672435,0.11820323731299179,0.6349010306241333,0
sample_00549.html,-0.24895469206012794,-0.46303305605964135,-0.5789898120788778,-0.47806186482171076,-0.4722282445368599,-0.32439188771775945,-0.44887348689285445,-1.9925510562714843,2.275925863471504,-0.2694943572651209,0.03557586224447905,0.3950372554646183,-1.5051251358237554,1
sample_06252.html,-0.4520377787088923,-0.4805110314497277,-0.4993703348891979,-0.4913546774013112,-2.256016803315404,-0.3365771940723391,-0.44887348689285445,0.6941582305232009,1.453048290169722,0.5697313175678634,-0.027419211925291086,-0.10364022835686888,-1.5510977038575506,1
sample_04300.html,-0.4332337892043771,-0.4717720437546845,-0.4197508576995181,-0.43920595112749394,-0.5498168799907667,-0.2573727027675716,-0.10977361938621372,0.4132812903160362,0.31287655432861566,-0.267651856775473,-0.02613359816672435,-0.10132483667342611,-0.7518343318236965,1
sample_06311.html,-0.342974639582704,-0.3319482406339941,-0.1012729489407988,-0.3614941237390604,0.7245827294622882,-0.32439188771775945,-0.10977361938621372,0.6639521576208347,0.8057625518464023,-0.1399310547611475,-0.02613359816672435,-0.07397427241275835,-0.8875653990493951,1
sample_08558.html,-0.2134957404230421,-0.22708038829347624,-0.26051190332015844,-0.2612867673697645,0.679596080879451,-0.13551963922177548,-0.10977361938621372,0.3126841708572123,0.6775691411872051,-0.2611698068600853,-0.02613359816672435,-0.01999670379249871,-0.149132596859195,1
sample_07247.html,0.9598732046587075,1.389632335289507,1.0133997317147188,1.5158600221183607,0.6922914554344931,0.5042089443936542,1.9248255856536307,0.609473636420515,0.7035104876571828,1.1044782367862676,-0.014563074339623712,-0.03490203775466156,-0.49665226868363177,1
sample_08920.html,-0.4289357344604879,-0.4368160929745119,-0.4993703348891979,-0.4790843888662954,-1.0223724526462987,-0.3365771940723391,-0.44887348689285445,0.02781931308754373,-0.3655010449345284,-0.26303450615081325,0.021434110900244937,-0.10364022835686888,0.6555257841029908,0
sample_06721.html,0.6939310673805638,1.5731510768854131,-0.4197508576995181,0.27962845221551635,1.8015718187329155,-0.2634653559448614,-0.10977361938621372,0.46386173887264087,-0.15497144325541384,-0.25631936882408457,-0.0017069367539563366,-0.06861992914479693,0.6907641093807635,1
sample_03089.html,-0.30590391741665973,-0.38438216680425297,-0.26051190332015844,-0.1876650361596696,-0.12410752740957524,-0.11114902651261627,-0.10977361938621372,0.41377067698943243,-0.27854404156401535,-0.257118525662968,-0.00042132299538959916,-0.10132483667342611,0.1832109151888242,0
sample_03726.html,-0.44182989869215544,-0.46303305605964135,-0.5789898120788778,-0.42898071068164745,0.6290648316771328,-0.30611392818589006,-0.10977361938621372,-1.9925510562714843,0.5890670833889252,-0.2694943572651209,-0.014563074339623712,-0.10204839657450197,-0.6256582381562481,1
sample_04861.html,-0.3590923448722885,-0.4717720437546845,-0.4993703348891979,0.3430249429797648,0.857430844085456,0.2787807768339313,0.9075259831337085,0.10584691167054394,-1.3743186782597354,-0.268118031598155,-0.02613359816672435,-0.09828588508890747,1.6855662881437459,1
sample_00652.html,0.7637744569687631,1.442066261459766,0.5356828685766397,0.1518129466424349,0.6829349509732272,-0.31220658136317986,-0.44887348689285445,0.6350878136696604,0.31195804828390095,-0.1484553943759039,-0.01584868809819045,0.03962463205615269,-0.03699626158967851,0
sample_00121.html,-0.3075156879456182,-0.38438216680425297,0.13758548262824066,-0.1528992186437914,-0.10478961982168644,-0.0502224947397182,0.9075259831337085,0.3446390838797575,-0.32571780799307193,-0.23953707520753292,-0.02613359816672435,-0.08265699122566875,0.4862996959548247,1
sample_02934.html,-0.4321592755184048,-0.44555508066955507,-0.34013138050983827,-0.11506582899415929,0.9631631131915279,-0.3304845408950493,-0.10977361938621372,0.8106992366988827,1.5646943827208766,-0.26024855661526136,-0.013277460581056975,-0.10262724449536266,-1.2830325311808108,1
sample_06813.html,-0.4289357344604879,-0.46303305605964135,-0.4993703348891979,-0.47397176864337215,-1.5435377130570114,-0.31829923454046966,-0.10977361938621372,0.43619300261567,-0.22157088764455046,-0.26772955257925335,-0.006849391788223287,-0.10089070073278059,0.5328237178062468,0
sample_06447.html,0.1298113822451072,0.42834368883476015,0.9337802545250389,0.14567780237492697,0.1770119220814166,-0.1477049455763551,0.5684261156270678,0.48573838449372897,-0.00674484126018138,-0.0038635035407063485,-0.02613359816672435,-0.025495759040675296,-0.014404229829870687,0
sample_03379.html,0.7175703684719543,0.9963778890125651,1.2522581632837582,0.8471292969599982,0.8721391601619386,0.25441016412477213,0.22932624812042704,0.7356111903301886,0.1940040963506881,-0.027116747672105663,-0.02613359816672435,0.09750942414222201,-0.23937202917696124,0
sample_07640.html,0.034179664193572636,0.39338773805458754,2.9242671842670345,1.4320130504624193,-0.11275543812996079,0.2848734300112211,0.9075259831337085,0.5096618502582552,0.00870639056442466,6.126268818324236,-0.02613359816672435,0.014878883439358054,-0.2360899552440166,0
sample_03058.html,-0.24465663731623874,-0.2183414005984331,-0.26051190332015844,-0.23776871434431754,-0.354579987095004,-0.11114902651261627,-0.10977361938621372,0.5348553647075753,0.0501369873715646,-0.1834851024802935,-0.02613359816672435,-0.09799646112847712,-0.2945461980883682,0
sample_09279.html,-0.4520377787088923,-0.4805110314497277,-0.5789898120788778,-0.483174485044634,-1.2720318634131071,-0.3365771940723391,-0.44887348689285445,-1.9925510562714843,0.04867507977067188,-0.2694943572651209,-0.027419211925291086,-0.10364022835686888,-0.014750783815409774,0
sample_01295.html,0.028807095763711148,0.59438445504058,1.0133997317147188,0.12829489361698787,0.08866586730720806,-0.2634653559448614,0.22932624812042704,0.7460370696135796,1.0300119413276705,0.19155254236736827,-0.02613359816672435,-0.05371459518263409,-0.640827696576488,0
sample_01688.html,-0.436457330262294,-0.4805110314497277,-0.5789898120788778,-0.41466537405746234,0.42914483866489467,-0.23300209005841238,-0.10977361938621372,-1.9925510562714843,-1.089610874500559,-0.26943886026242064,-0.02613359816672435,-0.10320609241622336,0.25224883411605653,1
sample_08877.html,-0.3316922458799949,-0.4805110314497277,-0.5789898120788778,-0.251061526923918,0.9934044430963854,-0.025851882030558975,0.5684261156270678,-1.9925510562714843,-0.7937653049149058,-0.2694943572651209,-0.01584868809819045,-0.10320609241622336,0.19121783635698628,1
sample_07015.html,-0.4450534397500724,-0.4805110314497277,-0.5789898120788778,-0.4749942926879568,-1.0003301119437975,-0.31829923454046966,-0.44887348689285445,-1.9925510562714843,-0.6124771539338704,-0.2694943572651209,0.011149200831711038,-0.1034955163766537,-0.2553162113069446,1
sample_08468.html,-0.3676884543600669,-0.4193381175844256,-0.5789898120788778,-0.30321025319773526,-0.3452774301254131,-0.2695580091221512,-0.10977361938621372,-1.9925510562714843,0.45914472911202187,-0.2694610590635007,-0.0017069367539563366,-0.09394452568245226,-0.5500993260108874,1
sample_09922.html,-0.4455906965930585,-0.4805110314497277,-0.4993703348891979,-0.459656432019187,-1.6831451007685423,-0.30002127500860026,-0.10977361938621372,0.3391934432522604,0.2634045528499451,-0.2680514351949147,-0.008135005546790024,-0.10335080439643853,-0.5391840292991381,1
sample_06251.html,-0.42302590918764027,-0.46303305605964135,-0.26051190332015844,-0.4565888598854331,-1.8040711104229454,-0.2695580091221512,-0.10977361938621372,0.6120722843513267,0.7017255772044784,-0.26209105710490926,-0.013277460581056975,-0.10132483667342611,-0.7651876966443866,1
sample_08705.html,-0.13613075503303662,-0.4193381175844256,-0.1012729489407988,0.7131786471194088,0.33017273288980775,0.44328241262075607,-0.44887348689285445,0.26082675772495845,0.9434336398354267,-0.23286633548296443,-0.02613359816672435,-0.08916903033535155,0.30656340416457095,1
sample_00478.html,0.5768090756095833,1.4508052491548091,0.5356828685766397,0.7960030947307656,0.5924582609693141,0.25441016412477213,0.22932624812042704,0.6520618112592542,0.04672374175994874,-0.03493072565229904,-0.02613359816672435,0.009958676112042162,0.2270132607582712,0
sample_06615.html,-0.4396808713202109,-0.4717720437546845,-0.4197508576995181,-0.46579157628669493,-1.7247823961965245,-0.2878359686540206,-0.10977361938621372,0.40139478109889704,0.3141825819078905,-0.2675630615711526,-0.02613359816672435,-0.10262724449536266,-0.4329325277665271,1
sample_02750.html,0.20180379920525116,0.419604701139717,0.05796600543856084,1.3839544203669407,0.8836920869658488,2.53306245243116,-0.10977361938621372,0.535353948777803,-1.6692284449740096,-0.2324334588619026,-0.02613359816672435,0.24207669237718013,2.4923858303980158,0
sample_08380.html,-0.400461121782222,-0.42807710527946874,-0.4197508576995181,-0.38398965271992275,0.8245961586939408,-0.2695580091221512,-0.10977361938621372,0.18912716722911385,-0.4834265344849664,-0.2533336300788118,-0.014563074339623712,-0.10132483667342611,0.9358929387893212,1
sample_05255.html,0.9663202867745413,0.2885198857140697,0.6153023457663196,1.2285307655900735,1.604136504990663,1.6557203949014276,1.2466258506403491,0.6355037051651167,0.5810482930886569,2.598635139885289,-0.02613359816672435,0.23816946891137045,0.12430982745577046,0
sample_09597.html,-0.4224886523446541,-0.44555508066955507,-0.4993703348891979,-0.4279581866370628,0.7860164106351285,-0.29392862183131047,-0.10977361938621372,0.31879378847296186,0.19314282665646135,-0.26226864751355,-0.0107062330639235,-0.10175897261407163,-0.6157402179751728,1
sample_08299.html,-0.3402883553677733,-0.31447026524390775,-0.34013138050983827,-0.251061526923918,0.2529274161722135,-0.3304845408950493,-0.10977361938621372,0.3480440778791367,-0.22527055449125008,-0.26665291072686875,-0.013277460581056975,-0.09495750954395848,-0.5603773680781474,0
sample_09882.html,-0.2500292057461002,-0.4368160929745119,-0.4197508576995181,-0.42489061450330884,0.34299572705554493,-0.23909474323570218,-0.44887348689285445,0.7626465579024301,2.194880986011576,0.29519874461033097,-0.006849391788223287,0.1865072919745536,-1.3991827571607554,1
sample_03446.html,-0.37628456384784525,-0.3319482406339941,-0.34013138050983827,-0.42898071068164745,-0.6164460231613357,-0.32439188771775945,-0.10977361938621372,0.4277061052966658,0.1714087987241635,-0.2344757485612713,-0.02613359816672435,-0.09423394964288262,0.2982444657667366,1
sample_04062.html,-0.4520377787088923,-0.4805110314497277,-0.5789898120788778,-0.4893096293121419,-0.9503498502515947,-0.3365771940723391,-0.44887348689285445,-1.9925510562714843,-0.676787049025418,-0.2694943572651209,-0.027419211925291086,-0.10364022835686888,0.40682118144121326,0
sample_09253.html,0.04277577368135102,0.2972588734091129,-0.18089242613047862,0.13136246575074184,-0.019311999448243692,-0.1598902519309347,0.22932624812042704,0.40305498284260505,-0.7899356865485487,-0.25221259062426704,-0.02613359816672435,-0.07325071251168248,0.583708510295084,0
sample_01846.html,0.5042794018064531,1.3197204337291617,0.2968244370076003,0.25406535110090006,0.005155985931871502,-0.11114902651261627,-0.44887348689285445,0.19202765369095065,0.07470609060039263,-0.20810357287811868,-0.02613359816672435,0.010971659973548374,0.5878515911579781,0
sample_09587.html,-0.35640606065735775,-0.39312115449929613,0.3764439141972801,-0.27969220017228824,-0.4346416862723056,-0.21472413052654296,0.22932624812042704,0.5798843435812169,0.15130159952773026,-0.13595746936781053,-0.02613359816672435,-0.09944358093062886,0.195977637553124,0
sample_08818.html,-0.09798551918102004,-0.4193381175844256,-0.4197508576995181,-0.10790816068206673,0.8211822720331035,0.31533669589767016,-0.10977361938621372,0.3202594417012052,-0.11352687662772137,-0.2297030063290509,-0.02613359816672435,-0.08989259023642741,0.6912446774522042,0
sample_06726.html,-0.4520377787088923,-0.4805110314497277,-0.5789898120788778,-0.486242057178388,-1.0200836873138628,-0.3365771940723391,-0.44887348689285445,-1.9925510562714843,0.19333343166059386,-0.2694943572651209,-0.027419211925291086,-0.10364022835686888,0.25538278721721513,1
sample_03934.html,-0.05124417384122507,-0.06977860978269951,0.13758548262824066,0.4258493905911216,0.380572825735232,0.351892614961409,-0.44887348689285445,0.5680128605498524,0.23330549679951293,-0.11311490305639296,-0.02613359816672435,-0.06369972181748104,-0.30786811607812187,0
sample_07299.html,-0.4520377787088923,-0.4805110314497277,-0.5789898120788778,-0.4903321533567266,-1.114558160185379,-0.3365771940723391,-0.44887348689285445,-1.9925510562714843,-1.60279190543054,-0.2694943572651209,-0.027419211925291086,-0.10364022835686888,0.2457020263352195,0
sample_01443.html,-0.2408958394153357,-0.4368160929745119,-0.4197508576995181,-0.2612867673697645,0.006051606345979112,-0.2878359686540206,0.5684261156270678,0.34635009780583204,-7.851757030852685e-05,-0.2530894432669308,-0.02613359816672435,-0.002341842206247569,-0.7872033074716241,1
sample_03751.html,-0.44935149449396156,-0.4805110314497277,-0.5789898120788778,-0.4913546774013112,-2.256016803315404,-0.3304845408950493,-0.44887348689285445,-1.9925510562714843,0.1858757981077862,-0.2694832578645808,0.09471409513854898,-0.09799646112847712,-1.369824702439611,1
sample_00809.html,-0.30268037635874284,-0.3319482406339941,-0.4993703348891979,-0.36660674396198367,0.1450017406474816,-0.2695580091221512,-0.10977361938621372,0.343253371727165,-2.6718644906444524,-0.25871683934073486,-0.02613359816672435,-0.0910502860781488,3.551261852867586,1
sample_05979.html,-0.18770741195970694,-0.3756431791092098,-0.4197508576995181,0.17124090348954327,1.5353924178736105,0.23613220459290268,0.9075259831337085,0.6383496738788046,-0.5316507747677001,-0.24613011912832108,-0.02613359816672435,-0.07874976775985908,0.26243377426801123,0
sample_04643.html,-0.035126468551640595,0.13995709489833613,0.21720495981792048,-0.2152731853634552,0.2829793969218487,-0.2878359686540206,-0.44887348689285445,0.6610497780771076,0.06121967991654071,-0.18941218236867882,-0.017134301856757187,-0.05776653062865894,-0.2733207084448941,0
sample_08730.html,-0.4203396249727095,-0.46303305605964135,-0.4197508576995181,-0.32059316195567433,0.15120857276838726,-0.2634653559448614,-0.10977361938621372,0.5801554407734697,0.26389330343809425,-0.21365327314814236,-0.02613359816672435,-0.09423394964288262,-0.860120307726249,1
sample_08022.html,-0.4106690017989588,-0.4542940683645982,-0.34013138050983827,-0.4320482828154014,-1.6609114366312625,-0.245187396412992,-0.10977361938621372,0.3185508690205121,-0.40967239692996243,-0.20026739609684518,-0.005563778029656549,-0.10291666845579302,0.7600941891846352,1
sample_04461.html,-0.3633903996161777,-0.4542940683645982,0.2968244370076003,-0.25003900287933334,0.34362727243883756,-0.1294269860444857,-0.10977361938621372,0.303441236157285,0.6249310479046108,-0.21950265723274734,-0.01584868809819045,-0.07136945676888523,-0.4688177164426865,0
sample_01105.html,0.7653862274977216,1.2935034706440323,0.2968244370076003,0.19373643247040562,0.7684339674499575,-0.22690943688112258,-0.44887348689285445,0.2707769058692333,0.16163545303932947,-0.20308664383401723,-0.02613359816672435,-0.04532130033015404,0.5975021307488835,0
sample_07946.html,-0.4520377787088923,-0.4805110314497277,-0.5789898120788778,-0.4903321533567266,-2.256016803315404,-0.3365771940723391,-0.44887348689285445,-1.9925510562714843,-0.1058404676283783,-0.2694943572651209,-0.027419211925291086,-0.10364022835686888,-1.2639389854379912,1
sample_06050.html,0.3162395067613009,0.00013329177764570985,0.2968244370076003,-0.05780448249741878,0.3629736496224121,0.18739097917458425,-0.10977361938621372,0.6200523673792471,0.4862285905962273,-0.23963696981239335,-0.02613359816672435,0.08318293810091985,-0.005694435484838611,0
sample_02483.html,1.7834879449564742,1.1536796675233418,5.392470977147108,2.2132214205250933,1.2425031160767426,0.9916211985768387,-0.10977361938621372,0.5303919063337578,1.0130265656982764,1.3401740072541741,-0.02613359816672435,0.5940162282604816,-0.8177701486481028,0
sample_06750.html,-0.4445161829070862,-0.4717720437546845,-0.5789898120788778,-0.43920595112749394,-0.7665883603787662,-0.31220658136317986,-0.10977361938621372,-1.9925510562714843,-0.2177991880254471,-0.2694943572651209,-0.02613359816672435,-0.10219310855471715,-0.4160892426701114,1
sample_01653.html,0.0556699379130186,0.017611267167732012,0.5356828685766397,-0.21834075749720913,0.05555672677702718,-0.245187396412992,-0.10977361938621372,0.3481122467917952,0.09630524860616835,-0.08333521140744578,-0.02613359816672435,0.052793422255733455,0.3808278594043139,0
sample_09427.html,-0.43269653236139094,-0.46303305605964135,-0.5789898120788778,-0.4064851817007851,-0.1612447432807944,-0.2695580091221512,-0.44887348689285445,-1.9925510562714843,-0.4504010752752051,-0.2694610590635007,-0.02613359816672435,-0.10146954865364127,0.18855840185398698,1
sample_04229.html,-0.35640606065735775,-0.38438216680425297,-0.4993703348891979,-0.42489061450330884,0.5347124189419791,-0.2817433154767308,-0.10977361938621372,0.26343625579708835,0.49573871653596374,-0.230424467364154,-0.02613359816672435,-0.06760694528329073,0.666230509601451,1
sample_09711.html,-0.40690820389805576,-0.4368160929745119,-0.4197508576995181,-0.42182304236955487,-0.18252796743788574,-0.2208167837038328,-0.44887348689285445,-0.02081661943250695,-0.45245995644089704,-0.2685398088186768,-0.02613359816672435,-0.10016714083170472,0.06308153081918752,0
sample_05296.html,-0.3854179301786098,-0.38438216680425297,-0.5789898120788778,-0.2899174406181348,-0.5659792590164218,-0.19644617099467354,-0.44887348689285445,-1.9925510562714843,-0.15036281104328908,-0.26939446266026046,-0.01970552937389066,-0.09814117310869229,-0.02770935531620558,0
sample_07112.html,-0.1323699571321336,-0.2358193759885194,-0.34013138050983827,0.1446552783303423,-0.09531108550441952,0.004611383855890054,-0.44887348689285445,0.5914100835360329,1.6122938977787056,-0.25347792228583244,-0.011991846822490236,0.30719708347400815,-0.9217197864842079,0
sample_01817.html,-0.01524796536115308,0.22734697184876765,0.2968244370076003,0.05876325858523155,0.1602948552854963,-0.08068576062616724,-0.44887348689285445,0.6976107346146836,0.6042520079449613,0.026915134156845107,-0.02613359816672435,-0.07411898439297353,-1.02313249165126,0
sample_03986.html,-0.4520377787088923,-0.4805110314497277,-0.4993703348891979,-0.49237720144589586,-2.256016803315404,-0.3365771940723391,-0.44887348689285445,0.7697390010992521,1.3592723457167761,2.1264777403122124,-0.027419211925291086,-0.10364022835686888,-1.5522331665246654,1
sample_02407.html,-0.03351469802268215,-0.27951431446373515,1.9688334579908764,-0.3349084985798595,-0.5179022028163422,-0.3365771940723391,-0.10977361938621372,0.6713847481597135,1.1232137531943027,2.0693935233347487,0.012434814590277775,0.03267845700582437,-1.2183292423868366,1
sample_02574.html,0.5187853365670791,0.7779031966364862,0.05796600543856084,0.8021382389982735,0.9914232475057217,0.17520567282000463,0.22932624812042704,0.7602798530449217,1.0520678571012172,0.5901764133626308,-0.02613359816672435,0.2118318885122089,-0.22755404414284777,1
sample_04473.html,-0.40744546074104193,-0.42807710527946874,-0.4993703348891979,-0.4576113839300177,-2.256016803315404,-0.31829923454046966,-0.10977361938621372,0.5777114856481682,0.440504139616452,-0.21540697843346987,-0.01584868809819045,-0.09872002102955299,-0.6229357274641653,1
sample_08033.html,-0.3037548900447152,-0.42807710527946874,-0.4197508576995181,-0.28889491657355015,0.7148066058103297,0.053352609274208505,-0.44887348689285445,0.6469827366380365,0.315020364278014,-0.21243233908873715,-0.02613359816672435,-0.10045656479213506,-0.5927979295349728,1
sample_00031.html,-0.24895469206012794,-0.46303305605964135,-0.5789898120788778,-0.47806186482171076,-0.4722282445368599,-0.32439188771775945,-0.44887348689285445,-1.9925510562714843,2.275925863471504,-0.2694943572651209,0.03557586224447905,0.3950372554646183,-1.5051251358237554,1
sample_05825.html,0.5048166586494393,1.5818900645804563,0.21720495981792048,0.12113722530489532,0.4740172818370883,0.016796690210469666,-0.44887348689285445,0.8496070015556813,1.1319239710718743,0.290525896982971,-0.02613359816672435,-0.08844547043427568,-0.6971912127952499,1
sample_02931.html,0.277019757223312,0.4807776150050191,1.0133997317147188,0.0086595804005836,0.31798021823864603,-0.29392862183131047,0.5684261156270678,0.6244607399346898,0.11239930590796807,-0.13792206326339893,-0.02613359816672435,-0.06673867340199968,0.01453070074068919,0
sample_04823.html,-0.3096647153175628,-0.3406872283290372,-0.4993703348891979,-0.37376441227407625,0.06381297614258408,-0.2695580091221512,-0.10977361938621372,0.3316516123233787,-2.690287186990567,-0.26031515301850167,-0.02613359816672435,-0.0910502860781488,3.566025188243186,1
sample_06058.html,-0.21295848358005595,-0.20960241290338993,-0.4197508576995181,-0.23367861816597893,0.870857301627425,-0.16598290510822453,0.5684261156270678,0.4532666290412541,-0.13014025074254504,-0.20228748699513383,-0.02613359816672435,-0.09495750954395848,-0.5274703194531793,0
sample_02598.html,-0.006114599030388545,0.19239102106859504,-0.34013138050983827,-0.29503006084105804,0.1966070039844147,-0.32439188771775945,-0.10977361938621372,0.6690072611351026,0.6191910301832205,-0.22585151434165446,-0.017134301856757187,-0.06818579320415143,-0.6418370199030927,0
sample_05955.html,-0.241970353101308,-0.42807710527946874,-0.4197508576995181,-0.23981376243348684,0.28559804862232885,0.12037179422439637,-0.44887348689285445,0.5052885067579663,-0.748674906107511,-0.26164708108330736,-0.02613359816672435,-0.10016714083170472,0.5064995000109872,0
sample_07848.html,4.656737541246399,2.1149683139780886,-0.18089242613047862,4.316553380235723,0.46347697876331234,7.86413398255974,-0.10977361938621372,0.5798645169592669,-0.17154810442431917,-0.19643810291052885,-0.0209911431324574,0.9443639323614161,0.7949695199902145,0
sample_00260.html,-0.44344166922111394,-0.4805110314497277,-0.5789898120788778,-0.3850121767645074,-0.018885633793055835,-0.2634653559448614,1.58572571814699,-1.9925510562714843,0.05499920852162231,-0.2694943572651209,-0.02613359816672435,-0.10060127677235024,-0.4085504125347476,1
sample_07319.html,1.7104210143103578,0.6206014181257095,3.3223645702154334,0.9135933598580006,0.7734383119193647,2.2832636721622777,-0.10977361938621372,0.6574095398852222,1.5544268839255873,0.13575585585254996,-0.02613359816672435,0.9844491508810191,0.40073474639967727,0
sample_02401.html,0.11208190642656425,0.5506895165653642,-0.021653471751118984,0.06080830667440085,0.3868576964032556,-0.11114902651261627,-0.10977361938621372,0.5787788017220011,0.7725108356204307,0.06412032476708401,-0.02613359816672435,-0.045176588349938866,-0.42694231064054267,0
sample_04628.html,-0.0657501086018511,0.22734697184876765,-0.18089242613047862,-0.1938001804271775,0.45359660588350276,-0.31220658136317986,-0.44887348689285445,0.7127862864440496,0.6912539722494515,-0.17397291621747288,-0.02613359816672435,-0.08048631152244115,-0.43898117967537087,0
sample_02015.html,1.3891414222046408,1.8265817200416645,-0.021653471751118984,0.213164389317514,0.525012735034063,-0.3365771940723391,-0.44887348689285445,0.5454203575919087,0.9532864525547717,0.8253949096073155,0.00472113203887735,0.12341286860073802,-0.9616871831983684,0
sample_01821.html,-0.4477397239650031,-0.4805110314497277,-0.4993703348891979,-0.48419700908921864,-1.2792309526931431,-0.31829923454046966,-0.44887348689285445,0.28704593753334845,0.3564502812634727,-0.2681957274019353,-0.011991846822490236,-0.10364022835686888,-0.8495846415382166,1
sample_07229.html,-0.3666139406740946,-0.2969922898538215,-0.4993703348891979,-0.2592417192805952,0.7807143314852952,-0.31220658136317986,6.33312386323996,-0.41650874953288364,0.013094371714131872,-0.2629457109464929,-0.011991846822490236,-0.09336567776159158,0.09704478618869046,1
sample_05034.html,-0.26507239734971244,-0.42807710527946874,-0.34013138050983827,-0.42080051832497023,0.23996129885080023,-0.2878359686540206,-0.44887348689285445,0.3502554213561763,2.2397240095542177,-0.2250190593011509,-0.02613359816672435,0.3374418873389794,-0.4506858935373552,1
sample_05715.html,0.36674165000199893,0.7342082581612704,0.21720495981792048,0.05058306622855433,0.17028532755895823,-0.31829923454046966,1.58572571814699,0.6719000504881413,0.020701733417351414,-0.17467217845149588,-0.01584868809819045,-0.027666438743902896,-0.15361444822584167,0
sample_04961.html,0.1298113822451072,0.7342082581612704,-0.18089242613047862,-0.02815128520446387,0.3798914570454717,-0.3304845408950493,-0.10977361938621372,0.7145702459279829,-0.19737706143476227,-0.22687265919133884,-0.017134301856757187,-0.01652361626733455,-0.25468465411897234,0
sample_01307.html,-0.031902927493723705,0.2011300087636382,0.45606339138695995,0.6262641033297134,1.5195813637117928,0.132557100578976,-0.10977361938621372,0.5721603038845587,0.7724301273963334,1.0438089134343684,-0.02613359816672435,0.04338714354174719,-0.829700270578105,0
sample_00682.html,0.6482642357267411,-0.1659074744281742,0.7745413001456792,0.5403720835846026,1.1482895509102506,1.1622154875409534,-0.44887348689285445,0.3735571221200183,-0.33475248106877525,-0.1808323457512222,-0.02613359816672435,-0.028389998644978764,0.44559701444617034,0
sample_08780.html,-0.3182608248053412,-0.2532973513786057,-0.4993703348891979,-0.37376441227407625,-0.10385889235669839,-0.2817433154767308,-0.10977361938621372,0.44034297944647866,0.23446717815002785,-0.26709688674847065,-0.02613359816672435,0.021101498588610504,-0.38906739283647074,0
sample_02132.html,-0.18770741195970694,-0.15716848673313102,-0.5789898120788778,-0.34308869093653666,1.100821226869268,-0.30611392818589006,-0.10977361938621372,-1.9925510562714843,0.3163179842141385,-0.2694943572651209,0.0008642907631771383,-0.058345378549519634,-0.20849749927324426,1
sample_09364.html,-0.4520377787088923,-0.4805110314497277,-0.5789898120788778,-0.49237720144589586,-2.256016803315404,-0.3365771940723391,-0.44887348689285445,-1.9925510562714843,-1.3950323556491044,-0.2694943572651209,-0.027419211925291086,-0.10364022835686888,-1.3133725301468988,1
sample_03391.html,0.9587986909727353,1.5818900645804563,0.5356828685766397,0.3225744620880718,1.860677866701567,-0.30002127500860026,-0.10977361938621372,0.5938699640488688,-0.4568187155586025,-0.09459000355505384,-0.02613359816672435,-0.010590425078512447,0.286085115734942,0
sample_02123.html,-0.3542570332854132,-0.4717720437546845,-0.5789898120788778,-0.4565888598854331,-1.4521134052025828,-0.17816821146280412,-0.44887348689285445,-1.9925510562714843,0.1810791179480845,-0.2694610590635007,0.01500604210741125,-0.08048631152244115,-1.0102495385664805,0
sample_01143.html,-0.44720246712201694,-0.4717720437546845,-0.5789898120788778,-0.48828710526755725,-1.1872981709558512,-0.3365771940723391,-0.44887348689285445,-1.9925510562714843,-0.25805423151464174,-0.2694943572651209,0.038147089761612525,-0.10277195647557784,-0.906100176848487,1
sample_08135.html,-0.4450534397500724,-0.4717720437546845,-0.5789898120788778,-0.4760168167325414,-0.5084934647318502,-0.3304845408950493,-0.44887348689285445,-1.9925510562714843,1.5185304733750746,-0.2694943572651209,0.012434814590277775,-0.10320609241622336,0.43428047077384946,1
sample_05555.html,0.3592200542001929,0.6905133196860547,-0.26051190332015844,0.4575476359732458,-0.22512201932942152,-0.07459310744887743,-0.44887348689285445,0.4950815073603303,0.18312551769069432,-0.26262382833083153,-0.02613359816672435,0.04324243156153202,-0.9345051787746689,0
sample_00369.html,-0.2870999279121445,-0.3756431791092098,0.3764439141972801,-0.23265609412139426,0.8583584405610865,-0.03194453520784878,-0.10977361938621372,0.24783530045192526,-0.27436640342295987,-0.25710742626242794,-0.02613359816672435,-0.10002242885148954,0.3083014934567026,1
sample_05352.html,0.44464389223499057,0.6206014181257095,1.0133997317147188,0.518899078648325,1.314128034374474,0.6077840484075808,-0.44887348689285445,0.5369707635510826,0.5012646573796123,1.7295409781990372,-0.02613359816672435,0.022838042351192585,-0.4911005862199095,0
sample_06456.html,-0.36930022488902536,-0.3581652037191235,0.21720495981792048,-0.41875547023580095,-1.8745319365672943,-0.31220658136317986,-0.44887348689285445,0.6333450232546235,0.8178727639629559,-0.17431699763421435,-0.005563778029656549,-0.0959704934054647,-0.2722048022646803,0
sample_08757.html,0.5644521682209018,0.2011300087636382,1.0930192089043984,0.539349559540018,0.8391298479268603,0.7540077246625362,-0.44887348689285445,0.6450712317935084,0.2711138337287619,0.20294052732145693,-0.022276756891024138,-0.03678329349745881,-0.1338468946808172,0
sample_08350.html,0.20502734026316805,0.5419505288703211,-0.4197508576995181,0.20600672100542144,0.18789521080753058,0.022889343387759473,-0.44887348689285445,0.2680092706410088,-1.2931271550227055,-0.26254613252705117,-0.01584868809819045,-0.1003118528119199,1.5370006375442018,1
sample_09200.html,-0.3918650122944436,-0.46303305605964135,-0.4993703348891979,-0.44840866752875586,-1.504876056620908,-0.22690943688112258,-0.44887348689285445,0.38424563774800424,0.35021775590910903,-0.2643442354145389,0.0008642907631771383,-0.084538246968466,-0.614144760660837,0
sample_04245.html,-0.4246376797165987,-0.44555508066955507,-0.5789898120788778,-0.4606789560637717,-0.6623135759026932,-0.32439188771775945,-0.10977361938621372,-1.9925510562714843,0.6110111556203505,-0.26943886026242064,-0.01970552937389066,-0.10175897261407163,-0.7624345213808433,1
sample_01171.html,-0.24788017837415563,-0.13095152364800158,0.45606339138695995,-0.3962599412549386,-1.8407586992654332,-0.2878359686540206,-0.44887348689285445,0.6120742308415288,0.8205296023748195,-0.19489528623546226,-0.013277460581056975,-0.07064589686780937,-0.9512620372366412,0
sample_00896.html,0.09112888955010444,0.3322148241892855,0.05796600543856084,0.48720083326620073,1.216729810938186,-0.11724167968990606,0.5684261156270678,0.4267418138563966,-0.5299677628899364,-0.23642924305631965,-0.02613359816672435,-0.08685363865190877,-0.4179360138787794,1
sample_05744.html,0.5708992503367356,0.6555573689058821,0.2968244370076003,1.1620667026920712,2.494566877285307,-0.275650662299441,-0.10977361938621372,0.6342226470851293,-1.5564167929986503,-0.20631656939117102,-0.02613359816672435,-0.05791124260887411,2.1280274366574403,0
sample_01523.html,2.1106773623350388,3.0150840465675333,1.0133997317147188,1.115030596641177,0.23336152453749928,-0.09896372015803664,0.22932624812042704,0.6940247514991587,-0.47469940089288726,-0.16551517300595678,-0.02613359816672435,-0.02998183042734567,0.5304883473288509,0
sample_01300.html,0.01967372943294661,0.35843178727441494,-0.34013138050983827,0.18657876415831304,-0.07518970064183003,-0.1537975987536449,0.5684261156270678,0.29525017913035445,0.40576647482282646,-0.1765257783416838,-0.02613359816672435,-0.05820066656930446,0.13355286201029617,0
sample_04841.html,0.41724379324269695,0.5419505288703211,0.9337802545250389,0.2980338850180401,0.11450639484782972,-0.0502224947397182,0.22932624812042704,0.6192386194041868,0.01093639366285663,-0.0350861172598597,-0.02613359816672435,-0.003354826067753782,0.06353413311436022,0
sample_08921.html,-0.2699077089365878,-0.3406872283290372,-0.1012729489407988,-0.04655671800698761,0.7092218170953438,0.2848734300112211,-0.44887348689285445,-0.14648692295745683,-0.2968539415876172,-0.1835295000824537,-0.02613359816672435,-0.05776653062865894,0.9247437073812653,1
sample_06864.html,-0.38434341649263754,-0.44555508066955507,0.13758548262824066,-0.35842655160530645,0.6709243183401932,-0.20863147734925316,-0.10977361938621372,0.653068278757863,0.2789789534278791,-0.226683969382158,-0.023562370649590873,-0.08772191053319982,-0.28370632422776604,0
sample_00994.html,-0.4498887513369477,-0.4805110314497277,-0.4993703348891979,-0.4709041965096182,-1.4485405042524644,-0.32439188771775945,-0.10977361938621372,0.3391934432522604,0.1393958154561796,-0.2680514351949147,-0.009420619305356762,-0.10320609241622336,-0.4000954652893477,1
sample_08707.html,-0.425712193402571,-0.4805110314497277,0.13758548262824066,-0.4381834270829093,-0.3879746169275044,-0.2695580091221512,-0.10977361938621372,0.8172304978852748,1.401647547026012,-0.2376612765162649,-0.02613359816672435,-0.10089070073278059,-0.7718975273000284,0
sample_04375.html,-0.4224886523446541,-0.46303305605964135,-0.34013138050983827,-0.40546265765620043,0.34197612673016897,-0.275650662299441,-0.44887348689285445,0.6279880297431392,0.9496889726922102,-0.15180741333899822,-0.004278164271089811,-0.10219310855471715,-0.8064933959077961,1
sample_06061.html,-0.41013174495597265,-0.44555508066955507,-0.34013138050983827,-0.4494311915733405,-0.4587308401083872,-0.31220658136317986,-0.44887348689285445,0.590220377945819,0.427355965970287,-0.2580064777061718,-0.02613359816672435,-0.10233782053493232,-0.41769330483868333,0
sample_05473.html,-0.3961630670383328,-0.4542940683645982,-0.5789898120788778,-0.40750770574536976,-0.039875447305314206,-0.22690943688112258,-0.44887348689285445,-1.9925510562714843,-0.23089321541967658,-0.2694166614613405,-0.01970552937389066,-0.09944358093062886,0.018604616828244616,0
sample_04356.html,3.156179178786085,6.073729739832636,0.05796600543856084,2.5128209655883964,0.18874094735444832,-0.30002127500860026,-0.10977361938621372,0.36038682031732505,-0.6576646616634471,-0.20632766879171108,-0.011991846822490236,-0.03316549399207948,0.42094539778724077,0
sample_02743.html,-0.41013174495597265,-0.4193381175844256,-0.18089242613047862,-0.3113904455544125,0.9831023435127376,-0.31220658136317986,-0.44887348689285445,0.5023704314824458,1.4856324936061258,-0.24853868904551135,-0.02613359816672435,0.05235928631508794,-0.2888226401801043,1
sample_02527.html,-0.42678670708854327,-0.4542940683645982,-0.26051190332015844,-0.46681410033127957,-1.2178329902344815,-0.31829923454046966,-0.44887348689285445,0.5633437612397283,0.3198473145281462,-0.23164540142355922,-0.011991846822490236,-0.09886473300976815,-1.1022403846627864,0
sample_06593.html,-0.10980516972671532,-0.2183414005984331,0.13758548262824066,-0.04860176609615691,0.9077055701790653,0.3579852681386988,-0.10977361938621372,0.2066661388192789,-0.5860374672698961,-0.19132127926156697,-0.02613359816672435,-0.08338055112674461,1.0160854476020202,0
sample_03804.html,-0.22101733622484818,0.07878418103303408,2.605789275508315,-0.23367861816597893,-0.09802725208039956,-0.32439188771775945,0.22932624812042704,0.6196127946383152,0.7846291309197869,0.22560550322423373,-0.0209911431324574,-0.08309112716631427,-1.0437750676085131,0
sample_04400.html,0.030418866292669593,-0.017344683612440594,2.287311366749596,0.33586727466767224,1.1914778851724752,0.7052664992442178,-0.10977361938621372,0.5909049185907249,1.9495405434299682,-0.004529467573109193,-0.02613359816672435,-0.06833050518436659,-0.3091406827560685,0
sample_10000.html,-0.4026101491541666,-0.4542940683645982,-0.26051190332015844,-0.46579157628669493,-1.2971386977996586,-0.2878359686540206,-0.44887348689285445,0.48921984220212733,-0.09467032271921064,2.409934231303943,-0.0107062330639235,-0.0932209657813764,-1.4480618885036851,0
sample_08581.html,0.1464663443776778,0.19239102106859504,-0.18089242613047862,-0.0680297229432653,-1.5636559245377377,-0.3304845408950493,-0.44887348689285445,0.313992155465915,0.3451054273321571,0.004805128281070676,-0.009420619305356762,0.0834723620613502,0.8348844270935335,1
sample_04064.html,-0.3574805743433301,-0.4193381175844256,0.7745413001456792,-0.34308869093653666,0.023111458943852848,-0.20863147734925316,-0.10977361938621372,0.6150972301443942,0.6951859578556969,0.034329533717596776,-0.0017069367539563366,-0.09915415697019851,-0.8009287800874034,1
sample_04626.html,-0.35962960171527464,-0.31447026524390775,-0.4197508576995181,-0.4412509992166633,-0.6300028800511663,-0.3304845408950493,-0.10977361938621372,0.6970560470549755,0.5316608109556347,-0.24066921406261776,-0.017134301856757187,-0.09394452568245226,-0.7482208145507583,0
sample_01736.html,-0.3940140396663882,-0.4805110314497277,-0.4993703348891979,-0.4320482828154014,0.06566008423738039,-0.23300209005841238,-0.10977361938621372,-0.03181234889534068,-0.46061360636736265,-0.26428873841183864,-0.0017069367539563366,-0.10320609241622336,0.22510993218948608,1
sample_06299.html,0.00839133573023748,0.2885198857140697,0.2968244370076003,-0.21118308918511658,0.7124161650807521,-0.2817433154767308,-0.10977361938621372,0.6960150515682838,0.6197387707527888,-0.14596912865493328,-0.024847984408157612,-0.0639891457779114,-0.48221821239680723,0
sample_00061.html,-0.28495090054019995,-0.3756431791092098,-0.18089242613047862,-0.22652094985388635,0.34678430290699147,0.132557100578976,0.22932624812042704,0.8675628963927814,-0.85980778479029,-0.25991557459905995,-0.02613359816672435,-0.09872002102955299,0.8446436486009749,0
sample_03959.html,-0.4488142376509754,-0.4717720437546845,-0.5789898120788778,-0.47397176864337215,-0.5659501293088601,-0.3365771940723391,-0.10977361938621372,-1.9925510562714843,0.3220331755687195,-0.2694943572651209,0.012434814590277775,-0.10364022835686888,-0.11885521776416293,1
sample_08202.html,-0.44182989869215544,-0.4805110314497277,-0.5789898120788778,-0.45863390797460235,0.7877086346819236,-0.30002127500860026,-0.44887348689285445,-1.9925510562714843,-1.6205505627728782,-0.2694943572651209,-0.017134301856757187,-0.10364022835686888,1.250500842356618,1
sample_07567.html,0.18837237813059743,0.34095381188432866,-0.26051190332015844,0.35018261129185735,1.6331356920828761,0.4371897594434663,0.22932624812042704,0.5062326802582209,-0.5539712081277399,-0.16702469147940321,-0.02613359816672435,-0.04242706072585057,0.4355654232268332,0
sample_05395.html,-0.25701354470492016,-0.42807710527946874,-0.5789898120788778,-0.014858472624863396,-0.7797292862259098,0.6748032333577687,-0.44887348689285445,-1.9925510562714843,-0.5757483043086511,-0.2694943572651209,-0.01584868809819045,-0.07628966409620112,0.65468592425421,0
sample_01177.html,1.3601295526833885,1.1362016921332556,0.5356828685766397,1.3174903574689383,-0.9114977000626125,0.14474240693355558,0.5684261156270678,0.5550982316189491,0.27778174109414266,0.21308537941506026,-0.02613359816672435,0.24251082831782567,-0.2683695274679455,0
sample_02541.html,-0.4498887513369477,-0.4805110314497277,-0.5789898120788778,-0.48010691291088003,-0.41798708786172795,-0.3304845408950493,-0.44887348689285445,-1.9925510562714843,-1.2386259151421526,-0.2694943572651209,-0.00042132299538959916,-0.10364022835686888,1.7705290804295617,1
sample_03656.html,-0.3075156879456182,-0.4193381175844256,-0.4197508576995181,0.4647053042853384,0.4624979480659934,-0.01975922885326917,0.22932624812042704,0.01103597297513129,-0.2636151136477034,-0.2609367194487443,-0.02613359816672435,-0.0503862196376851,0.4178201147286083,1
sample_00179.html,0.3807103279196388,-0.017344683612440594,-0.18089242613047862,0.31030417355305595,0.668694520983334,0.6626179270031891,-0.10977361938621372,0.6030085015216177,-0.32726062467446854,-0.20962419075210517,-0.017134301856757187,-0.01724717616841042,0.47530949789824545,0
sample_04319.html,-0.019546020105042274,0.12247911950824984,0.5356828685766397,-0.14574155033169886,0.5134391267433909,-0.2817433154767308,2.942125188173553,0.6052028815477527,0.23917886514896913,-0.20664955140737246,-0.011991846822490236,-0.07455312033361905,0.1576472100561602,1
sample_03489.html,-0.3381393279958287,-0.2358193759885194,0.13758548262824066,-0.0169035207140327,0.36481495599998515,-0.20863147734925316,1.2466258506403491,0.434539083631556,-0.07278002850297333,-0.15756800221928283,-0.02613359816672435,-0.09351038974180675,0.509739501421779,1
sample_08413.html,0.9007749519302312,0.7953811720265725,0.6153023457663196,0.6119487667055282,0.2843843875175142,0.4371897594434663,-0.10977361938621372,0.5148245744340866,0.22852543364479222,-0.23307722409322532,-0.02613359816672435,0.02877123354001469,0.15450479551500262,0
sample_05428.html,-0.38917872807951287,-0.4542940683645982,-0.34013138050983827,-0.34411121498112135,0.19018082092632035,-0.20863147734925316,-0.10977361938621372,0.3745217121613035,-0.5210225146913365,0.3536037902520604,-0.02613359816672435,-0.07730264795770733,0.5927271667565684,1
sample_04924.html,-0.1436523508348427,-0.4018601421943393,-0.26051190332015844,0.14158770619658836,0.3875903903054035,0.29096608318851097,-0.10977361938621372,0.469031820771725,-1.379577765917403,-0.2632342953605341,-0.02613359816672435,-0.08265699122566875,2.041719301487091,0
sample_08884.html,-0.4300102481464602,-0.46303305605964135,-0.4993703348891979,-0.4279581866370628,-0.13107916878381357,-0.30611392818589006,-0.10977361938621372,0.5766664835670271,0.2898143556858103,-0.21536258083130966,-0.02613359816672435,-0.10016714083170472,-0.5509379733574805,1
sample_00122.html,0.25606674034685223,0.27978089801902656,-0.4197508576995181,0.29496631288428615,1.0015079885999536,0.5834134356984216,0.22932624812042704,-0.5165103502920579,0.5701237595129842,-0.23273314267648385,-0.02613359816672435,-0.07325071251168248,0.7699217671326234,1
sample_07941.html,0.8250217370691841,0.8128591474166589,-0.18089242613047862,0.31030417355305595,1.5120654207312128,0.004611383855890054,-0.44887348689285445,0.7704639130870873,-0.3738073096784692,-0.20690483761979353,0.007292359556010826,-0.06659396142178452,-0.00800858065511829,0
sample_03146.html,0.02128549996190506,0.27978089801902656,3.1631256158360737,-0.03735400160572574,0.15396517573883478,-0.2573727027675716,-0.10977361938621372,0.3829231484128622,-0.28193309427902785,0.20396167217114128,-0.02613359816672435,-0.05602998686607686,0.6944790596324271,0
sample_02251.html,-0.39240226913742976,-0.4542940683645982,-0.4993703348891979,-0.34717878711487526,0.0633300164921442,-0.275650662299441,-0.10977361938621372,0.6747684502072775,0.9606514707037145,0.1949267601315427,0.00472113203887735,-0.0910502860781488,-0.43837316849762703,1
sample_07483.html,-0.41872785444375105,-0.44555508066955507,-0.4993703348891979,-0.41466537405746234,-0.8807664702485071,-0.30002127500860026,-0.10977361938621372,0.40973863008096567,0.42220264208583586,-0.25702973045864763,-0.014563074339623712,-0.10045656479213506,-0.37157295495220827,1
sample_03862.html,-0.42195139550166794,-0.4368160929745119,-0.5789898120788778,-0.33593102262444413,1.3723014653835925,-0.275650662299441,-0.10977361938621372,-1.9925510562714843,-0.8395857163302322,-0.26943886026242064,-0.0107062330639235,-0.10045656479213506,0.5009740493150273,1
sample_04173.html,-0.10711888551178458,0.131218107203293,0.5356828685766397,-0.16414698313422257,0.019167829474381955,-0.31829923454046966,0.22932624812042704,0.6559124680037063,0.848256474742129,-0.10414658742003466,-0.02613359816672435,-0.05241218736069753,-0.46608537535652145,0
sample_01858.html,1.9758258947455154,-0.4805110314497277,-0.34013138050983827,-0.44022847517207864,-1.3605568327300368,-0.31829923454046966,-0.10977361938621372,0.33710169360924125,1.7551236168964472,0.19457157931426117,-0.004278164271089811,5.680352908863393,-1.2502925079916332,1
sample_01225.html,-0.41281802917090343,-0.4542940683645982,-0.4993703348891979,-0.4167104221466316,-0.04905437561582784,-0.2817433154767308,-0.10977361938621372,0.4626868739957003,0.6577614317676614,-0.23664013166658054,-0.02613359816672435,-0.09843059706912263,-0.6795381587645647,1
sample_00855.html,2.654918544280008,2.499483772559987,1.2522581632837582,1.086399923392807,1.530124828055288,-0.04412984156242839,0.22932624812042704,0.6312858322895702,0.147946746478478,0.03511759115594014,-0.011991846822490236,0.09012911315124816,0.7146721232194377,0
sample_07377.html,-0.4391436144772247,-0.4542940683645982,-0.18089242613047862,-0.45249876370709446,-1.7216574871356276,-0.32439188771775945,-0.44887348689285445,0.5561950965696094,0.23878525354517002,-0.24803921602120924,-0.011991846822490236,-0.1034955163766537,-0.43706172352372175,0
sample_01159.html,-0.22531539096873737,-0.09599557286782896,-0.021653471751118984,0.24588515874422287,-0.26352698914286454,-0.18426086464009395,-0.44887348689285445,0.6052673570328817,0.10823493459004281,-0.21420824317514472,-0.02613359816672435,-0.07469783231383421,-0.8094313017466038,0
sample_00212.html,0.43980858064811523,0.7866421843315294,0.3764439141972801,0.10784441272529484,0.09320001227042343,-0.32439188771775945,0.22932624812042704,0.7035164941606824,0.2580030914764293,-0.1585003518646468,-0.02613359816672435,-0.0032101140875386088,-0.3775854012849699,0
sample_06623.html,0.5322167576417328,0.2885198857140697,2.3669308439392753,-0.02201614093695596,1.075908253411771,-0.007573922498689558,-0.10977361938621372,0.6741547547169838,0.6433169051257815,0.14504605410456964,-0.02613359816672435,0.2773864155496824,-0.5525698578880834,0
sample_06073.html,-0.31020197216054896,-0.4193381175844256,0.13758548262824066,0.24588515874422287,0.29012854783004444,-0.1477049455763551,-0.10977361938621372,0.29086366028506166,-0.5364681251116558,-0.2140861497692042,-0.02613359816672435,-0.09466808558352813,1.1845376855635246,1
sample_02241.html,-0.44129264184916933,-0.4542940683645982,-0.4993703348891979,-0.48419700908921864,-2.256016803315404,-0.32439188771775945,-0.44887348689285445,0.7404750571298565,1.9182528320437144,-0.2633008917637744,-0.011991846822490236,-0.10306138043600818,-1.2554137000280385,0
sample_07239.html,0.2700354182644921,0.27978089801902656,-0.1012729489407988,0.18044361989080512,0.7524836115140588,-0.03194453520784878,-0.10977361938621372,0.38211723009631954,-0.1810776130072436,-0.1576345986225231,-0.02613359816672435,0.008945692250535948,0.5162995033124455,0
sample_09473.html,0.3468631468115114,1.2672865075589028,-0.1012729489407988,0.11806965317114136,0.5149219196993563,-0.2695580091221512,0.5684261156270678,0.6139149478239975,-0.45128836102418496,-0.2512136445756628,-0.02613359816672435,-0.0888796063749212,0.20412932887498306,0
sample_02284.html,-0.4310847618324325,-0.46303305605964135,-0.4197508576995181,-0.48010691291088003,-1.4148956556824754,-0.31829923454046966,-0.44887348689285445,0.5862183329137697,0.5331752373565575,-0.21405285156758408,-0.011991846822490236,-0.10089070073278059,-0.8953369904918514,1
sample_06430.html,0.4527027448797828,0.7866421843315294,0.6153023457663196,-0.07314234316618856,-0.3301093794356009,-0.3304845408950493,0.22932624812042704,0.6743702232682016,0.2113818501195374,-0.12485806882776312,-0.017134301856757187,-0.06543626558006313,-0.026923588710192188,0
sample_04383.html,0.914743629847871,0.7953811720265725,-0.5789898120788778,0.19066886033665165,2.6434371123006324,-0.23300209005841238,0.22932624812042704,-1.9925510562714843,-1.668989248170099,-0.2694943572651209,-0.008135005546790024,0.2773864155496824,2.543953287693926,1
sample_03755.html,-0.37843359121978987,-0.39312115449929613,-0.1012729489407988,0.19066886033665165,0.8282053476290299,-0.14161229239906528,0.22932624812042704,0.4862487509230813,-0.31118721695626406,-0.22067919368999236,-0.02613359816672435,-0.0975623251878316,0.8093769273042223,1
sample_00575.html,-0.44129264184916933,-0.4717720437546845,-0.34013138050983827,-0.43307080685998606,-0.7419987387873467,-0.30611392818589006,-0.10977361938621372,0.3903727218238497,0.08084299285496706,-0.26165818048384737,-0.02613359816672435,-0.10219310855471715,-0.6016902771663944,1
sample_01281.html,7.4338181626418045,2.2285751540136496,1.2522581632837582,0.882917638520461,1.7349593418732006,0.05944526245149831,0.22932624812042704,0.6673793238381145,2.1815036274808195,2.317420727802648,-0.011991846822490236,15.837542088186192,-1.3435289197763052,1
sample_08128.html,0.781503932787306,0.46329963961493276,2.446550321128955,0.44834491957198397,0.8223099369118531,0.8210269096127242,1.58572571814699,0.5238193488695808,0.26476957556080366,0.23350827640874747,-0.02613359816672435,0.31211729080132405,0.3561944563535181,0
sample_04384.html,0.7138095705710512,1.0225948520976944,0.45606339138695995,2.4893029125629496,1.910637162271612,-0.03194453520784878,0.22932624812042704,0.6736182327807269,-0.9108656299976552,0.054441647496162676,-0.02613359816672435,-0.03041596636799119,1.14984935388569,0
sample_09349.html,-0.20328786040630525,-0.0348226590025269,-0.1012729489407988,-0.07416486721077321,0.1584651099498641,-0.2878359686540206,-0.10977361938621372,0.6305682280153865,1.9716506209059421,-0.1559252909393558,-0.002992550512523074,-0.08569594281018739,-0.9083954695653944,0
sample_00066.html,0.24854514454504614,0.09626215642312039,-0.021653471751118984,0.3634754238714578,1.4423882503370635,0.5773207825211318,0.5684261156270678,0.45330315741338045,0.7058653770887234,-0.03372089099343387,-0.02613359816672435,-0.014352936564106952,0.426922042711316,0
sample_07008.html,-0.33975109852478713,-0.3057312775488646,-0.4993703348891979,-0.41875547023580095,0.4563209905495373,-0.31829923454046966,-0.44887348689285445,0.5095672422891093,-0.38469764873854645,-0.2661756365036467,-0.02613359816672435,-0.10161426063385645,-0.41235776066818797,0
sample_05212.html,-0.3096647153175628,-0.3406872283290372,-0.4993703348891979,-0.37376441227407625,0.06381297614258408,-0.2695580091221512,-0.10977361938621372,0.3316516123233787,-2.6902685408208695,-0.26031515301850167,-0.02613359816672435,-0.0910502860781488,3.566025188243186,1
sample_06350.html,-0.1366680118760228,-0.3232092529389509,-0.021653471751118984,-0.12017844921708255,-1.511371860285682,0.0472599560969187,-0.44887348689285445,0.08059799192403784,0.37236552743729384,0.04416360259607878,-0.009420619305356762,-0.050965067558545796,1.0950969792837582,1
sample_08502.html,0.32322384572012086,0.42834368883476015,0.05796600543856084,-0.17334969953548446,-0.3445555342001017,-0.3304845408950493,-0.44887348689285445,0.729094688773542,0.13747755695048927,-0.1985136908115177,-0.01584868809819045,-0.08251227924545358,-0.2585141532332422,0
sample_09165.html,-0.008800883245319292,0.13995709489833613,0.3764439141972801,-0.1702821274017305,0.254027538034333,-0.06240780109429781,0.5684261156270678,0.2927071695511803,-0.5311422913251941,-0.10240398153524721,-0.02613359816672435,-0.026653454882396684,1.3405423760646067,0
sample_05024.html,0.47311850491325647,0.27104191032398345,2.3669308439392753,0.3195068899543178,0.28847464660849864,-0.12333433286719588,0.5684261156270678,0.6476996781636227,0.8698967851354131,1.128275351544129,-0.02613359816672435,0.30632881159271713,-0.3254434395922059,0
sample_05747.html,-0.20328786040630525,-0.27951431446373515,-0.4197508576995181,-0.15903436291129933,0.8587729787071542,0.16911301964271483,-0.44887348689285445,0.19346781755959747,-1.1117058465447638,-0.26281251814001233,-0.02613359816672435,-0.09654934132632538,1.428343622934511,0
sample_01944.html,-0.33115498903700874,-0.34942621602408036,-0.4993703348891979,-0.4003500374332772,0.4618700726624893,-0.2817433154767308,-0.10977361938621372,0.3316516123233787,0.10461981283981261,-0.26031515301850167,-0.004278164271089811,-0.09582578142524951,-0.3917082617145721,1
sample_05063.html,-0.4079827175840281,-0.4193381175844256,-0.5789898120788778,-0.4617014801083563,-0.5603165710439796,-0.3304845408950493,-0.10977361938621372,-1.9925510562714843,0.4512867655661395,-0.26943886026242064,-0.024847984408157612,-0.10060127677235024,-0.8252983400545926,1
sample_07934.html,-0.34780995116957936,-0.4105991298893824,-0.5789898120788778,-0.2612867673697645,0.3662000523982826,-0.14161229239906528,0.22932624812042704,-1.9925510562714843,-0.17535097283751738,-0.26932786625702015,-0.01584868809819045,-0.09785174914826195,-0.05367724088247606,1
sample_09447.html,-0.4520377787088923,-0.4805110314497277,-0.5789898120788778,-0.49237720144589586,-2.256016803315404,-0.3365771940723391,-0.44887348689285445,-1.9925510562714843,-1.0100062404755705,-0.2694943572651209,-0.027419211925291086,-0.10364022835686888,-1.3278084117058344,1
sample_03932.html,-0.4520377787088923,-0.4805110314497277,-0.5789898120788778,-0.49237720144589586,-2.256016803315404,-0.3365771940723391,-0.44887348689285445,-1.9925510562714843,-1.4078000403100033,-0.2694943572651209,-0.027419211925291086,-0.10364022835686888,-1.3155472897162082,1
sample_00823.html,-0.4498887513369477,-0.4805110314497277,-0.5789898120788778,-0.48010691291088003,-1.3097555129853682,-0.32439188771775945,-0.10977361938621372,-1.9925510562714843,-0.2516467061538482,-0.2694943572651209,-0.008135005546790024,-0.10364022835686888,-0.734087941199863,1
sample_08150.html,-0.41228077232791727,-0.4368160929745119,-0.4197508576995181,-0.4381834270829093,-0.6322132798085823,-0.25128004959028183,-0.44887348689285445,0.37425451911664714,0.04126000717529726,-0.263200997158914,-0.011991846822490236,-0.07744735993792251,-0.5610824706945245,0
sample_02046.html,-0.3316922458799949,-0.4805110314497277,-0.5789898120788778,-0.251061526923918,1.0976454104649693,-0.025851882030558975,0.5684261156270678,-1.9925510562714843,-0.7534973087626016,-0.2694943572651209,-0.01584868809819045,-0.10320609241622336,-0.07849283216523928,1
sample_04765.html,-0.3590923448722885,-0.4717720437546845,-0.4993703348891979,0.3389348468014262,0.8584809427907236,0.2787807768339313,0.9075259831337085,0.10584691167054394,-1.385984155666975,-0.268118031598155,-0.02613359816672435,-0.09828588508890747,1.69345305425639,1
sample_03527.html,-0.38165713227770676,-0.39312115449929613,-0.4993703348891979,-0.36660674396198367,-0.37869470361208696,-0.2695580091221512,0.22932624812042704,-0.2443764740598069,2.0634980940774716,-0.268828393232718,-0.004278164271089811,-0.0969834772669709,-1.2146142530221993,1
sample_05712.html,-0.4117435154849311,-0.4368160929745119,-0.4197508576995181,-0.412620325968293,-1.396574208167864,-0.30002127500860026,-0.10977361938621372,0.4920668421817645,0.5137972833935793,-0.2533336300788118,-0.014563074339623712,-0.09987771687127438,-0.5064305773222884,1
sample_07255.html,-0.2989195784578398,-0.42807710527946874,-0.26051190332015844,-0.415687898102047,-1.8265081314105802,-0.1477049455763551,-0.44887348689285445,0.5899387860202869,0.4453545025133041,-0.16861190575663,0.008577973314577563,-0.06587040152070865,-0.9782003808712156,0
sample_07412.html,0.3006590583147026,-0.06977860978269951,0.45606339138695995,0.27349330794800847,0.6684364293519103,1.6557203949014276,-0.44887348689285445,0.5719710325958349,0.013487115515252484,-0.09665449205550267,-0.013277460581056975,-0.08366997508717497,0.482751236594976,0
sample_01659.html,0.10509756746774432,0.5069945780901485,-0.18089242613047862,0.25406535110090006,1.2098260581339613,0.25441016412477213,0.22932624812042704,0.1186122973858666,1.046287946207481,-0.2237759264406656,-0.023562370649590873,0.22340884692942278,-0.03569836274236643,0
sample_08293.html,0.8728375960949514,1.8790156462119234,-0.26051190332015844,1.2009226163862878,0.18499958464232574,0.12646444740168616,1.2466258506403491,0.6022111435864049,0.45636303526803546,-0.22554073112653314,-0.01584868809819045,0.2915681896107694,-0.5520301770755708,0
sample_02916.html,-0.28280187316825534,-0.2008634252083468,-0.34013138050983827,-0.389102272942846,-0.5401824260371425,-0.29392862183131047,-0.44887348689285445,0.5662068788768221,0.3206901131582587,-0.26443303061885925,-0.02613359816672435,-0.01333995270260074,-0.47045960085692445,0
sample_07347.html,-0.42087688181569566,-0.4018601421943393,-0.5789898120788778,-0.4729492445987875,-0.5671403170776026,-0.3304845408950493,-0.44887348689285445,-1.9925510562714843,-0.7521141729240446,-0.2694943572651209,-0.002992550512523074,-0.10320609241622336,0.7912530052195991,0
sample_03316.html,0.3645926226300543,0.2885198857140697,0.21720495981792048,1.2172830010996423,1.7352070533967743,0.2665954704793517,-0.44887348689285445,0.6288294675002444,1.5592981436139188,2.337821425995255,-0.017134301856757187,0.020522650667749814,-0.8843065060722569,0
sample_08938.html,-0.35103349222749625,-0.34942621602408036,-0.4993703348891979,-0.27764715208311896,0.7533010783156755,-0.18426086464009395,-0.10977361938621372,-0.15537670733351142,-0.16846069425485616,-0.2665974137241685,-0.006849391788223287,-0.0910502860781488,-0.2574597717608182,1
sample_03454.html,0.0884426053351737,0.00013329177764570985,-0.18089242613047862,-0.030196333293633176,1.0411486333408702,0.2300395514156129,-0.44887348689285445,0.4718793849373475,0.1596985766898428,-0.21260992949737792,-0.02613359816672435,-0.014497648544322126,-0.12486413089162453,0
sample_06993.html,-0.39455129650937437,-0.34942621602408036,-0.4993703348891979,-0.38807974889826136,-0.04931073521058602,-0.3304845408950493,-0.10977361938621372,0.616469361534343,0.5721064105223996,-0.19168755947938856,-0.0209911431324574,-0.08555123082997222,-1.1009912075431731,1
sample_08132.html,-0.3800453617487483,-0.4368160929745119,-0.4993703348891979,-0.4535212877516791,-1.3335687097768643,-0.22690943688112258,-0.44887348689285445,0.28184223121771207,0.24138429681372314,-0.267896043587354,-0.009420619305356762,-0.08482767092889634,-1.0119504574958427,0
sample_06215.html,-0.24250760994429416,-0.20960241290338993,-0.4993703348891979,-0.31752558982192036,0.8298338557395974,-0.3365771940723391,-0.10977361938621372,0.01660112101228969,0.024221177991065417,-0.2653542808636832,0.0008642907631771383,-0.08395939904760531,-0.14945186302667832,1
sample_02863.html,-0.4520377787088923,-0.4805110314497277,-0.4993703348891979,-0.48828710526755725,-2.256016803315404,-0.3365771940723391,-0.44887348689285445,0.6948797331186194,1.5187641929792959,-0.23345460371158694,-0.027419211925291086,-0.10364022835686888,-1.3340155493845216,1
sample_06116.html,-0.4482769808079893,-0.4805110314497277,-0.5789898120788778,-0.46681410033127957,-0.5863520193263012,-0.31220658136317986,-0.10977361938621372,-1.9925510562714843,-0.47371989630269346,-0.2694943572651209,-0.01584868809819045,-0.10364022835686888,-0.44692850570911735,1
sample_03892.html,0.32107481834817625,-0.3581652037191235,0.45606339138695995,1.1988775682971187,0.9708787248744581,1.9055191751703096,-0.44887348689285445,0.5109316435542125,0.23044772472909683,-0.20962419075210517,-0.02613359816672435,-0.03808570131939537,0.08262697482365122,0
sample_01509.html,-0.24895469206012794,-0.46303305605964135,-0.5789898120788778,-0.47806186482171076,-0.4722282445368599,-0.32439188771775945,-0.44887348689285445,-1.9925510562714843,2.275925863471504,-0.2694943572651209,0.03557586224447905,0.3950372554646183,-1.5051251358237554,1
sample_04711.html,1.1839093081839318,0.935204975147263,-0.18089242613047862,1.706049494411106,0.74809339516413,2.3807461229989144,-0.10977361938621372,0.5847769178340356,-0.2587553800269826,-0.2057948975657888,-0.017134301856757187,0.21747565574060068,0.7607145209491264,0
sample_04603.html,0.6471897220407687,1.8877546339069666,1.0930192089043984,0.5066287901133091,0.2508946773505611,-0.17816821146280412,-0.10977361938621372,0.6345905050870257,0.15121639778531612,0.1172198569506708,-0.02613359816672435,-0.08627479073104809,-0.7509635857632704,0
sample_00691.html,0.02773258207773885,-0.270775326768692,-0.34013138050983827,0.0853488837444325,0.5350373151064824,0.5529501698119726,-0.44887348689285445,0.5007841973374729,-0.1798184493476391,-0.19955703446228215,-0.02613359816672435,-0.07079060884802454,0.13439270882141902,0
sample_07040.html,0.9706183415184305,0.5244725534802348,0.13758548262824066,0.6201289590622054,0.7477108815281631,0.7661930310171158,1.2466258506403491,0.5753187287016686,0.5129731541089054,1.2744988542587137,-0.02613359816672435,0.10633685493534757,-0.6698485192375161,0
sample_05990.html,-0.3940140396663882,-0.4193381175844256,0.05796600543856084,-0.3962599412549386,-0.6828774900773272,-0.2208167837038328,0.22932624812042704,0.6319286911457858,0.6412866691736969,-0.07979450263517066,0.0021499045217438758,-0.10060127677235024,-0.5457898715950997,1
sample_04022.html,-0.43538281657632166,-0.4717720437546845,-0.5789898120788778,-0.4023950855224465,0.7040099552539401,-0.275650662299441,1.58572571814699,-1.9925510562714843,0.8942778069405961,-0.2694943572651209,-0.01584868809819045,-0.10320609241622336,-0.11345398987299699,1
sample_02941.html,0.12766235487316258,0.4895166027000622,0.3764439141972801,-0.20709299300677797,-0.41370093905748284,-0.30002127500860026,-0.44887348689285445,0.7414192485947253,0.2260885458730062,-0.21209935707253572,-0.02613359816672435,-0.07108003280845489,-0.39035066343158115,0
sample_00963.html,0.3936044921513064,-0.3406872283290372,-0.5789898120788778,0.44527734743823,0.8698039386992106,0.7479150714852464,0.22932624812042704,-1.9925510562714843,-0.2954037660609067,-0.26943886026242064,-0.0209911431324574,-0.07903919172028942,-0.1310672138586944,1
sample_00404.html,-0.1764250182569978,-0.4542940683645982,-0.5789898120788778,0.1150020810373874,-0.4011217320804959,-0.013666575675979363,-0.10977361938621372,-1.9925510562714843,-1.567168345432285,-0.2694832578645808,-0.023562370649590873,-0.08251227924545358,1.7108662805693826,0
sample_00456.html,-0.4396808713202109,-0.4717720437546845,-0.4197508576995181,-0.46579157628669493,-1.7247823961965245,-0.2878359686540206,-0.10977361938621372,0.40139478109889704,0.29993066625912085,-0.2675630615711526,-0.02613359816672435,-0.10262724449536266,-0.43320073846554163,1
sample_08190.html,-0.4224886523446541,-0.44555508066955507,-0.5789898120788778,-0.41466537405746234,0.6943773726266438,-0.3304845408950493,-0.10977361938621372,-1.9925510562714843,-0.2816582016866396,-0.2694943572651209,-0.0107062330639235,-0.09582578142524951,-0.11047827482618128,1
sample_07807.html,-0.4482769808079893,-0.4805110314497277,-0.4993703348891979,-0.486242057178388,-0.5386231751689184,-0.3304845408950493,-0.44887348689285445,0.978128534998567,2.151428009827926,-0.26476601263506067,0.012434814590277775,-0.10233782053493232,-1.048273607177315,0
sample_01552.html,-0.4520377787088923,-0.4805110314497277,-0.5789898120788778,-0.49237720144589586,-2.256016803315404,-0.3365771940723391,-0.44887348689285445,-1.9925510562714843,-1.3950323556491044,-0.2694943572651209,-0.027419211925291086,-0.10364022835686888,-1.3133725301468988,1
sample_07120.html,-0.15708377190949643,-0.3057312775488646,-0.34013138050983827,-0.26537686354810314,0.22662376867386919,-0.11114902651261627,-0.10977361938621372,0.6136203980709501,0.8136058812005427,-0.20673834661169282,-0.022276756891024138,0.02515343403463536,-0.2784812872459177,0
sample_08678.html,-0.3940140396663882,-0.38438216680425297,-0.1012729489407988,-0.4412509992166633,-1.0940959638003918,-0.32439188771775945,-0.44887348689285445,0.4514121584474228,-0.24973488792856335,0.5083627319819414,-0.02613359816672435,-0.08424882300803566,-1.3538551229519726,0
sample_06971.html,-0.4520377787088923,-0.4805110314497277,-0.5789898120788778,-0.48828710526755725,-0.9379304872457884,-0.3365771940723391,-0.44887348689285445,-1.9925510562714843,-0.3262797501405829,-0.2694943572651209,-0.027419211925291086,-0.10364022835686888,0.18575877341522562,0
sample_00680.html,-0.4332337892043771,-0.4717720437546845,-0.4197508576995181,-0.43511585494915533,-0.5860089973375293,-0.23300209005841238,-0.10977361938621372,0.4066228702510142,0.23951684467844467,-0.2642110426080583,-0.02613359816672435,-0.10146954865364127,-0.41904318482817754,1
sample_03954.html,-0.4079827175840281,-0.44555508066955507,-0.5789898120788778,-0.4729492445987875,-1.1680996285521696,-0.2817433154767308,-0.44887348689285445,-1.9925510562714843,-0.05402684354129743,-0.26943886026242064,-0.002992550512523074,-0.0932209657813764,-0.9258764395490112,1
sample_05431.html,-0.45150052186590617,-0.4805110314497277,-0.4993703348891979,-0.4913546774013112,-2.256016803315404,-0.3304845408950493,-0.44887348689285445,0.9350829034029072,2.282480173663832,-0.19098829724536556,-0.01970552937389066,-0.10364022835686888,-1.5198422527019813,1
sample_01401.html,-0.28172735948228306,-0.4542940683645982,-0.021653471751118984,-0.24390385861182545,0.5109318946603156,-0.06240780109429781,0.22932624812042704,0.48943886046396246,0.256694092252376,-0.26536538026422324,-0.01584868809819045,-0.01203754488066418,-0.03754355639442449,1
sample_01244.html,0.1663448475681653,-0.017344683612440594,1.0930192089043984,0.4575476359732458,0.6981077375115454,0.4676530253299153,1.9248255856536307,0.4351438638180114,0.49105397262134104,-0.0239645179187322,-0.02613359816672435,0.01922024284581325,-0.09284306934920726,0
sample_04271.html,0.3103296814884533,0.1486960825933793,-0.4197508576995181,0.5403720835846026,0.5407539990191778,-0.32439188771775945,1.9248255856536307,0.14510655087809182,-0.14142191988365352,-0.26508789525072207,-0.0107062330639235,-0.01290581676195522,-0.2815651235899785,0
sample_04911.html,-0.43592007341930783,-0.4542940683645982,-0.5789898120788778,-0.4320482828154014,-0.21992354140770823,-0.3365771940723391,-0.10977361938621372,-1.9925510562714843,0.05905783409190738,-0.2694943572651209,0.01629165586597799,-0.1019036845942868,-0.3897405010402783,1
sample_06789.html,-0.16138182665338563,-0.3756431791092098,-0.1012729489407988,-0.23981376243348684,0.16678002448738488,0.04116730291962889,-0.10977361938621372,0.6028501366519027,-0.10288920720125636,-0.2570852274613479,-0.02613359816672435,-0.07136945676888523,-0.08156368300199796,0
sample_08425.html,0.6579348589004917,1.0488118151828238,0.5356828685766397,0.0025244361330756873,1.0430533770753467,0.022889343387759473,0.22932624812042704,0.6036353767266861,0.14765293218260214,-0.20379700546858026,-0.017134301856757187,-0.03663858151724364,-0.267725610580252,0
sample_03260.html,0.09972499903788283,0.22734697184876765,0.854160777335359,-0.10177301641455881,-0.5652486423470586,-0.13551963922177548,0.5684261156270678,0.7026034242046603,0.13549416174233636,-0.16319539829308685,-0.02613359816672435,-0.07223772865017627,-0.06145426902829083,0
sample_07519.html,4.135061146706849,6.676719890790614,0.9337802545250389,1.3491886028510625,0.27172143717334213,-0.06240780109429781,-0.10977361938621372,0.556272521628242,1.0328243275755549,0.42289734782357635,-0.013277460581056975,1.004419404150713,-0.630717475242152,0
sample_01534.html,-0.44129264184916933,-0.4717720437546845,-0.5789898120788778,-0.42489061450330884,0.2621742996695351,-0.30002127500860026,-0.10977361938621372,-1.9925510562714843,-0.45614605517985757,-0.26943886026242064,-0.008135005546790024,-0.10146954865364127,0.04913617810235424,1
sample_01585.html,-0.3983120944102774,-0.4018601421943393,-0.5789898120788778,0.00047938804390638344,-0.8255848721684852,-0.25128004959028183,-0.10977361938621372,-1.9925510562714843,0.33687243912528847,-0.26943886026242064,-0.02613359816672435,-0.09611520538567987,-0.36962649781097834,0
sample_05642.html,0.11154464958357811,0.707991295076141,0.7745413001456792,0.33177717848933364,1.4717829776766707,-0.09287106698074685,0.5684261156270678,0.49364206935919475,-1.0994819960538422,-0.23537480000501515,-0.013277460581056975,-0.0813545834037322,1.4019914393629833,0
sample_08649.html,-0.4477397239650031,-0.4717720437546845,-0.5789898120788778,-0.4913546774013112,-2.256016803315404,-0.3365771940723391,-0.44887348689285445,-1.9925510562714843,0.27100122538724414,-0.2694943572651209,0.04328954479587948,-0.10320609241622336,-0.8470946444377254,1
sample_01565.html,-0.1608445698103995,-0.38438216680425297,-0.5789898120788778,0.3082591254638866,0.5191407915968863,0.39454118720243764,-0.44887348689285445,-1.9925510562714843,-1.0242613801271676,-0.2694943572651209,-0.01970552937389066,0.0008418213584862436,1.4492680469809776,0
sample_01353.html,-0.40744546074104193,-0.4368160929745119,0.6153023457663196,-0.2081155170513626,0.6747250487286616,-0.23909474323570218,-0.44887348689285445,0.4888210685561501,-2.5229801740471554,-0.18354059948299375,-0.017134301856757187,-0.10175897261407163,3.697749887487085,1
sample_09763.html,-0.1893191824886654,-0.11347354825791527,2.207691889559916,-0.16823707931256118,-1.370494465773047,-0.2878359686540206,-0.44887348689285445,0.7806280693080152,1.5010535300176846,5.359766415829641,-0.02613359816672435,-0.07252715261060662,-1.403059413483772,0
sample_04930.html,-0.04157355066747439,0.19239102106859504,0.45606339138695995,0.5843406175017427,1.603410430375493,0.12646444740168616,-0.10977361938621372,0.5683322631325254,0.7626617413196815,1.0275371922426588,-0.02613359816672435,0.04411070344282306,-0.8468114404320869,0
sample_04229.html,-0.4520377787088923,-0.4805110314497277,-0.5789898120788778,-0.48828710526755725,-0.4857802989613899,-0.3365771940723391,-0.44887348689285445,-1.9925510562714843,-2.374105694263592,-0.2694943572651209,-0.027419211925291086,-0.10364022835686888,-0.06926926283400898,0
sample_08676.html,0.028807095763711148,-0.26203633907364887,-0.26051190332015844,-0.01179090049110944,1.3413207980653203,0.19348363235187405,-0.10977361938621372,0.16985371118746548,-0.5246551444249627,-0.23325481450186608,-0.02613359816672435,-0.03041596636799119,0.8242733902049858,0
sample_08442.html,-0.26560965419269855,-0.24455836368356254,1.0133997317147188,0.43607463103696814,0.7253864853163127,-0.2695580091221512,-0.10977361938621372,0.7342804926230454,0.7003980167884357,0.02566090189581975,-0.02613359816672435,-0.04315062062692644,0.19235058719125037,0
sample_04601.html,-0.41872785444375105,-0.44555508066955507,-0.4993703348891979,-0.41466537405746234,-0.8807664702485071,-0.30002127500860026,-0.10977361938621372,0.40973863008096567,0.42220264208583586,-0.25702973045864763,-0.014563074339623712,-0.10045656479213506,-0.37157295495220827,1
sample_01595.html,-0.31396277006145196,-0.3406872283290372,-0.4993703348891979,-0.37376441227407625,0.05687775598690603,-0.2695580091221512,-0.10977361938621372,0.3316516123233787,-2.6988092487671125,-0.26031515301850167,-0.02613359816672435,-0.09683876528675574,3.571712814366185,1
sample_08177.html,-0.3456609237976348,-0.3232092529389509,0.21720495981792048,-0.07723243934452717,0.036429100979488295,-0.20863147734925316,-0.44887348689285445,0.5212573545776633,0.4287677006709738,-0.044909086737801654,-0.02613359816672435,-0.08323583914652945,-0.04724851516954541,0
sample_03580.html,0.6692172526032009,0.6642963566009252,1.4911165948527976,0.37676823645105834,2.667896031740577,-0.13551963922177548,1.2466258506403491,0.614056903232661,-0.43199996069241825,0.00859002386522684,-0.02613359816672435,0.06306797285101076,0.30090353521531354,0
sample_02628.html,-0.4450534397500724,-0.4717720437546845,-0.18089242613047862,-0.4238680904587242,-0.20087113808368726,-0.3304845408950493,-0.10977361938621372,0.7765081793213934,1.634061932245604,-0.23541919760717533,0.009863587073144301,-0.1034955163766537,-0.19486317292408048,0
sample_06846.html,-0.3467354374836071,-0.3581652037191235,-0.5789898120788778,-0.2940075367964734,0.2513359591117207,-0.17207555828551432,0.22932624812042704,-1.9925510562714843,-0.33252878434647837,-0.26943886026242064,-0.02613359816672435,-0.10146954865364127,0.18732363134639052,1
sample_04011.html,-0.44344166922111394,-0.4717720437546845,-0.5789898120788778,-0.4913546774013112,-0.7829181474098523,-0.3365771940723391,-0.44887348689285445,-1.9925510562714843,-0.8836071058427817,-0.2694943572651209,0.08700041258714855,-0.1024825325151475,-0.8249123862667778,1
sample_05795.html,-0.440218128163197,-0.4805110314497277,-0.5789898120788778,-0.48419700908921864,-2.256016803315404,-0.30611392818589006,-0.44887348689285445,-1.9925510562714843,-0.24369068605556432,-0.26943886026242064,-0.011991846822490236,-0.0948127975637433,-1.2020031351053397,1
sample_08114.html,-0.33652755746687024,-0.3581652037191235,0.45606339138695995,-0.34002111880278274,0.9420524204769974,-0.2634653559448614,-0.10977361938621372,0.6491173969464487,0.40892213754412793,-0.19208713789883025,-0.02613359816672435,-0.06731752132286038,-0.6817252128453054,1
sample_06962.html,-0.11464048131359067,-0.1833854498182605,-0.34013138050983827,0.15283547068701953,0.1773312951080204,0.48593098486178476,0.22932624812042704,0.5306970935659363,-0.29176249177657065,-0.26281251814001233,-0.02613359816672435,-0.0910502860781488,0.3883967413412155,0
sample_03075.html,-0.2091976856791529,-0.1833854498182605,-0.34013138050983827,0.815431051577874,0.8989245742644874,0.5407648634573929,0.22932624812042704,0.5321895213519712,-0.6448477646079761,-0.26136959606980614,-0.02613359816672435,-0.09929886895041368,0.6356219218442682,0
sample_00864.html,-0.41228077232791727,-0.4542940683645982,-0.5789898120788778,-0.4576113839300177,-0.3557696419293877,-0.2695580091221512,-0.44887348689285445,-1.9925510562714843,0.10986933149228731,-0.26939446266026046,-0.0107062330639235,-0.0726718645908218,-0.7212924577621612,1
sample_01940.html,0.20395282657719577,0.34095381188432866,-0.021653471751118984,-0.008723328357355484,-0.3050427876492046,0.05944526245149831,-0.10977361938621372,0.5882822184694351,0.9142203940119111,-0.2347310347736924,-0.02613359816672435,-0.05588527488586169,-0.5224572356763612,0
sample_02088.html,-0.4289357344604879,-0.46303305605964135,-0.4993703348891979,-0.47397176864337215,-1.5435377130570114,-0.31829923454046966,-0.10977361938621372,0.43619300261567,-0.22157088764455046,-0.26772955257925335,-0.006849391788223287,-0.10089070073278059,0.5328237178062468,0
sample_07692.html,-0.18233484352984544,-0.2532973513786057,-0.18089242613047862,-0.1723271754908998,-0.2090372246454651,-0.025851882030558975,-0.44887348689285445,0.37126637359256676,0.0570109038823762,-0.24331087139114904,-0.02613359816672435,-0.0671728093426452,-0.14004737011630042,0
sample_06228.html,-0.42678670708854327,-0.4542940683645982,-0.26051190332015844,-0.4259131385478935,-0.023921597015722676,-0.2878359686540206,-0.10977361938621372,0.7121305450174852,0.910954922063367,-0.20898042552078241,-0.02613359816672435,-0.10089070073278059,-0.7265524487049301,1
sample_06716.html,-0.29032346897006145,-0.4717720437546845,-0.34013138050983827,-0.3727418882294916,-1.2078504514156776,0.132557100578976,-0.10977361938621372,0.5236614520508897,0.3332826021064856,-0.24782832741094832,-0.01584868809819045,-0.005959641711626901,-0.8481112167021415,1
sample_02107.html,-0.4423671555351416,-0.4717720437546845,-0.5789898120788778,-0.4729492445987875,-0.98619520295693,-0.31220658136317986,-0.10977361938621372,-1.9925510562714843,-3.805465919883044,-0.2694943572651209,-0.0107062330639235,-0.1034955163766537,4.85068853116225,1
sample_07772.html,-0.45096326502292,-0.4805110314497277,-0.5789898120788778,-0.4872645812229726,-1.1008122690560833,-0.3304845408950493,-0.44887348689285445,-1.9925510562714843,-0.2267340406174906,-0.2694943572651209,0.006006745797444088,-0.10364022835686888,-0.04483924724698051,0
sample_08662.html,-0.3322295027229811,-0.34942621602408036,0.6153023457663196,-0.3594490756498911,0.7758377822526793,-0.275650662299441,-0.10977361938621372,0.6738234610164416,0.541816448183226,-0.1740728108223333,-0.02613359816672435,-0.0634102978570507,-0.779614099826004,1
sample_01157.html,-0.31396277006145196,-0.3406872283290372,-0.4993703348891979,-0.37376441227407625,0.05687775598690603,-0.2695580091221512,-0.10977361938621372,0.3316516123233787,-2.69877429460229,-0.26031515301850167,-0.02613359816672435,-0.09683876528675574,3.5716534930225863,1
sample_08345.html,-0.41872785444375105,-0.44555508066955507,-0.4993703348891979,-0.41466537405746234,-0.8807664702485071,-0.30002127500860026,-0.10977361938621372,0.40973863008096567,0.42220264208583586,-0.25702973045864763,-0.014563074339623712,-0.10045656479213506,-0.37157295495220827,1
sample_07862.html,-0.39670032388131893,-0.4105991298893824,-0.5789898120788778,-0.3574040275607218,-0.1709287964662127,-0.3365771940723391,0.22932624812042704,-1.9925510562714843,-0.04948115406166022,-0.2694943572651209,0.008577973314577563,-0.09712818924718608,0.5833493619319812,0
sample_05057.html,-0.3676884543600669,-0.4193381175844256,-0.5789898120788778,-0.30321025319773526,-0.3452774301254131,-0.2695580091221512,-0.10977361938621372,-1.9925510562714843,0.45914472911202187,-0.2694610590635007,-0.0017069367539563366,-0.09394452568245226,-0.5500993260108874,1
sample_06315.html,-0.4520377787088923,-0.4805110314497277,-0.5789898120788778,-0.48828710526755725,-0.4857802989613899,-0.3365771940723391,-0.44887348689285445,-1.9925510562714843,-2.374105694263592,-0.2694943572651209,-0.027419211925291086,-0.10364022835686888,-0.06926926283400898,0
sample_07096.html,-0.41765334075777877,-0.4542940683645982,-0.4993703348891979,-0.342066166891952,0.48553447175860354,-0.2817433154767308,-0.10977361938621372,-0.21636823475923242,-0.15621524139995285,-0.2691946734505396,-0.018419915615323922,-0.08207814330480806,-0.43079225280245287,1
sample_08048.html,-0.44182989869215544,-0.46303305605964135,-0.4993703348891979,-0.45863390797460235,0.07178597089648438,-0.3304845408950493,-0.44887348689285445,-0.045924347023679084,-0.33088568881679936,-0.2690836794451391,0.0034355182803106135,-0.1034955163766537,0.12219415455221747,0
sample_07664.html,-0.26238611313478166,-0.38438216680425297,0.05796600543856084,-0.22243085367554774,1.220764354164396,-0.1294269860444857,0.22932624812042704,0.6369792821432319,0.5735083264349268,0.050257173492564804,-0.02613359816672435,-0.0634102978570507,-0.007039843557661504,0
sample_01151.html,-0.3096647153175628,-0.3406872283290372,-0.4993703348891979,-0.37376441227407625,0.06381297614258408,-0.2695580091221512,-0.10977361938621372,0.3316516123233787,-2.6902907612045635,-0.26031515301850167,-0.02613359816672435,-0.0910502860781488,3.5660843661725488,1
sample_08205.html,-0.375210050161873,-0.46303305605964135,-0.5789898120788778,-0.30627782533148923,0.6891955791840014,-0.013666575675979363,-0.10977361938621372,-1.9925510562714843,-0.7207251449314114,-0.2694610590635007,-0.02613359816672435,-0.10262724449536266,0.02431333788177983,1
sample_05776.html,-0.3295432185080503,-0.3406872283290372,-0.021653471751118984,-0.23879123838890218,1.4800981647374434,-0.2634653559448614,-0.10977361938621372,0.7116872089326881,0.8413545078616831,-0.08517771189709364,-0.013277460581056975,-0.09683876528675574,-0.4544011045421773,1
sample_04296.html,-0.4520377787088923,-0.4805110314497277,-0.4993703348891979,-0.49237720144589586,-2.256016803315404,-0.3365771940723391,-0.44887348689285445,0.32146681233332947,-0.8329860769671793,-0.2532337354739514,-0.027419211925291086,-0.10364022835686888,0.7857714262425866,0
sample_03057.html,0.1464663443776778,0.19239102106859504,-0.18089242613047862,-0.0680297229432653,-1.5636559245377377,-0.3304845408950493,-0.44887348689285445,0.31395018964211185,0.3450966102509463,0.004805128281070676,-0.009420619305356762,0.08332765008113502,0.8349524054420004,1
sample_09310.html,-0.07864427283351867,0.1836520333735519,0.7745413001456792,0.07921373947692459,0.18443896797732012,-0.31829923454046966,0.5684261156270678,0.37682550445510005,-0.22932898950545783,-0.1921648337026106,-0.0209911431324574,-0.07339542449189766,-0.5204457466973572,0
sample_04463.html,0.12282704328628724,-0.026083671307483746,1.650355549232157,0.3931286211644127,0.5631892455776412,0.9916211985768387,-0.10977361938621372,0.18899365761667483,-0.6493846962332919,1.715211652101836,-0.017134301856757187,0.004025484923220056,1.8911458646033963,0
sample_06831.html,-0.24250760994429416,-0.20960241290338993,-0.4993703348891979,-0.31752558982192036,0.8298338557395974,-0.3365771940723391,-0.10977361938621372,0.01660112101228969,0.024221177991065417,-0.2653542808636832,0.0008642907631771383,-0.08395939904760531,-0.14945186302667832,1
sample_05668.html,-0.4482769808079893,-0.4805110314497277,-0.4993703348891979,-0.486242057178388,-0.5386231751689184,-0.3304845408950493,-0.44887348689285445,0.9550447789894924,2.006033068570319,-0.26574275988258483,0.012434814590277775,-0.10233782053493232,-0.9755189518392822,0
sample_01673.html,-0.2892489552840891,-0.1833854498182605,-0.4197508576995181,-0.08950272787954298,0.029501808222396144,-0.19644617099467354,-0.44887348689285445,0.5269674250979738,0.9517651815855501,-0.2559641880068031,-0.02613359816672435,-0.09076086211771846,-0.737895145919066,0
sample_06784.html,0.4833263849299933,0.9089880120621335,0.13758548262824066,0.1835111920245591,0.016071735205289026,-0.14161229239906528,-0.10977361938621372,0.6500805687542891,-0.37912120538417726,-0.21414164677190445,-0.017134301856757187,-0.03953282112154711,0.12514921794886583,0
sample_02193.html,-0.44344166922111394,-0.4805110314497277,-0.5789898120788778,-0.4719267205542028,-0.007348622347039939,-0.31220658136317986,-0.44887348689285445,-1.9925510562714843,-1.1007520626111833,-0.2694943572651209,-0.017134301856757187,-0.10364022835686888,0.5243814431643586,1
sample_04877.html,0.3291336709929685,0.017611267167732012,-0.26051190332015844,0.22338962976336052,1.087979961533528,0.6382473142940299,0.5684261156270678,0.38701987667122384,-0.757828666431368,-0.26529878386098293,-0.02613359816672435,-0.07788149587856803,-0.18774826223643484,0
sample_06370.html,0.30710614043053636,0.7604252212463999,1.650355549232157,0.06489840285273946,0.9161191078533092,-0.09896372015803664,0.22932624812042704,0.658639843560926,0.5089876582960128,0.2032846087381984,-0.017134301856757187,-0.07151416874910041,-0.6719306592848634,1
sample_02075.html,-0.4520377787088923,-0.4805110314497277,-0.5789898120788778,-0.48828710526755725,-0.4857802989613899,-0.3365771940723391,-0.44887348689285445,-1.9925510562714843,-2.374105694263592,-0.2694943572651209,-0.027419211925291086,-0.10364022835686888,-0.06926926283400898,0
sample_08355.html,0.9528888656998876,1.0662897905729103,0.45606339138695995,0.44527734743823,0.04988258677194539,0.1508350601108454,0.9075259831337085,0.7251314662433787,0.3919957879473036,-0.13702301181965507,-0.02613359816672435,0.19272990712380603,-0.31714536144706584,0
sample_02596.html,-0.31611179743339657,-0.3581652037191235,-0.4993703348891979,-0.14062893010877558,0.7310999171182052,-0.025851882030558975,-0.44887348689285445,0.17765731810159122,-0.9095119762743984,-0.2597601829914993,-0.02613359816672435,-0.084538246968466,0.7576062259587818,1
sample_04148.html,-0.3075156879456182,-0.4193381175844256,-0.4197508576995181,0.4647053042853384,0.4624979480659934,-0.01975922885326917,0.22932624812042704,0.01103597297513129,-0.2636151136477034,-0.2609367194487443,-0.02613359816672435,-0.0503862196376851,0.4178201147286083,1
sample_06856.html,-0.44720246712201694,-0.4805110314497277,-0.5789898120788778,-0.48215196100004937,-0.7240459546714478,-0.3304845408950493,-0.44887348689285445,-1.9925510562714843,0.7886031135404781,-0.2694832578645808,0.07542988876004791,-0.09944358093062886,-0.5203701934696306,0
sample_01989.html,-0.36392765645916386,-0.42807710527946874,-0.4993703348891979,-0.41875547023580095,0.11839038411770318,-0.23909474323570218,-0.10977361938621372,0.27308102783797267,-0.0852271463397526,-0.26354507857565546,-0.011991846822490236,-0.07976275162136529,-0.3577494782617405,0
sample_00974.html,-0.2801155889533246,-0.3581652037191235,0.7745413001456792,-0.38398965271992275,0.3544843686524354,-0.30611392818589006,0.22932624812042704,0.6595202184050222,0.8852002175461239,0.7168982693283521,-0.004278164271089811,-0.05950307439124102,-1.138898836831001,0
sample_04882.html,-0.24895469206012794,-0.4018601421943393,-0.4993703348891979,-0.029173809249048523,0.8444603785041617,0.07772322198336773,0.5684261156270678,0.6535347654037278,-0.4565897109297569,-0.2647771120356007,-0.023562370649590873,-0.054004019143064436,0.20061213381885987,0
sample_07724.html,-0.4498887513369477,-0.4805110314497277,-0.5789898120788778,-0.4790843888662954,-1.3476059645985698,-0.32439188771775945,-0.10977361938621372,-1.9925510562714843,0.27527684025315774,-0.2694943572651209,-0.002992550512523074,-0.10277195647557784,-0.792065571621464,1
sample_01299.html,-0.4482769808079893,-0.4805110314497277,-0.4197508576995181,-0.4903321533567266,-2.256016803315404,-0.3304845408950493,-0.44887348689285445,-0.3596074767925978,-4.314542300799843,-0.12772171416709535,0.03429024848591231,-0.10364022835686888,-1.5365739093711674,1
sample_04614.html,-0.3273941911361057,-0.3406872283290372,-0.4993703348891979,-0.3931923691211846,0.4911933928541008,-0.2817433154767308,-0.10977361938621372,0.343253371727165,0.015006326418771754,-0.25871683934073486,-0.004278164271089811,-0.09582578142524951,-0.20254721649351112,1
sample_09225.html,-0.4520377787088923,-0.4805110314497277,-0.5789898120788778,-0.49237720144589586,-2.256016803315404,-0.3365771940723391,-0.44887348689285445,-1.9925510562714843,-0.8597815756043772,-0.2694943572651209,-0.027419211925291086,-0.10364022835686888,-1.371517029552395,1
sample_08474.html,-0.44935149449396156,-0.4805110314497277,-0.4993703348891979,-0.45454381179626374,-0.24530506711974293,-0.32439188771775945,-0.10977361938621372,0.3601421791751131,0.11020150678664338,-0.26065923443524314,-0.002992550512523074,-0.10364022835686888,0.17768413465175542,1
sample_04259.html,-0.3096647153175628,-0.3406872283290372,-0.4993703348891979,-0.37376441227407625,0.06381297614258408,-0.2695580091221512,-0.10977361938621372,0.3316516123233787,-2.6902040839400905,-0.26031515301850167,-0.02613359816672435,-0.0910502860781488,3.566025188243186,1
sample_08403.html,-0.3972375807243051,-0.4368160929745119,-0.021653471751118984,-0.3604715996944758,0.620801932744237,-0.2573727027675716,-0.10977361938621372,0.5711930929517515,0.7959825032227867,-0.2316897990257194,-0.02613359816672435,-0.09872002102955299,-0.528507647669026,0
sample_08088.html,1.2687958893757434,1.4857611999349816,0.21720495981792048,1.382931896322356,0.08627089663558171,0.3640779213159886,0.22932624812042704,0.6210742863880052,0.1580868636860748,-0.13842153628770104,-0.02613359816672435,0.33527120763575174,0.08272344045470383,0
sample_03217.html,-0.440218128163197,-0.4805110314497277,-0.4993703348891979,-0.41466537405746234,-1.0923009560952317,-0.245187396412992,-0.44887348689285445,0.8100858106777987,1.4307336327188982,-0.20057817931196653,-0.02613359816672435,-0.10335080439643853,-0.6950598425515445,1
sample_01768.html,-0.2355232709854742,-0.17464646212321733,0.13758548262824066,-0.36251664778364506,0.498196919448778,-0.2208167837038328,0.22932624812042704,0.21060296696172462,-0.47168561489658295,-0.21357557734436203,-0.02613359816672435,-0.08584065479040257,0.6612683118035485,0
sample_06316.html,-0.41872785444375105,-0.44555508066955507,-0.4993703348891979,-0.41466537405746234,-0.8807664702485071,-0.30002127500860026,-0.10977361938621372,0.40973863008096567,0.16405806970595405,-0.25702973045864763,-0.014563074339623712,-0.10045656479213506,-0.3289161631971167,1
sample_00265.html,-0.4079827175840281,-0.44555508066955507,-0.5789898120788778,-0.4729492445987875,-1.1680996285521696,-0.2817433154767308,-0.44887348689285445,-1.9925510562714843,-0.05402684354129743,-0.26943886026242064,-0.002992550512523074,-0.0932209657813764,-0.9258764395490112,1
sample_01379.html,-0.40959448811298654,-0.4805110314497277,-0.4197508576995181,-0.34002111880278274,0.5714484442503874,-0.11724167968990606,-0.10977361938621372,0.20856731838053558,0.46978129640333577,-0.2648215096377609,-0.02613359816672435,-0.10074598875256541,0.29978616881741127,1
sample_03280.html,-0.36930022488902536,-0.4105991298893824,0.2968244370076003,-0.3042327772423199,-0.1476064624994534,-0.25128004959028183,0.22932624812042704,0.2742224430892,-1.7925448741123837,-0.2488716710617128,-0.011991846822490236,-0.09857530904933781,2.7798797991536857,1
sample_03484.html,-0.13881703924796737,-0.08725658517278581,-0.4197508576995181,0.23463739425379168,-1.6565919854856699,0.08381587516065754,-0.44887348689285445,0.6429330756683206,0.44141783540774676,-0.2227214833893611,-0.02613359816672435,-0.08974787825621224,-0.4239012117391889,1
sample_07252.html,0.9690065709894721,1.2235915690836872,0.6153023457663196,0.49129092944453934,0.8530811489150065,0.5895060888757114,0.22932624812042704,0.6201082052837587,0.6407202412331161,-0.128110193185997,-0.01584868809819045,0.12659653216547184,-0.6054681732305622,0
sample_08310.html,-0.4520377787088923,-0.4805110314497277,-0.5789898120788778,-0.4852195331338033,-0.6453592867003504,-0.3365771940723391,-0.44887348689285445,-1.9925510562714843,-0.9421734708009145,-0.2694943572651209,-0.027419211925291086,-0.10364022835686888,-0.2942693825351173,1
sample_03389.html,-0.0614520538579619,-0.4105991298893824,-0.26051190332015844,0.0577407345406469,0.6239348237083701,0.31533669589767016,0.5684261156270678,0.43592743366922393,0.5472979920358824,-0.25532042277548034,-0.02613359816672435,-0.04908381181574854,-0.28414217313249374,0
sample_05441.html,-0.2919352394990199,-0.31447026524390775,-0.18089242613047862,-0.2960525848856427,0.47538113353390404,-0.17207555828551432,-0.44887348689285445,0.48197412006346896,0.23872435542789538,-0.18864632373141557,-0.0107062330639235,-0.04184821280498988,-0.19856327328335724,0
sample_07257.html,-0.4520377787088923,-0.4805110314497277,-0.4993703348891979,-0.49237720144589586,-2.256016803315404,-0.3365771940723391,-0.44887348689285445,0.8017957132773689,1.46377286861805,-0.267185681952791,-0.027419211925291086,-0.10364022835686888,-1.0168014571092276,1
sample_05979.html,-0.41819059760076494,-0.44555508066955507,-0.4993703348891979,-0.41364285001287765,-0.8901092032014581,-0.29392862183131047,-0.10977361938621372,0.38844030859629125,0.31870906127484294,-0.2566967484424462,-0.014563074339623712,-0.10016714083170472,-0.11015696174640217,1
sample_08056.html,-0.11625225184254911,-0.10473456056287211,0.6949218229559994,-0.251061526923918,0.897555217597989,-0.17207555828551432,-0.10977361938621372,0.8236117579435884,1.7190094316502558,0.48787323858501386,-0.02613359816672435,-0.06543626558006313,-1.2337199107492394,0
sample_06036.html,-0.07756975914754638,-0.13095152364800158,0.6949218229559994,-0.07109729507701926,-0.4544083185341595,-0.19035351781738374,-0.10977361938621372,0.8185973486497715,1.6664698481345188,2.7642492953433364,-0.02613359816672435,0.03007364136195125,-1.1077610114253105,0
sample_07857.html,-0.440218128163197,-0.4805110314497277,-0.5789898120788778,-0.48419700908921864,-2.256016803315404,-0.30611392818589006,-0.44887348689285445,-1.9925510562714843,-0.19975210603412946,-0.26943886026242064,-0.01584868809819045,-0.09437866162309778,-1.2002264804210399,1
sample_08972.html,0.07769746847545071,-0.44555508066955507,-0.5789898120788778,-0.34308869093653666,2.291858813951168,-0.25128004959028183,0.22932624812042704,-1.9925510562714843,2.305991700962468,-0.2694943572651209,-0.02613359816672435,0.9228018473093553,-1.033581939807376,1
sample_06248.html,-0.3096647153175628,-0.3406872283290372,-0.4993703348891979,-0.37376441227407625,0.06381297614258408,-0.2695580091221512,-0.10977361938621372,0.3316516123233787,-2.69021951640729,-0.26031515301850167,-0.02613359816672435,-0.0910502860781488,3.566025188243186,1
sample_02568.html,0.4451811490779767,0.8128591474166589,0.854160777335359,-0.09972796832538951,-0.15884016162249395,-0.3365771940723391,0.22932624812042704,0.7011785292868423,0.043975858744318676,-0.16741317049830487,-0.01584868809819045,-0.009143305276360715,-0.4381221675070851,0
sample_02073.html,-0.26292336997776783,-0.1484294990380879,-0.1012729489407988,1.7510405523728307,1.1066494999693914,-0.2695580091221512,-0.44887348689285445,0.37158569217853105,2.3432083046190524,-0.009557496017750668,-0.02613359816672435,-0.05791124260887411,-0.9451585880515015,1
sample_05198.html,0.7691470253986246,0.7953811720265725,2.0484529351805563,0.2520203030117308,0.5225144235454238,0.25441016412477213,-0.10977361938621372,0.36698650968945307,-0.2835247216421856,0.6813357899980401,-0.02613359816672435,0.11140177424287864,0.720331340285798,0
sample_00149.html,-0.43806910079125244,-0.4805110314497277,-0.4993703348891979,-0.4453410953950019,-1.7788717150280011,-0.20253882417196337,-0.10977361938621372,0.3703367708508456,0.0668744315184629,-0.26836221841003605,-0.02613359816672435,-0.10175897261407163,-0.5409780110308322,1
sample_06976.html,0.525769675525899,1.1798966306084713,0.3764439141972801,0.2387274904321303,0.7765105149833991,-0.2878359686540206,0.22932624812042704,0.5652606991661624,-0.13255719192815582,-0.18966746858109992,-0.02613359816672435,-0.07831563181921355,-0.03254687399128698,0
sample_00279.html,0.13464669383198252,-0.3232092529389509,-0.021653471751118984,0.3368897987122569,0.2327210767279869,1.143937528009084,-0.10977361938621372,0.6556896815427049,-0.8472231369671461,-0.22431979706712793,-0.017134301856757187,-0.05487229102435548,1.2390351218022186,0
sample_04694.html,-0.43538281657632166,-0.4717720437546845,-0.4197508576995181,-0.4422735232612479,-0.5284225208516665,-0.2634653559448614,-0.10977361938621372,0.40139478109889704,0.2922082627617758,-0.2675630615711526,-0.02613359816672435,-0.1019036845942868,-0.3658290713352256,1
sample_09439.html,-0.0066518558733746945,0.2360859595438108,-0.021653471751118984,0.13340751383991115,0.8056070958296672,-0.05631514791700801,-0.10977361938621372,0.47572393468410434,0.09468245759908046,-0.15762349922198307,-0.02613359816672435,-0.07006704894694868,-0.19522309050900158,0
sample_08912.html,0.907759290889051,0.2623029226289403,-0.18089242613047862,1.3266930738702,0.19731178544952493,2.2528004062758287,-0.10977361938621372,0.5904437688918046,-0.4106878007401207,-0.20890272971700208,-0.01970552937389066,0.12239988473923182,0.7274604489829337,0
sample_03323.html,-0.3182608248053412,-0.2882533021587783,-0.34013138050983827,-0.3236607340894283,-1.3176297089764497,-0.2878359686540206,-0.10977361938621372,0.36399350546558434,1.1006337850316952,-0.23828284294650756,-0.02613359816672435,-0.002775978146893089,-0.4561390895330455,1
sample_01344.html,-0.4520377787088923,-0.4805110314497277,-0.4993703348891979,-0.49237720144589586,-2.256016803315404,-0.3365771940723391,-0.44887348689285445,0.06649804708062462,-1.1854255629769443,-0.2687506974289377,-0.027419211925291086,-0.10364022835686888,-0.5164903429204203,1
sample_01130.html,0.06534056108676929,0.1836520333735519,0.6949218229559994,0.08432635969984785,-0.516909291601408,-0.01975922885326917,0.22932624812042704,0.6253758156155869,0.8561010530111025,-0.12573492147042686,-0.02613359816672435,-0.04358475656757196,-0.42785452949085623,0
sample_08222.html,0.07877198216142302,0.17491304567850874,-0.1012729489407988,-0.12426854539542116,0.13683163285372446,-0.30611392818589006,-0.10977361938621372,0.7161166651475298,0.5933394716769291,-0.17805749561621034,-0.017134301856757187,-0.01956256785185319,-0.465369933877403,0
sample_07717.html,0.4269144164164476,0.7429472458563137,0.854160777335359,0.25713292323465403,1.0248252657463774,-0.17816821146280412,-0.10977361938621372,0.69075498685986,0.5726411520773783,-0.12233850490517235,-0.017134301856757187,0.19229577118316052,0.1748271144427692,0
sample_07106.html,-0.44344166922111394,-0.4805110314497277,-0.5789898120788778,-0.44738614348417116,0.6504347000600212,-0.31220658136317986,-0.10977361938621372,-1.9925510562714843,-0.9936015278407707,-0.2694832578645808,-0.002992550512523074,-0.10074598875256541,0.28401358834115287,1
sample_03991.html,-0.07219719071768489,0.12247911950824984,0.6949218229559994,0.08228131161067855,2.3865152112333177,-0.11114902651261627,0.22932624812042704,0.6902403497076798,0.8984852928586122,1.2300457550958237,-0.02613359816672435,-0.0758555281555556,-0.5839775237000301,1
sample_02601.html,1.5277536876950673,0.5244725534802348,3.481603524594793,7.332999311760446,0.8781612215182489,3.6297400243433247,0.5684261156270678,0.7132429571277258,0.08490474715003742,0.6280697668063526,-0.02613359816672435,0.14019945830569813,1.0715180620066496,0
sample_08758.html,-0.42087688181569566,-0.4368160929745119,-0.5789898120788778,-0.3645616958728144,0.6965992425849167,-0.09287106698074685,0.22932624812042704,-1.9925510562714843,-0.5903089903303039,-0.2694166614613405,-0.02613359816672435,-0.10089070073278059,0.49024978036732436,1
sample_08360.html,-0.33115498903700874,-0.34942621602408036,-0.4993703348891979,-0.4003500374332772,0.4618700726624893,-0.2817433154767308,-0.10977361938621372,0.3316516123233787,0.10189476822759043,-0.26031515301850167,-0.004278164271089811,-0.09582578142524951,-0.3917082617145721,1
sample_05290.html,-0.3580178311863162,-0.46303305605964135,-0.4993703348891979,-0.43307080685998606,-0.3059223413036117,-0.22690943688112258,-0.44887348689285445,0.40877967558764083,-0.7427456996771621,-0.2677184531787133,-0.005563778029656549,-0.09712818924718608,0.4218218673794996,0
sample_00690.html,-0.4520377787088923,-0.4805110314497277,-0.5789898120788778,-0.48828710526755725,-1.4745881252400244,-0.3365771940723391,-0.44887348689285445,-1.9925510562714843,-2.257469615287448,-0.2694943572651209,-0.027419211925291086,-0.10364022835686888,-1.1604855999758212,1
sample_06665.html,1.02649305318899,1.4770222122399386,0.05796600543856084,0.9115483117688313,0.8253641049927025,1.3145318169731985,0.5684261156270678,0.6103339433341974,-0.254505943445996,-0.24432091684029336,-0.02613359816672435,-0.007117337553348288,0.28266705902974754,0
sample_00277.html,0.13196040961705177,0.533211541175278,-0.4993703348891979,0.004569484222244991,1.6702271846085461,-0.30611392818589006,-0.10977361938621372,0.18309155605450783,-1.6099330330637482,-0.24048052425343694,-0.018419915615323922,-0.09654934132632538,2.2507803107071522,0
sample_09488.html,-0.41872785444375105,-0.44555508066955507,-0.4993703348891979,-0.41466537405746234,-0.8807664702485071,-0.30002127500860026,-0.10977361938621372,0.40973863008096567,0.42220264208583586,-0.25702973045864763,-0.014563074339623712,-0.10045656479213506,-0.37157295495220827,1
sample_03325.html,0.45109097435082435,0.6380793935157958,4.437037250870951,0.818498623711628,0.2072594473481941,0.18129832599729442,-0.10977361938621372,0.580513240533654,0.7452069745695876,1.7284199387444923,-0.02613359816672435,0.09693057622136131,-0.8584951767024559,0
sample_02729.html,-0.4520377787088923,-0.4805110314497277,-0.5789898120788778,-0.48828710526755725,-1.1927369417126217,-0.3365771940723391,-0.44887348689285445,-1.9925510562714843,-0.03571097190223759,-0.2694943572651209,-0.027419211925291086,-0.10364022835686888,0.08111581900551568,0
sample_09777.html,-0.22692716149769582,-0.3581652037191235,-0.18089242613047862,0.142610230241173,0.344309610100159,0.2300395514156129,0.5684261156270678,0.7287672453267546,0.48681594880435364,-0.2466073933515431,-0.02613359816672435,-0.09018201419685776,0.23761432383849965,1
sample_04971.html,-0.4520377787088923,-0.4805110314497277,-0.5789898120788778,-0.49237720144589586,-2.256016803315404,-0.3365771940723391,-0.44887348689285445,-1.9925510562714843,-1.2972817976803461,-0.2694943572651209,-0.027419211925291086,-0.10364022835686888,-1.3042592724394466,1
sample_03919.html,0.048148342111212515,0.1836520333735519,0.05796600543856084,0.1109119848590488,0.1303288525937095,-0.19644617099467354,-0.44887348689285445,0.6543814031882869,0.252721752534082,-0.1987023806206985,-0.013277460581056975,0.03557269661012784,-0.8808988403804356,0
sample_09509.html,-0.4455906965930585,-0.4717720437546845,-0.5789898120788778,-0.4760168167325414,-0.5084934647318502,-0.3304845408950493,-0.44887348689285445,-1.9925510562714843,1.5194780005953845,-0.2694943572651209,0.020148497141678202,-0.10320609241622336,0.431050221531192,1
sample_05173.html,-0.4455906965930585,-0.46303305605964135,-0.4197508576995181,-0.4647690522421103,-0.5897511110026118,-0.3365771940723391,-0.44887348689285445,0.5622307762039602,-0.9519739372507351,-0.2580730741094121,0.02529095217594515,-0.10320609241622336,1.9334591662225638,0
sample_06541.html,-0.4520377787088923,-0.4805110314497277,-0.5789898120788778,-0.4893096293121419,-1.120503254919361,-0.3365771940723391,-0.44887348689285445,-1.9925510562714843,-1.2690065589985096,-0.2694943572651209,-0.027419211925291086,-0.10364022835686888,-0.3017502081303335,0
sample_04467.html,-0.4343083028903494,-0.4542940683645982,-0.4993703348891979,-0.4412509992166633,0.24872764512658527,-0.32439188771775945,-0.10977361938621372,-0.48267894545764434,-3.822132958709442,-0.13200608277555365,-0.00042132299538959916,-0.10277195647557784,5.013281841213165,1
sample_06189.html,-0.3827316459636791,-0.44555508066955507,0.6153023457663196,-0.3942148931657693,-0.11810136324294224,-0.31220658136317986,-0.10977361938621372,0.5603915517410425,0.7074415153328747,-0.13952037694116573,-0.02613359816672435,-0.021009687654004926,-1.1938961238372199,1
sample_03285.html,-0.42678670708854327,-0.4717720437546845,-0.34013138050983827,-0.44022847517207864,-0.46774732639272143,-0.245187396412992,-0.10977361938621372,0.7103324721443799,0.7354111381174367,-0.2578510860986111,-0.02613359816672435,-0.10277195647557784,-0.7154504657692264,1
sample_04018.html,0.893253356128425,1.6605409538358447,0.13758548262824066,0.4156241501452751,0.4396553458631606,-0.13551963922177548,-0.10977361938621372,0.5306915920242851,-0.524074120918875,-0.23929288839565188,-0.02613359816672435,-0.024482775179169084,0.7955690175773276,0
sample_01382.html,-0.4520377787088923,-0.4805110314497277,-0.5789898120788778,-0.49237720144589586,-2.256016803315404,-0.3365771940723391,-0.44887348689285445,-1.9925510562714843,-0.5266148566027726,-0.2694943572651209,-0.027419211925291086,-0.10364022835686888,-1.3472781721059923,0
sample_01803.html,-0.4520377787088923,-0.4805110314497277,-0.5789898120788778,-0.486242057178388,-1.0200836873138628,-0.3365771940723391,-0.44887348689285445,-1.9925510562714843,0.19333343166059386,-0.2694943572651209,-0.027419211925291086,-0.10364022835686888,0.25538278721721513,1
sample_06098.html,-0.36177862908721925,-0.38438216680425297,-0.34013138050983827,-0.3983049893441079,0.4013557698752253,-0.31220658136317986,-0.10977361938621372,0.48022527460245884,0.036871467232767484,-0.25825066451805284,-0.02613359816672435,-0.08164400736416254,0.12160967634704425,1
sample_06203.html,-0.3273941911361057,-0.3406872283290372,-0.4993703348891979,-0.3931923691211846,0.4911933928541008,-0.2817433154767308,-0.10977361938621372,0.343253371727165,0.013587883629138776,-0.25871683934073486,-0.004278164271089811,-0.09582578142524951,-0.2023741806974135,1
sample_03378.html,-0.39240226913742976,-0.44555508066955507,-0.5789898120788778,-0.36558421991739903,0.4455767674106859,-0.25128004959028183,-0.10977361938621372,-1.9925510562714843,0.22885777374440447,-0.26937226385918034,-0.013277460581056975,-0.09032672617707294,-0.2423861662017078,1
sample_01731.html,-0.44344166922111394,-0.4805110314497277,-0.5789898120788778,-0.3850121767645074,0.0595402354823181,-0.2634653559448614,1.58572571814699,-1.9925510562714843,0.039198919164220844,-0.2694943572651209,-0.02613359816672435,-0.10060127677235024,-0.38186106209139314,1
sample_03193.html,-0.20060157619137453,-0.4368160929745119,-0.26051190332015844,-0.1508541705546221,0.6572899437254585,0.12037179422439637,-0.44887348689285445,0.4000967663654264,-1.1397973865927384,-0.2620799577043692,-0.02613359816672435,-0.09437866162309778,1.2711022845030897,0
sample_08127.html,-0.2790410752673523,-0.24455836368356254,-0.34013138050983827,-0.2469714307455794,0.5409949035175333,-0.17207555828551432,0.22932624812042704,0.4741851368306585,-0.15786382185456602,-0.26536538026422324,-0.013277460581056975,-0.03533617369530708,0.02849933871459232,1
sample_05142.html,2.3014035415951217,1.4245882860696797,-0.18089242613047862,2.2929782960026963,0.40225077862603503,4.927475151106053,-0.10977361938621372,0.5767993561639646,-0.21129220526757436,-0.19740375075751296,-0.0209911431324574,0.3368630394181187,0.6958348326433074,0
sample_01251.html,-0.36715119751708075,-0.4805110314497277,0.2968244370076003,-0.3083228734206585,1.092454538970012,0.004611383855890054,-0.10977361938621372,0.5329760427407093,0.2885421028837412,1.8886064873384565,-0.02613359816672435,-0.021299111614435273,-1.4372181033457028,1
sample_09753.html,-0.41657882707180643,-0.4717720437546845,-0.4197508576995181,-0.3236607340894283,1.257412384742894,-0.18426086464009395,-0.44887348689285445,0.33181616090454574,-0.9399290266419003,-0.2659647478933858,-0.01584868809819045,-0.10277195647557784,1.3369931735582563,0
sample_03328.html,-0.33115498903700874,-0.34942621602408036,-0.4993703348891979,-0.4003500374332772,0.4618700726624893,-0.2817433154767308,-0.10977361938621372,0.3316516123233787,0.10461981283981261,-0.26031515301850167,-0.004278164271089811,-0.09582578142524951,-0.3917082617145721,1
sample_04347.html,-0.15923279928144105,0.00013329177764570985,-0.4993703348891979,-0.07211981912160391,1.026796595995332,-0.05631514791700801,-0.44887348689285445,0.48806716653664123,0.24370545524445314,-0.19439581321116012,-0.02613359816672435,-0.073684848452328,-0.1474670230204911,0
sample_08202.html,-0.4450534397500724,-0.4717720437546845,-0.18089242613047862,-0.4238680904587242,-0.2193821346039053,-0.3304845408950493,-0.10977361938621372,0.7841366336767991,1.6709935258121138,-0.23497522158557343,0.009863587073144301,-0.1034955163766537,-0.20668403928059725,0
sample_06958.html,-0.4520377787088923,-0.4805110314497277,-0.5789898120788778,-0.49237720144589586,-2.256016803315404,-0.3365771940723391,-0.44887348689285445,-1.9925510562714843,-1.3950323556491044,-0.2694943572651209,-0.027419211925291086,-0.10364022835686888,-1.3133725301468988,1
sample_00112.html,0.7691470253986246,0.24482494723885398,6.347904703423267,1.1845622316729334,0.1420399276685682,1.4973114122918927,0.22932624812042704,0.6903007831546615,0.7159293980443187,0.985414967193179,-0.02613359816672435,0.014155323538282187,-0.3638768124362149,0
sample_01818.html,0.35814554051422054,0.6817743319910116,0.3764439141972801,0.12215974934947997,0.18460975527107118,-0.2634653559448614,0.22932624812042704,0.5373081356030434,0.05880581595407293,-0.18053266193664091,-0.02613359816672435,-0.01869429597056215,-0.542033409440575,0
sample_07439.html,-0.4520377787088923,-0.4805110314497277,-0.5789898120788778,-0.49237720144589586,-2.256016803315404,-0.3365771940723391,-0.44887348689285445,-1.9925510562714843,0.6398616521993882,-0.2694943572651209,-0.027419211925291086,-0.10364022835686888,-1.3530396304858698,1
sample_06048.html,-0.33115498903700874,-0.34942621602408036,-0.4993703348891979,-0.4003500374332772,0.4618700726624893,-0.2817433154767308,-0.10977361938621372,0.3316516123233787,0.10518061165085961,-0.26031515301850167,-0.004278164271089811,-0.09582578142524951,-0.39203271686991326,1
sample_01668.html,-0.4455906965930585,-0.4717720437546845,-0.4993703348891979,-0.4913546774013112,-2.256016803315404,-0.3365771940723391,-0.44887348689285445,0.5500182053587204,0.29272168263672277,-0.21095611881691084,0.04714638607157969,-0.10320609241622336,-0.3494156638962038,1
sample_09666.html,-0.3864924438645821,-0.42807710527946874,-0.5789898120788778,-0.34411121498112135,0.8454925815159063,-0.11724167968990606,0.5684261156270678,-1.9925510562714843,-0.9027050865763309,-0.2694943572651209,-0.014563074339623712,-0.1034955163766537,0.7146731140814405,0
sample_07537.html,0.9211907119637048,1.5381951261052407,0.13758548262824066,0.31848436590973317,-0.13349574146518484,-0.275650662299441,0.5684261156270678,0.7177337993996205,-0.34006738363159683,-0.19395183718955822,-0.02613359816672435,-0.0168130402277649,0.27558302151608927,0
sample_02354.html,-0.4321592755184048,-0.4805110314497277,-0.4993703348891979,-0.3717193641849069,-0.4522722752319285,-0.2817433154767308,-0.10977361938621372,0.35147729768579977,0.18571506148127312,-0.2637448677853763,-0.008135005546790024,-0.10364022835686888,0.018321608387475184,1
sample_08448.html,-0.18878192564567925,-0.15716848673313102,-0.4993703348891979,-0.07723243934452717,0.5458702597039148,0.12037179422439637,0.22932624812042704,-0.008746190439491505,-0.5927099814572079,-0.2673743717619718,-0.02613359816672435,-0.10161426063385645,0.1249979420038597,1
sample_03151.html,0.5897032398412508,0.2535639349338971,6.109046271854227,0.8450842488708289,0.0866592241009164,0.796656296903565,0.22932624812042704,0.7031661730207477,0.9279305123806671,0.9410395638340694,-0.02613359816672435,0.11313831800546072,-0.5121931439030903,0
sample_05613.html,-0.1893191824886654,0.1486960825933793,-0.4197508576995181,0.05876325858523155,-0.11292280374288598,-0.31220658136317986,-0.10977361938621372,0.5353940147222948,-0.7860872726577296,-0.2588722309482955,-0.02613359816672435,-0.09524693350438883,0.17496446616910208,0
sample_08671.html,0.8728375960949514,1.328459421424205,1.729975026421837,0.5608225644762956,0.3269819579870316,-0.2634653559448614,-0.10977361938621372,0.6202180588982878,0.4322124112111287,-0.01814843203574736,-0.02613359816672435,0.014155323538282187,-0.4619791128396322,0
sample_06676.html,-0.4520377787088923,-0.4805110314497277,-0.5789898120788778,-0.486242057178388,-1.0200836873138628,-0.3365771940723391,-0.44887348689285445,-1.9925510562714843,0.19333343166059386,-0.2694943572651209,-0.027419211925291086,-0.10364022835686888,0.25538278721721513,1
sample_04025.html,-0.11517773815657681,0.008872279472688862,0.7745413001456792,0.1150020810373874,0.3627428587647276,-0.12333433286719588,-0.10977361938621372,0.582187017213645,0.2999717568446599,-0.016150539938538825,-0.02613359816672435,0.006919724527523522,-1.0385460280656789,0
sample_00553.html,-0.4520377787088923,-0.4805110314497277,-0.4993703348891979,-0.49237720144589586,-2.256016803315404,-0.3365771940723391,-0.44887348689285445,0.7697390010992521,1.3592723457167761,2.1264777403122124,-0.027419211925291086,-0.10364022835686888,-1.5522331665246654,1
sample_09945.html,0.446255662763949,1.1274627044382124,1.3318776404734378,0.40539890969942854,0.32618885476410914,-0.12333433286719588,0.9075259831337085,0.558042250224717,0.15743253531700904,-0.02516325317705732,-0.02613359816672435,-0.018260160029916633,-0.3288730998129613,0
sample_09048.html,-0.41550431338583416,-0.4368160929745119,-0.4197508576995181,-0.4023950855224465,0.31243579930133264,-0.30002127500860026,0.22932624812042704,0.2958654642462209,1.584695766642451,-0.24800591781958908,-0.013277460581056975,-0.10002242885148954,-0.4149528152163098,1
sample_09264.html,-0.4450534397500724,-0.4717720437546845,-0.18089242613047862,-0.4238680904587242,-0.1980401544337654,-0.3304845408950493,-0.10977361938621372,0.7765920978596871,1.637875721582113,-0.2355967880158161,0.009863587073144301,-0.1034955163766537,-0.1861518792483859,0
sample_08191.html,-0.1269973887022721,0.13995709489833613,0.05796600543856084,-0.1528992186437914,1.0158053759494343,-0.19644617099467354,0.5684261156270678,0.9756413851727593,2.1670361980584802,-0.21213265527415587,-0.011991846822490236,-0.08207814330480806,-0.13333244173640643,1
sample_08583.html,-0.440218128163197,-0.4805110314497277,-0.5789898120788778,-0.45863390797460235,0.4699182717216906,-0.30002127500860026,-0.44887348689285445,-1.9925510562714843,-1.411266760077118,-0.2694943572651209,-0.017134301856757187,-0.10306138043600818,1.107136317674272,1
sample_09039.html,-0.24465663731623874,-0.3756431791092098,-0.4197508576995181,-0.3553589794715525,0.11826561691704134,-0.31829923454046966,0.22932624812042704,0.7536092947272065,0.9872589291185825,-0.19936834465310135,-0.02613359816672435,0.02833709759936917,0.3874502204128778,1
sample_01232.html,-0.43484555973333555,-0.4717720437546845,-0.4197508576995181,-0.4647690522421103,-1.7339416059357657,-0.2817433154767308,-0.10977361938621372,0.3955316321606848,0.4125383331036057,-0.2675408627700725,-0.02613359816672435,-0.09828588508890747,-0.47344394683329233,1
sample_04878.html,0.22920389819754478,0.6730353442959685,0.5356828685766397,0.15897061495452744,0.9383705647308836,-0.31829923454046966,-0.44887348689285445,0.6268912963711382,-0.1043938869163182,-0.17917853507075512,-0.02613359816672435,-0.03490203775466156,0.0924158048522606,0
sample_01253.html,-0.41550431338583416,-0.4368160929745119,-0.4993703348891979,-0.459656432019187,-0.8752323284658157,-0.31829923454046966,-0.10977361938621372,0.30095041426727226,0.6283969359201977,-0.2655207718717839,-0.017134301856757187,-0.10103541271299576,-0.7029800111438148,1
sample_05089.html,-0.33115498903700874,-0.34942621602408036,-0.4993703348891979,-0.4003500374332772,0.4618700726624893,-0.2817433154767308,-0.10977361938621372,0.3316516123233787,0.10391666606374096,-0.26031515301850167,-0.004278164271089811,-0.09582578142524951,-0.3918705153675585,1
sample_04428.html,1.3332667105340812,1.791625769261492,2.0484529351805563,0.22338962976336052,0.59203906570368,-0.30611392818589006,0.22932624812042704,0.5897457227414215,0.15632728174119517,0.08202365783818048,-0.02613359816672435,0.016760139182155305,-0.32914297933219144,0
sample_04755.html,0.4183183069286692,1.1711576429134283,0.6949218229559994,0.21418691336209864,0.9368998233587119,-0.2695580091221512,-0.10977361938621372,0.5182590648730415,-0.0946349668415747,0.09133605489128026,-0.02613359816672435,-0.07657908805663147,0.2311237865893047,0
sample_08021.html,-0.4079827175840281,-0.46303305605964135,1.4911165948527976,-0.18255241593674632,0.6805657549451308,-0.23300209005841238,0.5684261156270678,0.4971567247031802,0.08344314340883364,-0.23755028251086444,-0.009420619305356762,-0.1024825325151475,0.11319269476154775,0
sample_09669.html,-0.048020632783308176,-0.1833854498182605,-0.18089242613047862,0.16612828326662,0.9121480504325814,0.49202363803907456,0.22932624812042704,0.3742914378549801,-0.9406937204559465,-0.23949267760537274,-0.02613359816672435,-0.09365510172202192,1.4245226504485298,0
sample_05027.html,-0.45042600817993383,-0.4805110314497277,-0.4993703348891979,-0.48419700908921864,-1.091387524772613,-0.3304845408950493,-0.44887348689285445,0.19867672293162741,-0.33425918288558676,-0.2687173992273175,0.0008642907631771383,-0.10364022835686888,-0.887651317215179,1
sample_07552.html,-0.3273941911361057,-0.3406872283290372,-0.4993703348891979,-0.3931923691211846,0.4911933928541008,-0.2817433154767308,-0.10977361938621372,0.343253371727165,0.016396757465000942,-0.25871683934073486,-0.004278164271089811,-0.09582578142524951,-0.20254721649351112,1
sample_03138.html,-0.4214141386586818,-0.4805110314497277,-0.5789898120788778,-0.4565888598854331,-0.28562008578696146,-0.2817433154767308,-0.10977361938621372,-1.9925510562714843,-0.6722464092818357,-0.26943886026242064,-0.0017069367539563366,-0.10320609241622336,-0.6158825631244942,1
sample_08850.html,-0.4310847618324325,-0.4717720437546845,-0.4197508576995181,-0.47397176864337215,-1.09880554106478,-0.29392862183131047,-0.44887348689285445,0.3600217745058125,-0.6039964866025551,-0.06405555266938343,-0.011991846822490236,-0.09987771687127438,2.288643416393136,0
sample_05182.html,-0.4520377787088923,-0.4805110314497277,-0.4993703348891979,-0.49237720144589586,-2.256016803315404,-0.3365771940723391,-0.44887348689285445,0.923246317362507,2.1712776802107676,3.1649931518417476,-0.027419211925291086,-0.10364022835686888,-1.5523844033566976,1
sample_01338.html,-0.40207289231118043,-0.38438216680425297,-0.4993703348891979,-0.34717878711487526,-0.14022577583668536,-0.31220658136317986,-0.44887348689285445,0.39893217676215637,-1.7539684159347744,-0.2677184531787133,-0.017134301856757187,-0.10175897261407163,2.273663681971149,0
sample_09872.html,0.1475408580636501,-0.008605695917397443,0.13758548262824066,0.6671650651130995,0.43678441030455234,0.601691395230291,-0.10977361938621372,0.5962617266297079,-0.941094784347427,-0.2128430169087189,-0.02613359816672435,-0.07527668023469491,0.9734594247196527,0
sample_04737.html,-0.37306102278992836,-0.39312115449929613,-0.5789898120788778,-0.27560210399394963,1.0395611490637786,-0.2817433154767308,0.22932624812042704,-1.9925510562714843,-0.5948919129224491,-0.2694943572651209,-0.02613359816672435,-0.09553635746481917,0.13646070300990815,1
sample_06824.html,0.15613696755142847,-0.13969051134304472,0.13758548262824066,0.0618308307189855,1.1562633329535443,0.4067264935570173,0.22932624812042704,0.61946934282586,-0.2609748999660655,-0.21617283707073312,-0.02613359816672435,0.033402016906900235,0.2594135225816937,0
sample_04619.html,-0.30268037635874284,-0.3319482406339941,-0.4993703348891979,-0.36660674396198367,0.1450017406474816,-0.2695580091221512,-0.10977361938621372,0.343253371727165,-2.6720453592630533,-0.25871683934073486,-0.02613359816672435,-0.0910502860781488,3.551320391951708,1
sample_03830.html,-0.39455129650937437,-0.34942621602408036,-0.4993703348891979,-0.38807974889826136,-0.025814537465368464,-0.3304845408950493,-0.10977361938621372,0.5245023901975141,0.41178219113730957,-0.19274200253069304,-0.0209911431324574,-0.08569594281018739,-1.1007435833060362,1
sample_04327.html,0.6342955578091012,1.4682832245448953,-0.4197508576995181,0.3379123227568415,0.7155838845164418,-0.2695580091221512,-0.10977361938621372,0.5999776007017786,-0.5380565439224801,-0.26362277437943576,-0.02613359816672435,-0.08366997508717497,0.15972558222036462,0
sample_01155.html,-0.23391150045651576,-0.3581652037191235,-0.4197508576995181,-0.3512688832932139,0.8240346699545295,-0.31829923454046966,0.22932624812042704,0.7510007036253178,0.9443210852394958,-0.1999455134811838,-0.02613359816672435,0.028915945520229865,0.4510979413075562,1
sample_06825.html,-0.3118137426895074,-0.4368160929745119,-0.4197508576995181,-0.39216984507659997,-0.9047963775296873,-0.2695580091221512,0.22932624812042704,-0.11768813673802113,0.8153678399462299,-0.26658631432362845,0.017577269624544724,-0.04242706072585057,0.20217130733116573,1
sample_02380.html,-0.14526412136380115,-0.2358193759885194,-0.18089242613047862,-0.17130465144631515,0.29171014560490083,0.016796690210469666,-0.10977361938621372,0.5976385870829057,-0.09713267032800954,-0.21322039652708052,-0.017134301856757187,-0.09408923766266744,-0.1930380442275825,0
sample_00796.html,-0.3488844648555517,-0.3406872283290372,-0.5789898120788778,-0.30321025319773526,0.23487075830494342,-0.2573727027675716,-0.10977361938621372,-1.9925510562714843,-0.1499761521612404,-0.26943886026242064,-0.02613359816672435,-0.09625991736589504,-0.07872479817519788,1
sample_00137.html,-0.3821943891206929,-0.2882533021587783,-0.5789898120788778,-0.37376441227407625,1.0382979916803985,-0.31829923454046966,-0.44887348689285445,-1.9925510562714843,-0.7124115952801254,-0.2694943572651209,-0.02613359816672435,-0.10204839657450197,0.24590274107911073,1
sample_06441.html,-0.3778963343768037,-0.3319482406339941,-0.4993703348891979,-0.3113904455544125,0.32447581599696296,-0.21472413052654296,-0.44887348689285445,0.24931970048315888,-1.0279598444105116,-0.2683400196089559,-0.01970552937389066,-0.10291666845579302,0.47675438330110353,0
sample_03645.html,-0.4520377787088923,-0.4805110314497277,-0.4993703348891979,-0.4913546774013112,-2.256016803315404,-0.3365771940723391,-0.44887348689285445,0.3749456911317648,-0.3331816603692219,-0.2681624292003152,-0.027419211925291086,-0.10364022835686888,-0.9176447361204123,1
sample_08457.html,0.3898436942504033,0.13995709489833613,2.0484529351805563,-0.060872054631172734,0.754994222885454,-0.3304845408950493,-0.44887348689285445,0.7241964401303541,1.3051037214696233,4.376448323185762,0.008577973314577563,0.2977908047600219,-1.3017626130957514,0
sample_00055.html,0.882508219268702,0.7516862335513568,0.5356828685766397,0.9810799468005876,0.04349225566161869,0.016796690210469666,0.5684261156270678,0.5718190495338564,0.40979010760205387,0.1865467127238069,-0.02613359816672435,0.11545370968890349,-0.1920597114138864,0
sample_05575.html,0.6316092735941704,0.9614219382323924,3.003886661456714,0.37165561622813503,-0.5024728568328816,-0.30611392818589006,0.22932624812042704,0.6157739183108671,0.6817269280201251,0.36878777019084524,-0.0209911431324574,0.13976532236505262,-0.6954808676392015,0
sample_00785.html,2.9885550437744066,1.1187237167431694,5.312851499957429,2.4923704846967034,0.08745891633045556,1.1865861002501126,0.22932624812042704,0.5068755813555558,0.3501722902590339,5.018626340231284,-0.02613359816672435,0.8466833457161742,-0.08095084789081877,0
sample_03658.html,-0.3574805743433301,-0.44555508066955507,1.0930192089043984,0.09148402801194042,0.23273658632903998,0.016796690210469666,-0.10977361938621372,0.5447828725829253,-0.3064137151108097,-0.23895990637945044,-0.02613359816672435,-0.08366997508717497,0.9873136833205021,0
sample_08929.html,-0.03727549592358519,0.09626215642312039,0.13758548262824066,0.04649297005021572,-0.6921838078677902,-0.2878359686540206,-0.44887348689285445,0.58496619252147,1.0136787361485178,0.12997306817118526,-0.02613359816672435,0.009379828191181468,-0.8151514829014628,0
sample_01278.html,0.25015691507400456,0.27104191032398345,-0.4993703348891979,-0.13756135797502164,-0.5448248596284048,-0.2634653559448614,-0.44887348689285445,-0.03953551415227489,-1.1531730198184693,-0.2592718093677372,-0.01584868809819045,-0.05820066656930446,0.8796092521500881,0
sample_03577.html,-0.436457330262294,-0.4805110314497277,-0.5789898120788778,-0.41466537405746234,0.42914483866489467,-0.23300209005841238,-0.10977361938621372,-1.9925510562714843,-1.089610874500559,-0.26943886026242064,-0.02613359816672435,-0.10320609241622336,0.25224883411605653,1
sample_08555.html,-0.4488142376509754,-0.4805110314497277,-0.5789898120788778,-0.43511585494915533,0.37799679667130454,-0.3304845408950493,-0.10977361938621372,-1.9925510562714843,-0.8202860680397247,-0.2694943572651209,0.022719724658811676,-0.10364022835686888,1.6006095192558956,1
sample_08667.html,-0.4310847618324325,-0.4805110314497277,-0.5789898120788778,-0.3308184024015209,0.6813595606724352,-0.2817433154767308,-0.10977361938621372,-1.9925510562714843,-0.5349851456136979,-0.2694943572651209,-0.017134301856757187,-0.10364022835686888,0.33221197141272607,1
sample_01902.html,-0.37359827963291453,-0.4805110314497277,-0.5789898120788778,-0.38194460463075347,0.8156123146390777,-0.2695580091221512,-0.10977361938621372,-1.9925510562714843,-0.14438337506092508,-0.2694943572651209,0.01500604210741125,-0.09669405330654056,-0.12196996639518501,1
sample_04767.html,-0.24358212363026646,-0.42807710527946874,-0.4993703348891979,-0.3860347008090921,0.4140326067930852,-0.29392862183131047,-0.10977361938621372,0.14106359265151336,0.4692264640575821,-0.2614250930725064,-0.004278164271089811,0.25828443416127955,-0.6728594750737268,1
sample_02184.html,-0.22477813412575123,-0.34942621602408036,-0.26051190332015844,-0.31343549364358175,0.1891255987839224,-0.32439188771775945,0.22932624812042704,0.7088246171247009,0.6336769512703309,-0.10715452496638751,-0.002992550512523074,-0.002341842206247569,0.6072679101982658,1
sample_06033.html,-0.440218128163197,-0.4805110314497277,-0.5789898120788778,-0.415687898102047,0.16007066554657343,-0.31220658136317986,-0.10977361938621372,-1.9925510562714843,-0.04144721712830732,-0.2694832578645808,-0.00042132299538959916,-0.10364022835686888,0.014886967781388928,1
sample_03714.html,-0.44397892606410005,-0.46303305605964135,-0.4197508576995181,-0.45045371561792513,0.01377132404590083,-0.3365771940723391,-0.10977361938621372,0.7962436662991077,1.5412909856959354,-0.24180135291770258,0.0304334072102121,-0.10306138043600818,-0.03145783842407481,0
sample_07697.html,-0.4488142376509754,-0.4805110314497277,-0.4993703348891979,-0.4852195331338033,-1.3384300946045464,-0.31829923454046966,-0.44887348689285445,-0.07134170978834635,-3.039051443683039,0.60635933935002,-0.017134301856757187,-0.10364022835686888,4.626342628098604,1
sample_02304.html,-0.44129264184916933,-0.4542940683645982,-0.4993703348891979,-0.48419700908921864,-2.256016803315404,-0.32439188771775945,-0.44887348689285445,0.7637533082460843,1.9724526456856186,-0.2629457109464929,-0.011991846822490236,-0.10306138043600818,-1.2622454718983354,0
sample_06151.html,-0.04855788962629432,0.27104191032398345,0.05796600543856084,-0.12733611752917512,-0.45849430809420205,-0.31220658136317986,0.22932624812042704,0.669447906412042,-0.15282799124243135,-0.2370286106854822,-0.0107062330639235,-0.04286119666649609,0.1003980587716115,0
sample_07656.html,0.2544549698178938,0.20986899645868135,1.8095945036115169,0.5434396557183566,1.4305552725837214,0.6626179270031891,-0.10977361938621372,0.20314405971994576,-0.41550091249889065,1.4700369935727289,-0.02613359816672435,0.005327892745156616,1.520068761562126,0
sample_06631.html,-0.385955187021596,-0.39312115449929613,-0.4993703348891979,-0.42284556641413956,0.235483390574574,-0.2817433154767308,-0.10977361938621372,0.10108713767067676,-0.47925214867264176,-0.21169977865309403,-0.02613359816672435,-0.09958829291084402,1.5450837898983032,1
sample_05069.html,-0.2607743426058232,-0.3406872283290372,1.2522581632837582,-0.1702821274017305,0.9112728632062723,-0.16598290510822453,-0.44887348689285445,0.6553767306841036,0.8272604241467844,0.18176287109104647,-0.0209911431324574,-0.03649386953702847,-0.5137956285150523,0
sample_01156.html,0.8158883707384196,0.7342082581612704,0.5356828685766397,0.9708547063547411,0.5717495763873496,0.016796690210469666,0.5684261156270678,0.5854316381907834,0.45893212518125875,0.19154144296682823,-0.02613359816672435,0.13209558741364844,-0.22634328900116546,0
sample_03882.html,-0.34458641011166247,-0.34942621602408036,-0.26051190332015844,-0.3604715996944758,0.056896081661559184,-0.3365771940723391,-0.10977361938621372,0.7928979783457999,1.3872443350018142,0.24156644120082188,0.01500604210741125,-0.08685363865190877,-1.1555681865329215,1
sample_09187.html,1.1817602808119871,0.821598135111702,3.1631256158360737,1.4197427619274035,1.1677714872152507,1.1622154875409534,0.9075259831337085,0.4709190102684573,-0.19371321913064374,0.5522164635156687,-0.017134301856757187,0.14019945830569813,1.1262986501003502,0
sample_00651.html,-0.37897084806277603,-0.4717720437546845,-0.18089242613047862,-0.15698931482213002,0.8529063525014203,-0.20253882417196337,0.22932624812042704,-0.2983747855912968,-0.8104444569276428,-0.1592662105019101,-0.002992550512523074,-0.10103541271299576,1.6427798499181605,1
sample_02420.html,1.004465522626558,1.3546763845093344,-0.4993703348891979,0.6283091514188827,-1.7285876807513314,0.5773207825211318,0.5684261156270678,-0.7043542538141186,1.3771193129256598,-0.2670857873479306,-0.02613359816672435,-0.0693434890458728,-1.0385634333390206,1
sample_07938.html,-0.43538281657632166,-0.46303305605964135,-0.5789898120788778,-0.46272400415294096,-1.512288628504115,-0.32439188771775945,-0.10977361938621372,-1.9925510562714843,0.23742554837890936,-0.2694943572651209,-0.018419915615323922,-0.1024825325151475,-0.6546108869039403,1
sample_03409.html,-0.28226461632526917,-0.2532973513786057,0.3764439141972801,-0.30627782533148923,1.3310212420320209,-0.31220658136317986,-0.10977361938621372,0.2685172526320022,-0.1497348206142441,-0.24106879248205945,-0.00042132299538959916,-0.10320609241622336,0.34590654477920235,1
sample_07325.html,0.09381517376503519,0.10500114411816354,-0.021653471751118984,-0.11404330494957464,0.2425591782234349,-0.08677841380345704,0.22932624812042704,0.6121669942817949,0.7447775667491109,3.1876914259461446,-0.02613359816672435,0.04034819195722855,-1.2161235314175924,0
sample_03110.html,-0.4520377787088923,-0.4805110314497277,-0.4993703348891979,-0.48828710526755725,-2.256016803315404,-0.3365771940723391,-0.44887348689285445,0.6948797331186194,1.4952847872551411,-0.23345460371158694,-0.027419211925291086,-0.10364022835686888,-1.3340155493845216,1
sample_00433.html,0.7331508169185527,0.9177269997571766,1.4114971176631177,0.398241241387336,0.5978432840847941,0.17520567282000463,0.9075259831337085,0.7125482926945435,0.01568501506477937,-0.02104537557669973,-0.02613359816672435,-0.030126542407560842,0.2900465037968705,0
sample_09894.html,0.10294854009579972,0.07004519333799093,-0.34013138050983827,2.7275510149511732,1.8654657550363245,0.30315138954309057,0.5684261156270678,0.4627967208128079,-1.6954813866819667,-0.2538886001058142,-0.02613359816672435,-0.05791124260887411,-0.050127712434677,0
sample_03674.html,2.420674560738047,2.3683989571343402,0.6949218229559994,2.6252986104927083,0.6287456463887691,0.9367873199812304,-0.10977361938621372,0.6079269681240225,0.008204689888248193,-0.11438023471795837,-0.02613359816672435,0.24728632366492637,0.10519293126759155,0
sample_00217.html,3.357113238062905,0.6905133196860547,1.8095945036115169,1.8993065388376051,1.157283018063932,3.2154396082876175,0.5684261156270678,0.5973820213212478,0.005272879056448273,0.44391961244642614,-0.02613359816672435,0.15727547197108857,0.25704776132365403,0
sample_01057.html,-0.22477813412575123,-0.4717720437546845,-0.26051190332015844,0.5945658579475892,0.4758424245578044,0.827119562790014,-0.44887348689285445,0.4125839321618157,-0.4271647264030744,-0.2529229522588301,-0.018419915615323922,0.018786106905167733,1.3380676590992142,1
sample_00102.html,-0.11678950868553527,-0.061039622087656356,0.13758548262824066,-0.29298501275188876,0.1946395556777774,-0.19644617099467354,-0.44887348689285445,0.662044809885089,0.898460342887862,-0.10595578970806238,-0.02613359816672435,0.014878883439358054,-0.8471686983347896,0
sample_03989.html,-0.4520377787088923,-0.4805110314497277,-0.4993703348891979,-0.48419700908921864,-0.9785640613698557,-0.3365771940723391,-0.44887348689285445,0.0013171522519835983,-1.7033373519641137,-0.24877177645685236,-0.027419211925291086,-0.10364022835686888,2.626549014955909,1
sample_07427.html,-0.3832689028066652,-0.3232092529389509,-0.4197508576995181,-0.40750770574536976,0.18118300551275762,-0.30611392818589006,-0.10977361938621372,0.5041484835215579,0.07211792705383731,-0.26569836228042465,-0.005563778029656549,-0.10364022835686888,-0.2548751082260696,1
sample_03067.html,-0.3741355364759007,-0.3406872283290372,-0.18089242613047862,-0.3850121767645074,-0.04516611075894038,-0.19644617099467354,-0.10977361938621372,0.6597238817771996,0.18315124276116562,-0.22975850333175116,-0.02613359816672435,-0.10204839657450197,0.30376385395175715,0
sample_00859.html,-0.11840127921449371,-0.3232092529389509,0.5356828685766397,-0.056781958452834125,-0.014578446193786026,0.06553791562878812,0.22932624812042704,0.5089369800260093,-0.007880715137596923,-0.18728109746498972,-0.022276756891024138,-0.0948127975637433,0.37974366080819516,0
sample_08870.html,-0.27742930473839383,-0.1659074744281742,-0.1012729489407988,-0.31752558982192036,0.7847154936412185,-0.30002127500860026,-0.10977361938621372,0.39134075864337,-0.5803395418409938,-0.16783494771882668,-0.02613359816672435,-0.09727290122740126,-0.36933526260805266,1
sample_09736.html,-0.02169504747698687,0.017611267167732012,0.13758548262824066,4.325756096636985,1.5857317259217798,0.23613220459290268,-0.44887348689285445,0.5975395942913572,0.05674976222855966,0.4539312717335489,-0.02613359816672435,-0.04054580498305332,-0.17373386208318403,0
sample_02983.html,-0.33115498903700874,-0.34942621602408036,-0.4993703348891979,-0.4003500374332772,0.4618700726624893,-0.2817433154767308,-0.10977361938621372,0.3316516123233787,0.10189476822759043,-0.26031515301850167,-0.004278164271089811,-0.09582578142524951,-0.3917082617145721,1
sample_09686.html,-0.38810421439354054,-0.4018601421943393,-0.4993703348891979,-0.412620325968293,-1.6137061096402328,-0.245187396412992,-0.10977361938621372,0.1864713359898616,-0.493026430362815,-0.2325999498700033,-0.0107062330639235,-0.0969834772669709,-1.275539424111821,1
sample_01442.html,-0.4520377787088923,-0.4805110314497277,-0.5789898120788778,-0.48828710526755725,-0.4857802989613899,-0.3365771940723391,-0.44887348689285445,-1.9925510562714843,-2.374105694263592,-0.2694943572651209,-0.027419211925291086,-0.10364022835686888,-0.06926926283400898,0
sample_05696.html,0.8115903159945304,0.008872279472688862,2.685408752697995,0.4933359775337086,-0.25355263813375395,1.2596979383775901,0.22932624812042704,0.6702532396648047,0.07475475192739166,-0.09517827178367635,-0.02613359816672435,0.06509394057402319,0.39101854916341733,0
sample_01632.html,-0.41872785444375105,-0.44555508066955507,-0.4993703348891979,-0.41466537405746234,-0.8807664702485071,-0.30002127500860026,-0.10977361938621372,0.40973863008096567,0.42220264208583586,-0.25702973045864763,-0.014563074339623712,-0.10045656479213506,-0.37157295495220827,1
sample_04522.html,-0.33115498903700874,-0.34942621602408036,-0.4993703348891979,-0.4003500374332772,0.4618700726624893,-0.2817433154767308,-0.10977361938621372,0.3316516123233787,0.10435221030493189,-0.26031515301850167,-0.004278164271089811,-0.09582578142524951,-0.3918705153675585,1
sample_01266.html,-0.2844136436972138,-0.38438216680425297,-0.021653471751118984,-0.3257057821785976,-0.5376435933690242,-0.11724167968990606,-0.44887348689285445,0.5279320306762229,0.07597061558099029,-0.0936687533102299,-0.02613359816672435,-0.08656421469147843,0.4859323208295652,0
sample_05866.html,-0.3128882563754797,-0.34942621602408036,0.6153023457663196,-0.3768319844078302,0.18723985900419127,-0.2208167837038328,-0.10977361938621372,0.7388892332578245,1.3132919186979355,0.22675984088039866,-0.02613359816672435,-0.04908381181574854,-1.1929326669912261,0
sample_04816.html,-0.25325274680401716,-0.13095152364800158,0.3764439141972801,-0.19891280065010075,0.23623552446867022,-0.19035351781738374,0.22932624812042704,0.7032832799695565,0.6926544152149999,-0.21209935707253572,-0.0209911431324574,-0.08410411102782048,-0.7353966482656021,1
sample_06000.html,-0.4235631660306264,-0.4717720437546845,-0.34013138050983827,-0.46272400415294096,-0.7389887618657641,-0.2634653559448614,-0.10977361938621372,0.4266320859941653,-0.15104223358770483,-0.26428873841183864,-0.02613359816672435,-0.10060127677235024,-0.4016227226150315,1
sample_09859.html,-0.28226461632526917,-0.20960241290338993,-0.021653471751118984,-0.14574155033169886,1.0645569574776221,-0.2573727027675716,-0.44887348689285445,0.6522393929251035,1.6839083532409629,-0.21916967521654593,-0.02613359816672435,-0.06861992914479693,1.5363321316336453,0
sample_01840.html,-0.39240226913742976,-0.34942621602408036,-0.4993703348891979,-0.38807974889826136,-0.15214922525349173,-0.3304845408950493,-0.10977361938621372,0.5430100914586631,0.4305157410977508,-0.19040002901674305,-0.0209911431324574,-0.08540651884975704,-1.0930311176423098,1
sample_00975.html,-0.3273941911361057,-0.3406872283290372,-0.4993703348891979,-0.3931923691211846,0.4911933928541008,-0.2817433154767308,-0.10977361938621372,0.3905349155839942,-0.0004633893453602465,-0.2592940081688173,-0.004278164271089811,-0.09582578142524951,-0.19366532506375253,1
sample_08392.html,-0.43538281657632166,-0.46303305605964135,-0.4197508576995181,-0.4749942926879568,-0.9381150702721435,-0.3365771940723391,-0.44887348689285445,0.5803923037233554,0.4564274226215982,-0.21183297145957458,0.0780011162771814,-0.10089070073278059,-0.75193097998196,1
sample_06511.html,0.8239472233832118,1.6605409538358447,-0.1012729489407988,0.4708404485528463,0.3957327612882186,-0.2817433154767308,0.9075259831337085,0.28539762108114775,0.26201806167937497,1.3384203019688468,-0.02613359816672435,-0.07455312033361905,-0.9844262667020119,1
sample_06553.html,0.8513473223755055,1.4333272737647227,0.2968244370076003,0.13340751383991115,1.035898642468529,-0.21472413052654296,0.5684261156270678,0.6471060447773814,-0.09135678171255829,-0.13731159623369632,-0.02613359816672435,-0.06500212963941761,-0.1438104293257396,0
sample_03501.html,-0.38165713227770676,-0.4105991298893824,-0.4993703348891979,-0.4197779942803856,0.04850626562234983,-0.30002127500860026,-0.10977361938621372,0.5766664835670271,0.10544840474181767,-0.21536258083130966,-0.014563074339623712,-0.0959704934054647,-0.054968855578663905,1
sample_06834.html,-0.26560965419269855,-0.13969051134304472,1.4911165948527976,-0.1876650361596696,1.034186954205496,-0.23909474323570218,0.22932624812042704,0.32689824343669294,-0.5617541621062754,-0.07880665598710643,-0.02613359816672435,-0.08555123082997222,0.9388346125112716,0
sample_02982.html,-0.3085902016315905,-0.2358193759885194,-0.4993703348891979,-0.049624290140741566,0.15339476640498773,-0.19035351781738374,0.22932624812042704,0.5648423941005405,-1.2800473884333081,-0.2047626533155644,-0.004278164271089811,-0.0883007584540605,2.4130021778835316,1
sample_03945.html,0.8239472233832118,1.6605409538358447,-0.1012729489407988,0.4708404485528463,0.3957327612882186,-0.2817433154767308,0.9075259831337085,0.28539762108114775,0.26201806167937497,1.3384203019688468,-0.02613359816672435,-0.07455312033361905,-0.9844262667020119,1
sample_02956.html,-0.41872785444375105,-0.44555508066955507,-0.4993703348891979,-0.41466537405746234,-0.8807664702485071,-0.30002127500860026,-0.10977361938621372,0.40973863008096567,0.42220264208583586,-0.25702973045864763,-0.014563074339623712,-0.10045656479213506,-0.37157295495220827,1
sample_01519.html,0.8620924592352284,1.8615376708218372,-0.1012729489407988,1.6569683402710427,0.0027643037074810968,-0.31220658136317986,0.22932624812042704,0.6998282647163566,0.13858438647656862,-0.21333139053248099,-0.02613359816672435,-0.02158853557486562,-0.7089127713112849,0
sample_07284.html,1.0823677648595496,0.6380793935157958,3.1631256158360737,1.3665715116090016,1.076994852064538,0.6321546611167401,1.58572571814699,0.42527236281165015,-0.04322999026284372,0.21422861767068513,-0.02613359816672435,0.14077830622655882,0.9013560786213617,0
sample_05031.html,0.5682129661218048,1.0488118151828238,0.6949218229559994,0.5301468431387562,0.9799098244611514,-0.23909474323570218,-0.10977361938621372,0.551233432839048,0.10525135688219737,-0.09638810644254152,-0.0209911431324574,0.10937580651986621,0.17472901910447536,0
sample_00709.html,-0.43860635763423855,-0.4717720437546845,-0.4197508576995181,-0.41875547023580095,-2.034453183229922,-0.2573727027675716,-0.10977361938621372,0.5279248550267606,-0.2772858178093881,-0.26316769895729386,-0.02613359816672435,-0.0975623251878316,-0.8560129761214093,1
sample_07005.html,-0.3290059616650642,-0.38438216680425297,-0.34013138050983827,-0.40341760956703115,-0.04690626861765858,-0.21472413052654296,-0.10977361938621372,0.16669157400715207,-0.05706258468783709,-0.25039228893569926,-0.009420619305356762,-0.08757719855298464,0.40024323973323006,0
sample_04823.html,-0.31127648584652123,-0.31447026524390775,-0.26051190332015844,-0.35842655160530645,-0.46086080311407096,-0.03803718838513859,-0.44887348689285445,0.5901810626308739,0.09347931485119892,-0.24525326648565732,-0.02613359816672435,-0.07976275162136529,-0.3191518439654232,0
sample_04526.html,-0.4520377787088923,-0.4805110314497277,-0.5789898120788778,-0.4760168167325414,-0.15737790480755595,-0.3365771940723391,-0.44887348689285445,-1.9925510562714843,1.416481060424186,-0.2694943572651209,-0.027419211925291086,-0.10364022835686888,0.10152134426621588,1
sample_00834.html,-0.3370648143098564,-0.3406872283290372,-0.021653471751118984,-0.39932751338869255,-1.6029986710842772,-0.3365771940723391,-0.10977361938621372,0.44351377799838415,0.18395860568609643,-0.19199834269450988,0.03686147600304579,-0.07903919172028942,0.04236254114878439,1
sample_07100.html,3.5972670468777137,-0.06977860978269951,-0.1012729489407988,1.467801392022882,0.7861400453502775,4.458340856454738,-0.10977361938621372,0.6311889617501223,-0.6744157846466138,-0.10537862087997993,-0.02613359816672435,-0.05602998686607686,0.15855849019510285,0
sample_00637.html,-0.09906003286699235,0.24482494723885398,-0.34013138050983827,0.10579936463612553,-0.01910089082539817,-0.29392862183131047,-0.10977361938621372,0.49990286939777523,0.10075974927744166,-0.2564636610311052,-0.013277460581056975,-0.0780262078587832,-0.1613739146464196,0
sample_08613.html,0.6337583009661151,1.276025495253946,0.13758548262824066,2.9882946463202598,1.6638695260080527,-0.31220658136317986,2.2639254531602715,0.7280712199526802,-1.4475745992246816,-0.24476489286189523,-0.02613359816672435,-0.07628966409620112,2.0727919516407707,0
sample_05905.html,2.935366616318778,6.510679124584794,1.3318776404734378,2.070068054283242,0.9346225403392773,-0.30611392818589006,0.5684261156270678,0.6193659924015942,0.1337304390653932,0.3466000685112905,-0.0209911431324574,0.2043068655410199,-0.7862598895058748,0
sample_07361.html,-0.4337710460473632,-0.4717720437546845,-0.1012729489407988,-0.38398965271992275,0.725338400102583,-0.2817433154767308,-0.10977361938621372,0.44300461325604834,0.0954188615608528,-0.2575292034829498,-0.02613359816672435,-0.10262724449536266,-0.4009940467494626,1
sample_09641.html,-0.4520377787088923,-0.4805110314497277,-0.5789898120788778,-0.49237720144589586,-2.256016803315404,-0.3365771940723391,-0.44887348689285445,-1.9925510562714843,-1.2972817976803461,-0.2694943572651209,-0.027419211925291086,-0.10364022835686888,-1.3042592724394466,1
sample_02316.html,0.5193225934100653,1.3022424583390755,0.05796600543856084,0.5822955694125733,0.26316272939099833,-0.30611392818589006,-0.10977361938621372,0.6153673509356002,0.0032734848630262625,-0.20899152492132245,-0.02613359816672435,-0.07542139221491008,0.39077576189737373,0
sample_06251.html,1.3214470599883859,1.9489275477722687,0.05796600543856084,0.8072508592211968,0.6664691808956572,-0.0502224947397182,0.9075259831337085,0.6607937536815198,0.03507955255667031,0.06619591266807287,-0.02613359816672435,0.03325730492668506,0.19577889149558086,0
sample_02782.html,0.09112888955010444,0.27978089801902656,0.6153023457663196,0.13545256192908045,2.273625621577574,0.05944526245149831,0.22932624812042704,0.6849964550939652,0.9148388849629818,1.5517285815474777,0.0008642907631771383,-0.07122474478867005,-0.7011144396324063,1
sample_06984.html,0.46774593648339496,1.3634153722043776,0.3764439141972801,0.22338962976336052,-0.094614837045121,0.2300395514156129,-0.44887348689285445,0.8241284003351136,2.0816109127653872,1.4173481392091238,-0.02613359816672435,0.04353185552196236,-1.0045985873752497,0
sample_04872.html,0.7890255285891121,0.35843178727441494,-0.18089242613047862,0.2959888369288708,0.17635485035355586,0.7844709905489853,-0.44887348689285445,0.3616506935446786,-0.07390710074967213,1.356767611061545,-0.02613359816672435,0.025008722054420184,-0.9938649573891503,0
sample_03203.html,-0.4300102481464602,-0.46303305605964135,-0.5789898120788778,-0.4678366243758642,-0.4195689642159084,-0.2878359686540206,-0.44887348689285445,-1.9925510562714843,0.01072396741276144,-0.26943886026242064,-0.01584868809819045,-0.10277195647557784,-0.228668490105373,1
sample_03324.html,-0.3338412732519395,-0.3406872283290372,0.05796600543856084,-0.12835864157375976,0.8428409484459091,-0.06240780109429781,-0.44887348689285445,0.618488082593855,-0.8195421165122289,-0.23043556676469404,-0.02613359816672435,-0.09843059706912263,1.4127324747387893,0
sample_05281.html,2.427658899696867,3.923938766852021,-0.18089242613047862,3.8727779448859834,1.883067753278817,-0.19035351781738374,-0.10977361938621372,0.628695401470302,0.9232934435365887,4.588646662710389,-0.02613359816672435,0.7841677702632194,-0.7445048734370919,0
sample_05990.html,-0.2956960373999229,-0.3581652037191235,-0.4197508576995181,0.18044361989080512,-0.12158798938767164,-0.04412984156242839,-0.44887348689285445,0.47609326918305855,0.28326207465819875,-0.24941554168817512,-0.02613359816672435,-0.08714306261233912,-1.1037841215880988,0
sample_04926.html,0.15882325176635922,0.00013329177764570985,0.2968244370076003,0.14976789855326558,0.4594054147673884,0.16911301964271483,-0.10977361938621372,0.6174222323354175,0.6355434171491522,0.24773770790108826,-0.02613359816672435,-0.005091369830335862,-0.47540689661180857,0
sample_02239.html,-0.4520377787088923,-0.4805110314497277,-0.5789898120788778,-0.49237720144589586,-2.256016803315404,-0.3365771940723391,-0.44887348689285445,-1.9925510562714843,-0.9119543515462009,-0.2694943572651209,-0.027419211925291086,-0.10364022835686888,-1.2691682726963263,1
sample_02585.html,1.703973932194524,3.1461688619931807,0.05796600543856084,0.9636970380426485,0.6197653087997436,-0.2634653559448614,0.5684261156270678,0.383913686154166,-0.5398640893471035,-0.17154214749920252,-0.014563074339623712,-0.07339542449189766,0.5546977918189548,0
sample_03074.html,-0.4520377787088923,-0.4805110314497277,-0.5789898120788778,-0.486242057178388,-0.9365373726078214,-0.3365771940723391,-0.44887348689285445,-1.9925510562714843,0.3493455549912445,-0.2694943572651209,-0.027419211925291086,-0.10364022835686888,-0.09722914608067217,0
sample_04454.html,-0.3821943891206929,-0.2882533021587783,-0.5789898120788778,-0.37376441227407625,1.0298242566479083,-0.31829923454046966,-0.44887348689285445,-1.9925510562714843,-0.2285732750027962,-0.2694943572651209,-0.02613359816672435,-0.10204839657450197,0.2305492430794769,1
sample_05622.html,0.2415608055862262,0.9614219382323924,0.21720495981792048,0.1150020810373874,1.0346661893714977,-0.30002127500860026,0.22932624812042704,0.32630442894772155,-0.12967887585251364,-0.09687648006630362,-0.02613359816672435,-0.05197805142005201,0.449093205835362,0
sample_01270.html,-0.4289357344604879,-0.4368160929745119,-0.4197508576995181,-0.3604715996944758,-0.13664045993843793,-0.30002127500860026,-0.10977361938621372,0.45233603921682414,-0.6786343871941827,-0.2650989946512621,-0.006849391788223287,-0.10161426063385645,0.758606357736543,0
sample_00406.html,5.127374535702266,7.017540410897297,1.2522581632837582,2.7531141160657895,1.0635838617311164,-0.25128004959028183,1.2466258506403491,0.365644846770356,-0.3164300352450373,-0.013209198795426265,-0.02613359816672435,0.46160476636359804,0.40902887413446326,0
sample_06024.html,0.2764825003803259,-0.2532973513786057,-0.4197508576995181,0.3379123227568415,0.9266186717290049,1.0220844644632878,0.22932624812042704,-0.042105125440522986,-0.7307087640976807,-0.25098055716432177,-0.02613359816672435,-0.0014735703249565291,0.8692219936223164,0
sample_05424.html,-0.27635479105242156,-0.3756431791092098,-0.4993703348891979,-0.42693566259247817,0.5390934724545814,-0.29392862183131047,-0.10977361938621372,0.31315987043687105,0.006235341753111222,-0.2254630353227528,-0.02613359816672435,0.17261494187389695,-1.0685156141322092,1
sample_03170.html,-0.43054750498944633,-0.4717720437546845,-0.34013138050983827,-0.3461562630702906,-1.5785578714125288,-0.2817433154767308,-0.10977361938621372,0.41638046249538624,0.5868512149162997,-0.24495358267107606,-0.0209911431324574,-0.09727290122740126,-0.39069127224510214,1
sample_00074.html,-0.44344166922111394,-0.4805110314497277,-0.5789898120788778,-0.4719267205542028,0.031255119870059106,-0.31220658136317986,-0.44887348689285445,-1.9925510562714843,-1.0982014669378108,-0.2694943572651209,-0.017134301856757187,-0.10364022835686888,0.5375685908840503,1
sample_07892.html,-0.4214141386586818,-0.4805110314497277,-0.5789898120788778,-0.4555663358408484,-0.29500292810647777,-0.2817433154767308,-0.10977361938621372,-1.9925510562714843,-0.6319876731248685,-0.26943886026242064,-0.0017069367539563366,-0.10320609241622336,-0.6232724380179642,1
sample_04703.html,-0.3666139406740946,-0.2969922898538215,-0.4993703348891979,-0.2592417192805952,0.7807143314852952,-0.31220658136317986,6.33312386323996,-0.41650874953288364,0.009730678407930033,-0.2629457109464929,-0.011991846822490236,-0.09336567776159158,0.09704478618869046,1
sample_06563.html,-0.3241706500781888,-0.270775326768692,0.6949218229559994,-0.2490164788347487,-0.2982523318447846,-0.2695580091221512,-0.44887348689285445,0.6137458046714206,1.145985781282447,-0.0387156212364552,-0.02613359816672435,-0.04676842013230577,-0.9314889948376265,0
sample_08494.html,-0.4520377787088923,-0.4805110314497277,-0.5789898120788778,-0.4933997254904805,-1.3476059645985698,-0.3365771940723391,-0.44887348689285445,-1.9925510562714843,-1.9623998690208075,-0.2694943572651209,-0.027419211925291086,-0.10364022835686888,-0.3673539818824813,1
sample_02157.html,-0.45096326502292,-0.4805110314497277,-0.5789898120788778,-0.4913546774013112,-1.10247923322549,-0.3304845408950493,-0.44887348689285445,-1.9925510562714843,-0.5374603737833077,-0.2694943572651209,-0.008135005546790024,-0.10364022835686888,-0.35960730540433644,0
sample_09653.html,-0.02545584537788991,0.46329963961493276,1.2522581632837582,0.15283547068701953,0.8975843594176952,-0.04412984156242839,-0.44887348689285445,0.5981687276969568,0.7439802826956358,0.48408834300085773,-0.02613359816672435,-0.06833050518436659,-0.11958000724402007,0
sample_08972.html,-0.03351469802268215,0.3846487503595444,-0.26051190332015844,-0.15801183886671466,0.2021135179654645,-0.30611392818589006,0.22932624812042704,0.5457438837817868,-0.2242554674161948,-0.2511026505702623,-0.02613359816672435,-0.05979249835167137,-0.03479408382573455,0
sample_07076.html,-0.4520377787088923,-0.4805110314497277,-0.5789898120788778,-0.4903321533567266,-1.114558160185379,-0.3365771940723391,-0.44887348689285445,-1.9925510562714843,-1.60279190543054,-0.2694943572651209,-0.027419211925291086,-0.10364022835686888,0.2457020263352195,0
sample_09305.html,0.9980184405107241,0.6380793935157958,-0.18089242613047862,0.9861925670235109,0.4727802987980073,1.9725383601204975,-0.10977361938621372,0.5788086045310747,-0.4151429168560235,-0.20540641854688715,-0.01970552937389066,0.15076343286140578,0.7278204708691184,0
sample_02842.html,-0.4482769808079893,-0.4717720437546845,-0.5789898120788778,-0.4913546774013112,-2.256016803315404,-0.3365771940723391,-0.44887348689285445,-1.9925510562714843,0.3722116508295737,-0.2694943572651209,0.04843199983014643,-0.1034955163766537,-0.8531504409831171,1
sample_01944.html,-0.007726369559346993,0.17491304567850874,-0.021653471751118984,-0.05780448249741878,0.7294109391261404,-0.275650662299441,-0.10977361938621372,0.5994068581179973,0.18670517025967467,0.19841197190111756,-0.02613359816672435,-0.07238244063039144,-0.9733977379311073,0
sample_08625.html,-0.07434621808962948,0.09626215642312039,-0.26051190332015844,0.27962845221551635,0.1759154641430132,-0.18426086464009395,0.22932624812042704,0.6465595971491319,0.6584625751298376,0.13807563056541988,-0.02613359816672435,-0.009577441217006233,-0.694274858205007,0
sample_06585.html,-0.1817975866868593,-0.38438216680425297,-0.1012729489407988,1.0301611009406508,2.085415898182584,0.21176159188374347,-0.10977361938621372,0.43631536008706423,-1.7554695574869905,-0.2555979077889815,-0.02613359816672435,-0.07903919172028942,2.190920968153621,0
sample_01587.html,-0.3961630670383328,-0.4805110314497277,1.4911165948527976,-0.342066166891952,0.1069467936423405,-0.22690943688112258,-0.10977361938621372,-1.9925510562714843,0.4253306226742482,-0.26892828783757844,-0.009420619305356762,-0.09640462934611022,-0.603850369370528,1
sample_08966.html,-0.4520377787088923,-0.4805110314497277,-0.5789898120788778,-0.48828710526755725,-0.6302255921084583,-0.3365771940723391,-0.44887348689285445,-1.9925510562714843,-0.8815903607459729,-0.2694943572651209,-0.027419211925291086,-0.10364022835686888,0.17528675707322625,0
sample_09374.html,0.2512314287599769,0.27978089801902656,-0.1012729489407988,-0.013835948580278744,0.8071124597669382,0.04116730291962889,0.5684261156270678,0.29547501015864014,-0.060361728410302386,-0.2227436821904412,-0.0209911431324574,-0.06818579320415143,0.26391290959826114,1
sample_02680.html,-0.40637094705506965,-0.4805110314497277,-0.5789898120788778,6.568151326411126,1.2709225372034698,-0.275650662299441,-0.44887348689285445,-1.9925510562714843,0.28962200735107607,-0.2694943572651209,0.006006745797444088,-0.10364022835686888,0.16061391608134384,1
sample_04302.html,-0.4520377787088923,-0.4805110314497277,-0.4993703348891979,-0.49237720144589586,-2.256016803315404,-0.3365771940723391,-0.44887348689285445,0.37351772717813536,-0.7443229658072856,5.944982309303642,-0.027419211925291086,-0.10364022835686888,-1.5524561104753336,1
sample_01461.html,-0.411206258641945,-0.44555508066955507,-0.4993703348891979,-0.46988167246503354,-1.1872981709558512,-0.2878359686540206,-0.44887348689285445,0.6512652699856827,0.9228309278851734,-0.2218113325450772,-0.011991846822490236,-0.09510222152417365,-1.2571938227293489,0
sample_04700.html,-0.44344166922111394,-0.4805110314497277,-0.5789898120788778,-0.44738614348417116,0.6504347000600212,-0.31220658136317986,-0.10977361938621372,-1.9925510562714843,-1.0053895456812993,-0.2694832578645808,-0.002992550512523074,-0.10103541271299576,0.28561203127915535,1
sample_09679.html,-0.4520377787088923,-0.4805110314497277,-0.5789898120788778,-0.4606789560637717,-2.0736156707856988,-0.3365771940723391,-0.44887348689285445,-1.9925510562714843,6.891838515172585,-0.2694943572651209,-0.027419211925291086,-0.10364022835686888,-1.1778185143159419,0
sample_01620.html,-0.436457330262294,-0.4717720437546845,0.2968244370076003,-0.3870572248536767,-0.5985361281491687,-0.275650662299441,-0.44887348689285445,0.31636154481938905,-1.013057164306343,-0.21659461429125493,-0.02613359816672435,-0.09900944498998333,2.1174419275031267,1
sample_05165.html,2.5764790452040303,1.0051168767076082,0.854160777335359,2.1303969729137364,0.7018052542605188,1.4120142678098353,-0.10977361938621372,0.677515720846192,1.053654653610303,0.03710438385260863,-0.023562370649590873,0.6731736814381815,-0.4026528279683829,0
sample_09447.html,0.22705487082560016,-0.31447026524390775,0.5356828685766397,0.7499895127244562,0.7292327452560178,1.5094967186464723,1.9248255856536307,0.6490324291775921,-0.23432137848207152,-0.12631209029850932,-0.02613359816672435,-0.01956256785185319,0.37822500833674766,0
sample_08505.html,1.0399244742636438,1.214852581388644,1.0930192089043984,0.5117414103362323,0.1724647444507019,-0.25128004959028183,-0.10977361938621372,0.676689698184478,0.9821945820469461,0.03903567954657688,-0.004278164271089811,0.10619214295513241,-0.8202019847565512,0
sample_05718.html,-0.3096647153175628,-0.3406872283290372,-0.4993703348891979,-0.37376441227407625,0.06381297614258408,-0.2695580091221512,-0.10977361938621372,0.3316516123233787,-2.690270503033452,-0.26031515301850167,-0.02613359816672435,-0.0910502860781488,3.566025188243186,1
sample_00700.html,-0.3569433175003439,-0.4105991298893824,-0.26051190332015844,-0.02712876115987922,1.144809265473176,-0.1477049455763551,0.22932624812042704,0.2861667488393053,-0.6383767583225313,-0.23053546136955447,-0.022276756891024138,-0.09770703716804677,1.1293845724696807,0
sample_02277.html,0.22221955923872483,0.5769064796504938,0.13758548262824066,0.6180839109730362,0.010554647322076725,-0.30611392818589006,0.5684261156270678,0.6663224927869584,0.4010053719978239,-0.05221249229315285,-0.017134301856757187,-0.053859307162849264,0.06158115714416317,0
sample_08802.html,-0.44935149449396156,-0.4805110314497277,-0.4993703348891979,-0.4576113839300177,-0.8549851589824252,-0.31829923454046966,-0.10977361938621372,0.4949145214180221,0.08717589748581309,-0.25920521296449694,-0.017134301856757187,-0.1034955163766537,-0.21506696650357063,1
sample_08452.html,-0.4488142376509754,-0.4805110314497277,-0.5789898120788778,-0.30525530128690453,2.2968983502564666,-0.31829923454046966,-0.10977361938621372,-1.9925510562714843,-1.7799220764474957,-0.2694943572651209,-0.008135005546790024,-0.10320609241622336,1.9198599372485576,1
sample_09580.html,-0.440218128163197,-0.4805110314497277,-0.4993703348891979,0.04956054218396968,-0.4252116671498986,-0.23300209005841238,-0.10977361938621372,0.3391934432522604,-1.5177484301398452,-0.2680514351949147,-0.02613359816672435,-0.10219310855471715,0.9351739771425605,1
sample_01684.html,-0.3821943891206929,-0.2882533021587783,-0.5789898120788778,-0.37376441227407625,1.0349185882949992,-0.31829923454046966,-0.44887348689285445,-1.9925510562714843,-0.764110025643234,-0.2694943572651209,-0.02613359816672435,-0.10204839657450197,0.24590186755602889,1
sample_07052.html,-0.4036846628401389,-0.4105991298893824,0.2968244370076003,-0.22243085367554774,-1.007689929381564,-0.275650662299441,0.22932624812042704,0.6382095736806832,0.8435919040209094,1.6873299579452368,-0.005563778029656549,-0.09929886895041368,-1.2777731269326489,1
sample_02616.html,-0.04157355066747439,0.27978089801902656,0.6153023457663196,-0.1784623197584077,-1.609357086863027e-05,-0.2817433154767308,-0.10977361938621372,0.6272330682969355,-0.1922975600047942,-0.24064701526153764,-0.02613359816672435,-0.0883007584540605,-0.03603049707823052,0
sample_08957.html,-0.3821943891206929,-0.2882533021587783,-0.5789898120788778,-0.37376441227407625,1.058935826273015,-0.31829923454046966,-0.44887348689285445,-1.9925510562714843,-0.7784829495514248,-0.2694943572651209,-0.02613359816672435,-0.10204839657450197,0.24957767875857506,1
sample_04762.html,-0.4520377787088923,-0.4805110314497277,-0.4993703348891979,-0.4913546774013112,-2.256016803315404,-0.3365771940723391,-0.44887348689285445,0.7042088673772864,1.1475535762604974,0.5706636672132275,-0.027419211925291086,-0.10364022835686888,-1.5507914623103431,1
sample_08394.html,-0.155472001380538,0.2186079841537245,-0.18089242613047862,-0.368651792051153,-0.7397151513966914,-0.32439188771775945,-0.10977361938621372,0.3978960836729629,-0.09340871530666449,0.4891829678487395,-0.01970552937389066,-0.0948127975637433,-1.3837796117597096,0
sample_06446.html,-0.2865626710691584,-0.3406872283290372,-0.18089242613047862,-0.2214083296309631,0.9243269268090181,0.022889343387759473,-0.10977361938621372,0.4623255298657294,0.05249410939931303,-0.25991557459905995,-0.02613359816672435,-0.08251227924545358,0.00626536015462113,0
sample_06718.html,-0.4283984776175017,-0.4542940683645982,-0.4993703348891979,-0.3901247969874307,-1.9325470679036583,-0.32439188771775945,-0.10977361938621372,0.5756734079598501,0.33575568265760025,-0.21544027663509,-0.00042132299538959916,-0.09900944498998333,-1.1894676486421543,1
sample_01092.html,-0.3322295027229811,-0.39312115449929613,0.13758548262824066,-0.2817372482614576,0.41012090493655906,-0.1294269860444857,-0.44887348689285445,0.7090340976330998,0.48158091498885647,-0.19985671827686344,-0.02613359816672435,-0.08092044746308667,-0.31522102921134953,0
sample_04099.html,-0.4036846628401389,-0.4018601421943393,-0.18089242613047862,-0.389102272942846,-0.42857043749711476,-0.2695580091221512,-0.10977361938621372,0.7510294164192999,0.02667316604445851,-0.2513801355837635,-0.023562370649590873,-0.10161426063385645,0.3585255504791119,0
sample_00909.html,1.1860583355558763,1.3983713229845502,-0.021653471751118984,0.29087621670594754,1.242368750001552,0.09600118151523715,0.9075259831337085,0.45784359998449253,-0.17592644961669934,-0.22076798889431276,-0.0209911431324574,0.03890107215507682,0.381970323293739,1
sample_08749.html,-0.2999940921438121,-0.270775326768692,0.21720495981792048,-0.13244873775209837,1.1750541018438707,-0.18426086464009395,0.5684261156270678,0.4837121954956292,-0.9667712475692511,-0.2280602950491239,-0.01970552937389066,-0.09872002102955299,1.8956085766881965,0
sample_04696.html,-0.4396808713202109,-0.4717720437546845,-0.4197508576995181,-0.46681410033127957,-1.4060417507139824,-0.30002127500860026,-0.10977361938621372,0.40139478109889704,0.31317770760855895,-0.2675630615711526,-0.02613359816672435,-0.10204839657450197,-0.4150818358792228,1
sample_08719.html,2.326117356372485,0.2623029226289403,-0.18089242613047862,5.522109228801027,1.361218828926958,6.103357214322986,-0.10977361938621372,0.5994928726897663,-1.282920013577447,-0.20632766879171108,-0.0209911431324574,0.0710271317628453,2.0596680235243996,0
sample_07798.html,-0.18555838458776236,-0.10473456056287211,-0.4197508576995181,-0.21118308918511658,0.504233818182121,-0.32439188771775945,0.22932624812042704,0.3071057654204615,0.3080398161913096,-0.2612586020644057,-0.02613359816672435,-0.05487229102435548,-0.2345381610461012,1
sample_00178.html,-0.3322295027229811,-0.4018601421943393,-0.4197508576995181,-0.35842655160530645,-0.15155467035955167,-0.23300209005841238,-0.10977361938621372,0.0035960509316255384,0.20644048897039868,-0.2662977299095872,0.0034355182803106135,-0.08945845429578189,0.2967097509007147,1
sample_07786.html,-0.436457330262294,-0.4805110314497277,-0.5789898120788778,-0.41466537405746234,0.42914483866489467,-0.23300209005841238,-0.10977361938621372,-1.9925510562714843,-1.089610874500559,-0.26943886026242064,-0.02613359816672435,-0.10320609241622336,0.25224883411605653,1
sample_09908.html,-0.41335528601388954,-0.4717720437546845,-0.5789898120788778,-0.4688591484204489,-1.28069430565716,-0.245187396412992,-0.44887348689285445,-1.9925510562714843,0.027247653992103306,-0.26943886026242064,-0.011991846822490236,-0.08945845429578189,-0.7845450724331551,0
sample_00530.html,-0.45042600817993383,-0.4805110314497277,-0.5789898120788778,-0.4903321533567266,-0.8140948376749755,-0.3304845408950493,-0.44887348689285445,-1.9925510562714843,0.29075889838593455,-0.2694832578645808,-0.011991846822490236,-0.10364022835686888,-0.9043142784647119,0
sample_07847.html,-0.4160415702288203,-0.4805110314497277,-0.18089242613047862,-0.34308869093653666,-1.730745229166151,-0.2208167837038328,0.22932624812042704,0.3969302768932271,0.3898287044056204,-0.23708410768818244,-0.02613359816672435,-0.10219310855471715,-0.5901048187615308,1
sample_08160.html,-0.4488142376509754,-0.4805110314497277,-0.4993703348891979,-0.4852195331338033,-2.256016803315404,-0.31829923454046966,-0.44887348689285445,-0.0712527533896549,-3.051970185236725,0.6063038423473197,-0.017134301856757187,-0.10364022835686888,4.632880413820152,1
sample_08792.html,-0.14418960767782887,0.00013329177764570985,0.5356828685766397,0.10988946081446414,0.6955412043689188,-0.0502224947397182,0.22932624812042704,0.5613557111171227,1.7330739997737885,0.6422548006965333,-0.0209911431324574,-0.06514684161963279,-0.9638079668638317,0
sample_01564.html,-0.2725939931515185,-0.3319482406339941,-0.34013138050983827,-0.1876650361596696,0.8638408755988383,0.08381587516065754,-0.10977361938621372,0.31981017875038265,0.8604471143988273,-0.25499854015981893,-0.02613359816672435,-0.095391645484604,0.19007797999914805,0
sample_00857.html,-0.4117435154849311,-0.4368160929745119,-0.4197508576995181,-0.412620325968293,-1.396574208167864,-0.30002127500860026,-0.10977361938621372,0.4920668421817645,0.5137972833935793,-0.2533336300788118,-0.014563074339623712,-0.09987771687127438,-0.5064305773222884,1
sample_03665.html,0.25606674034685223,0.27978089801902656,-0.4197508576995181,0.29496631288428615,0.9699128964146624,0.5834134356984216,0.22932624812042704,-0.5165103502920579,0.6003309587125206,-0.23273314267648385,-0.02613359816672435,-0.07325071251168248,0.7650669996360958,1
sample_02473.html,0.41509476587075234,0.7254692704662273,0.6153023457663196,-0.010768376446524789,0.3959034032362352,-0.3365771940723391,-0.10977361938621372,0.7558855351295084,-0.04035474883526222,-0.1652154891913755,-0.01584868809819045,-0.02216738349572631,0.1308639884756826,0
sample_03006.html,1.4557612707349232,1.5381951261052407,0.05796600543856084,0.3644979479160425,1.1520373270028947,-0.21472413052654296,0.5684261156270678,0.5220811831288203,-0.5827932062728522,-0.24879397525793245,-0.005563778029656549,-0.051254491518976146,0.35971335934283044,1
sample_00877.html,-0.43162201867541866,-0.4805110314497277,-0.5789898120788778,-0.37989955654158414,0.8332855383473972,-0.23300209005841238,-0.44887348689285445,-1.9925510562714843,-1.9492947275721055,-0.2694943572651209,-0.022276756891024138,-0.1034955163766537,1.7196008855774627,1
sample_00231.html,-0.4321592755184048,-0.4717720437546845,-0.34013138050983827,-0.4167104221466316,-0.3696992137302715,-0.30611392818589006,-0.44887348689285445,0.5351083516268091,-1.242535476933215,-0.2437215492111308,0.006006745797444088,-0.08989259023642741,-1.4120015388931848,1
sample_05575.html,-0.44720246712201694,-0.4805110314497277,-0.4993703348891979,-0.4606789560637717,-0.17113946905185554,-0.29392862183131047,-0.10977361938621372,0.5965131001323938,0.9887717023167764,-0.2590165231553161,-0.02613359816672435,-0.1034955163766537,-0.4389842174496695,1
sample_02196.html,-0.4396808713202109,-0.4717720437546845,-0.4197508576995181,-0.459656432019187,0.021066365734794323,-0.31220658136317986,-0.10977361938621372,0.3141500707347501,-0.24347630016796895,-0.2666418113263287,-0.02613359816672435,-0.10306138043600818,-0.13928102962060815,1
sample_09618.html,-0.4520377787088923,-0.4805110314497277,-0.4993703348891979,-0.49237720144589586,-1.2870452420174474,-0.3365771940723391,-0.44887348689285445,0.41051744853454397,-0.15649203697803435,-0.26424434080967846,-0.027419211925291086,-0.10364022835686888,-0.49727085340196003,0
sample_00403.html,-0.3150372837474243,-0.4193381175844256,0.21720495981792048,0.25713292323465403,0.10903026418129882,-0.1537975987536449,-0.10977361938621372,0.29118879115194596,-0.39988573292035584,-0.20976848295912578,-0.02613359816672435,-0.0948127975637433,1.000124942324304,1
sample_01433.html,-0.4520377787088923,-0.4805110314497277,-0.5789898120788778,-0.49237720144589586,-2.256016803315404,-0.3365771940723391,-0.44887348689285445,-1.9925510562714843,-1.3950323556491044,-0.2694943572651209,-0.027419211925291086,-0.10364022835686888,-1.3133725301468988,1
sample_09152.html,1.3305804263191505,1.4770222122399386,0.3764439141972801,1.6242475708443338,0.42676766678963446,0.7479150714852464,0.5684261156270678,0.5056584379734227,-0.746107737205555,-0.17574882030388048,-0.02613359816672435,-0.00986686517743658,1.0516490363699265,0
sample_02329.html,-0.37359827963291453,-0.4193381175844256,-0.4993703348891979,-0.33899859475819805,-0.02470560401811353,-0.10505637333532646,-0.44887348689285445,0.3427072853333154,-0.04765703283337112,-0.2675630615711526,-0.01584868809819045,-0.09582578142524951,0.14427960811300639,0
sample_05663.html,0.672978050504104,0.8652930735869178,1.0133997317147188,0.0873939318336018,0.019093691037798174,-0.21472413052654296,0.22932624812042704,0.5635222285124944,0.5635906525469069,0.02772539039626857,-0.02613359816672435,0.10083779968717099,-0.5292129980009038,0
sample_08470.html,-0.4396808713202109,-0.4717720437546845,-0.4197508576995181,-0.45863390797460235,-1.6578862105197345,-0.2878359686540206,-0.10977361938621372,0.40139478109889704,0.4111742760485455,-0.2675630615711526,-0.02613359816672435,-0.10262724449536266,-0.6053144462058646,1
sample_01808.html,-0.32202162270624424,-0.24455836368356254,-0.34013138050983827,-0.31752558982192036,0.4820569054979722,-0.3365771940723391,0.5684261156270678,0.5841668264337315,0.08961223676510592,-0.21853700938576323,-0.004278164271089811,-0.09235269390008537,-0.37394408772531673,0
sample_06062.html,1.963468987356834,-0.39312115449929613,0.3764439141972801,0.5516198480750338,1.4434966266256708,1.9420750942340486,0.5684261156270678,0.2673592788619805,0.2255766375712684,-0.2261844963578559,-0.02613359816672435,1.46532706113604,0.7031140047832612,0
sample_08187.html,1.0291793374039209,1.7479308307862762,0.5356828685766397,1.2459136743480126,1.093354731718675,-0.07459310744887743,1.9248255856536307,0.4735028699232473,0.6492108535316166,0.10872881553753454,-0.02613359816672435,-0.01782602408927111,-0.3842829243915222,0
sample_02298.html,-0.4337710460473632,-0.46303305605964135,-0.4993703348891979,-0.48828710526755725,-0.9915621547527916,-0.3365771940723391,-0.44887348689285445,0.5336341914255478,0.4884834149113038,-0.26636432631282747,0.08700041258714855,-0.09872002102955299,-1.0055610142462665,1
sample_04804.html,-0.44344166922111394,-0.4805110314497277,-0.5789898120788778,-0.3850121767645074,0.0595402354823181,-0.2634653559448614,1.58572571814699,-1.9925510562714843,0.039198919164220844,-0.2694943572651209,-0.02613359816672435,-0.10060127677235024,-0.38186106209139314,1
sample_09297.html,-0.3854179301786098,-0.31447026524390775,-0.5789898120788778,-0.3901247969874307,1.0632823298933853,-0.2878359686540206,-0.10977361938621372,-1.9925510562714843,-0.7043150684005361,-0.2694943572651209,-0.02613359816672435,-0.09814117310869229,0.1523964236998927,0
sample_01277.html,-0.04748337594032203,0.15743507028842244,0.45606339138695995,0.5843406175017427,1.437754537489853,0.12646444740168616,-0.10977361938621372,0.5705272369619823,0.7733677482756931,1.043231744606286,-0.02613359816672435,0.045268399284544444,-0.8754181610018209,0
sample_02815.html,-0.2693704520936016,-0.11347354825791527,0.45606339138695995,-0.1917551323380082,0.8422561498843766,-0.22690943688112258,-0.44887348689285445,0.5942661274849868,1.2755304328129475,-0.08460054306901117,-0.02613359816672435,-0.0531357472617734,-0.22426421280343245,0
sample_02620.html,-0.35533154697138547,-0.3669041914141667,-0.4993703348891979,-0.3257057821785976,0.9597891905515219,-0.29392862183131047,-0.10977361938621372,0.3583811095225799,-0.34538315914725926,-0.260859023644964,-0.004278164271089811,-0.10103541271299576,0.5120188360453757,1
sample_09351.html,-0.44612795343604467,-0.46303305605964135,-0.5789898120788778,-0.4381834270829093,-1.9605986432014277,-0.3365771940723391,-0.44887348689285445,-1.9925510562714843,-0.4578822244780195,-0.2694943572651209,-0.006849391788223287,-0.10364022835686888,-0.46242906849024434,1
sample_03248.html,-0.4171160839147926,-0.44555508066955507,-0.4993703348891979,-0.4637465281975256,0.26547052895854195,-0.30611392818589006,-0.10977361938621372,0.3651758878051829,-0.053362083514527155,-0.25888333034883554,-0.02613359816672435,-0.10175897261407163,0.537610063673938,1
sample_01816.html,-0.28495090054019995,-0.38438216680425297,-0.18089242613047862,-0.3911473210320153,0.9467137187333441,-0.2817433154767308,0.22932624812042704,0.4454530056410051,0.7031905955045846,-0.25739601067646917,-0.006849391788223287,-0.0813545834037322,-0.3973001001647306,1
sample_09511.html,0.2630510793056722,-0.12221253595295842,-0.26051190332015844,0.7694174695715646,0.3975673212012963,0.07772322198336773,-0.10977361938621372,0.5695477188120041,0.7732151952601872,0.8418775194092859,-0.02613359816672435,0.3161692262473489,-0.44092617659891226,0
sample_03913.html,-0.4396808713202109,-0.4717720437546845,-0.4197508576995181,-0.46579157628669493,-1.7247823961965245,-0.2878359686540206,-0.10977361938621372,0.40139478109889704,0.29993066625912085,-0.2675630615711526,-0.02613359816672435,-0.10262724449536266,-0.43320073846554163,1
sample_04172.html,1.238709506168519,3.1286908866030942,1.0133997317147188,0.5587775163871264,0.08164168950613086,-0.2878359686540206,-0.10977361938621372,0.681095796031366,0.355347690322579,-0.10045048704019888,-0.02613359816672435,0.006051452646232482,-0.4551478624756529,0
sample_03098.html,-0.19630352144748534,-0.11347354825791527,2.207691889559916,-0.16721455526797654,-1.3456268583528352,-0.2878359686540206,-0.44887348689285445,0.8116765262656664,1.6558024056084741,5.0160290805049135,-0.02613359816672435,-0.07296128855125214,-1.4066308451968998,0
sample_08847.html,-0.4450534397500724,-0.4805110314497277,-0.4197508576995181,-0.4064851817007851,0.07446126504079426,-0.30002127500860026,-0.10977361938621372,0.478561713475935,-0.3775342080186869,-0.25880563454505523,-0.0107062330639235,-0.10364022835686888,-0.7205740828100076,1
sample_00858.html,-0.42410042287361255,-0.46303305605964135,-0.5789898120788778,-0.4300032347262321,-1.8283670549023523,-0.31220658136317986,-0.10977361938621372,-1.9925510562714843,0.010767697457481875,-0.2694943572651209,0.031719020968778835,-0.09032672617707294,0.5087391871168065,1
sample_08531.html,-0.4520377787088923,-0.4805110314497277,-0.5789898120788778,-0.4903321533567266,-1.114558160185379,-0.3365771940723391,-0.44887348689285445,-1.9925510562714843,-1.60279190543054,-0.2694943572651209,-0.027419211925291086,-0.10364022835686888,0.2457020263352195,0
sample_01717.html,-0.440218128163197,-0.4805110314497277,-0.5789898120788778,-0.48419700908921864,-1.2118664146121996,-0.30611392818589006,-0.44887348689285445,-1.9925510562714843,-0.17454163997475702,-0.26943886026242064,-0.011991846822490236,-0.09452337360331296,-1.1015398973773183,1
sample_09745.html,-0.43592007341930783,-0.46303305605964135,-0.34013138050983827,-0.45045371561792513,-0.6592389080172496,-0.32439188771775945,-0.44887348689285445,0.687120319640431,-1.007010603658115,0.13107190882464997,0.027862179693078627,0.16219567929840448,2.4154083689188233,1
sample_07613.html,-0.45042600817993383,-0.4805110314497277,-0.5789898120788778,-0.486242057178388,-1.4376286611456532,-0.3304845408950493,-0.44887348689285445,-1.9925510562714843,-0.9477750701326053,-0.2694832578645808,-0.009420619305356762,-0.10364022835686888,-1.0419823766049545,0
sample_08889.html,-0.40422191968312504,-0.46303305605964135,-0.34013138050983827,-0.3410436428473674,-0.0693077283489938,-0.19644617099467354,-0.44887348689285445,0.6360964208994543,0.5029046216094214,-0.2561084802138237,-0.02613359816672435,-0.07846034379942872,-1.2133377880845304,0
sample_06079.html,0.9195789414347464,1.8964936216020098,0.45606339138695995,0.4381196791261374,1.1780810297117035,-0.2817433154767308,1.2466258506403491,0.37864922642720716,-0.06242007653399519,-0.15964359012027168,-0.02613359816672435,0.010537524032902855,0.28718928802301535,1
sample_07651.html,-0.3778963343768037,-0.42807710527946874,-0.34013138050983827,-0.44329604730583255,-0.4476063380242325,-0.2208167837038328,-0.44887348689285445,0.35893072766243317,-0.01677145399768302,-0.21867020219224378,-0.013277460581056975,-0.08207814330480806,0.3551368936925583,1
sample_00508.html,1.577718574092779,2.123707301673132,-0.1012729489407988,1.2939723044434912,0.5780818176525765,-0.17207555828551432,-0.10977361938621372,0.6075753336251463,1.1448533811908232,3.1971703140073453,-0.002992550512523074,0.677804464805067,-0.7970913931900835,0
sample_06883.html,-0.2548645173329756,-0.1833854498182605,0.21720495981792048,-0.2469714307455794,0.6513544478660053,-0.17816821146280412,-0.10977361938621372,0.5729544427551572,-0.35465993886968217,-0.24500907967377628,-0.02613359816672435,-0.0937998137022371,0.3688742827276888,0
sample_07406.html,-0.375210050161873,-0.4542940683645982,-0.34013138050983827,0.03729025364895385,2.143428140772481,-0.2573727027675716,0.5684261156270678,-0.9945864954395776,-1.4658665200248577,-0.22448628807522863,-0.02613359816672435,-0.08974787825621224,2.783812999799161,1
sample_00376.html,-0.4520377787088923,-0.4805110314497277,-0.4993703348891979,-0.48828710526755725,-2.256016803315404,-0.3365771940723391,-0.10977361938621372,0.3748031346368282,0.4054392205104196,-0.2686508028240773,-0.027419211925291086,-0.10364022835686888,-0.9534385438521135,0
sample_09024.html,-0.41819059760076494,-0.39312115449929613,-0.5789898120788778,-0.3308184024015209,-0.8466936753884708,-0.2695580091221512,-0.44887348689285445,-1.9925510562714843,-1.14398383666484,-0.2694943572651209,-0.01970552937389066,-0.10320609241622336,0.919525124040094,0
sample_08340.html,-0.33115498903700874,-0.34942621602408036,-0.4993703348891979,-0.4003500374332772,0.4618700726624893,-0.2817433154767308,-0.10977361938621372,0.3316516123233787,0.10220703556200413,-0.26031515301850167,-0.004278164271089811,-0.09582578142524951,-0.3915459689486119,1
sample_02782.html,-0.00933814008830544,-0.13095152364800158,1.1726386860940783,0.038312777693538504,-0.5745639231244636,0.24222485777019248,-0.10977361938621372,0.6513759499724552,0.5238734201105915,0.41492797823582234,-0.02613359816672435,-0.04315062062692644,-0.8265605548321397,0
sample_03161.html,-0.4520377787088923,-0.4805110314497277,-0.4993703348891979,-0.49237720144589586,-2.256016803315404,-0.3365771940723391,-0.44887348689285445,0.7906459042335513,1.4069813378162508,-0.267185681952791,-0.027419211925291086,-0.10364022835686888,-1.0168014571092276,1
sample_04287.html,-0.4520377787088923,-0.4805110314497277,-0.5789898120788778,-0.49237720144589586,-2.256016803315404,-0.3365771940723391,-0.44887348689285445,-1.9925510562714843,-1.3950323556491044,-0.2694943572651209,-0.027419211925291086,-0.10364022835686888,-1.3133725301468988,1
sample_05611.html,-0.17911130247192855,0.09626215642312039,-0.34013138050983827,0.8164535756224587,-0.002274215177678667,-0.3304845408950493,-0.10977361938621372,0.7170778064684602,-1.487475308837798,-0.23706190888710235,-0.01584868809819045,-0.10002242885148954,2.027122026760593,0
sample_02676.html,0.3860828963495003,0.8478150981968314,1.2522581632837582,0.20396167291625214,0.872317475153506,0.16911301964271483,-0.10977361938621372,0.6455907174493444,0.961391250598161,0.2443301919352937,-0.02613359816672435,-0.03707271745788916,-0.47875022146172624,0
sample_04460.html,-0.3580178311863162,-0.42807710527946874,-0.1012729489407988,-0.12222349730625186,-0.45191227807261747,0.14474240693355558,-0.44887348689285445,0.1379159466027956,-1.0893446522096997,-0.02208871922746419,-0.02613359816672435,-0.09047143815728811,1.8708001300419805,0
sample_06133.html,-0.4058336902120835,-0.4805110314497277,-0.4197508576995181,-0.40750770574536976,0.028809102565368942,-0.20253882417196337,-0.10977361938621372,-0.08155643688317736,-0.8482840785296806,-0.2656095670761043,-0.01584868809819045,-0.10306138043600818,1.6380035169717622,0
sample_08294.html,-0.3821943891206929,-0.2882533021587783,-0.5789898120788778,-0.37376441227407625,1.0558977128397216,-0.31829923454046966,-0.44887348689285445,-1.9925510562714843,-0.7445715642360506,-0.2694943572651209,-0.02613359816672435,-0.10204839657450197,0.24957767875857506,1
sample_00931.html,0.27540798669435357,0.04382823025286147,0.6949218229559994,0.7387417482340252,0.38656039776003265,0.2787807768339313,0.9075259831337085,0.6945700289998487,0.5161117800868384,-0.02268808685662675,-0.02613359816672435,0.023995738192913972,0.10630711647695786,0
sample_04683.html,-0.4337710460473632,-0.44555508066955507,-0.5789898120788778,-0.4790843888662954,-0.3648223071893917,-0.3365771940723391,-0.44887348689285445,-1.9925510562714843,-1.7433873210626925,-0.2694943572651209,-0.004278164271089811,-0.10161426063385645,2.852948779386845,0
sample_06213.html,-0.2892489552840891,-0.4717720437546845,3.8000814333535122,-0.23879123838890218,-0.24894680138714714,-0.025851882030558975,-0.10977361938621372,0.5151970503128378,0.2462011862179761,0.11214743090386914,0.0021499045217438758,-0.07310600053146732,0.09683718756141019,1
sample_02435.html,-0.39240226913742976,-0.4018601421943393,-0.34013138050983827,-0.31854811386650506,0.08884664106411269,-0.2208167837038328,-0.44887348689285445,0.28711963614840363,-0.6359337856316734,-0.24728445678448602,-0.02613359816672435,-0.10364022835686888,0.49531191181328993,1
sample_05267.html,-0.2355232709854742,0.03508924255781832,0.21720495981792048,-0.2234533777201324,0.24124590078604638,-0.30611392818589006,0.5684261156270678,0.0686224874657988,-0.7990992218841702,-0.09673218785928299,-0.02613359816672435,-0.07527668023469491,1.435709899667121,0
sample_08027.html,-0.3273941911361057,-0.3406872283290372,-0.4993703348891979,-0.3931923691211846,0.4911933928541008,-0.2817433154767308,-0.10977361938621372,0.343253371727165,0.015338298281638785,-0.25871683934073486,-0.004278164271089811,-0.09582578142524951,-0.20254721649351112,1
sample_03750.html,-0.12431110448734135,-0.2008634252083468,0.45606339138695995,0.13954265810741906,0.8658586922584465,0.23613220459290268,-0.44887348689285445,0.5692937428679409,-0.08313342688793438,-0.026250994429981966,-0.02613359816672435,0.046860231066911354,-0.9669993247728728,0
sample_04351.html,-0.42678670708854327,-0.4368160929745119,-0.021653471751118984,-0.16005688695588396,0.9277687380190371,-0.3365771940723391,-0.10977361938621372,0.7195697771227076,1.4663047769204098,6.26532210828995,0.008577973314577563,-0.09987771687127438,-1.255714244118729,1
sample_08028.html,3.4162114907913814,4.789098548661293,0.9337802545250389,1.4013373291248796,1.195891314447369,-0.3365771940723391,-0.44887348689285445,0.5121284208904461,0.8755994770413379,0.32879663004505444,-0.002992550512523074,0.16726059860593553,-0.85906450514911,0
sample_02363.html,0.36244359525810976,0.8478150981968314,-0.26051190332015844,1.659013388360212,0.5060282384482719,-0.19035351781738374,0.9075259831337085,0.6619486521038395,0.7106344909942323,-0.017693356613605417,-0.02613359816672435,0.18375776435046529,-0.7725613918043607,0
sample_04629.html,-0.4391436144772247,-0.4805110314497277,-0.4993703348891979,-0.4463636194395865,-0.49867440958365417,-0.23300209005841238,-0.10977361938621372,0.3391934432522604,0.07685625842757063,-0.2680514351949147,-0.02613359816672435,-0.10016714083170472,-0.4852497025442638,1
sample_05222.html,-0.4332337892043771,-0.4717720437546845,-0.4197508576995181,-0.43920595112749394,-0.5498168799907667,-0.2573727027675716,-0.10977361938621372,0.4132812903160362,0.31287655432861566,-0.267651856775473,-0.02613359816672435,-0.10132483667342611,-0.7518343318236965,1
sample_00777.html,-0.09261295075115855,0.19239102106859504,0.05796600543856084,-0.13653883393043698,0.09055575549643602,-0.2695580091221512,0.22932624812042704,0.5385419234428005,0.25312740264683464,-0.18764737768281128,-0.0209911431324574,-0.026219318941751165,-0.12636021517718854,0
sample_02281.html,-0.3886414712365267,-0.38438216680425297,-0.5789898120788778,-0.46272400415294096,-0.20730834319329128,-0.3365771940723391,-0.44887348689285445,-1.9925510562714843,-1.298336360764447,-0.2694943572651209,0.040718317278746,-0.10146954865364127,1.9916220748010625,1
sample_00739.html,-0.22209184991082048,-0.270775326768692,0.13758548262824066,-0.053714386319080175,0.7776698167836252,0.2300395514156129,0.9075259831337085,0.6036296421305838,-0.04863798976988711,-0.17637038673412314,-0.02613359816672435,-0.09336567776159158,0.20874123087951954,0
sample_03799.html,-0.4079827175840281,-0.44555508066955507,-0.5789898120788778,-0.4729492445987875,-1.1680996285521696,-0.2817433154767308,-0.44887348689285445,-1.9925510562714843,-0.05402684354129743,-0.26943886026242064,-0.002992550512523074,-0.0932209657813764,-0.9258764395490112,1
sample_03434.html,0.3173140204472732,0.8128591474166589,3.481603524594793,1.2009226163862878,-0.29453176568479683,-0.30002127500860026,0.5684261156270678,0.6591870296804696,0.7676261443037126,2.648937623132784,-0.0209911431324574,0.029928929381736077,-0.727415580773123,0
sample_03493.html,-0.3907904986084713,-0.4805110314497277,-0.5789898120788778,-0.2633318154589338,0.6382738465546247,-0.20863147734925316,-0.10977361938621372,-1.9925510562714843,-0.5840025240676785,-0.26937226385918034,-0.004278164271089811,-0.08598536677061773,0.21654014925300524,1
sample_02798.html,-0.34995897854152397,-0.2008634252083468,-0.1012729489407988,-0.3676292680065683,-0.28104613426079383,-0.3365771940723391,-0.10977361938621372,0.5695669759071376,0.454826527537854,-0.25668564904190616,0.0021499045217438758,-0.10335080439643853,-0.792777166991492,0
sample_08906.html,-0.4321592755184048,-0.4717720437546845,-0.34013138050983827,-0.4279581866370628,-0.4077350114349324,-0.30611392818589006,-0.44887348689285445,0.5340889360112867,-1.2910569743966305,-0.24374374801221088,0.006006745797444088,-0.09032672617707294,-1.4176784871743355,1
sample_07391.html,0.25660399718983834,0.15743507028842244,1.5707360720424772,0.5812730453679887,0.30215164991585786,-0.20253882417196337,-0.10977361938621372,0.7423562270243129,1.3341834209588286,2.759232366299235,-0.024847984408157612,0.029784217401520905,-1.1725976363469743,0
sample_09530.html,-0.3821943891206929,-0.2882533021587783,-0.5789898120788778,-0.37376441227407625,1.0481535649443108,-0.31829923454046966,-0.44887348689285445,-1.9925510562714843,-0.22198228276553555,-0.2694943572651209,-0.02613359816672435,-0.10204839657450197,0.2289025477694614,1
sample_05036.html,0.007854078887251332,-0.13095152364800158,-0.34013138050983827,-0.180507367847577,0.8402567618526497,-0.06240780109429781,-0.10977361938621372,0.3190655848285699,0.046787639847905266,-0.26458842222641993,-0.011991846822490236,0.1219657487985863,0.023241942265752064,1
sample_03695.html,0.9034612361451619,-0.4368160929745119,-0.4993703348891979,-0.3257057821785976,0.8247266549389585,-0.1294269860444857,-0.10977361938621372,0.20261681917722843,2.45427644831218,-0.24867188185199193,-0.02613359816672435,4.4685347865415315,-1.4900774882415915,1
sample_02341.html,0.6219386504204197,0.8390761105017883,0.7745413001456792,0.16101566304369674,-0.6394685209905956,-0.31829923454046966,-0.10977361938621372,0.5064649899067557,0.2990448663325336,-0.08466713947225146,-0.02613359816672435,-0.03620444557659812,-0.26175652749777845,0
sample_09565.html,-0.38380615964965137,-0.39312115449929613,-0.4993703348891979,-0.4064851817007851,0.35652374492928257,-0.29392862183131047,-0.10977361938621372,0.2835742584013199,-0.3321553691118188,-0.153161540204884,-0.0107062330639235,-0.09799646112847712,1.1594869079692933,1
sample_00482.html,-0.41872785444375105,-0.44555508066955507,-0.4993703348891979,-0.41466537405746234,-0.8807664702485071,-0.30002127500860026,-0.10977361938621372,0.40973863008096567,0.42220264208583586,-0.25702973045864763,-0.014563074339623712,-0.10045656479213506,-0.37157295495220827,1
sample_00825.html,-0.3875669575505544,-0.39312115449929613,-0.34013138050983827,-0.3645616958728144,0.8132996883819444,-0.275650662299441,-0.44887348689285445,0.623421085967686,1.900686306729207,1.9628947751529937,-0.002992550512523074,-0.08757719855298464,-0.9521749731581413,0
sample_02802.html,-0.44182989869215544,-0.4805110314497277,-0.5789898120788778,-0.23367861816597893,0.6030440935943268,0.035074649742339085,0.22932624812042704,-1.9925510562714843,-0.22464877001013567,-0.2694943572651209,-0.02613359816672435,-0.10291666845579302,0.29227160176346234,1
sample_00210.html,0.8808964487397436,2.307226043269038,-0.34013138050983827,0.603768574348851,1.6241757150087823,0.16911301964271483,-0.10977361938621372,0.3968451552113265,-0.9969510041185358,-0.23843823455406823,-0.02613359816672435,-0.07947332766093494,1.4537040970553026,0
sample_01252.html,0.09381517376503519,0.46329963961493276,1.0930192089043984,0.12215974934947997,0.7194206061423403,-0.245187396412992,1.58572571814699,0.7061435179275815,0.6730647714754148,-0.04013634450558127,-0.02613359816672435,-0.021443823594650444,-0.06133803830781082,0
sample_01874.html,-0.4477397239650031,-0.4805110314497277,-0.5789898120788778,-0.39932751338869255,1.476754074309381,-0.32439188771775945,-0.10977361938621372,-1.9925510562714843,-0.5189470216708284,-0.2694943572651209,-0.002992550512523074,-0.10364022835686888,0.5516037469887316,1
sample_04963.html,0.5160990523521484,1.3808933475944638,0.5356828685766397,0.677390305558946,0.6832485041143908,0.163020366465425,0.22932624812042704,0.6448530947688185,0.1030140714515026,-0.04296669164329336,-0.02613359816672435,0.007643284428599389,0.12291032614018038,0
sample_00887.html,5.906934214875169,3.801592939121417,-0.18089242613047862,6.8605932031623365,1.1430143728333888,11.513633235756334,-0.10977361938621372,0.5971694863429415,-0.3194770295004824,-0.18988945659190087,-0.022276756891024138,0.8585497280938185,0.9931962876179009,0
sample_06969.html,-0.35586880381437164,-0.4368160929745119,-0.18089242613047862,-0.11199825686040533,0.37237788804521627,-0.03194453520784878,-0.10977361938621372,0.4583854166265745,-0.676184979373084,-0.22994719314093195,-0.02613359816672435,-0.10161426063385645,0.9537411535216179,0
sample_03249.html,-0.37628456384784525,-0.4805110314497277,0.21720495981792048,-0.3277508302677669,0.9563935811167597,-0.2817433154767308,-0.10977361938621372,0.8686409378266945,1.4756889633184467,0.1193509418543599,0.04586077231301296,-0.09510222152417365,-0.2927459973938398,1
sample_03131.html,-0.24143309625832185,-0.1659074744281742,0.2968244370076003,-0.13756135797502164,0.2006541922894996,-0.30611392818589006,-0.44887348689285445,0.5340348275650185,0.9715994607025047,-0.02421980413115329,-0.02613359816672435,0.04165059977916511,-0.8871358082204757,0
sample_09462.html,0.4505537175078382,0.6642963566009252,1.1726386860940783,-0.10381806450372812,-0.3696360367844748,-0.275650662299441,-0.10977361938621372,0.69986022861994,0.3741767912805108,-0.11654461782326761,-0.02613359816672435,-0.03692800547767399,-0.548055842619314,0
sample_06072.html,-0.17911130247192855,-0.2358193759885194,-0.26051190332015844,-0.28071472421687294,0.29260096960978016,-0.19644617099467354,-0.10977361938621372,0.636827208287123,0.6062730405535156,-0.195305964055444,-0.02613359816672435,-0.0006052984436654894,-0.22394786707132622,0
sample_08030.html,-0.3827316459636791,-0.39312115449929613,-0.4993703348891979,-0.39932751338869255,0.4170846855290061,-0.2817433154767308,-0.10977361938621372,0.24629487898579883,-0.3865904783082097,-0.168378818345289,-0.0107062330639235,-0.09770703716804677,1.2860308591553442,1
sample_08280.html,-0.40153563546819426,-0.4805110314497277,-0.4993703348891979,-0.40955275383453904,-1.1230232592588287,-0.20863147734925316,-0.10977361938621372,0.5865529830839468,0.3440723018067845,-0.265787157484745,-0.017134301856757187,-0.10161426063385645,-0.6159172563322561,1
sample_04240.html,-0.024918588534903766,-0.3406872283290372,0.21720495981792048,-0.2704894837710264,0.0045667301011573826,0.028981996565049278,-0.10977361938621372,0.5770233365435015,0.13808030899958681,-0.23256665166838314,-0.014563074339623712,-0.06442328171855691,-0.34722943118791283,1
sample_02443.html,-0.3488844648555517,-0.2358193759885194,-0.26051190332015844,-0.28889491657355015,0.43138046801933816,-0.31220658136317986,0.22932624812042704,0.31356727972134507,-0.29625407105542517,-0.260392848822282,-0.02613359816672435,-0.09553635746481917,0.6470539400529086,0
sample_00939.html,-0.024381331691917616,0.27978089801902656,22.908755958876668,0.6957957383614697,0.24631629883557288,-0.01975922885326917,-0.44887348689285445,0.5113766013095691,0.06002859370318912,2.08608702174698,-0.002992550512523074,-0.08743248657276947,-0.3489209760412208,0
sample_01456.html,-0.3037548900447152,-0.42807710527946874,-0.26051190332015844,-0.23879123838890218,0.36716363405527097,0.010704037033179861,-0.10977361938621372,0.476556471703274,-0.2704533626959408,-0.17519385027687812,-0.02613359816672435,-0.09076086211771846,0.3918276792524483,0
sample_04853.html,-0.38380615964965137,-0.3756431791092098,-0.4993703348891979,-0.36558421991739903,0.15666389477063947,-0.2634653559448614,0.9075259831337085,0.3172216944213166,-0.5283947585207351,-0.26673060653064906,-0.02613359816672435,-0.09929886895041368,-0.28056606090016767,1
sample_05645.html,-0.31933533849131346,-0.3756431791092098,0.05796600543856084,0.5761604251450655,1.075870699707698,0.9246020136266508,-0.10977361938621372,0.37553410312722746,-0.4376322601532542,-0.2346200407682919,-0.02613359816672435,-0.08699835063212395,0.16590729646608116,1
sample_06033.html,1.018971457387184,0.8478150981968314,-0.1012729489407988,0.9493817014184635,-0.26863190680426224,1.3815510019233863,-0.10977361938621372,0.6261544024713035,-0.624296170613073,-0.21133349843527247,-0.024847984408157612,0.017049563142585652,0.8479144840727806,0
sample_03429.html,0.09005437586413215,-0.3232092529389509,0.2968244370076003,0.15692556686535813,0.5332564846664787,0.7052664992442178,-0.10977361938621372,0.5973302507024487,-0.8558685683534263,-0.24312218158196822,-0.02613359816672435,-0.05964778637145619,0.4854409706150135,0
sample_04309.html,0.0631915337148247,0.11374013181320669,0.21720495981792048,0.021952392980184074,1.4349296341364786,0.2300395514156129,-0.10977361938621372,0.5878818343200906,0.7626564598262341,2.461646338420024,-0.02613359816672435,-0.021443823594650444,-1.1161051907289046,0
sample_01619.html,-0.4482769808079893,-0.4805110314497277,-0.4197508576995181,-0.4903321533567266,-2.256016803315404,-0.3304845408950493,-0.44887348689285445,-0.3596074767925978,-4.320724596602193,-0.12772171416709535,0.02914779345164536,-0.10364022835686888,-1.5365689941741265,1
sample_06281.html,0.4527027448797828,0.7866421843315294,0.3764439141972801,0.005592008266829643,-0.0045567609239057566,-0.2817433154767308,-0.44887348689285445,0.7645803262445192,0.6600307872711955,-0.1308517451193887,-0.02613359816672435,-0.014497648544322126,-0.6472516765819306,0
sample_08255.html,1.2913606767811616,1.4857611999349816,1.5707360720424772,0.12829489361698787,0.6461941353116627,-0.31220658136317986,-0.44887348689285445,0.640594648569818,0.3269693788283518,0.08435453195159043,-0.02613359816672435,0.04049290393744373,-0.5515450327861952,0
sample_00608.html,0.14485457384871936,-0.1833854498182605,1.2522581632837582,0.18657876415831304,0.4276674053328778,0.7783783373716955,0.9075259831337085,0.4268131794992842,0.23825312569855386,-0.059160717031222526,-0.02613359816672435,-0.02173324755508079,0.12180337683096715,0
sample_06905.html,0.07071312951663078,0.3322148241892855,0.13758548262824066,0.011727152534337554,0.3164209673704221,-0.31220658136317986,0.22932624812042704,0.5998541051478121,0.17402340836418653,-0.0879303632310254,-0.02613359816672435,-0.01768131210905594,-0.13432083962202757,0
sample_03286.html,-0.39240226913742976,-0.44555508066955507,-0.4993703348891979,-0.1171108770833286,-1.7422535529978802,-0.06240780109429781,0.22932624812042704,0.578224968209752,0.14598851497289375,-0.2153958790329298,-0.02613359816672435,-0.08989259023642741,-0.8784368351315285,1
sample_01830.html,0.09650145797996594,0.04382823025286147,0.13758548262824066,-0.11404330494957464,0.5828698634452129,0.16911301964271483,-0.10977361938621372,0.7335388648046605,1.5985615744767476,0.6826455192617658,-0.02613359816672435,-0.047926115974027156,-1.2274396057342274,0
sample_09535.html,-0.4488142376509754,-0.4805110314497277,-0.4993703348891979,-0.47397176864337215,-0.5257104421244608,-0.31829923454046966,-0.10977361938621372,0.3391934432522604,0.15036229196957585,-0.2680514351949147,-0.009420619305356762,-0.1034955163766537,-0.43117468642262563,1
sample_09832.html,0.6955428379095222,2.0013614739425276,0.21720495981792048,1.5066573057170989,0.9965331674828051,-0.29392862183131047,0.22932624812042704,0.30483803490435796,0.1261666297262262,-0.12778831057033563,-0.02613359816672435,-0.06746223330307555,-0.14304827391824423,0
sample_00508.html,-0.42678670708854327,-0.4542940683645982,-0.34013138050983827,-0.44840866752875586,-1.5919737913887684,-0.30002127500860026,-0.10977361938621372,0.38517472874099135,-0.05117581818606036,-0.261791373290328,-0.01584868809819045,-0.1019036845942868,-1.0679243172319366,1
sample_02234.html,-0.4520377787088923,-0.4805110314497277,-0.4993703348891979,-0.49237720144589586,-2.256016803315404,-0.3365771940723391,-0.44887348689285445,0.3420244464714374,-0.867733009481389,-0.06646412258657372,-0.027419211925291086,-0.10364022835686888,-1.5483386486102793,1
sample_02161.html,-0.440218128163197,-0.4805110314497277,-0.5789898120788778,-0.48419700908921864,-2.256016803315404,-0.30611392818589006,-0.44887348689285445,-1.9925510562714843,-0.24369068605556432,-0.26943886026242064,-0.011991846822490236,-0.0948127975637433,-1.2020031351053397,1
sample_00281.html,-0.4310847618324325,-0.4805110314497277,-0.4197508576995181,-0.44738614348417116,-0.4797278906269937,-0.29392862183131047,-0.10977361938621372,0.5957327634261684,-0.03823337815153841,-0.2164725208853144,-0.009420619305356762,-0.10364022835686888,-1.1824876646764657,1
sample_04827.html,-0.436457330262294,-0.4805110314497277,-0.5789898120788778,-0.41466537405746234,0.42914483866489467,-0.23300209005841238,-0.10977361938621372,-1.9925510562714843,-1.089610874500559,-0.26943886026242064,-0.02613359816672435,-0.10320609241622336,0.25224883411605653,1
sample_07163.html,-0.4520377787088923,-0.4805110314497277,-0.4993703348891979,-0.49237720144589586,-2.256016803315404,-0.3365771940723391,-0.44887348689285445,0.1816032717824125,-1.7220570042063035,-0.09904086317161286,-0.027419211925291086,-0.10364022835686888,-1.548367826888735,1
sample_04612.html,1.2978077588969954,1.0138558644026514,-0.4197508576995181,1.147751366067886,0.8276063172976906,1.3693656955688067,-0.10977361938621372,0.2105898095813345,-1.0588161188115697,-0.2609034212471242,-0.022276756891024138,0.18506017217240187,1.3210941799506715,0
sample_04836.html,-0.40099837862520815,-0.3581652037191235,-0.5789898120788778,-0.10688563663748207,0.39163792986267915,-0.2878359686540206,0.22932624812042704,-1.9925510562714843,0.24808378498633923,-0.2694943572651209,-0.02613359816672435,-0.1003118528119199,-0.3209684199583164,1
sample_00266.html,-0.267221424721657,-0.22708038829347624,-0.4993703348891979,-0.3706968401403223,-0.03556662456653456,-0.3365771940723391,-0.44887348689285445,0.5809410008125943,-1.2708539460938366,-0.2152515868259092,0.007292359556010826,-0.0796180396411501,2.0397640830397297,1
sample_00137.html,2.1885796045680306,3.285992665113871,2.0484529351805563,0.5383270354954334,0.34232628882813326,-0.275650662299441,0.9075259831337085,0.6359206371515936,0.4800386364996237,-0.04527536695562322,-0.02613359816672435,0.10952051850008139,-0.8060013416597158,0
sample_02695.html,0.09220340323607674,0.39338773805458754,0.13758548262824066,-0.21220561322970122,0.5868422653139822,-0.30002127500860026,-0.10977361938621372,0.7043699492734844,0.24149507684692875,-0.20287575522375634,-0.02613359816672435,-0.06644924944156934,-0.4116023196545284,0
sample_01123.html,-0.1565465150665103,-0.3232092529389509,-0.26051190332015844,0.2673581636805005,0.21271607140598164,0.29096608318851097,-0.44887348689285445,0.3490977675504954,-0.26793299848676827,-0.2567411460446064,-0.02613359816672435,-0.06977762498651832,0.21534573029671408,0
sample_00336.html,-0.4283984776175017,-0.4717720437546845,-0.4197508576995181,-0.2970751089302273,0.7857346397611749,-0.1537975987536449,-0.10977361938621372,0.3715161254246923,0.07230928140686742,-0.24792822201580875,-0.02613359816672435,-0.10335080439643853,-0.03677914547210649,1
sample_09184.html,0.9996302110396825,0.8478150981968314,2.287311366749596,0.25713292323465403,-0.23348902214443465,0.17520567282000463,0.22932624812042704,0.6437598149724738,0.3460755405978258,0.04964670646286219,-0.02613359816672435,0.07797330681317362,-0.4639522711043109,0
sample_06176.html,-0.3886414712365267,-0.39312115449929613,-0.5789898120788778,-0.4494311915733405,0.06108910624269174,-0.31220658136317986,-0.10977361938621372,-1.9925510562714843,-0.2903140647306243,-0.26930566745594003,-0.011991846822490236,-0.09872002102955299,-0.35385849355265464,1
sample_09428.html,-0.4289357344604879,-0.46303305605964135,-0.4993703348891979,-0.47397176864337215,-1.5435377130570114,-0.31829923454046966,-0.10977361938621372,0.43619300261567,-0.22157088764455046,-0.26772955257925335,-0.006849391788223287,-0.10089070073278059,0.5328237178062468,0
sample_06087.html,1.804440961832934,0.131218107203293,-0.18089242613047862,1.0240259566731431,0.191979226088017,2.9168996026004175,-0.10977361938621372,0.5049497888165467,-0.646013089699706,-0.2520793978177865,-0.02613359816672435,0.05076745453272103,0.967447982286552,0
sample_09096.html,-0.3768218206908314,-0.3232092529389509,-0.34013138050983827,-0.37580946036324553,-0.041574217966220406,-0.2878359686540206,0.22932624812042704,0.5636389140211698,0.3706676264346569,-0.26527658505990287,-0.013277460581056975,-0.1034955163766537,-0.33347425878736037,1
sample_06657.html,-0.3042921468877013,-0.46303305605964135,-0.34013138050983827,-0.16414698313422257,-0.029638492890947093,0.07772322198336773,-0.10977361938621372,0.018987433517669402,-0.7084761255877612,-0.2504477859383995,-0.011991846822490236,-0.10118012469321093,0.7220071617236379,1
sample_03155.html,-0.4498887513369477,-0.4717720437546845,-0.34013138050983827,-0.46272400415294096,-0.6158305687620326,-0.3365771940723391,-0.10977361938621372,0.7949228423322354,2.1675021823455225,-0.23872681896810946,0.01500604210741125,-0.10364022835686888,-0.4369765745797559,0
sample_06285.html,-0.4520377787088923,-0.4805110314497277,-0.5789898120788778,-0.4259131385478935,-0.07583079039500144,-0.3365771940723391,-0.10977361938621372,-1.9925510562714843,-0.12439471204507005,-0.2694943572651209,-0.027419211925291086,-0.10364022835686888,-0.2362127308687794,1
sample_05799.html,1.3461608747657487,0.17491304567850874,0.7745413001456792,3.589538784536035,1.9105635204329532,1.862870602929281,1.2466258506403491,0.7532755801735473,-2.1949986223956133,-0.015184892091554703,-0.02613359816672435,1.3054203229982735,3.1634068746597532,0
sample_00414.html,-0.39240226913742976,-0.4805110314497277,-0.4993703348891979,-0.42489061450330884,0.8597376383450043,-0.23300209005841238,-0.10977361938621372,-0.08850966985856512,-0.7047610082482834,-0.2640445515999576,-0.0017069367539563366,-0.1034955163766537,0.635986676400283,1
sample_09762.html,-0.3123509995324935,-0.27951431446373515,1.0133997317147188,-0.16925960335714585,-1.7843600850165657,-0.3304845408950493,0.22932624812042704,0.8307694525026511,0.8681432469082903,-0.1437714473480039,-0.02613359816672435,-0.05675354676715273,-0.8118916642506113,1
sample_06307.html,1.6438011657800753,-0.4368160929745119,-0.021653471751118984,0.5495747999858644,0.033684071163126154,2.612266943735927,-0.10977361938621372,0.27566004141675693,-1.3264682368988958,-0.2618579696935682,-0.02613359816672435,-0.09799646112847712,1.1865503870447165,0
sample_08444.html,0.09488968745100748,-0.4717720437546845,-0.34013138050983827,-0.32468325813401294,-1.9411430265864613,0.028981996565049278,-0.10977361938621372,0.4291405219454269,0.03258081131213838,-0.25090286136054146,0.012434814590277775,-0.08786662251341498,-0.8460499238698305,1
sample_02859.html,1.2419330472264358,2.315965030964081,1.2522581632837582,0.5567324682979571,0.47425705990600375,-0.09896372015803664,0.22932624812042704,0.6163097974052618,-0.16138263553315874,0.1433922434241026,-0.0209911431324574,0.05337227017659415,-0.14110300320388616,0
sample_03407.html,-0.29677055108589523,-0.38438216680425297,-0.26051190332015844,-0.16414698313422257,0.9986070633715235,0.004611383855890054,0.22932624812042704,0.576991864967447,-0.3045428226658054,-0.23183409123274,-0.02613359816672435,-0.09090557409793362,-0.16193107895822154,0
sample_08697.html,-0.3316922458799949,-0.4805110314497277,-0.5789898120788778,-0.251061526923918,0.9333711620164388,-0.025851882030558975,0.5684261156270678,-1.9925510562714843,-0.7744270664436103,-0.2694943572651209,-0.01584868809819045,-0.10320609241622336,0.1875085705241818,1
sample_05465.html,0.7610881727538323,1.0925067536580397,1.4911165948527976,0.09352907610110972,-0.05081497877448942,-0.3304845408950493,0.22932624812042704,0.6352385280414672,0.26001878336464695,-0.0083476613588855,-0.02613359816672435,0.04136117581873477,-0.17766330788317464,0
sample_03102.html,-0.4520377787088923,-0.4805110314497277,-0.4993703348891979,-0.49237720144589586,-2.256016803315404,-0.3365771940723391,-0.44887348689285445,0.3420244464714374,-0.867733009481389,-0.06646412258657372,-0.027419211925291086,-0.10364022835686888,-1.5483386486102793,1
sample_09567.html,-0.08401684126338016,0.19239102106859504,0.13758548262824066,-0.16312445908963794,0.9710908266931542,-0.21472413052654296,-0.44887348689285445,0.48330690457901593,-0.2689068301710306,-0.17215261452890512,-0.02613359816672435,-0.08120987142351702,0.564063628073559,0
sample_04266.html,-0.39884935125326354,-0.4805110314497277,-0.4993703348891979,-0.3676292680065683,1.3598969094744573,-0.20863147734925316,-0.10977361938621372,-0.11760644192762107,-0.514740774367316,-0.26829562200679574,-0.009420619305356762,-0.10364022835686888,0.3453540870619144,1
sample_06785.html,-0.4520377787088923,-0.4805110314497277,-0.4993703348891979,-0.49237720144589586,-2.256016803315404,-0.3365771940723391,-0.44887348689285445,0.3846034797493076,-0.23466497426567157,-0.2668526999365896,-0.027419211925291086,-0.10364022835686888,-1.3353013101722975,1
sample_01765.html,0.7852647306882091,0.4108657134446739,0.2968244370076003,0.5270792710050022,0.8922738199349179,0.857582828676463,-0.10977361938621372,0.6285072051452364,1.0152431963952138,2.053754467973822,-0.02613359816672435,-0.03403376587337052,-0.933554785661925,0
sample_02075.html,-0.3821943891206929,-0.2882533021587783,-0.5789898120788778,-0.37376441227407625,1.0298242566479083,-0.31829923454046966,-0.44887348689285445,-1.9925510562714843,-0.2285732750027962,-0.2694943572651209,-0.02613359816672435,-0.10204839657450197,0.2305492430794769,1
sample_05562.html,-0.44182989869215544,-0.46303305605964135,-0.4993703348891979,-0.45863390797460235,-0.03485257731086957,-0.3304845408950493,-0.44887348689285445,-0.045924347023679084,-0.2747734698308842,-0.2690836794451391,0.0034355182803106135,-0.1034955163766537,0.09117815302226084,0
sample_07024.html,-0.3574805743433301,-0.4368160929745119,-0.4197508576995181,-0.3962599412549386,-0.016430974473253358,-0.1537975987536449,-0.10977361938621372,0.41972320230987953,-0.2351195612392087,-0.23362109471968764,-0.02613359816672435,-0.08859018241449086,0.3354153109294082,1
sample_05648.html,-0.39455129650937437,-0.34942621602408036,-0.4993703348891979,-0.38807974889826136,-0.20111634844941825,-0.3304845408950493,-0.10977361938621372,0.6263721355349441,0.5841609648138085,-0.1899671523956812,-0.0209911431324574,-0.08497238290911152,-1.0978519350775777,1
sample_09273.html,-0.27635479105242156,-0.20960241290338993,-0.18089242613047862,-0.13142621370751373,-0.5730382955694169,-0.31220658136317986,0.22932624812042704,0.5881965796979697,0.19236668917743235,-0.048028018289554976,-0.02613359816672435,-0.03982224508197745,-0.736864779812556,1
sample_09260.html,-0.4310847618324325,-0.46303305605964135,-0.5789898120788778,-0.4688591484204489,-0.36259086863695095,-0.29392862183131047,-0.44887348689285445,-1.9925510562714843,0.00037260849284860803,-0.26943886026242064,-0.014563074339623712,-0.10277195647557784,-0.20074867158154033,1
sample_00668.html,1.5814793719936822,1.0837677659629965,6.268285226233587,1.9524777891560072,0.6772400749767331,0.7418224183079566,-0.10977361938621372,0.5312881104304269,0.9794982882266959,1.3496195971137546,-0.009420619305356762,0.5092150078543901,-0.8567923412373772,0
sample_02387.html,-0.20651140146422217,-0.3669041914141667,-0.18089242613047862,-0.2234533777201324,-0.7260414668169293,0.23613220459290268,-0.10977361938621372,0.5640308334386158,-0.5604804646831334,-0.2598267793947396,-0.01970552937389066,-0.09351038974180675,0.7592158552072914,0
sample_05551.html,-0.3940140396663882,-0.4805110314497277,-0.4993703348891979,-0.4320482828154014,0.06566008423738039,-0.23300209005841238,-0.10977361938621372,-0.03181234889534068,-0.46061360636736265,-0.26428873841183864,-0.0017069367539563366,-0.10320609241622336,0.22510993218948608,1
sample_02971.html,0.04438754421030947,0.15743507028842244,-0.26051190332015844,0.07205607116483202,0.1961430846251544,0.2726881236566415,-0.10977361938621372,0.5426989647366767,-0.6700858793241695,-0.2629235121454128,-0.02613359816672435,-0.003354826067753782,0.9812673651524286,0
sample_07246.html,-0.35103349222749625,-0.34942621602408036,-0.4197508576995181,-0.4381834270829093,-0.8808106311274132,-0.3365771940723391,-0.44887348689285445,0.6195806690532057,-0.4301595752453994,-0.2533003318771917,0.024005338417378414,-0.09018201419685776,0.7051224299126506,1
sample_09129.html,-0.18770741195970694,-0.15716848673313102,-0.5789898120788778,-0.34308869093653666,-1.5317025127251507,-0.30611392818589006,-0.10977361938621372,-1.9925510562714843,0.55052082834961,-0.2694943572651209,0.0008642907631771383,-0.058345378549519634,-0.9197877881056263,1
sample_08627.html,-0.4337710460473632,-0.46303305605964135,-0.4993703348891979,-0.48828710526755725,-0.9915621547527916,-0.3365771940723391,-0.44887348689285445,0.5321454434721992,0.560400282868667,-0.2658537538879853,0.08700041258714855,-0.09872002102955299,-1.0386275003901073,1
sample_08261.html,-0.2736685068374908,-0.3406872283290372,0.9337802545250389,0.2775834041263471,0.9926835161426352,0.05944526245149831,-0.44887348689285445,0.5597593201678255,0.2621492801394398,0.2627551968317724,-0.02613359816672435,-0.04705784409273612,0.30973897346985413,0
sample_08411.html,-0.4455906965930585,-0.46303305605964135,-0.4197508576995181,-0.4647690522421103,-0.5897511110026118,-0.3365771940723391,-0.44887348689285445,0.54151177030818,-0.9820392107987121,-0.2580730741094121,0.02529095217594515,-0.10320609241622336,1.9334591662225638,0
sample_08148.html,0.5128755112942315,1.0662897905729103,0.45606339138695995,1.1958099961633646,1.5034153389306386,0.12037179422439637,-0.10977361938621372,0.7106585046406743,-0.046019880593248956,-0.13988665715898732,-0.018419915615323922,-0.04184821280498988,0.5722506253731028,0
sample_00744.html,-0.4477397239650031,-0.4805110314497277,-0.5789898120788778,-0.4688591484204489,-0.6502400691274753,-0.30002127500860026,-0.10977361938621372,-1.9925510562714843,-0.14469037377730304,-0.2694943572651209,-0.02613359816672435,-0.1034955163766537,-0.6095858697734594,1
sample_06515.html,1.5798676014647237,-0.2008634252083468,1.8095945036115169,1.685599013519413,0.09225056548608548,2.3441902039351756,0.5684261156270678,0.48692200784828304,0.16392381007389448,0.8357950479133399,-0.02613359816672435,0.2637834894094561,-0.014943336985434371,0
sample_02454.html,-0.4520377787088923,-0.4805110314497277,-0.4993703348891979,-0.4893096293121419,-1.2220532489725586,-0.3365771940723391,-0.44887348689285445,0.3636244986994528,-0.3448618620960764,-0.2678294471841138,-0.027419211925291086,-0.10364022835686888,0.11082971052464799,1
sample_03055.html,-0.3096647153175628,-0.3406872283290372,-0.4993703348891979,-0.37376441227407625,0.06381297614258408,-0.2695580091221512,-0.10977361938621372,0.3316516123233787,-2.6904039437893954,-0.26031515301850167,-0.02613359816672435,-0.0910502860781488,3.5660843661725488,1
sample_01304.html,-0.4396808713202109,-0.4717720437546845,-0.4197508576995181,-0.46579157628669493,-1.7247823961965245,-0.2878359686540206,-0.10977361938621372,0.40139478109889704,0.29993066625912085,-0.2675630615711526,-0.02613359816672435,-0.10262724449536266,-0.43320073846554163,1
sample_01961.html,-0.45150052186590617,-0.4805110314497277,-0.4993703348891979,-0.4913546774013112,-2.256016803315404,-0.3304845408950493,-0.44887348689285445,0.9350147000176112,2.2825665470686136,-0.19098829724536556,-0.01970552937389066,-0.10364022835686888,-1.5198422527019813,1
sample_08412.html,-0.4520377787088923,-0.4805110314497277,-0.5789898120788778,-0.49237720144589586,-2.256016803315404,-0.3365771940723391,-0.44887348689285445,-1.9925510562714843,-0.8200238551517406,-0.2694943572651209,-0.027419211925291086,-0.10364022835686888,-1.256285202272625,1
sample_01589.html,-0.12323659080136905,-0.10473456056287211,0.6153023457663196,-0.24799395479016403,1.084608334144908,-0.17207555828551432,-0.10977361938621372,0.8081378289273351,1.6353511007621806,0.4537647807254482,-0.02613359816672435,-0.06514684161963279,-1.2118086402984463,0
sample_09456.html,-0.31396277006145196,-0.3406872283290372,-0.4993703348891979,-0.37376441227407625,0.05687775598690603,-0.2695580091221512,-0.10977361938621372,0.3316516123233787,-2.6987104377156466,-0.26031515301850167,-0.02613359816672435,-0.09683876528675574,3.5716534930225863,1
sample_04312.html,-0.4488142376509754,-0.4805110314497277,-0.4993703348891979,-0.47703934077712606,-1.4660943324962155,-0.31220658136317986,-0.10977361938621372,0.3391934432522604,0.21797922856047888,-0.2680514351949147,-0.02613359816672435,-0.1034955163766537,-0.7576164679290572,1
sample_09402.html,-0.436457330262294,-0.4805110314497277,-0.5789898120788778,-0.41466537405746234,0.42914483866489467,-0.23300209005841238,-0.10977361938621372,-1.9925510562714843,-1.0894847444027822,-0.26943886026242064,-0.02613359816672435,-0.10320609241622336,0.25224883411605653,1
sample_00024.html,-0.32470790692117496,-0.4105991298893824,-0.18089242613047862,-0.31752558982192036,0.8295350975829602,-0.007573922498689558,-0.10977361938621372,0.6440549395931688,-0.09874484684656032,-0.24773953220662795,-0.02613359816672435,-0.0937998137022371,0.2769040230932602,0
sample_00397.html,-0.38380615964965137,-0.3756431791092098,-0.4993703348891979,-0.36558421991739903,0.15666389477063947,-0.2634653559448614,0.9075259831337085,0.3172216944213166,-0.5283947585207351,-0.26673060653064906,-0.02613359816672435,-0.09929886895041368,-0.28056606090016767,1
sample_06147.html,-0.20973494252213906,-0.26203633907364887,0.7745413001456792,-0.05473691036366482,0.5761114866555442,0.035074649742339085,0.5684261156270678,0.5571314282730939,0.6420237993086304,-0.15606958314637642,-0.02613359816672435,-0.08699835063212395,-0.09396472513656987,0
sample_05194.html,1.3805453127168623,0.9002490243670904,-0.18089242613047862,1.5833466090609478,0.6782299581555385,2.185781221325641,-0.10977361938621372,0.5960080162706136,-0.4501453850702546,-0.2083033620878395,-0.0209911431324574,0.08607717770522332,0.9013387515739678,0
sample_04796.html,-0.04694611909733588,-0.2882533021587783,-0.18089242613047862,-0.1743722235800691,-0.6511718079565305,0.40063384037972744,-0.10977361938621372,0.5640308334386158,-0.9807556688365894,-0.2598267793947396,-0.01970552937389066,-0.0969834772669709,0.7965468158470483,0
sample_03083.html,-0.3064411742596459,-0.2882533021587783,0.5356828685766397,-0.342066166891952,0.746089422685704,-0.2817433154767308,-0.10977361938621372,0.6626151844370487,0.4465210301683872,-0.16897818597445155,-0.02613359816672435,-0.06355500983726588,-0.733415341464715,1
sample_05368.html,0.26734913404956134,1.0225948520976944,-0.26051190332015844,-0.009745852401940137,0.2832932589226978,-0.2695580091221512,0.5684261156270678,0.20734008713935392,-0.5560746407893509,-0.23355449831644737,-0.02613359816672435,0.024864010074205013,0.314280498196864,0
sample_01886.html,-0.34727269432659325,-0.46303305605964135,-0.26051190332015844,-0.4115978019237084,-0.27146881329285244,-0.1537975987536449,-0.10977361938621372,0.5799421517669061,0.443177036240474,0.03995692979140081,-0.002992550512523074,-0.0997330048910592,-1.1538892882078093,1
sample_03692.html,1.2612742935739372,0.6642963566009252,0.45606339138695995,1.5802790369271937,0.8699885641180714,3.617554717988745,1.2466258506403491,0.3869054168325624,-0.16167784294846516,-0.0849113262841325,-0.02613359816672435,0.079131002654895,0.48373745719172223,0
sample_00245.html,0.7557156043239709,1.4071103106795932,1.2522581632837582,0.7561246569919642,0.6638726944196419,-0.16598290510822453,0.5684261156270678,0.6366542008004188,0.0374625824857226,-0.0010553552040743546,-0.018419915615323922,0.03296788096625471,0.23124837444852023,0
sample_09274.html,-0.41765334075777877,-0.46303305605964135,-0.4197508576995181,-0.4381834270829093,-0.26124418904160274,-0.275650662299441,-0.10977361938621372,0.31823780988869693,0.16877833430346886,-0.2488494722606327,-0.009420619305356762,-0.10233782053493232,0.762623403560191,1
sample_01788.html,-0.385955187021596,-0.39312115449929613,-0.4993703348891979,-0.42284556641413956,0.235483390574574,-0.2817433154767308,-0.10977361938621372,0.09583132523493702,-0.48310464664371744,-0.21201056186821535,-0.02613359816672435,-0.09958829291084402,1.5516086553008375,1
sample_02512.html,-0.39240226913742976,-0.4193381175844256,-0.34013138050983827,-0.2684444356818571,0.5503213638043266,-0.2634653559448614,0.5684261156270678,0.31909334986778126,-0.8835887970088436,-0.2544879677349768,-0.02613359816672435,-0.09929886895041368,0.7904381776740507,1
sample_08173.html,-0.14633863504977346,-0.2532973513786057,0.45606339138695995,-0.33593102262444413,0.42150710201513103,-0.1294269860444857,-0.44887348689285445,0.6847475257498417,0.7532529757627175,0.0117644524196804,-0.02613359816672435,-0.04980737171682441,-0.6150383486979634,0
sample_04443.html,-0.39455129650937437,-0.34942621602408036,-0.4993703348891979,-0.38807974889826136,-0.005003941299444713,-0.3304845408950493,-0.10977361938621372,0.5266184634423408,0.4134303467033728,-0.19215373430207053,-0.0209911431324574,-0.08482767092889634,-1.1012889615750658,1
sample_06107.html,-0.44720246712201694,-0.4717720437546845,-0.4993703348891979,-0.4688591484204489,-0.3020765113450368,-0.3304845408950493,-0.44887348689285445,0.2641027143297212,-0.190191392605962,-0.2634562833713351,-0.0107062330639235,-0.10320609241622336,-0.014161155735352524,1
sample_01280.html,0.21093716553601569,-0.2882533021587783,-0.18089242613047862,0.3338222265785029,1.2113947625309802,0.6565252738258993,-0.44887348689285445,0.6942721383141298,0.7873012653194996,-0.043166480853014215,-0.0209911431324574,0.5471295466707655,-0.30838113488015995,0
sample_00048.html,0.048148342111212515,1.0400728274877808,-0.18089242613047862,0.1681733313557893,0.5838671532003896,-0.08068576062616724,-0.10977361938621372,0.5868975113641657,-0.07173267564883681,-0.214974101812408,-0.02613359816672435,-0.08873489439470603,0.08972098614562907,0
sample_03068.html,0.4946087786327024,0.8740320612819609,1.8095945036115169,0.23565991829837635,-0.018255911287512794,-0.08068576062616724,0.22932624812042704,0.6235513279624993,0.9254950331788058,-0.05719612313563413,-0.02613359816672435,0.09099738503253921,-0.45851290806368833,0
sample_02078.html,-0.4391436144772247,-0.4717720437546845,-0.4993703348891979,-0.44431857135041725,-0.2405252454732331,-0.30611392818589006,-0.10977361938621372,0.35946574105664564,-0.2697645359515882,-0.25012590332273815,-0.02613359816672435,-0.10364022835686888,0.42519030275859804,1
sample_08040.html,-0.3821943891206929,-0.4193381175844256,-0.4993703348891979,-0.4167104221466316,0.3321356997029741,-0.30002127500860026,0.22932624812042704,0.053876643862164904,0.9305636085352985,-0.20734881364139543,-0.02613359816672435,-0.05588527488586169,0.7047942459871405,1
sample_05280.html,-0.3821943891206929,-0.2882533021587783,-0.5789898120788778,-0.37376441227407625,1.0353268160137736,-0.31829923454046966,-0.44887348689285445,-1.9925510562714843,-0.23565313113181996,-0.2694943572651209,-0.02613359816672435,-0.10204839657450197,0.22972635826132573,1
sample_09878.html,-0.4391436144772247,-0.4717720437546845,-0.5789898120788778,-0.46272400415294096,-0.2646981305643553,-0.30002127500860026,-0.10977361938621372,-1.9925510562714843,0.24153824294866194,-0.26943886026242064,-0.02613359816672435,-0.1019036845942868,-0.6098153977413844,1
sample_05374.html,0.10670933799670276,0.2972588734091129,0.05796600543856084,-0.10381806450372812,0.41551830060766215,-0.2695580091221512,-0.44887348689285445,0.6713394491717204,0.27758332844099526,-0.14781162914458115,-0.02613359816672435,0.06350210879165628,-0.3842152589468456,0
sample_08639.html,-0.28817444159811684,-0.34942621602408036,1.2522581632837582,-0.34411121498112135,-0.06379506139852963,-0.17207555828551432,-0.10977361938621372,0.6223135179913302,0.9824765561151905,-0.13492522511758612,-0.02613359816672435,0.011984643835054588,-0.4938974115622151,1
sample_09522.html,-0.440218128163197,-0.46303305605964135,-0.4197508576995181,-0.47397176864337215,-1.5435377130570114,-0.32439188771775945,-0.10977361938621372,0.40171319125802957,0.4063678028515053,-0.2641666450058981,-0.005563778029656549,-0.1034955163766537,-0.5737516453021634,1
sample_04257.html,-0.049095146469280475,-0.04356164669757005,-0.4993703348891979,-0.11506582899415929,0.8199674178820541,-0.09896372015803664,-0.44887348689285445,0.36823341121189007,-0.8433083966859206,-0.26700809154415023,-0.02613359816672435,-0.06818579320415143,0.906312826678248,0
sample_09976.html,-0.4251749365595848,-0.4542940683645982,-0.5789898120788778,-0.41364285001287765,2.293365649513998,-0.31829923454046966,-0.10977361938621372,-1.9925510562714843,-1.218418241391197,-0.2694943572651209,-0.0107062330639235,-0.09886473300976815,1.1697781050334084,1
sample_01504.html,0.3678161636879712,-0.1833854498182605,-0.18089242613047862,0.9463141292847095,1.3026111290883546,1.0891036494134756,-0.44887348689285445,0.6781522454766221,-0.7974684300969054,-0.24195674452526325,-0.02613359816672435,-0.07715793597749217,0.7786553943163589,0
sample_07864.html,0.6036719177588907,0.8915100366720472,1.3318776404734378,0.4790206409095235,0.04895766102418057,-0.11114902651261627,-0.10977361938621372,0.6310584799034351,0.7938881940771602,4.809879914274613,-0.022276756891024138,0.0362962565112037,-0.9218037098883278,0
sample_09932.html,-0.45096326502292,-0.4805110314497277,-0.4993703348891979,-0.4903321533567266,-1.224241531954088,-0.3304845408950493,-0.44887348689285445,0.6739262564797944,0.7880519326611863,-0.262745921736772,-0.018419915615323922,-0.10364022835686888,-0.9104200222776481,1
sample_09926.html,-0.22477813412575123,-0.34942621602408036,-0.26051190332015844,-0.31343549364358175,0.1891255987839224,-0.32439188771775945,0.22932624812042704,0.7088246171247009,0.6336769512703309,-0.10715452496638751,-0.002992550512523074,-0.002341842206247569,0.6072679101982658,1
sample_04705.html,0.9125946024759264,1.8790156462119234,0.5356828685766397,0.44425482339364536,1.3688271996823422,-0.2878359686540206,1.2466258506403491,0.39465281198399377,-0.08888320674567507,-0.14568054424089205,-0.002992550512523074,0.010248100072472508,0.36336993999992423,1
sample_07425.html,0.061042506342880096,0.34095381188432866,-0.4993703348891979,-0.13551630988585234,-0.07889897222705647,0.07772322198336773,-0.10977361938621372,0.026260168123872368,-0.9182514599603693,-0.262501734924891,-0.01970552937389066,-0.09872002102955299,0.7167791391181225,0
sample_00344.html,-0.3096647153175628,-0.3406872283290372,-0.4993703348891979,-0.37376441227407625,0.06381297614258408,-0.2695580091221512,-0.10977361938621372,0.3316516123233787,-2.690309147290967,-0.26031515301850167,-0.02613359816672435,-0.0910502860781488,3.5660843661725488,1
sample_01945.html,0.33826703732373303,0.59438445504058,0.854160777335359,0.08125878756609389,-0.2708453588220964,-0.12333433286719588,-0.44887348689285445,0.4553084093821737,0.07052966274793744,-0.2000343086855042,-0.02613359816672435,-0.0103010011180821,0.09325348741216648,0
sample_02105.html,0.49675780600464703,0.11374013181320669,0.2968244370076003,-0.0700747710324346,1.3012717378673893,-0.01975922885326917,0.5684261156270678,0.47469956957466325,2.2297762870328306,-0.2250634569033111,0.0021499045217438758,2.597987730280201,-1.0982021656826542,1
sample_08912.html,-0.4058336902120835,-0.4193381175844256,-0.5789898120788778,-0.3676292680065683,0.48689651268981426,-0.2878359686540206,-0.10977361938621372,-1.9925510562714843,0.17133643891632744,-0.2693500650581003,-0.005563778029656549,-0.08931374231556673,-0.0691667477296752,1
sample_00595.html,0.1190662453853842,0.7254692704662273,0.854160777335359,0.1405651821520037,0.2832366709835179,-0.23909474323570218,0.9075259831337085,0.7058197960690696,0.7681425177978616,-0.18360719588623403,-0.02613359816672435,-0.07426369637318869,0.2648559364342726,0
sample_04582.html,0.6692172526032009,-0.11347354825791527,-0.18089242613047862,0.6968182624060544,1.193999772950415,1.460755493228154,0.22932624812042704,0.5101475211697373,-0.8568021952804022,-0.2567411460446064,-0.02613359816672435,-0.07773678389835285,0.4853663039480263,0
sample_01285.html,0.08253278006232606,0.20986899645868135,0.5356828685766397,0.5168540305591557,1.7367382464822265,0.010704037033179861,0.5684261156270678,0.5118360501965219,-0.49192156819948285,0.07018059746194989,-0.02613359816672435,-0.056608834786937554,1.441712411304537,0
sample_02463.html,1.8259312355523798,0.9701609259274356,-0.18089242613047862,2.1222167805570593,0.5696728220325256,4.775158821673808,-0.10977361938621372,0.5845652655494649,-0.45904052217061786,-0.2043186772939625,-0.022276756891024138,0.2546666346559002,0.8503556421066517,0
sample_09744.html,-0.2999940921438121,-0.3756431791092098,-0.4993703348891979,-0.42182304236955487,0.5560221323591277,-0.29392862183131047,-0.10977361938621372,0.41903538967757764,1.282529670845747,-0.2562527724208443,-0.01584868809819045,-0.03808570131939537,-0.6833359894077133,1
sample_09462.html,-0.40690820389805576,-0.4368160929745119,1.729975026421837,-0.4422735232612479,-1.7841150684451468,-0.3304845408950493,0.22932624812042704,0.6602837538273987,1.150704212421485,0.2599248496940603,0.06643059245008076,-0.08931374231556673,-1.145993982429219,1
sample_09991.html,0.42476538904450306,0.9002490243670904,1.0930192089043984,0.0638758788081548,0.164090280554667,-0.2878359686540206,-0.10977361938621372,0.610170524096061,0.18897535236457194,-0.16321759709416694,-0.02613359816672435,-0.0124716808213097,-0.40703020858200584,0
sample_05589.html,1.3961257611634605,0.6380793935157958,-0.18089242613047862,1.3675940356535863,0.9012914508169089,3.3251073654788343,-0.10977361938621372,0.6194794505916432,-0.20325748808433347,-0.2079259824694779,-0.0209911431324574,0.17319378979475764,0.9120920553858897,0
sample_05883.html,-0.38917872807951287,-0.39312115449929613,-0.021653471751118984,-0.36660674396198367,-0.524989484890349,-0.29392862183131047,-0.44887348689285445,0.6588403539005842,0.9142281321337097,-0.17745812798704777,-0.02613359816672435,-0.08670892667169361,-0.6240742279055783,0
sample_08427.html,-0.43054750498944633,-0.4805110314497277,-0.4993703348891979,-0.43511585494915533,-1.665180483087451,-0.18426086464009395,-0.10977361938621372,0.3703367708508456,0.1030789068693563,-0.26836221841003605,-0.02613359816672435,-0.0997330048910592,-0.5716649942251708,1
sample_05231.html,-0.4310847618324325,-0.4717720437546845,-0.34013138050983827,-0.42182304236955487,1.18691850455616,-0.2817433154767308,-0.10977361938621372,0.6991622601543741,0.6236327790477887,-0.24177915411662249,-0.014563074339623712,-0.10291666845579302,-0.08576495093225087,1
sample_07139.html,-0.3773590775338176,-0.3406872283290372,-0.4993703348891979,-0.2214083296309631,0.26544631072558156,-0.31829923454046966,-0.10977361938621372,0.34152937521153937,-0.2998420488649278,-0.2519351056107659,-0.011991846822490236,-0.09437866162309778,-0.1245550862479612,1
sample_05294.html,-0.44075538500618316,-0.4717720437546845,-0.5789898120788778,-0.4555663358408484,-1.637385763982365,-0.31829923454046966,-0.10977361938621372,-1.9925510562714843,-0.42329004667453785,-0.2694943572651209,-0.0107062330639235,-0.10320609241622336,-0.09814332057967587,1
sample_01431.html,-0.3526452627564547,-0.3406872283290372,-0.4197508576995181,-0.1528992186437914,0.8758504423631547,-0.13551963922177548,-0.44887348689285445,0.2142085562685306,-0.3118869105472027,-0.25750700468186966,-0.014563074339623712,-0.06196317805489897,0.4206943446460668,1
sample_01998.html,-0.2865626710691584,-0.2358193759885194,-0.18089242613047862,-0.33695354666902877,-0.9209051482037136,-0.31829923454046966,-0.44887348689285445,0.47404966276340355,1.541250994670465,-0.2582173663164327,-0.014563074339623712,-0.07831563181921355,0.10054807006379834,1
sample_00459.html,-0.4391436144772247,-0.4717720437546845,-0.5789898120788778,-0.38398965271992275,0.07696113294000378,-0.2634653559448614,1.58572571814699,-1.9925510562714843,0.06050446373052742,-0.2694943572651209,-0.02613359816672435,-0.1003118528119199,-0.4188221313379096,1
sample_06254.html,-0.11464048131359067,-0.0348226590025269,-0.4197508576995181,-0.180507367847577,0.027674600381039933,-0.3365771940723391,-0.44887348689285445,0.6130398880779911,-1.4134942370199826,-0.2563637664262448,0.0021499045217438758,-0.10175897261407163,1.491926637932864,0
sample_09800.html,-0.35855508802930236,-0.4105991298893824,-0.4197508576995181,-0.23879123838890218,-0.46865842007144864,-0.09287106698074685,-0.10977361938621372,0.5586780868589839,-0.05773815233430417,-0.25909421895909646,-0.02613359816672435,-0.09900944498998333,-0.1031739139310993,0
sample_00428.html,-0.4117435154849311,-0.4368160929745119,-0.4197508576995181,-0.412620325968293,-1.396574208167864,-0.30002127500860026,-0.10977361938621372,0.4920668421817645,0.5137972833935793,-0.2533336300788118,-0.014563074339623712,-0.09987771687127438,-0.5064305773222884,1
sample_01713.html,2.3014035415951217,3.0150840465675333,6.0294267946645475,0.9667646101764025,0.6349967665660984,0.2787807768339313,0.9075259831337085,0.6599993948657825,0.80754314646146,2.7911764410534916,-0.02613359816672435,0.3223918413966013,-0.8311126400620761,0
sample_09096.html,0.005167794672320586,-0.3581652037191235,-0.4197508576995181,-0.03837652565031039,1.0781813456292033,0.571228129343842,-0.44887348689285445,-0.18469892219878853,-1.4678387599772273,-0.21376426715354285,-0.02613359816672435,-0.07701322399727699,1.6023896680325216,0
sample_09749.html,-0.05393045805615582,0.24482494723885398,0.05796600543856084,-0.09870544428080485,-0.024045467917690123,-0.2573727027675716,0.9075259831337085,0.7933406827559267,0.026445909896379332,-0.23226696785380185,-0.02613359816672435,-0.08598536677061773,0.05387665748943426,0
sample_00207.html,-0.4337710460473632,-0.4542940683645982,-0.5789898120788778,-0.2060704689621933,0.45187017108452127,-0.19035351781738374,-0.10977361938621372,-1.9925510562714843,-1.2514702986242705,-0.2694943572651209,-0.02613359816672435,-0.10320609241622336,-0.7124516871055259,1
sample_04957.html,0.023434527333849656,0.07004519333799093,0.13758548262824066,-0.31752558982192036,-0.28330989407087603,-0.3365771940723391,0.22932624812042704,0.6513359223848421,0.7199224542983419,-0.2011109505378888,-0.01584868809819045,-0.06355500983726588,-1.0367854618512695,0
sample_01584.html,-0.4450534397500724,-0.4717720437546845,-0.4197508576995181,-0.44431857135041725,-0.3614824317876209,-0.3304845408950493,-0.10977361938621372,0.28610712914078423,-0.4192829278970046,-0.26673060653064906,0.009863587073144301,-0.1034955163766537,0.2951173704736515,1
sample_07478.html,0.6342955578091012,0.5681674919554506,0.13758548262824066,0.630354199508052,1.4773019913908612,1.1134742621226348,0.22932624812042704,0.5139475643136369,2.157953533177132,-0.22884835248746727,-0.02613359816672435,0.3135644106034758,-0.744495003930036,1
sample_09897.html,-0.33330401640895335,-0.34942621602408036,-0.5789898120788778,-0.13449378584126767,1.9298952843141686,-0.09896372015803664,0.22932624812042704,-1.9925510562714843,-1.0301890054570884,-0.2694832578645808,-0.02613359816672435,-0.09611520538567987,1.5685563981126192,1
sample_09265.html,-0.40637094705506965,-0.42807710527946874,-0.4993703348891979,-0.37580946036324553,0.8269793563610974,-0.25128004959028183,1.2466258506403491,0.23112090221610251,-0.7065043053737791,-0.26595364849284575,-0.018419915615323922,-0.09958829291084402,0.25366325051232336,1
sample_05708.html,-0.3370648143098564,-0.39312115449929613,-0.4197508576995181,0.260200495368408,0.38479385965055823,0.016796690210469666,-0.44887348689285445,0.377420673573072,-0.9355093694069202,-0.219180774617086,-0.02613359816672435,-0.1003118528119199,0.4489852931406437,0
sample_03470.html,-0.3273941911361057,-0.3406872283290372,-0.4993703348891979,-0.3931923691211846,0.4911933928541008,-0.2817433154767308,-0.10977361938621372,0.343253371727165,0.014938926219117741,-0.25871683934073486,-0.004278164271089811,-0.09582578142524951,-0.20254721649351112,1
sample_02077.html,-0.4160415702288203,-0.4805110314497277,-0.4197508576995181,-0.31343549364358175,0.4027466255982401,-0.2695580091221512,-0.10977361938621372,0.5631546453206389,0.3776277901712267,-0.2433996665954694,-0.002992550512523074,-0.10277195647557784,-0.20181482605907874,1
sample_07302.html,-0.4375318439482663,-0.4805110314497277,-0.5789898120788778,-0.46272400415294096,-1.429081623414551,-0.2573727027675716,-0.44887348689285445,-1.9925510562714843,-0.2936833588404589,-0.2694943572651209,-0.01970552937389066,-0.10364022835686888,0.1790166093679079,0
sample_04863.html,-0.4520377787088923,-0.4805110314497277,-0.5789898120788778,-0.4893096293121419,-1.37690954199462,-0.3365771940723391,-0.44887348689285445,-1.9925510562714843,-1.1727162296770963,-0.2694943572651209,-0.027419211925291086,-0.10364022835686888,-0.21412882878928452,1
sample_03833.html,-0.0910011802222001,0.026350254862775167,0.13758548262824066,-0.29093996466271943,0.10229414951325098,-0.30002127500860026,-0.10977361938621372,0.38741208643567415,0.3518952880121032,-0.05211259768829242,-0.02613359816672435,-0.08916903033535155,0.5102194436856389,1
sample_00846.html,-0.12484836133032749,0.35843178727441494,0.05796600543856084,-0.061894578675757386,0.7584464868761912,-0.275650662299441,0.5684261156270678,0.7087795876059179,0.41560407395695054,-0.19905756143798004,-0.02613359816672435,-0.0813545834037322,-0.574765531809045,0
sample_00098.html,-0.2199428225388759,-0.3581652037191235,-0.26051190332015844,-0.06496215080951134,0.036744822194520514,0.30315138954309057,-0.10977361938621372,-0.0457851751591233,-0.7466694578960028,-0.1739285186153127,-0.02613359816672435,-0.08178871934437772,1.470146135191147,1
sample_01445.html,0.2275921276685863,-0.1484294990380879,-0.021653471751118984,1.7888739420224629,1.4566268150567008,1.7836661116245136,1.58572571814699,0.7041971389120034,-0.7581327887810074,-0.1949951808403227,-0.02613359816672435,-0.051254491518976146,0.7286994958423324,1
sample_06288.html,-0.4251749365595848,-0.46303305605964135,-0.26051190332015844,-0.3768319844078302,-0.8719320779448297,-0.20863147734925316,-0.44887348689285445,0.7645348281891823,0.5279294808990739,-0.2552649257727801,-0.014563074339623712,-0.10320609241622336,0.26623709376515003,0
sample_03904.html,-0.3805826185917345,-0.4542940683645982,-0.4197508576995181,-0.4310257587708167,-0.18458116367162608,-0.2208167837038328,-0.10977361938621372,0.16093098116594917,-0.08475716295016417,-0.26154718647844694,-0.011991846822490236,-0.10291666845579302,-0.6723747610270632,1
sample_07365.html,-0.29300975318499217,-0.2882533021587783,0.5356828685766397,-0.3277508302677669,0.6983086113722747,-0.23300209005841238,0.22932624812042704,0.6646456558106987,0.47848974777456693,-0.15972128592405202,-0.02613359816672435,-0.06022663429231689,-0.7744622562557961,1
sample_03254.html,-0.2666841678786709,-0.3232092529389509,-0.4197508576995181,-0.03837652565031039,0.5411595499540145,-0.16598290510822453,0.5684261156270678,0.34880384267469666,-0.5941722959210763,-0.26698589274307016,-0.02613359816672435,-0.07614495211598594,0.502516534625178,1
sample_04207.html,-0.42302590918764027,-0.4542940683645982,-0.4993703348891979,-0.45249876370709446,0.5967437799420446,-0.2878359686540206,-0.10977361938621372,0.2477713372010601,-0.1678485586064782,-0.2615360870779069,-0.0107062330639235,-0.10175897261407163,0.26744239916581597,1
sample_07078.html,-0.0614520538579619,-0.2882533021587783,0.05796600543856084,0.08637140778901715,0.3004657847449338,0.760100377839826,-0.10977361938621372,0.592870509061606,0.2699144660512833,0.06750564193179848,-0.02613359816672435,-0.07903919172028942,0.06002396535586328,0
sample_08195.html,-0.39777483756729126,-0.44555508066955507,-0.5789898120788778,-0.36251664778364506,-0.0703666628636862,-0.245187396412992,-0.10977361938621372,-1.9925510562714843,0.41826630459079317,-0.2694610590635007,-0.02613359816672435,-0.09900944498998333,-0.5606448617059757,1
sample_03195.html,0.5408128671295113,0.4545606519198896,1.0133997317147188,0.7775976619282419,0.6854651416262327,1.2109567129592718,-0.10977361938621372,0.5700726851316965,0.9901378554886895,-0.14988721704557,-0.02613359816672435,-0.04459774042907817,-0.2739333088782306,0
sample_00068.html,-0.4520377787088923,-0.4805110314497277,-0.5789898120788778,-0.48010691291088003,-2.1150064477363424,-0.3365771940723391,-0.44887348689285445,-1.9925510562714843,6.827468656718576,-0.2694943572651209,-0.027419211925291086,-0.10364022835686888,-1.22696860730371,0
sample_01253.html,0.45324000172276896,0.03508924255781832,-0.18089242613047862,1.0904900195711456,1.8014061488202224,1.3693656955688067,-0.10977361938621372,0.5470956923380154,0.7965263785940792,3.6341093156668514,-0.02613359816672435,0.21443670415608204,-0.6869955556884738,0
sample_02143.html,-0.4520377787088923,-0.4805110314497277,-0.5789898120788778,-0.49237720144589586,-2.256016803315404,-0.3365771940723391,-0.44887348689285445,-1.9925510562714843,-0.9352451299292996,-0.2694943572651209,-0.027419211925291086,-0.10364022835686888,-1.3702507470255725,1
sample_00291.html,-0.08025604336247712,-0.15716848673313102,-0.1012729489407988,0.05876325858523155,-0.07093601844096022,0.132557100578976,-0.44887348689285445,0.49507623256123967,0.66086448298598,0.15958626881203175,-0.02613359816672435,-0.08424882300803566,-0.7182562740578484,0
sample_02422.html,-0.4488142376509754,-0.4717720437546845,-0.5789898120788778,-0.4811294369554647,-1.3243133780587422,-0.3365771940723391,-0.10977361938621372,-1.9925510562714843,0.2866625993640975,-0.2694943572651209,0.012434814590277775,-0.1034955163766537,-0.8408880152276976,1
sample_04468.html,-0.27098222262256005,-0.2882533021587783,0.6153023457663196,-0.26230929141434917,0.7906821055999339,-0.16598290510822453,-0.10977361938621372,0.6317542188147464,1.4094497651939568,1.1058878606548534,-0.011991846822490236,-0.09336567776159158,-1.2477948708235926,1
sample_06377.html,-0.0920756939081724,0.10500114411816354,-0.1012729489407988,0.06796597498649341,-0.44135800969621425,-0.23909474323570218,-0.44887348689285445,0.5589056761838114,0.18509330532606216,-0.25276756065126943,-0.02613359816672435,0.1046003111727655,-0.09666457637916374,0
sample_08579.html,-0.3821943891206929,-0.2882533021587783,-0.5789898120788778,-0.37376441227407625,1.031966743611022,-0.31829923454046966,-0.44887348689285445,-1.9925510562714843,-0.6891411909468341,-0.2694943572651209,-0.02613359816672435,-0.10204839657450197,0.2525298347575043,1
sample_00593.html,-0.30268037635874284,-0.3319482406339941,-0.4993703348891979,-0.36660674396198367,0.1450017406474816,-0.2695580091221512,-0.10977361938621372,0.343253371727165,-2.6719867194928058,-0.25871683934073486,-0.02613359816672435,-0.0910502860781488,3.551320391951708,1
sample_00218.html,-0.4520377787088923,-0.4805110314497277,-0.5789898120788778,-0.4893096293121419,-1.120503254919361,-0.3365771940723391,-0.44887348689285445,-1.9925510562714843,-1.2690065589985096,-0.2694943572651209,-0.027419211925291086,-0.10364022835686888,-0.3017502081303335,0
sample_01812.html,-0.30805294478860434,-0.24455836368356254,-0.4197508576995181,-0.3911473210320153,-0.5126020616096323,-0.30002127500860026,0.9075259831337085,-0.06768519856936948,0.6445481394446103,-0.253144940269631,-0.02613359816672435,-0.06760694528329073,0.1516125345166217,1
sample_08488.html,-0.4488142376509754,-0.4805110314497277,-0.5789898120788778,-0.4565888598854331,-0.14402521628176326,-0.32439188771775945,-0.10977361938621372,-1.9925510562714843,-0.7189365521112614,-0.2694943572651209,-0.008135005546790024,-0.10364022835686888,-0.3600862828815091,1
sample_01738.html,-0.4445161829070862,-0.4805110314497277,-0.4993703348891979,-0.42489061450330884,0.4560926039525392,-0.25128004959028183,-0.10977361938621372,0.44120930110713596,-0.0662251183165097,-0.26644202211660784,-0.02613359816672435,-0.10118012469321093,-0.10275344946273356,1
sample_03563.html,-0.3827316459636791,-0.39312115449929613,-0.4993703348891979,-0.3983049893441079,0.413983891747841,-0.2817433154767308,-0.10977361938621372,0.2579016500313576,-0.4555150313040648,-0.13368209225710082,-0.0107062330639235,-0.09770703716804677,1.3287569199870384,1
sample_09110.html,-0.0910011802222001,-0.2008634252083468,-0.1012729489407988,0.013772200623506859,1.0105026730241586,0.3397073086068294,0.5684261156270678,0.5634610959021575,-0.20103898015252655,-0.13451454729760437,-0.02613359816672435,-0.08178871934437772,-0.035810955956283,0
sample_05182.html,-0.017934249576083826,0.5769064796504938,-0.34013138050983827,-0.13142621370751373,0.18217182282284552,-0.29392862183131047,-0.44887348689285445,0.4644973429379864,-0.16003410879842017,-0.25768459509051045,-0.02613359816672435,-0.058779514490165156,-0.08814148129574398,0
sample_07347.html,-0.2806528457963107,-0.3756431791092098,-0.18089242613047862,-0.11813340112791325,-1.4471476136891708,-0.09896372015803664,-0.10977361938621372,0.5549266778093871,0.28171374215087985,-0.19295289114095396,-0.005563778029656549,-0.07788149587856803,-0.6703294002127472,1
sample_08572.html,-0.2408958394153357,-0.4368160929745119,-0.4197508576995181,-0.2612867673697645,0.006051606345979112,-0.2878359686540206,0.5684261156270678,0.34635009780583204,-7.851757030852685e-05,-0.2530894432669308,-0.02613359816672435,-0.002341842206247569,-0.7872033074716241,1
sample_04089.html,-0.42302590918764027,-0.4805110314497277,-0.4993703348891979,-0.31752558982192036,-0.08459615558708086,-0.11724167968990606,1.58572571814699,0.3207901736909269,0.17720823646568512,-0.26680830233442937,-0.01970552937389066,-0.10175897261407163,-0.5310081270464959,1
sample_05225.html,-0.231225216241585,-0.26203633907364887,-0.18089242613047862,-0.15596679077754538,-0.3661863829608814,-0.08068576062616724,-0.10977361938621372,0.4946483314785682,-0.5316947417199778,-0.2523679822318277,-0.02613359816672435,-0.06196317805489897,0.3160420683109344,0
sample_08785.html,-0.31127648584652123,-0.270775326768692,-0.021653471751118984,-0.2612867673697645,1.3166146818679432,-0.30002127500860026,-0.10977361938621372,0.5128188548997996,1.5071481288230373,-0.2501592015243583,-0.02613359816672435,-0.09886473300976815,-0.3852927301114706,1
sample_02674.html,-0.4520377787088923,-0.4805110314497277,-0.5789898120788778,-0.48828710526755725,-0.4857802989613899,-0.3365771940723391,-0.44887348689285445,-1.9925510562714843,-2.374105694263592,-0.2694943572651209,-0.027419211925291086,-0.10364022835686888,-0.06926926283400898,0
sample_03570.html,-0.4300102481464602,-0.44555508066955507,-0.34013138050983827,0.6456920601768218,0.7198571762792831,-0.2695580091221512,-0.10977361938621372,0.5102688240697368,-1.2745440954369878,-0.21164428165039378,-0.01970552937389066,-0.1019036845942868,1.3389172841537877,0
sample_05868.html,-0.4455906965930585,-0.4805110314497277,-0.5789898120788778,-0.4310257587708167,-0.21863447009113557,-0.31829923454046966,-0.10977361938621372,-1.9925510562714843,-0.1045060188676415,-0.2694943572651209,-0.006849391788223287,-0.10364022835686888,-0.32096800275326254,1
sample_07232.html,-0.4520377787088923,-0.4805110314497277,-0.4993703348891979,-0.49237720144589586,-2.256016803315404,-0.3365771940723391,-0.44887348689285445,0.14488012731105293,-0.8249238682071289,-0.2686175046224571,-0.027419211925291086,-0.10364022835686888,-0.5127824069287255,1
sample_06721.html,0.12390155697225953,-0.13095152364800158,-0.18089242613047862,0.21418691336209864,0.6520643769925349,0.8697681350310427,-0.10977361938621372,0.600970023270961,-0.3580224605135143,-0.21177747445687437,-0.017134301856757187,-0.06905406508544246,0.39894264209072566,0
sample_06954.html,-0.44612795343604467,-0.4805110314497277,-0.4993703348891979,-0.4044401336116158,1.0374716769572125,-0.29392862183131047,-0.10977361938621372,0.39130242604136317,-0.19950722859904044,-0.25523162757115997,-0.02613359816672435,-0.10320609241622336,-0.7957113310224726,1
sample_06815.html,1.1978779861015716,0.5157335657851917,0.6949218229559994,1.823639759538341,1.650226872742541,2.898621643068548,-0.10977361938621372,0.6054609140958663,-0.373209625391003,0.06186714645745439,-0.02613359816672435,0.1360028108794581,0.8561657439882803,0
sample_07737.html,-0.4520377787088923,-0.4805110314497277,-0.4993703348891979,-0.48828710526755725,-2.256016803315404,-0.3365771940723391,-0.44887348689285445,0.6941804211912455,1.4770022062778503,-0.23277754027864406,-0.027419211925291086,-0.10364022835686888,-1.3372541688035728,0
sample_00801.html,-0.436457330262294,-0.4805110314497277,-0.5789898120788778,-0.41466537405746234,0.42914483866489467,-0.23300209005841238,-0.10977361938621372,-1.9925510562714843,-1.0894847444027822,-0.26943886026242064,-0.02613359816672435,-0.10320609241622336,0.25224883411605653,1
sample_05193.html,1.0538931521812835,0.03508924255781832,0.3764439141972801,0.2826960243492703,0.2851532058906813,1.6922763139651664,-0.10977361938621372,0.40845054346713827,1.073946702502307,-0.24806141482228933,-0.02613359816672435,0.10315319137061377,0.35715514921602964,0
sample_03445.html,-0.33115498903700874,-0.34942621602408036,-0.4993703348891979,-0.4003500374332772,0.4618700726624893,-0.2817433154767308,-0.10977361938621372,0.3316516123233787,0.10220703556200413,-0.26031515301850167,-0.004278164271089811,-0.09582578142524951,-0.3915459689486119,1
sample_03298.html,-0.3827316459636791,-0.4542940683645982,-0.1012729489407988,-0.3574040275607218,1.01490992510535,-0.23909474323570218,-0.10977361938621372,0.5854680043958541,2.045157849286056,-0.1500204098520506,-0.013277460581056975,-0.05950307439124102,-0.7894554194654548,0
sample_05318.html,0.11423093379850885,-0.2969922898538215,-0.021653471751118984,0.17839857180163582,0.08679145843867209,0.8697681350310427,0.9075259831337085,0.19062183428000595,-0.3319010282499059,-0.17928952907615558,-0.02613359816672435,-0.030560678348206364,0.552282617837346,0
sample_04654.html,-0.13774252556199507,-0.3406872283290372,-0.34013138050983827,-0.1938001804271775,0.3698582773504456,0.2483175109474823,-0.10977361938621372,0.4150039137525174,-0.1883846119807326,-0.23649583945955993,-0.02613359816672435,-0.08439353498825083,-0.4419827614355272,0
sample_02169.html,-0.10120906023893694,-0.42807710527946874,0.05796600543856084,0.2878086445721936,-2.2132892210866495,0.4189117999115969,0.5684261156270678,-0.17896148088971373,1.7549257295600542,-0.17016582183223664,-0.013277460581056975,0.010537524032902855,0.138861496454816,1
sample_00612.html,1.793695824973211,1.5294561384101975,0.5356828685766397,1.7224098791244604,-0.490620069667183,0.2483175109474823,0.5684261156270678,0.5593576207174188,0.20432495084769556,0.1790102197571147,-0.02613359816672435,0.3741987303136334,-0.331485103316397,0
sample_05103.html,-0.34780995116957936,-0.3669041914141667,-0.26051190332015844,-0.21322813727428588,1.1500157798027755,0.010704037033179861,-0.44887348689285445,0.5789212475160731,-0.30700641403927276,-0.25567560359276187,-0.02613359816672435,-0.08005217558179563,0.42993697503319644,0
sample_07068.html,1.3483099021376934,2.0450564124177433,0.5356828685766397,0.3563177555593653,-0.04994969928239479,-0.007573922498689558,0.5684261156270678,0.7903657436507767,0.25562231989440604,-0.16850091175122953,-0.02613359816672435,0.15959086365453135,-0.18571895077903527,0
sample_00412.html,-0.3075156879456182,-0.09599557286782896,-0.021653471751118984,-0.33593102262444413,0.7327725982198234,-0.31220658136317986,-0.10977361938621372,0.512825015791337,-0.173519540951062,-0.2595048967790782,-0.013277460581056975,-0.09857530904933781,0.11378709462440845,0
sample_00163.html,0.31570224991831475,0.6992523073810979,0.6153023457663196,0.08841645587818646,0.017827947711563607,-0.14161229239906528,0.5684261156270678,0.6178936194366594,1.2259486324073636,1.275786384721359,-0.02613359816672435,-0.0693434890458728,-0.9876258383355512,0
sample_02438.html,-0.4520377787088923,-0.4805110314497277,-0.4993703348891979,-0.49237720144589586,-2.256016803315404,-0.3365771940723391,-0.44887348689285445,0.7697390010992521,1.3592723457167761,2.1264777403122124,-0.027419211925291086,-0.10364022835686888,-1.5522331665246654,1
sample_05422.html,0.20395282657719577,0.10500114411816354,-0.1012729489407988,0.10784441272529484,0.6586534926186615,0.601691395230291,-0.44887348689285445,0.5577050655873773,-0.2922315249608548,-0.2144746287881059,-0.02613359816672435,-0.07093532082823971,0.1544493854687841,0
sample_01502.html,-0.4520377787088923,-0.4805110314497277,-0.5789898120788778,-0.4903321533567266,-0.8904318828435148,-0.3365771940723391,-0.44887348689285445,-1.9925510562714843,-0.5840803610752018,-0.2694943572651209,-0.027419211925291086,-0.10364022835686888,0.08441973101549954,0
sample_01420.html,0.8115903159945304,0.6817743319910116,0.13758548262824066,0.9146158839025853,-0.9004312454310517,0.14474240693355558,-0.10977361938621372,0.3751112122297379,-0.10397309532064558,-0.17363993420127147,-0.02613359816672435,0.30719708347400815,0.29784400106564146,0
sample_03133.html,-0.4520377787088923,-0.4805110314497277,-0.4993703348891979,-0.49237720144589586,-2.256016803315404,-0.3365771940723391,-0.44887348689285445,0.7697390010992521,1.3592723457167761,2.1264777403122124,-0.027419211925291086,-0.10364022835686888,-1.5522331665246654,1
sample_03308.html,-0.33330401640895335,-0.2358193759885194,-0.18089242613047862,-0.39932751338869255,0.049691590365068726,-0.3304845408950493,-0.10977361938621372,0.7119861556463916,0.3540487879955555,-0.2359963664352578,-0.02613359816672435,-0.09872002102955299,-0.5590179836360195,0
sample_00143.html,-0.40637094705506965,-0.42807710527946874,-0.4993703348891979,-0.4576113839300177,-1.08925059122776,-0.32439188771775945,-0.10977361938621372,0.5788950284047242,0.4392964029220513,-0.2152293880248291,-0.01584868809819045,-0.09886473300976815,-0.5764669592070668,1
sample_06250.html,0.2823923256531735,0.5681674919554506,0.45606339138695995,0.17737604775705118,0.13736687457596883,-0.2878359686540206,0.22932624812042704,0.6447346870848507,0.9366747161921829,-0.08298003059016426,-0.02613359816672435,-0.06326558587683553,-0.33897126131370825,0
sample_03111.html,-0.3676884543600669,-0.42807710527946874,-0.4993703348891979,-0.3983049893441079,-0.28957451928934086,-0.31220658136317986,0.22932624812042704,0.12876072146024342,0.3596623305581623,-0.26758526037223274,-0.00042132299538959916,-0.06210789003511414,0.48098292601175374,1
sample_03432.html,-0.43592007341930783,-0.4542940683645982,-0.5789898120788778,-0.4320482828154014,-0.21992354140770823,-0.3365771940723391,-0.10977361938621372,-1.9925510562714843,0.06241465707898919,-0.2694943572651209,0.01629165586597799,-0.1019036845942868,-0.3890098446143509,1
sample_07299.html,-0.42732396393152944,-0.4717720437546845,-0.5789898120788778,-0.37376441227407625,0.49319822529478774,-0.275650662299441,-0.44887348689285445,-1.9925510562714843,-0.7625886156195772,-0.2694166614613405,-0.014563074339623712,-0.10262724449536266,0.35446911789084556,1
sample_07524.html,0.565526681906874,1.3459373968142911,2.207691889559916,1.0608368222781905,0.6333821086927851,-0.03194453520784878,0.22932624812042704,0.5967849814557703,0.6162838603123173,0.08757335810820419,-0.004278164271089811,0.028915945520229865,-0.6657963369257363,0
sample_01324.html,-0.41872785444375105,-0.44555508066955507,-0.4993703348891979,-0.41466537405746234,-1.396574208167864,-0.30002127500860026,-0.10977361938621372,0.4123839510499752,0.46263417140384605,-0.25710742626242794,-0.014563074339623712,-0.10045656479213506,-0.4970730851687619,1
sample_03877.html,0.8239472233832118,1.6605409538358447,-0.1012729489407988,0.4708404485528463,0.3957327612882186,-0.2817433154767308,0.9075259831337085,0.28539762108114775,0.26201806167937497,1.3384203019688468,-0.02613359816672435,-0.07455312033361905,-0.9844262667020119,1
sample_01450.html,-0.30590391741665973,-0.22708038829347624,-0.4993703348891979,0.49129092944453934,1.6043540754426082,-0.19644617099467354,-0.44887348689285445,0.3541092437569315,0.027928402703815598,-0.24828340283309028,-0.011991846822490236,-0.09191855795943984,0.21448476247973838,0
sample_03629.html,-0.35640606065735775,-0.2969922898538215,-0.4993703348891979,-0.2592417192805952,0.6523581510017035,-0.31220658136317986,6.33312386323996,-0.41650874953288364,0.28109462802993496,-0.2629457109464929,-0.011991846822490236,-0.095391645484604,0.09143086194599193,1
sample_07441.html,-0.3666139406740946,-0.2969922898538215,-0.4993703348891979,-0.2592417192805952,0.7807143314852952,-0.31220658136317986,6.33312386323996,-0.4093980683686245,0.015752737149698735,-0.262745921736772,-0.011991846822490236,-0.09336567776159158,0.09496014291101992,1
sample_00435.html,-0.017396992733097676,-0.39312115449929613,-0.4197508576995181,0.1702183794449586,0.030267647008012478,0.601691395230291,-0.10977361938621372,0.5102547951628037,-1.408111622672571,-0.2637559671859164,-0.02613359816672435,-0.07788149587856803,1.1592585273152662,0
sample_07442.html,-0.38917872807951287,-0.4193381175844256,-0.4993703348891979,-0.42182304236955487,-1.4293148730375722,-0.245187396412992,-0.44887348689285445,0.3052920414843328,-0.1304607377391164,-0.26869520042623746,-0.02613359816672435,-0.10074598875256541,-0.9893032503676589,1
sample_07718.html,0.22329407292469713,0.8740320612819609,-0.021653471751118984,0.04649297005021572,0.9398912747552564,-0.31829923454046966,0.22932624812042704,0.35371609643384266,-0.08123970633985383,-0.11485750894118041,-0.01584868809819045,-0.0764343760764163,-0.39119968875388966,0
sample_03664.html,-0.4520377787088923,-0.4805110314497277,-0.5789898120788778,-0.486242057178388,-1.0200836873138628,-0.3365771940723391,-0.44887348689285445,-1.9925510562714843,0.19333343166059386,-0.2694943572651209,-0.027419211925291086,-0.10364022835686888,0.25538278721721513,1
sample_01719.html,-0.353719776442427,-0.3581652037191235,-0.4197508576995181,-0.3318409264461055,0.9594222107408967,-0.30002127500860026,-0.10977361938621372,0.5665654545141185,0.37854217093436965,-0.2000565074865843,-0.02613359816672435,-0.07889447974007424,-0.18586821892471958,1
sample_05294.html,-0.4520377787088923,-0.4805110314497277,-0.5789898120788778,-0.4893096293121419,-1.120503254919361,-0.3365771940723391,-0.44887348689285445,-1.9925510562714843,-1.2690065589985096,-0.2694943572651209,-0.027419211925291086,-0.10364022835686888,-0.3017502081303335,0
sample_05469.html,0.4210045911436,0.4807776150050191,0.6949218229559994,0.19475895651499026,1.1907902787282894,0.2848734300112211,-0.10977361938621372,0.7869815089766844,1.1522313623032072,0.10019337652223809,-0.02613359816672435,0.10966523048029657,-0.264093149590336,0
sample_00054.html,-0.3381393279958287,-0.2358193759885194,0.13758548262824066,-0.0169035207140327,0.36481495599998515,-0.20863147734925316,1.2466258506403491,0.4420352674473575,-0.05818969556076646,-0.156202775952857,-0.02613359816672435,-0.09351038974180675,0.50464622301101,1
sample_03483.html,2.3099996510829004,2.359659969439297,0.854160777335359,2.464762335492918,0.6527969255489483,1.0891036494134756,2.942125188173553,0.6306817813693367,1.6641050446367789,-0.0006557767846326481,-0.02613359816672435,0.060897293147783166,-0.5326724362323801,0
sample_00439.html,0.6031346609159045,0.9788999136224787,0.13758548262824066,0.10170926845778692,-0.1055735420390654,-0.31829923454046966,0.9075259831337085,0.641257516121774,0.0053122340366326196,-0.20330863184481818,-0.02613359816672435,-0.039098685180901586,-0.34967607807577405,0
sample_06249.html,-0.04587160541136358,-0.1833854498182605,-0.5789898120788778,-0.0015656600452629206,1.1211233612644729,-0.32439188771775945,0.5684261156270678,-1.9925510562714843,-0.4278031175888427,-0.2694943572651209,-0.02613359816672435,-0.04242706072585057,0.9316244095817876,1
sample_00802.html,0.19105866234552818,0.5419505288703211,0.45606339138695995,0.007637056355998947,0.07944592121929048,-0.2573727027675716,0.5684261156270678,0.6491532931583747,-0.040296384598802096,-0.14232852527779774,-0.02613359816672435,-0.043440044587356785,-0.20762122524585414,0
sample_07286.html,2.6715735064125785,1.2410695444737734,-0.18089242613047862,5.532334469246874,1.1229458453694683,3.9709286022715538,-0.10977361938621372,0.6136132598073057,-0.7188814633792686,-0.20709352742897436,-0.01970552937389066,0.3632006198172802,1.4069206518863133,0
sample_02315.html,-0.33115498903700874,-0.34942621602408036,-0.4993703348891979,-0.4003500374332772,0.4618700726624893,-0.2817433154767308,-0.10977361938621372,0.3316516123233787,0.10430019879608442,-0.26031515301850167,-0.004278164271089811,-0.09582578142524951,-0.3918705153675585,1
sample_06278.html,0.6907075263226469,0.32347583649424233,0.21720495981792048,0.4565251119286612,0.4423311426614681,1.3449950828596475,-0.10977361938621372,0.5135018423338908,-0.33375562042502993,-0.242600509756586,-0.02613359816672435,0.06379153275208663,0.7404841175097934,0
sample_06827.html,0.13733297804691327,0.08752316872807724,0.854160777335359,0.38494842880773555,0.9045802916977606,0.6504326206486095,0.5684261156270678,0.5777621482872612,0.32312117866935114,-0.1393205877314449,-0.02613359816672435,-0.061384330134038274,0.19746185756996834,0
sample_08921.html,-0.2666841678786709,-0.17464646212321733,-0.18089242613047862,-0.22754347389847102,0.7114896465859837,-0.20863147734925316,0.9075259831337085,0.795929862849637,0.17072834099673076,-0.20820346748297908,-0.02613359816672435,-0.1024825325151475,0.6017739324085581,0
sample_01551.html,-0.4455906965930585,-0.4717720437546845,-0.4993703348891979,-0.47703934077712606,-1.4081666871796918,-0.31829923454046966,-0.10977361938621372,0.2173557760218134,-2.3901173566625,-0.2684621130148965,-0.017134301856757187,-0.1034955163766537,0.4738053824153941,1
sample_08671.html,-0.3800453617487483,-0.38438216680425297,-0.5789898120788778,-0.3870572248536767,0.2673466395833824,-0.30611392818589006,-0.10977361938621372,-1.9925510562714843,0.6645229536687737,-0.2694943572651209,-0.002992550512523074,-0.06876464112501211,-0.453523696238547,1
sample_06966.html,0.4591498269956166,0.9963778890125651,-0.021653471751118984,-0.10586311259289742,0.35115577571328144,-0.3304845408950493,-0.10977361938621372,0.7085050625711041,-0.04205107388763599,-0.21384196295732316,-0.02613359816672435,-0.0780262078587832,0.07917564601540977,0
sample_00431.html,-0.43054750498944633,-0.4717720437546845,-0.34013138050983827,-0.42693566259247817,-0.1140472286229774,-0.30611392818589006,-0.44887348689285445,0.5200381506057532,-1.2736479205044984,-0.2439102390203116,0.006006745797444088,-0.08931374231556673,-1.4092028491657946,1
sample_08005.html,-0.3999238649392358,-0.42807710527946874,-0.26051190332015844,-0.21629570940803983,-1.5640655754334933,-0.19644617099467354,1.58572571814699,0.5507397200923917,0.2115788155765273,-0.13240566119499536,-0.02613359816672435,-0.10306138043600818,-0.731857967149204,1
sample_03921.html,-0.40153563546819426,-0.4542940683645982,-0.4993703348891979,-0.4115978019237084,0.47736570841288734,-0.2878359686540206,-0.10977361938621372,0.4398224906854399,0.5064886801439236,-0.25202390081508624,-0.005563778029656549,-0.09944358093062886,-0.6278126329038648,1
sample_05379.html,-0.4520377787088923,-0.4805110314497277,-0.4993703348891979,-0.49237720144589586,-2.256016803315404,-0.3365771940723391,-0.44887348689285445,0.9232318825524037,2.171201171945623,3.1649154560379675,-0.027419211925291086,-0.10364022835686888,-1.5523844033566976,1
sample_00422.html,-0.4482769808079893,-0.4717720437546845,-0.021653471751118984,-0.4340933309045707,-0.5467328554736843,-0.3304845408950493,0.22932624812042704,0.2945368650002032,-0.621247445902438,-0.1582894632543859,-0.01584868809819045,-0.10364022835686888,0.9894868392578854,1
sample_05762.html,-0.3821943891206929,-0.2882533021587783,-0.5789898120788778,-0.37376441227407625,1.0298242566479083,-0.31829923454046966,-0.44887348689285445,-1.9925510562714843,-0.2285732750027962,-0.2694943572651209,-0.02613359816672435,-0.10204839657450197,0.2305492430794769,1
sample_05355.html,-0.40959448811298654,-0.4805110314497277,-0.4197508576995181,-0.34002111880278274,0.5714484442503874,-0.11724167968990606,-0.10977361938621372,0.20856731838053558,0.46978129640333577,-0.2648215096377609,-0.02613359816672435,-0.10074598875256541,0.29978616881741127,1
sample_07694.html,-0.3698374817320115,-0.42807710527946874,-0.34013138050983827,-0.3860347008090921,0.5978297003147192,-0.25128004959028183,-0.10977361938621372,0.1859601436737958,-0.2913727299205556,-0.21742706933175848,-0.013277460581056975,-0.09307625380116123,0.7495150032944198,1
sample_08120.html,-0.02545584537788991,0.04382823025286147,-0.18089242613047862,-0.21425066131887052,-0.3515077113581023,-0.1598902519309347,-0.10977361938621372,0.43228114868537654,0.0658430544738544,-0.2000121098844241,-0.02613359816672435,-0.04155878884455953,-0.2149762113666933,0
sample_05430.html,-0.4058336902120835,-0.4368160929745119,-0.4197508576995181,-0.42284556641413956,0.8214566484428293,-0.31220658136317986,-0.10977361938621372,0.684568303477758,0.894778377155718,-0.17705854956760608,-0.009420619305356762,-0.09683876528675574,-0.7871331257589664,1
sample_00763.html,-0.4520377787088923,-0.4805110314497277,-0.4993703348891979,-0.4872645812229726,-1.3384300946045464,-0.3365771940723391,-0.44887348689285445,0.3788047407496596,0.24190999725534557,-0.26324539476107417,-0.027419211925291086,-0.10364022835686888,0.035101400089753085,1
sample_08590.html,-0.4224886523446541,-0.46303305605964135,-0.5789898120788778,-0.37580946036324553,0.11291997643945605,-0.20863147734925316,-0.10977361938621372,-1.9925510562714843,0.2170646932924091,-0.2694610590635007,-0.018419915615323922,-0.09741761320761642,-0.7624059167593366,1
sample_01341.html,0.07662295478947842,0.4720386273099759,0.45606339138695995,0.3532501834256113,0.25584880486880424,0.0472599560969187,0.9075259831337085,0.6573348804060837,-0.2082942869273511,-0.20814797048027886,-0.02613359816672435,-0.02824528666476359,0.3823091198728074,0
sample_05439.html,0.39951431742415405,0.5681674919554506,2.685408752697995,0.14567780237492697,0.054451099945225116,-0.3304845408950493,-0.10977361938621372,0.6544700668123233,0.46552109597904984,-0.11830942250913515,-0.0209911431324574,0.02037793868753464,-0.6200916145365337,0
sample_03865.html,0.18729786444462512,-0.3319482406339941,-0.34013138050983827,0.29905640906262476,1.0761430109967844,0.8088416032581446,0.22932624812042704,0.4377800131232856,-0.6525161660579877,-0.25480985035063813,-0.02613359816672435,-0.0872877745925543,0.11863755969381838,1
sample_08335.html,-0.4488142376509754,-0.4805110314497277,-0.4993703348891979,-0.4852195331338033,-1.3384300946045464,-0.31829923454046966,-0.44887348689285445,-0.07134170978834635,-3.039051443683039,0.60635933935002,-0.017134301856757187,-0.10364022835686888,4.626342628098604,1
sample_07848.html,2.808574001374047,-0.4805110314497277,-0.4993703348891979,3.3001644799185783,1.6425691631664705,6.676066612988228,0.22932624812042704,0.6352980278140516,-1.1085684231301818,-0.24232302474308481,-0.02613359816672435,0.07146126770349082,0.4583138156182414,1
sample_00650.html,0.07984649584739531,0.07878418103303408,-0.021653471751118984,-0.3124129695989971,0.293450394304703,-0.31829923454046966,0.22932624812042704,0.712617022880006,0.21000668158508912,-0.20063367631466675,-0.02613359816672435,-0.06543626558006313,-0.7385112404447289,1
sample_06497.html,-0.4520377787088923,-0.4805110314497277,-0.5789898120788778,-0.4933997254904805,-1.9629810475231189,-0.3365771940723391,-0.44887348689285445,-1.9925510562714843,-1.182288340418769,-0.2694943572651209,-0.027419211925291086,-0.10364022835686888,-1.165338450936633,0
sample_02825.html,2.189654118254003,0.6730353442959685,3.8000814333535122,3.8052913579433967,2.0836684003642887,5.34177556716176,-0.10977361938621372,0.1984855692426758,-0.5187907296360701,-0.11817622970265458,-0.02613359816672435,0.39387955962289695,1.271484248767577,0
sample_08026.html,-0.43054750498944633,-0.4717720437546845,-0.4993703348891979,-0.44840866752875586,-0.4802532427832406,-0.30002127500860026,-0.10977361938621372,0.15641832936714456,1.0097295232428287,-0.25876123694289505,-0.011991846822490236,-0.10364022835686888,0.526540205527383,1
sample_07825.html,-0.4498887513369477,-0.4717720437546845,-0.34013138050983827,-0.46272400415294096,-0.6158305687620326,-0.3365771940723391,-0.10977361938621372,0.7938037920543615,2.123838803926332,-0.23868242136594928,0.01500604210741125,-0.10364022835686888,-0.4352718095413031,0
sample_09031.html,2.283136808933593,1.3808933475944638,6.268285226233587,2.3451270222765137,0.7494489621540971,1.2840685510867493,-0.10977361938621372,0.5367815485838513,0.9879240110306181,1.8706254584635797,-0.009420619305356762,0.7420565840206039,-0.7918407111350794,0
sample_01848.html,0.6563230883715333,0.2360859595438108,0.21720495981792048,1.3144227853351842,1.3757956071139945,1.3084391637959087,-0.10977361938621372,0.600852086551198,0.7333131903807599,1.8346745001143663,-0.02613359816672435,0.15785431989194929,-0.24810619090467165,0
sample_09857.html,2.925158736302041,7.585574611075102,1.650355549232157,1.847157812563788,-0.23370811872658862,-0.2208167837038328,0.5684261156270678,0.11485069803036817,0.1647213336100069,0.08194596203440015,-0.02613359816672435,1.437687072914942,0.17674093832619095,0
sample_03060.html,1.6378913405072277,1.0925067536580397,5.551709931526468,1.9637255536464382,0.5222051823277077,1.5338673313556315,0.22932624812042704,0.5427586140525346,0.6603696629292529,0.2249173403907508,-0.02613359816672435,0.47101104507758434,-0.4913167636261102,0
sample_03158.html,-0.4477397239650031,-0.4805110314497277,-0.4993703348891979,-0.4749942926879568,-1.472289803425565,-0.31220658136317986,-0.10977361938621372,0.3391934432522604,0.19293084074541011,-0.2680514351949147,-0.009420619305356762,-0.10364022835686888,-0.7620769896873242,1
sample_00653.html,-0.3241706500781888,-0.2358193759885194,-0.4197508576995181,-0.3676292680065683,-0.29404080596290366,-0.31220658136317986,-0.44887348689285445,0.4694601437800602,0.14866631970345326,-0.2595048967790782,-0.01584868809819045,-0.08974787825621224,-1.0559353172387052,0
sample_08345.html,-0.10658162866879843,0.04382823025286147,-0.1012729489407988,-0.1426739781979449,1.2177145767359334,-0.1294269860444857,-0.44887348689285445,0.5149112556386929,0.5933152272786811,0.9325596218214732,-0.02613359816672435,-0.053569883202418914,-0.7573403042587029,0
sample_02207.html,-0.4445161829070862,-0.4717720437546845,-0.5789898120788778,-0.43920595112749394,-0.7665883603787662,-0.31220658136317986,-0.10977361938621372,-1.9925510562714843,-0.2177991880254471,-0.2694943572651209,-0.02613359816672435,-0.10219310855471715,-0.4160892426701114,1
sample_03763.html,-0.4138925428568757,-0.4805110314497277,-0.4993703348891979,-0.35433645542696784,0.23871009009798522,-0.1477049455763551,-0.10977361938621372,-0.17639336988949897,0.24410486850828939,-0.25027019552975877,-0.02613359816672435,-0.09625991736589504,0.5375414073672584,1
sample_08676.html,-0.4520377787088923,-0.4805110314497277,-0.34013138050983827,-0.48828710526755725,-2.256016803315404,-0.3365771940723391,-0.44887348689285445,-0.3364798623633599,-3.821960616187772,-0.1786346644442928,-0.027419211925291086,-0.10364022835686888,-1.4964707384872842,1
sample_05018.html,-0.4520377787088923,-0.4805110314497277,-0.4993703348891979,-0.49237720144589586,-2.256016803315404,-0.3365771940723391,-0.44887348689285445,0.7697390010992521,1.3592723457167761,2.1264777403122124,-0.027419211925291086,-0.10364022835686888,-1.5522331665246654,1
sample_09153.html,-0.4520377787088923,-0.4805110314497277,-0.4993703348891979,-0.49237720144589586,-2.256016803315404,-0.3365771940723391,-0.44887348689285445,0.7953582453406016,1.4777019256196078,-0.267185681952791,-0.027419211925291086,-0.10364022835686888,-1.0168014571092276,1
sample_09348.html,-0.20758591515019445,0.10500114411816354,-0.1012729489407988,0.12829489361698787,0.5685405303145711,-0.31220658136317986,-0.44887348689285445,0.11503555730700304,-1.0239007141241308,-0.029447621785515618,-0.02613359816672435,-0.09351038974180675,1.8675198031551996,0
sample_01882.html,-0.43054750498944633,-0.4717720437546845,-0.18089242613047862,-0.36558421991739903,0.7824249478235384,-0.2817433154767308,-0.10977361938621372,0.284602498041021,-0.04877344166497287,-0.2641555456053581,-0.02613359816672435,-0.10262724449536266,-0.3080438376317539,1
sample_02404.html,-0.4477397239650031,-0.4805110314497277,-0.5789898120788778,-0.47703934077712606,-0.6675388337759316,-0.31220658136317986,-0.10977361938621372,-1.9925510562714843,0.40344318422409303,-0.2694943572651209,-0.011991846822490236,-0.1034955163766537,-0.8255428613291416,1
sample_00117.html,-0.3042921468877013,-0.46303305605964135,-0.34013138050983827,-0.16414698313422257,-0.029638492890947093,0.07772322198336773,-0.10977361938621372,0.018987433517669402,-0.7084761255877612,-0.2504477859383995,-0.011991846822490236,-0.10118012469321093,0.7220071617236379,1
sample_07575.html,-0.31396277006145196,-0.3406872283290372,-0.4993703348891979,-0.37376441227407625,0.05687775598690603,-0.2695580091221512,-0.10977361938621372,0.3316516123233787,-2.698765637176171,-0.26031515301850167,-0.02613359816672435,-0.09683876528675574,3.5716534930225863,1
sample_02245.html,0.7293900190176495,1.3721543598994208,1.0133997317147188,0.48924588135537,0.5252017026567327,-0.23909474323570218,-0.10977361938621372,0.6420325522958129,0.03613933790732902,0.008479029859826367,-0.02613359816672435,-0.0460448602312299,0.23597567276342904,0
sample_05414.html,0.14700360122066394,0.04382823025286147,5.233232022767749,0.12727236957240323,-0.4475425736394266,0.2787807768339313,-0.44887348689285445,0.5909033838300541,0.436220820104808,0.7743709653247176,-0.02613359816672435,-0.01854958399034698,-0.061105433452613434,0
sample_07484.html,-0.44344166922111394,-0.4805110314497277,-0.5789898120788778,-0.44738614348417116,0.6504347000600212,-0.31220658136317986,-0.10977361938621372,-1.9925510562714843,-0.9939917274607475,-0.2694832578645808,-0.002992550512523074,-0.10074598875256541,0.28401358834115287,1
sample_07089.html,2.334176209017277,3.8190709145115034,6.347904703423267,1.3011299727555838,0.8786535499124721,-0.275650662299441,0.5684261156270678,0.6453778493973841,0.5914183857310601,0.6839219503238712,-0.022276756891024138,0.13267443533450912,-0.4368979053517832,0
sample_05847.html,0.022897270490863507,-0.19212443751330363,0.21720495981792048,0.04547044600563107,1.3707911051867085,0.028981996565049278,0.22932624812042704,0.3481865343548711,-0.5321520634307361,1.654830913163978,-0.02613359816672435,0.0471496550273417,0.18097528279462194,0
sample_06871.html,-0.0012792874435132034,-0.09599557286782896,1.0930192089043984,0.3685880440943811,0.6249451461310465,0.32752200225224976,-0.10977361938621372,0.6882521811157281,1.027095521761757,0.02976768009563729,-0.02613359816672435,0.13904176246397673,-0.7583692362228402,0
sample_04003.html,-0.3999238649392358,-0.4542940683645982,-0.26051190332015844,-0.415687898102047,-0.32638593664129023,-0.32439188771775945,-0.10977361938621372,0.5053284309276664,1.149433388789997,-0.25998217100230026,-0.014563074339623712,0.008656268290105601,-0.8931072511190354,1
sample_01268.html,0.15774873808038692,-0.1484294990380879,-0.18089242613047862,0.1702183794449586,1.0688953822975993,0.351892614961409,-0.10977361938621372,0.7887725411776974,-0.4705981190871316,-0.2193250668241066,-0.02613359816672435,-0.024916911119814603,0.4203235406167711,0
sample_03508.html,1.660456127912646,0.59438445504058,-0.021653471751118984,1.15081893820164,0.6987012568171294,2.5757110246721884,0.22932624812042704,0.6988948952320596,0.13847536779954114,-0.22034621167379095,-0.02613359816672435,0.0633573968114411,0.10013605399777342,0
sample_08354.html,0.10509756746774432,0.7254692704662273,2.446550321128955,0.1835111920245591,0.10841434952050441,-0.31220658136317986,-0.44887348689285445,0.6345054440963884,0.5419124446699253,0.2019304818723126,-0.02613359816672435,0.3510448134792057,-0.837759994260899,1
sample_05810.html,-0.03673823908059905,0.5856454673455369,-0.26051190332015844,0.41664667418985973,-0.06169106077461635,-0.3304845408950493,-0.10977361938621372,0.6199287188832965,1.0086493715676097,-0.23087954278629594,-0.018419915615323922,0.01907553086559808,-0.8314585682400343,0
sample_03108.html,-0.3821943891206929,-0.2882533021587783,-0.5789898120788778,-0.37376441227407625,0.9995864574331776,-0.31829923454046966,-0.44887348689285445,-1.9925510562714843,-0.08397322039720032,-0.2694943572651209,-0.02613359816672435,-0.10204839657450197,0.2472276669913195,1
sample_04012.html,-0.24035858257234954,-0.08725658517278581,-0.4197508576995181,-0.11608835303874394,0.9270839839848848,-0.23300209005841238,-0.44887348689285445,0.3553769808328822,0.262884702994922,-0.11854250992047614,-0.02613359816672435,-0.07397427241275835,-0.08771645364710128,0
sample_08451.html,0.029881609449683443,0.37590976266450127,0.5356828685766397,-0.08541263170120439,-0.10217859877225154,-0.2634653559448614,0.5684261156270678,0.5675033486534897,0.06936003469397027,-0.05739591234535499,-0.02613359816672435,-0.0764343760764163,-0.24919517432125213,0
sample_06637.html,0.24532160348712923,0.4895166027000622,0.21720495981792048,0.1518129466424349,0.05528666834682129,-0.013666575675979363,0.22932624812042704,0.6565310411294624,0.7343768229041203,-0.10240398153524721,-0.0209911431324574,-0.05414873112327961,-0.6018973542873572,0
sample_09456.html,-0.41657882707180643,-0.4105991298893824,-0.4197508576995181,-0.46579157628669493,-1.3443500142461517,-0.3365771940723391,-0.44887348689285445,0.6082132565822869,0.5265294782725694,1.9781786496966391,0.006006745797444088,-0.09625991736589504,-1.5017854093674277,0
sample_02876.html,0.9813634783781535,0.30599786110415605,-0.18089242613047862,1.1027603081061614,1.0128524593406676,2.648822862799666,-0.10977361938621372,0.5967441818752863,-0.6149197403624089,-0.2090470219240227,-0.01970552937389066,-0.011024561019157967,0.8587210858303358,0
sample_09743.html,-0.155472001380538,0.2186079841537245,-0.18089242613047862,-0.368651792051153,-0.7397151513966914,-0.32439188771775945,-0.10977361938621372,0.3979837577866398,-0.09508407146526,0.48695198834018993,-0.01970552937389066,-0.0948127975637433,-1.382953115510311,0
sample_08495.html,-0.4520377787088923,-0.4805110314497277,-0.4993703348891979,-0.4893096293121419,-1.0838737862023344,-0.3365771940723391,-0.44887348689285445,0.4400541307879564,-0.04874739728431629,-0.25791768250185143,-0.027419211925291086,-0.10364022835686888,0.15612773621226292,1
sample_07870.html,4.466011361986316,0.9177269997571766,5.551709931526468,4.0496746045991285,1.6675190665525974,1.8080367243336728,-0.10977361938621372,0.5288790527816195,0.07392478235644777,1.2880068247159513,-0.017134301856757187,1.6078683616479859,0.5935988906413396,0
sample_03464.html,0.25606674034685223,0.008872279472688862,2.0484529351805563,-0.024061189026125265,-0.25787559574518404,-0.3365771940723391,-0.44887348689285445,0.7331170848000576,1.281975878833175,2.6241082641246978,-0.0017069367539563366,0.13397684315644567,-1.1516863281843894,0
sample_06237.html,-0.44666521027903083,-0.4805110314497277,-0.4197508576995181,-0.4678366243758642,-1.5106540643212891,-0.29392862183131047,-0.10977361938621372,0.37736588198594256,0.20308214410977832,-0.26721898015441115,-0.02613359816672435,-0.10320609241622336,-0.4544497350062705,1
sample_09553.html,-0.4488142376509754,-0.4805110314497277,-0.4993703348891979,-0.4852195331338033,-2.256016803315404,-0.31829923454046966,-0.44887348689285445,-0.0712527533896549,-3.051970185236725,0.6063038423473197,-0.017134301856757187,-0.10364022835686888,4.632880413820152,1
sample_05749.html,0.4575380564666581,0.9264659874522199,0.45606339138695995,0.2775834041263471,0.34312039735905037,-0.03194453520784878,0.5684261156270678,0.6329609213574423,0.5212871775753035,0.12607717858162862,-0.02613359816672435,-0.0671728093426452,-0.3041505322195558,0
sample_01024.html,-0.4498887513369477,-0.4805110314497277,-0.4993703348891979,-0.4719267205542028,-1.4247911990232913,-0.32439188771775945,-0.10977361938621372,0.20508512169531334,-0.02443554991037489,-0.2673743717619718,-0.009420619305356762,-0.1034955163766537,-0.6902129498004088,1
sample_04158.html,-0.4520377787088923,-0.4805110314497277,-0.5789898120788778,-0.4913546774013112,-2.256016803315404,-0.3365771940723391,-0.44887348689285445,-1.9925510562714843,-0.7213647155047941,-0.2694943572651209,-0.027419211925291086,-0.10364022835686888,-1.0797271916205047,1
sample_05326.html,0.11154464958357811,-0.19212443751330363,1.729975026421837,0.6456920601768218,0.7788779910869739,0.8088416032581446,-0.10977361938621372,0.5841093027686858,0.2808629041143622,2.9706315489849775,-0.02613359816672435,-0.06876464112501211,0.3198077220143023,0
sample_05370.html,0.07554844110350611,0.34095381188432866,-0.18089242613047862,-0.05780448249741878,-0.9256573359925098,0.12646444740168616,-0.44887348689285445,0.42845614589522735,-0.16587780962666362,-0.25818406811481254,-0.02613359816672435,-0.05501700300457065,-0.005557070720847786,0
sample_03881.html,-0.4214141386586818,-0.4805110314497277,-0.5789898120788778,-0.4565888598854331,-0.28562008578696146,-0.2817433154767308,-0.10977361938621372,-1.9925510562714843,-0.6722464092818357,-0.26943886026242064,-0.0017069367539563366,-0.10320609241622336,-0.6158825631244942,1
sample_03828.html,0.3726514752748466,0.3322148241892855,1.1726386860940783,0.39108357307524344,-0.12627269436329552,0.48593098486178476,0.5684261156270678,0.515583958574042,-0.21916846219690303,-0.12545743645692567,-0.02613359816672435,0.16552405484335345,-0.058317851809782904,0
sample_03353.html,-0.4455906965930585,-0.4717720437546845,-0.5789898120788778,-0.4760168167325414,-0.5084934647318502,-0.3304845408950493,-0.44887348689285445,-1.9925510562714843,1.5166539286247953,-0.2694943572651209,0.03557586224447905,-0.10320609241622336,0.4240872386714492,1
sample_04449.html,-0.40207289231118043,-0.4368160929745119,-0.4197508576995181,-0.39932751338869255,0.0469965897616309,-0.2878359686540206,-0.10977361938621372,0.3210019522133257,-0.19083315457423516,-0.24258941035604595,-0.006849391788223287,-0.10146954865364127,0.30536194487299523,1
sample_07185.html,-0.252715489961031,-0.08725658517278581,-0.34013138050983827,-0.20095784873927006,1.0833971075811408,-0.31220658136317986,0.5684261156270678,0.3921936471425364,-0.024097889691082352,-0.22434199586820802,-0.02613359816672435,-0.09799646112847712,0.4945249196674305,1
sample_00461.html,0.33235721205088536,-0.20960241290338993,0.3764439141972801,0.48822335731078537,1.3932674785318766,1.143937528009084,-0.10977361938621372,0.3750856985936357,1.1839800906430764,-0.24254501275388576,-0.02613359816672435,-0.04184821280498988,0.2232362773301586,0
sample_03094.html,-0.27742930473839383,-0.24455836368356254,-0.26051190332015844,-0.3747869363186609,-0.22925128558182062,-0.30611392818589006,-0.10977361938621372,0.17074590480544438,-0.41602546702896676,-0.1730405665721089,-0.02613359816672435,-0.09090557409793362,1.086838887635501,1
sample_03745.html,-0.4520377787088923,-0.4805110314497277,-0.4993703348891979,-0.49237720144589586,-2.256016803315404,-0.3365771940723391,-0.44887348689285445,0.7677592282939235,1.3843995928469734,-0.267185681952791,-0.027419211925291086,-0.10364022835686888,-1.0168014571092276,1
sample_03487.html,0.9620222320306522,0.008872279472688862,0.13758548262824066,1.3696390837427554,1.6930118241437966,3.922187376853235,-0.10977361938621372,0.5879640195158992,-1.8972751741671419,-0.20895822671970232,-0.02613359816672435,-0.038664549240256064,2.7309743187040714,0
sample_02453.html,-0.3096647153175628,-0.3406872283290372,-0.4993703348891979,-0.37376441227407625,0.06381297614258408,-0.2695580091221512,-0.10977361938621372,0.3316516123233787,-2.6901995569457076,-0.26031515301850167,-0.02613359816672435,-0.0910502860781488,3.566025188243186,1
sample_09036.html,-0.2666841678786709,-0.1833854498182605,-0.18089242613047862,-0.3594490756498911,0.662194181320439,-0.2878359686540206,-0.44887348689285445,0.7404338331960582,0.36833831529390554,-0.22766071662968218,-0.02613359816672435,-0.08873489439470603,-0.672849188361617,0
sample_05068.html,-0.3698374817320115,-0.4805110314497277,-0.34013138050983827,-0.2899174406181348,0.002097560432224372,-0.05631514791700801,-0.44887348689285445,0.39405987387686653,-0.6191981131412826,-0.26105881285468485,-0.02613359816672435,-0.10219310855471715,0.6312146719563188,0
sample_02658.html,1.1119168912237878,0.8041201597216157,0.6153023457663196,0.7152236952085781,1.1970375532997342,0.760100377839826,-0.10977361938621372,0.4482198873265021,-0.8539220380210362,-0.11543467776926288,-0.02613359816672435,0.0012759572991317635,0.44638811345427853,0
sample_03440.html,-0.4520377787088923,-0.4805110314497277,-0.4993703348891979,-0.49237720144589586,-2.256016803315404,-0.3365771940723391,-0.44887348689285445,-0.22337093839729882,-3.8777894628358465,0.008279240650105513,-0.027419211925291086,-0.10364022835686888,-1.5499972342643304,1
sample_07281.html,-0.42410042287361255,-0.4542940683645982,-0.4993703348891979,-0.46681410033127957,-0.3715857710797572,-0.29392862183131047,-0.44887348689285445,0.43827546600984807,0.2491183602829517,-0.26577605808420496,-0.014563074339623712,-0.10219310855471715,-0.24655845141837388,1
sample_04138.html,-0.3402883553677733,-0.3669041914141667,-0.4197508576995181,-0.36967431609573764,0.9054240781894113,-0.30611392818589006,-0.44887348689285445,0.4998023311638934,0.3784289831993751,-0.2649658018447815,-0.02613359816672435,-0.08699835063212395,-0.40555596237348085,0
sample_09637.html,0.07017587267364463,-0.3057312775488646,-0.34013138050983827,0.6395569159093139,1.2795125124868825,0.32142934907495996,1.2466258506403491,0.5444776770967351,-1.2120573687933425,-0.22400901385200658,-0.02613359816672435,-0.0503862196376851,1.374810947307604,0
sample_01828.html,0.8980886677153004,1.0662897905729103,2.446550321128955,0.4902684053999547,-0.16307044316015828,-0.1537975987536449,-0.10977361938621372,0.6346693046813933,-0.1569292035209683,-0.009945975036652326,-0.02613359816672435,0.012708203736130455,-0.3331553837496149,0
sample_09680.html,0.20932539500705724,0.4807776150050191,1.1726386860940783,-0.13858388201960628,0.44334104115908635,-0.31829923454046966,0.22932624812042704,0.6150822792157861,0.07409024168358572,-0.11299280965045244,-0.02613359816672435,-0.06673867340199968,-0.19897300775924348,0
sample_09848.html,-0.436457330262294,-0.4805110314497277,-0.5789898120788778,-0.41466537405746234,0.42914483866489467,-0.23300209005841238,-0.10977361938621372,-1.9925510562714843,-1.089610874500559,-0.26943886026242064,-0.02613359816672435,-0.10320609241622336,0.25224883411605653,1
sample_00499.html,-0.25325274680401716,-0.3406872283290372,-0.4197508576995181,-0.2817372482614576,-0.2117568189583431,0.11427914104710657,-0.44887348689285445,0.5676265451209097,0.22012822215020478,-0.23699531248386205,-0.024847984408157612,-0.0883007584540605,-0.5432734601996346,0
sample_04051.html,-0.4391436144772247,-0.46303305605964135,-0.4993703348891979,-0.4453410953950019,-0.13902459024072258,-0.31220658136317986,-0.10977361938621372,0.3498149853427134,-0.288761666168623,-0.25054768054325993,-0.02613359816672435,-0.10320609241622336,0.4753483631565463,1
sample_08715.html,-0.3182608248053412,-0.20960241290338993,0.3764439141972801,-0.18664251211508492,0.03564496074350783,-0.2573727027675716,0.5684261156270678,-0.017624995523219493,-0.8616303532440547,-0.1725521929483468,-0.02613359816672435,-0.10146954865364127,1.3860243370303522,1
sample_06333.html,-0.34082561221075947,-0.38438216680425297,-0.4993703348891979,-0.3533139313823832,0.3448760648188217,-0.20253882417196337,0.22932624812042704,0.49079550101582325,0.18889158236782128,-0.24305558517872794,-0.01584868809819045,-0.07556610419512526,0.21766797185257075,0
sample_09496.html,0.11852898854239804,0.6206014181257095,-0.4993703348891979,0.1599931389991121,0.9373292836668239,-0.06850045427158762,-0.44887348689285445,-0.0416396142246448,-0.6802919958867427,-0.2645329252237197,-0.006849391788223287,-0.058634802509949985,0.7197464318379132,0
sample_08744.html,-0.38165713227770676,-0.4018601421943393,0.21720495981792048,-0.30934539746524314,0.25879286144385716,-0.17816821146280412,-0.10977361938621372,0.5491050009108586,-0.04471334314771145,-0.10392459940923371,-0.02613359816672435,-0.0997330048910592,-0.5581389586628054,0
sample_07653.html,0.7600136590678601,1.7654088061763626,-0.5789898120788778,1.9800859383597926,-1.568638939520652,-0.31220658136317986,0.9075259831337085,-1.9925510562714843,-0.1627682228499021,-0.2694832578645808,-0.004278164271089811,-0.08106515944330184,-0.9461615359633766,1
sample_06719.html,-0.4396808713202109,-0.4717720437546845,-0.5789898120788778,-0.48010691291088003,-1.3697623290295469,-0.32439188771775945,-0.10977361938621372,-1.9925510562714843,-0.33571030346743913,-0.2694943572651209,-0.014563074339623712,-0.1019036845942868,-0.7567341444283857,1
sample_09477.html,-0.4520377787088923,-0.4805110314497277,-0.5789898120788778,-0.4903321533567266,-1.114558160185379,-0.3365771940723391,-0.44887348689285445,-1.9925510562714843,-1.60279190543054,-0.2694943572651209,-0.027419211925291086,-0.10364022835686888,0.2457020263352195,0
sample_02253.html,-0.440218128163197,-0.4805110314497277,-0.5789898120788778,-0.48419700908921864,-2.256016803315404,-0.30611392818589006,-0.44887348689285445,-1.9925510562714843,-0.19975210603412946,-0.26943886026242064,-0.01584868809819045,-0.09437866162309778,-1.2002264804210399,1
sample_02795.html,-0.436457330262294,-0.4805110314497277,-0.5789898120788778,-0.41466537405746234,0.42914483866489467,-0.23300209005841238,-0.10977361938621372,-1.9925510562714843,-1.089610874500559,-0.26943886026242064,-0.02613359816672435,-0.10320609241622336,0.25224883411605653,1
sample_07910.html,0.24639611717310153,0.5157335657851917,0.21720495981792048,-0.08848020383495833,1.1651039387873587,-0.245187396412992,0.5684261156270678,0.6356306523526188,0.18764889408368035,-0.14566944484035202,-0.01584868809819045,-0.08468295894868118,-0.11769585707005581,0
sample_00408.html,-0.2811901026392969,-0.4193381175844256,-0.34013138050983827,0.09046150396735576,-0.562095772400546,0.028981996565049278,-0.10977361938621372,0.15158573653277735,0.21201426711476304,-0.25183521100590545,-0.02613359816672435,-0.07411898439297353,0.919242441540773,0
sample_04834.html,-0.2801155889533246,-0.27951431446373515,-0.34013138050983827,-0.2193632815417938,0.7221887822668731,-0.1598902519309347,-0.44887348689285445,0.5304120917624573,-0.041095798245198316,-0.19458450302034092,-0.02613359816672435,-0.09799646112847712,-0.4027066213450178,0
sample_07609.html,-0.3322295027229811,-0.24455836368356254,-0.1012729489407988,-0.3349084985798595,-0.0556877247937279,-0.30002127500860026,0.9075259831337085,0.5777210481636403,0.5241120066200372,-0.15619167655231694,-0.004278164271089811,-0.09886473300976815,-0.24008352024572566,1
sample_01910.html,-0.385955187021596,-0.3319482406339941,-0.5789898120788778,-0.4606789560637717,-0.9180473482658331,-0.3304845408950493,-0.44887348689285445,-1.9925510562714843,-0.26961881205388943,-0.2694943572651209,-0.00042132299538959916,-0.10233782053493232,0.34193144110112744,1
sample_03951.html,0.4333614985322814,0.4895166027000622,1.0133997317147188,0.3225744620880718,0.8866676593409332,0.39454118720243764,0.22932624812042704,0.691044072457075,1.3375829362325313,0.4556627782177963,-0.02613359816672435,-0.04995208369703959,-0.37473898069188405,1
sample_04271.html,-0.44397892606410005,-0.4805110314497277,-0.4993703348891979,-0.4637465281975256,-0.14343345929320636,-0.30002127500860026,-0.10977361938621372,0.16156460426845545,-0.4762510913073016,-0.2623463433173303,-0.0107062330639235,-0.10335080439643853,0.596437971033009,1
sample_08979.html,-0.16782890876921944,-0.07851759747774266,-0.34013138050983827,-0.10893068472665138,0.8171177391370716,-0.06850045427158762,0.22932624812042704,0.29394272909030017,0.13061153564148537,-0.24805031542174927,-0.02613359816672435,-0.09886473300976815,0.4148100193778209,0
sample_07458.html,-0.09046392337921395,-0.04356164669757005,0.5356828685766397,-0.2234533777201324,0.43975591905515105,-0.275650662299441,0.22932624812042704,0.6338894049522648,0.6962508830702856,0.20039876459778605,-0.02613359816672435,-0.04141407686434436,-0.3754034579661393,0
sample_09062.html,-0.3064411742596459,-0.26203633907364887,-0.18089242613047862,-0.35229140733779857,0.26093518489301976,-0.21472413052654296,-0.44887348689285445,0.6554059202686513,0.6715982467522641,-0.23848263215622842,-0.02613359816672435,-0.060081922312101715,-0.29701919408291355,0
sample_06932.html,-0.18985643933165153,-0.2008634252083468,-0.5789898120788778,0.21623196145126794,0.37134087651209846,0.07772322198336773,0.5684261156270678,-1.9925510562714843,-0.45759295520210297,-0.2694832578645808,-0.024847984408157612,-0.07976275162136529,0.9492931218396515,0
sample_02518.html,0.023434527333849656,0.2186079841537245,1.0133997317147188,-0.09870544428080485,-0.4259781781595357,-0.16598290510822453,-0.10977361938621372,0.6734589910436372,0.6830063241000197,-0.0004004905722115578,-0.02613359816672435,-0.016957752207980074,-0.23126436602594472,0
sample_05603.html,-0.45042600817993383,-0.4805110314497277,-0.5789898120788778,-0.48010691291088003,-0.403571171066012,-0.3304845408950493,-0.44887348689285445,-1.9925510562714843,0.04343224345632222,-0.2694943572651209,-0.004278164271089811,-0.10364022835686888,-0.5669307468385834,0
sample_05346.html,-0.3875669575505544,-0.4105991298893824,-0.021653471751118984,-0.34411121498112135,0.621235486957195,-0.3304845408950493,-0.10977361938621372,0.604386985101966,0.840962770917676,-0.254077289914995,-0.002992550512523074,-0.05067564359811545,-0.3599835330993327,1
sample_07746.html,-0.34190012589673174,-0.4717720437546845,-0.4197508576995181,-0.1958452285163468,-0.17684837091169908,0.4493750657980459,-0.44887348689285445,-0.006633722741244849,-0.8998200263605897,-0.26031515301850167,-0.014563074339623712,-0.09814117310869229,1.8040794983605901,1
sample_03505.html,0.3049571130585918,0.09626215642312039,1.0930192089043984,0.1702183794449586,-0.18397762762252712,0.3336146554295396,-0.10977361938621372,0.6220254748272566,0.3579261638350827,0.908629314257131,-0.02613359816672435,0.1391864744441919,-0.9167858021780743,0
sample_03498.html,-0.4031474059971527,-0.4193381175844256,-0.4993703348891979,-0.4606789560637717,-1.1404245471545424,-0.31220658136317986,-0.10977361938621372,0.2062614460757578,0.35890871989760065,-0.2679404411895142,-0.017134301856757187,-0.10089070073278059,-0.8984483623694687,1
sample_02268.html,-0.33921384168180096,-0.3406872283290372,-0.26051190332015844,-0.35842655160530645,0.31538499748173243,-0.3365771940723391,-0.10977361938621372,0.8008139228464864,1.4294165889382728,0.24289836926562758,0.01500604210741125,-0.08381468706739013,-1.1422489021500706,1
sample_06814.html,-0.31396277006145196,-0.3406872283290372,-0.4993703348891979,-0.37376441227407625,0.05687775598690603,-0.2695580091221512,-0.10977361938621372,0.3316516123233787,-2.6987104377156466,-0.26031515301850167,-0.02613359816672435,-0.09683876528675574,3.5716534930225863,1
sample_05541.html,-0.08724038232129706,-0.4368160929745119,-0.26051190332015844,0.02911006129227664,0.026181269859345623,0.6687105801804789,-0.44887348689285445,0.40648777052747226,-1.059964095574993,-0.2641666450058981,-0.01970552937389066,-0.09799646112847712,0.9127820212814053,0
sample_08336.html,0.17977626864281904,0.6817743319910116,0.7745413001456792,1.0189133364502199,1.1557961735956261,0.38844853402514784,1.9248255856536307,0.6904134042908049,-0.6043752039313163,-0.1860823622066646,-0.017134301856757187,-0.07108003280845489,0.8269495911360876,0
sample_04802.html,-0.3854179301786098,-0.39312115449929613,0.3764439141972801,-0.39523741721035394,-0.45409821129811084,-0.30002127500860026,-0.44887348689285445,0.48190389638739484,0.1738610571611797,-0.10043938763965883,-0.01584868809819045,-0.09872002102955299,1.0459080340753468,1
sample_03444.html,-0.023306818005945317,0.00013329177764570985,0.45606339138695995,-0.16210193504505327,-0.5816354533545272,-0.08068576062616724,-0.10977361938621372,0.6646560252772098,0.5100996611620903,0.09782920420720799,-0.02613359816672435,-0.006972625573133114,-0.15153968749288482,0
sample_04274.html,0.9851242762790565,1.7741477938714056,3.1631256158360737,0.630354199508052,1.0813444927303373,-0.23300209005841238,0.5684261156270678,0.351285048640925,-0.12257273328511371,0.044174701996618826,-0.013277460581056975,0.07088241978263012,0.5373159601862667,0
sample_00954.html,-0.4343083028903494,-0.4542940683645982,-0.5789898120788778,-0.45147623966250977,-0.335798768630629,-0.31220658136317986,-0.10977361938621372,-1.9925510562714843,0.3868289371564285,-0.2694832578645808,-0.02613359816672435,-0.10045656479213506,-0.5848953096302816,1
sample_09580.html,-0.4520377787088923,-0.4805110314497277,-0.5789898120788778,-0.4903321533567266,-1.114558160185379,-0.3365771940723391,-0.44887348689285445,-1.9925510562714843,-1.60279190543054,-0.2694943572651209,-0.027419211925291086,-0.10364022835686888,0.2457020263352195,0
sample_04493.html,-0.3273941911361057,-0.3406872283290372,-0.4993703348891979,-0.3931923691211846,0.4911933928541008,-0.2817433154767308,-0.10977361938621372,0.343253371727165,0.01502291509784923,-0.25871683934073486,-0.004278164271089811,-0.09582578142524951,-0.20254721649351112,1
sample_00841.html,0.237262750842337,0.04382823025286147,0.45606339138695995,0.15079042259785022,0.8591570548097639,0.29096608318851097,0.22932624812042704,0.633280945904183,-0.12882793738779152,-0.1597878823272923,-0.02613359816672435,-0.06876464112501211,-0.13055326938294315,0
sample_07116.html,-0.1323699571321336,-0.1484294990380879,0.2968244370076003,-0.18868756020425423,0.49010376010913226,-0.23909474323570218,-0.10977361938621372,0.6665366659438484,0.47204213353518326,-0.11526818676116216,-0.02613359816672435,-0.05805595458908929,-0.6621765094263581,0
sample_03006.html,-0.34404915326867636,-0.3319482406339941,-0.34013138050983827,-0.415687898102047,-1.8046325386016338,-0.2817433154767308,-0.44887348689285445,0.6536546000606817,1.0545706025984622,0.9724730661634837,-0.017134301856757187,-0.08497238290911152,-1.314460001195159,0
sample_03205.html,-0.4445161829070862,-0.46303305605964135,-0.4197508576995181,-0.4637465281975256,-0.5910050207636539,-0.3365771940723391,-0.44887348689285445,0.6360853498419373,0.311703120303262,-0.25977128239203934,0.02529095217594515,-0.10364022835686888,0.04408016131796002,0
sample_08596.html,-0.4520377787088923,-0.4805110314497277,-0.5789898120788778,-0.48828710526755725,-0.4857802989613899,-0.3365771940723391,-0.44887348689285445,-1.9925510562714843,-2.374105694263592,-0.2694943572651209,-0.027419211925291086,-0.10364022835686888,-0.06926926283400898,0
sample_01614.html,0.5676757092788187,1.2935034706440323,0.21720495981792048,0.010704628489752904,0.9527862150594204,-0.3304845408950493,0.22932624812042704,0.7424749828333678,-0.3002634353045735,-0.20962419075210517,-0.01584868809819045,-0.06051605825274724,-0.26747185864388606,0
sample_08428.html,0.5408128671295113,1.3197204337291617,0.2968244370076003,0.536281987406264,0.675934119330705,0.16911301964271483,-0.10977361938621372,0.6083444846887492,0.04135654442924491,-0.10550071428592045,-0.02613359816672435,0.009524540171396641,0.057326252289170515,0
sample_04713.html,-0.4300102481464602,-0.4805110314497277,-0.5789898120788778,-0.4811294369554647,-1.3540485959489172,-0.29392862183131047,-0.44887348689285445,-1.9925510562714843,-0.9289596016594667,-0.26939446266026046,0.007292359556010826,-0.1019036845942868,-0.7690516412509177,0
sample_07641.html,-0.40637094705506965,-0.4542940683645982,-0.18089242613047862,-0.2868498684843808,1.3841501465323,-0.06850045427158762,-0.10977361938621372,0.5051323593042532,-0.5949942389610222,-0.2532670336755716,-0.02613359816672435,-0.10219310855471715,0.8073334830256227,0
sample_07081.html,-0.41228077232791727,-0.4018601421943393,-0.34013138050983827,-0.415687898102047,0.33255541579082265,-0.3365771940723391,-0.10977361938621372,0.6080532336272538,0.41543693052610015,-0.14376034794746384,-0.00042132299538959916,-0.09857530904933781,-0.3420417210207291,1
sample_07936.html,-0.23498601414248807,-0.3057312775488646,0.5356828685766397,-0.026106237115294566,0.3002339885792543,0.016796690210469666,0.9075259831337085,0.6935613892395375,0.3963304056700457,0.19599230258338723,-0.02613359816672435,-0.0720930166699611,0.5173560099231128,0
sample_07519.html,-0.4235631660306264,-0.4717720437546845,-0.4197508576995181,-0.4259131385478935,-1.7085752446286655,-0.18426086464009395,-0.10977361938621372,0.40139478109889704,0.35391850686538556,-0.2675630615711526,-0.02613359816672435,-0.09929886895041368,-0.6062055440503255,1
sample_09517.html,-0.28817444159811684,-0.34942621602408036,1.2522581632837582,-0.34411121498112135,-0.06379506139852963,-0.17207555828551432,-0.10977361938621372,0.6223135179913302,0.9824765561151905,-0.13492522511758612,-0.02613359816672435,0.011984643835054588,-0.4938974115622151,1
sample_06582.html,-0.3913277554514574,-0.4193381175844256,-0.4993703348891979,-0.45249876370709446,-0.8561207028111826,-0.31829923454046966,-0.10977361938621372,0.19830242194520106,0.702093538415185,-0.2293700243128495,0.0034355182803106135,-0.08960316627599707,0.6893007756919294,1
sample_00875.html,-0.3488844648555517,-0.3406872283290372,-0.5789898120788778,-0.30321025319773526,0.23487075830494342,-0.2573727027675716,-0.10977361938621372,-1.9925510562714843,-0.1499761521612404,-0.26943886026242064,-0.02613359816672435,-0.09625991736589504,-0.07872479817519788,1
sample_08861.html,-0.2430448667872803,-0.270775326768692,-0.5789898120788778,-0.06291710272034204,-0.526761661203096,0.07772322198336773,-0.44887348689285445,-1.9925510562714843,1.1377246834790524,-0.26943886026242064,-0.02613359816672435,0.03615154453098853,0.5231574026492415,1
sample_00527.html,-0.13075818660317515,0.05256721794790462,-0.34013138050983827,0.06592092689732411,0.408826407379243,-0.11114902651261627,-0.10977361938621372,0.5346718989023499,-0.6140015047013196,-0.2522902864280474,-0.02613359816672435,-0.08974787825621224,0.30085220595602835,0
sample_08329.html,0.4548517722517274,0.707991295076141,0.6949218229559994,0.09046150396735576,0.8810375288129502,-0.30002127500860026,0.5684261156270678,0.6948918611751809,0.042274375802440776,-0.0772305411104197,-0.017134301856757187,-0.01985199181228354,0.016807245305487797,0
sample_06188.html,-0.22746441834068198,-0.1484294990380879,-0.4993703348891979,0.5618450885208803,1.3814162114403143,-0.0502224947397182,0.22932624812042704,0.5044999631363298,-0.7864629256387594,-0.2611698068600853,-0.02613359816672435,-0.06196317805489897,1.269860669225078,1
sample_04262.html,-0.42195139550166794,-0.4105991298893824,-0.4993703348891979,-0.4565888598854331,-0.9810542213852353,-0.3365771940723391,-0.10977361938621372,0.3391934432522604,0.373967843966372,-0.2680514351949147,0.02529095217594515,-0.09944358093062886,-0.6962475992646316,1
sample_09435.html,-0.205974144621236,-0.3406872283290372,0.6949218229559994,0.330754654444749,1.4203119229570493,0.004611383855890054,1.2466258506403491,0.5707298200296702,0.18327257805601904,0.10678642044302623,-0.02613359816672435,-0.0639891457779114,0.33144736492553917,0
sample_09663.html,-0.09476197812310315,-0.17464646212321733,0.2968244370076003,0.06592092689732411,0.1436406202392543,-0.06240780109429781,-0.10977361938621372,0.6625997436085618,-0.8300387074891565,-0.2066828496089926,-0.0209911431324574,-0.02433806319895391,1.5865359020603094,0
sample_09333.html,-0.17427599088505322,-0.4193381175844256,0.05796600543856084,-0.22038580558637844,0.1986497474374373,-0.025851882030558975,-0.44887348689285445,0.5480738573155833,0.20908759614689543,0.5873127680232986,-0.014563074339623712,-0.0758555281555556,-0.6326341152596875,0
sample_04952.html,-0.4106690017989588,-0.46303305605964135,-0.18089242613047862,-0.4279581866370628,-0.2548798808737694,-0.2817433154767308,-0.10977361938621372,0.6002541805000081,0.493665690444136,-0.2108784230131305,-0.002992550512523074,-0.09278682984073088,-0.7830515956791778,1
sample_02445.html,-0.4321592755184048,-0.4717720437546845,-0.34013138050983827,-0.4167104221466316,-0.3696992137302715,-0.30611392818589006,-0.44887348689285445,0.5441541814952541,-1.2451038973250843,-0.2437215492111308,0.006006745797444088,-0.09018201419685776,-1.412100390415639,1
sample_04966.html,0.14163103279080247,0.17491304567850874,-0.021653471751118984,-0.1702821274017305,-0.5608882097604952,-0.16598290510822453,-0.44887348689285445,0.44559126810766886,-0.21676404621076734,-0.22414220665848716,-0.02613359816672435,-0.026653454882396684,0.2928020779894735,0
sample_09626.html,-0.034051954865668296,-0.3406872283290372,1.0133997317147188,-0.08643515574578904,0.08429819771429621,0.2300395514156129,0.9075259831337085,0.6654943303940598,1.0639127585059849,-0.2098461787629061,-0.02613359816672435,-0.09249740588030053,0.3792468217396533,0
sample_03814.html,0.8239472233832118,1.6605409538358447,-0.1012729489407988,0.4708404485528463,0.3957327612882186,-0.2817433154767308,0.9075259831337085,0.28539762108114775,0.26201806167937497,1.3384203019688468,-0.02613359816672435,-0.07455312033361905,-0.9844262667020119,1
sample_07920.html,-0.45096326502292,-0.4805110314497277,-0.5789898120788778,-0.4790843888662954,-0.698741080665984,-0.32439188771775945,-0.10977361938621372,-1.9925510562714843,-0.9779409160882266,-0.2694943572651209,-0.02613359816672435,-0.10364022835686888,1.6328051420003886,1
sample_05285.html,-0.4477397239650031,-0.4717720437546845,-0.5789898120788778,-0.48215196100004937,-1.3697623290295469,-0.3304845408950493,-0.10977361938621372,-1.9925510562714843,-0.19749285772795233,-0.2694832578645808,-0.011991846822490236,-0.10364022835686888,-0.7885433440293783,1
sample_01879.html,-0.4337710460473632,-0.46303305605964135,-0.26051190332015844,-0.4606789560637717,-0.07026198971077695,-0.31220658136317986,-0.44887348689285445,0.27073757210414384,-0.6199538482446006,-0.24584153471427983,-0.02613359816672435,-0.10335080439643853,1.5223558666298511,0
sample_00994.html,0.5053539154924254,0.34095381188432866,0.7745413001456792,-0.10688563663748207,-0.04727784498712739,-0.09287106698074685,-0.10977361938621372,0.6910421347064151,0.22778776016752797,-0.10423538262435504,-0.02613359816672435,-0.026219318941751165,-0.32744726242834465,0
sample_06660.html,0.11423093379850885,-0.10473456056287211,-0.4993703348891979,0.3900610490306588,-1.1766946243194838,0.918509360449361,-0.44887348689285445,0.17941296292623055,-0.08038542799361034,-0.2614028942714263,-0.02613359816672435,0.14208071404849537,-0.8040276227757461,1
sample_07085.html,0.10885836536864736,-0.1833854498182605,-0.4993703348891979,1.0700395386794526,-0.6545825757401547,0.6077840484075808,-0.44887348689285445,0.11416560679432028,-0.037359052790917495,-0.2672078807538711,-0.02613359816672435,0.08463005790307158,-0.21071195851096194,0
sample_09018.html,-0.05231868752719737,-0.017344683612440594,-0.4197508576995181,0.21009681718376003,-0.504846685756255,-0.07459310744887743,-0.44887348689285445,0.4246867804856559,-0.470903711808665,-0.25970468598879903,-0.02613359816672435,-0.023180367357232525,0.3232267174308682,0
sample_00978.html,0.09918774219489668,0.2972588734091129,0.45606339138695995,-0.08030001147828113,-0.3386851290052788,-0.1598902519309347,0.5684261156270678,0.7135945552118438,0.49261798222866365,-0.21317599892492034,-0.02613359816672435,-0.042137636765420226,-0.38984179060476604,0
sample_04863.html,0.07017587267364463,-0.4193381175844256,-0.4197508576995181,0.3430249429797648,0.8413869036649528,0.7540077246625362,-0.10977361938621372,0.6958772304484879,-1.596168827669946,-0.257817787896991,-0.02613359816672435,-0.1003118528119199,1.9415825527890482,0
sample_01729.html,0.048148342111212515,0.008872279472688862,-0.1012729489407988,0.327687082310995,0.5583498564044003,0.19348363235187405,-0.10977361938621372,0.6483249957881057,-0.59984575549467,-0.20969078715534545,-0.0209911431324574,-0.07831563181921355,1.0683588810373892,0
sample_06953.html,-0.4520377787088923,-0.4805110314497277,-0.5789898120788778,-0.4903321533567266,-1.114558160185379,-0.3365771940723391,-0.44887348689285445,-1.9925510562714843,-1.60279190543054,-0.2694943572651209,-0.027419211925291086,-0.10364022835686888,0.2457020263352195,0
sample_01426.html,-0.4450534397500724,-0.4717720437546845,-0.4197508576995181,-0.44431857135041725,-0.3614824317876209,-0.3304845408950493,-0.10977361938621372,0.28610712914078423,-0.3202442185691126,-0.26673060653064906,0.009863587073144301,-0.1034955163766537,0.2586883680474144,1
sample_06797.html,-0.4520377787088923,-0.4805110314497277,-0.4993703348891979,-0.486242057178388,-0.9102229695251469,-0.3365771940723391,-0.44887348689285445,0.40631439549447623,-0.30857711886012984,-0.2661090401004064,-0.027419211925291086,-0.10364022835686888,-0.9087606543641209,0
sample_09584.html,-0.4520377787088923,-0.4805110314497277,-0.4993703348891979,-0.49237720144589586,-2.256016803315404,-0.3365771940723391,-0.44887348689285445,0.1816032717824125,-1.7220570042063035,-0.09904086317161286,-0.027419211925291086,-0.10364022835686888,-1.548367826888735,1
sample_01048.html,0.16419582019622073,0.4458216642248465,1.0133997317147188,0.11193450890363345,0.16497103331138088,-0.2634653559448614,1.9248255856536307,0.5855324221028998,0.03522558288914268,-0.20318653843887766,-0.002992550512523074,-0.0851170948893267,0.14396585687482907,1
sample_05808.html,-0.4455906965930585,-0.4805110314497277,-0.4993703348891979,-0.3911473210320153,0.9524247765549114,-0.29392862183131047,0.22932624812042704,0.2819067950693202,-0.03225047610862741,-0.26799593819221446,-0.02613359816672435,-0.10364022835686888,0.23317635722845792,1
sample_05111.html,-0.26238611313478166,-0.270775326768692,-0.34013138050983827,-0.12017844921708255,0.5759594307932875,-0.16598290510822453,-0.44887348689285445,0.47922673920921993,0.4273015184337449,-0.21945825963058715,-0.022276756891024138,-0.09047143815728811,-0.03607088774250959,0
sample_02748.html,-0.18770741195970694,-0.15716848673313102,-0.5789898120788778,-0.34308869093653666,1.100821226869268,-0.30611392818589006,-0.10977361938621372,-1.9925510562714843,0.3163179842141385,-0.2694943572651209,0.0008642907631771383,-0.058345378549519634,-0.20849749927324426,1
sample_00439.html,-0.385955187021596,-0.4193381175844256,-0.4197508576995181,-0.42489061450330884,0.3564065235946544,-0.31220658136317986,-0.10977361938621372,0.5775302979502084,0.33213770256620784,-0.25869464053965474,-0.02613359816672435,-0.07440840835340387,0.6049948075751614,1
sample_04498.html,-0.4047591765261112,-0.42807710527946874,0.2968244370076003,-0.41773294619121626,-1.1567982104291388,-0.30002127500860026,-0.10977361938621372,0.5442589695741689,0.3415761253440529,-0.20240958040107435,-0.02613359816672435,-0.10175897261407163,-0.47296219233497955,1
sample_05472.html,0.18514883707268054,-0.27951431446373515,2.207691889559916,0.08637140778901715,0.907934986308347,0.6199693547621605,-0.10977361938621372,0.4769643364149888,0.1534861730272376,-0.07319035931384245,-0.006849391788223287,-0.07614495211598594,0.4735418913485516,0
sample_07447.html,-0.24895469206012794,-0.46303305605964135,-0.5789898120788778,-0.47806186482171076,-0.4722282445368599,-0.32439188771775945,-0.44887348689285445,-1.9925510562714843,2.275925863471504,-0.2694943572651209,0.03557586224447905,0.3950372554646183,-1.5051251358237554,1
sample_09197.html,-0.11249145394164607,-0.08725658517278581,0.6949218229559994,-0.271512007815611,1.0930357038881895,-0.14161229239906528,-0.10977361938621372,0.5831472316575993,0.6082843934283477,1.8940340942025398,-0.02613359816672435,-0.06760694528329073,-1.4182146478192061,0
sample_08659.html,5.94024413914031,9.097419482317568,0.2968244370076003,6.283889642016593,1.2359889504008823,2.996104093905185,-0.44887348689285445,0.7450604403677423,1.1200038025915506,0.14530134031699074,-0.02613359816672435,0.4487254001244476,0.034040656240257254,0
sample_00479.html,-0.4520377787088923,-0.4805110314497277,-0.5789898120788778,-0.48828710526755725,-1.4745881252400244,-0.3365771940723391,-0.44887348689285445,-1.9925510562714843,-2.257469615287448,-0.2694943572651209,-0.027419211925291086,-0.10364022835686888,-1.1604855999758212,1
sample_04653.html,0.06050524949989394,0.2885198857140697,0.5356828685766397,0.11909217721572601,-0.7399210820777561,-0.2817433154767308,-0.10977361938621372,0.5925600640238907,0.8966825628375735,0.158476328758027,-0.02613359816672435,0.014589459478927707,-0.717988989032547,0
sample_06087.html,-0.3676884543600669,-0.4542940683645982,-0.5789898120788778,-0.2858273444397962,0.44539417683210375,-0.08068576062616724,-0.10977361938621372,-1.9925510562714843,0.01953895250676549,-0.26928346865485997,-0.02613359816672435,-0.09799646112847712,-0.43245428039819866,1
sample_04437.html,0.5553188018901373,0.07004519333799093,-0.18089242613047862,1.1610441786474865,1.9935687129705877,1.4912187591146029,-0.10977361938621372,0.5411320532334016,0.8113043423205578,3.3944177610045276,-0.02613359816672435,0.28100421505506173,-0.6621229637652238,0
sample_07280.html,-0.44720246712201694,-0.4717720437546845,-0.5789898120788778,-0.4811294369554647,-0.8761522397857507,-0.3365771940723391,-0.44887348689285445,-1.9925510562714843,-0.9607151256410772,-0.2694943572651209,0.040718317278746,-0.1034955163766537,0.2695348911135629,1
sample_06631.html,-0.10926791288372917,-0.008605695917397443,0.05796600543856084,0.5485522759412799,0.7264816654234694,0.918509360449361,-0.10977361938621372,0.5348713056320732,-1.3867739462314537,-0.2324334588619026,-0.02613359816672435,0.031665473144318154,1.9534312154322802,0
sample_06198.html,-0.4310847618324325,-0.46303305605964135,-0.5789898120788778,-0.4688591484204489,-0.36259086863695095,-0.29392862183131047,-0.44887348689285445,-1.9925510562714843,0.00037260849284860803,-0.26943886026242064,-0.014563074339623712,-0.10277195647557784,-0.20074867158154033,1
sample_04900.html,0.2737962161653951,-0.052300634392613204,-0.18089242613047862,0.09761917227944832,0.6786546220544218,0.3457999617841192,-0.10977361938621372,0.6851654957996891,1.3436962996613604,-0.1807657493479819,-0.017134301856757187,0.24135313247610427,-0.1316696840318164,0
sample_05846.html,0.2845413530251181,0.12247911950824984,-0.1012729489407988,0.30314650524096337,0.2735712523324379,0.9916211985768387,0.5684261156270678,0.5829253477970683,-0.5855586822495887,-0.2036638126620997,-0.02613359816672435,-0.05646412280672238,0.6908172378368441,0
sample_02334.html,0.35492199945630365,0.07878418103303408,-0.34013138050983827,0.20702924505000608,0.8118591910346297,0.3579852681386988,-0.44887348689285445,0.4871312485048087,-0.6473306587970857,-0.26226864751355,-0.004278164271089811,-0.06804108122393625,0.7807391901462638,0
sample_06300.html,-0.43054750498944633,-0.44555508066955507,-0.26051190332015844,-0.4790843888662954,-1.569245721624481,-0.3365771940723391,-0.44887348689285445,0.6799521400586915,0.89027265552581,1.7164991825644815,0.044575158554446215,-0.09640462934611022,-1.2125079541947006,1
sample_02033.html,-0.33115498903700874,-0.34942621602408036,-0.4993703348891979,-0.4003500374332772,0.4618700726624893,-0.2817433154767308,-0.10977361938621372,0.3316516123233787,0.1037463501317055,-0.26031515301850167,-0.004278164271089811,-0.09582578142524951,-0.3918705153675585,1
sample_06240.html,0.4865499259879102,0.10500114411816354,1.0133997317147188,0.43300705890321417,0.6659066141753845,1.076918343058896,-0.44887348689285445,0.6027222460794007,-0.11568311649855959,-0.1189309889393778,-0.02613359816672435,-0.0036442500281841286,0.2468905653077827,0
sample_04635.html,0.3710397047458881,1.101245741353083,0.3764439141972801,0.07614616734317063,0.08182286296380466,-0.2817433154767308,-0.10977361938621372,0.6391522478639647,-0.06447901950165649,-0.14905476200506645,-0.02613359816672435,-0.040690516963268496,0.15699288911743572,0
sample_00949.html,-0.436457330262294,-0.4805110314497277,-0.5789898120788778,-0.41466537405746234,0.42914483866489467,-0.23300209005841238,-0.10977361938621372,-1.9925510562714843,-1.089610874500559,-0.26943886026242064,-0.02613359816672435,-0.10320609241622336,0.25224883411605653,1
sample_02957.html,-0.45042600817993383,-0.4805110314497277,-0.4993703348891979,-0.48419700908921864,-1.091387524772613,-0.3304845408950493,-0.44887348689285445,0.19867672293162741,-0.33425918288558676,-0.2687173992273175,0.0008642907631771383,-0.10364022835686888,-0.887651317215179,1
sample_08703.html,0.47849107334311797,1.0837677659629965,0.6153023457663196,0.6937506902723004,0.9666692035524947,-0.275650662299441,0.22932624812042704,0.6047523353408557,-0.2472480332631405,-0.15909971949380936,-0.02613359816672435,-0.06601511350092382,0.008837611839016721,0
sample_04058.html,2.623757647386811,2.5606566864252893,-0.5789898120788778,1.0281160528514817,2.499029863399489,-0.16598290510822453,0.22932624812042704,-1.9925510562714843,-1.5707596347974078,-0.2694943572651209,-0.009420619305356762,0.28433259060001076,2.3888671132319392,1
sample_05863.html,-0.31664905427638274,-0.4542940683645982,-0.26051190332015844,-0.41875547023580095,-0.9890560793795178,-0.10505637333532646,-0.44887348689285445,0.025926701676098087,-0.048399521714217686,-0.24035843084749642,-0.0107062330639235,-0.07527668023469491,0.36700425233726686,0
sample_05994.html,0.07393667057454767,0.2623029226289403,0.7745413001456792,0.1559030428207735,-0.009376461806235276,-0.13551963922177548,-0.10977361938621372,0.6313068727367896,0.8408312691985764,2.80485090251883,-0.02613359816672435,-0.0124716808213097,-0.9077586451636167,0
sample_08795.html,0.9271005372365525,1.5993680399705426,1.0133997317147188,1.0547016780106826,0.9560912801578514,0.21785424506103326,0.5684261156270678,0.7253876921339614,0.5417949179215429,0.05026827289310485,-0.02613359816672435,0.35393905308350915,-0.11007469412483982,0
sample_02935.html,0.8239472233832118,1.6605409538358447,-0.1012729489407988,0.4708404485528463,0.3957327612882186,-0.2817433154767308,0.9075259831337085,0.28539762108114775,0.26201806167937497,1.3384203019688468,-0.02613359816672435,-0.07455312033361905,-0.9844262667020119,1
sample_06526.html,-0.4058336902120835,-0.4193381175844256,-0.5789898120788778,-0.3676292680065683,0.48689651268981426,-0.2878359686540206,-0.10977361938621372,-1.9925510562714843,0.17133643891632744,-0.2693500650581003,-0.005563778029656549,-0.08931374231556673,-0.0691667477296752,1
sample_06465.html,-0.22585264781172354,-0.42807710527946874,-0.18089242613047862,-0.2970751089302273,0.45228880313543574,-0.05631514791700801,-0.10977361938621372,0.7365565820254839,-0.25616010925375005,-0.25563120599060163,-0.02613359816672435,-0.08989259023642741,0.13755737864466985,0
sample_05513.html,0.2329646960984478,-0.3669041914141667,-0.34013138050983827,0.4984485977566319,0.7155454829622531,1.0403624239951572,1.2466258506403491,0.5338646681979261,-0.51286252491267,-0.21769345494471962,-0.02613359816672435,-0.06225260201532931,0.1465886164460603,0
sample_03182.html,1.332192196848109,2.525700735645117,0.3764439141972801,0.5567324682979571,0.9685159240586667,-0.20253882417196337,-0.10977361938621372,0.5697332063645981,0.12581664258878292,-0.09084950557305786,-0.02613359816672435,0.08173581829876812,0.2377232273952207,0
sample_01730.html,0.07125038635961693,0.09626215642312039,-0.4993703348891979,0.3174618418651485,0.2616687811499337,0.32752200225224976,-0.10977361938621372,-0.03640442565129201,-1.0965023144452608,-0.26799593819221446,-0.02613359816672435,-0.066159825481139,1.1664237894378524,0
sample_01735.html,0.25660399718983834,0.4021267257496307,0.6949218229559994,0.19578148055957492,0.6011316162555762,0.24222485777019248,-0.44887348689285445,0.6035245884666997,0.9311915757886047,0.4037841800936147,-0.02613359816672435,0.017194275122800827,-0.6853255099330988,0
sample_08193.html,3.6037141289935475,3.058778985042749,5.790568363095508,1.8359100480733568,1.5405108405761436,0.2726881236566415,-0.10977361938621372,0.4860455512321567,1.6086470973681202,0.12179280997317034,-0.02613359816672435,0.5940162282604816,-0.23232173312203566,0
sample_04242.html,-0.41657882707180643,-0.4805110314497277,-0.4993703348891979,-0.33593102262444413,0.4953588562503866,-0.17207555828551432,0.22932624812042704,0.5352091146611309,0.30558331659402543,-0.18581597659370347,-0.02613359816672435,-0.1019036845942868,-0.6538160460880047,1
sample_00498.html,-0.42302590918764027,-0.44555508066955507,-0.5789898120788778,-0.4606789560637717,-1.0331560584230444,-0.32439188771775945,-0.10977361938621372,-1.9925510562714843,-0.022455492008660986,-0.26943886026242064,-0.01584868809819045,-0.10161426063385645,-0.06951532255219388,1
sample_02264.html,0.212011679221988,0.6293404058207527,3.4019840474051133,0.24179506256588426,-0.32897812936207466,-0.2878359686540206,0.22932624812042704,0.6300242852369626,0.812223064672171,2.1583774174643087,-0.0209911431324574,-0.026364030921966337,-0.8671719466599418,0
sample_04314.html,-0.030828413807751403,0.2011300087636382,0.05796600543856084,-0.044511669917818304,0.5040884300554206,-0.2634653559448614,0.22932624812042704,0.5332007834603943,-0.35162537968583935,-0.24476489286189523,-0.02613359816672435,-0.06673867340199968,0.5660238008309354,0
sample_05229.html,-0.3773590775338176,-0.3232092529389509,1.1726386860940783,-0.16005688695588396,-0.05235764206079824,-0.25128004959028183,0.9075259831337085,0.6665552515508435,0.421632117189589,0.01591562822165813,-0.02613359816672435,-0.06847521716458177,-0.29766446688703235,0
sample_08913.html,-0.44344166922111394,-0.4805110314497277,-0.5789898120788778,-0.4320482828154014,-1.810170992307773,-0.275650662299441,-0.44887348689285445,-1.9925510562714843,0.14094997022419203,-0.26943886026242064,-0.01970552937389066,-0.10306138043600818,-1.0243274581891846,1
sample_00946.html,-0.4520377787088923,-0.4805110314497277,-0.5789898120788778,-0.49237720144589586,-2.256016803315404,-0.3365771940723391,-0.44887348689285445,-1.9925510562714843,0.004625632163238633,-0.2694943572651209,-0.027419211925291086,-0.10364022835686888,-1.2900924359896337,1
sample_01222.html,-0.44666521027903083,-0.4805110314497277,-0.4993703348891979,-0.4565888598854331,-0.4427160960122403,-0.31829923454046966,-0.10977361938621372,0.4949145214180221,0.08305697379239113,-0.25920521296449694,-0.0017069367539563366,-0.10364022835686888,-0.30199308665998276,1
sample_00338.html,-0.1732014771990809,0.026350254862775167,-0.4993703348891979,0.1559030428207735,1.1033695312343978,-0.11114902651261627,-0.44887348689285445,0.5396212816343656,0.24686697885268105,-0.1771362453713864,-0.02613359816672435,-0.07513196825447974,-0.08387406028913494,0
sample_03423.html,0.3989770605811679,0.24482494723885398,2.685408752697995,0.5495747999858644,0.9241512583210272,0.4128191467343071,0.9075259831337085,0.597563458581683,0.7336256070699381,1.124035380537831,-0.02613359816672435,0.11820323731299179,-0.07198396396898946,0
sample_03509.html,-0.18770741195970694,-0.15716848673313102,-0.5789898120788778,-0.34308869093653666,1.100821226869268,-0.30611392818589006,-0.10977361938621372,-1.9925510562714843,0.3163179842141385,-0.2694943572651209,0.0008642907631771383,-0.058345378549519634,-0.20849749927324426,1
sample_08414.html,-0.3821943891206929,-0.2882533021587783,-0.5789898120788778,-0.37376441227407625,1.0481535649443108,-0.31829923454046966,-0.44887348689285445,-1.9925510562714843,-0.7715796359030258,-0.2694943572651209,-0.02613359816672435,-0.10204839657450197,0.24990802693530245,1
sample_06950.html,-0.17696227509998397,-0.026083671307483746,-0.5789898120788778,-0.30730034937607387,0.21968406096864806,-0.3365771940723391,0.22932624812042704,-1.9925510562714843,-0.3178677757001478,-0.26937226385918034,0.0304334072102121,-0.08844547043427568,-0.14904411027479805,0
sample_03970.html,-0.23068795939859887,0.08752316872807724,-0.18089242613047862,-0.1958452285163468,0.17072327848037597,-0.245187396412992,-0.10977361938621372,0.4747476273447283,-0.06054647767767314,-0.2549319437565787,-0.02613359816672435,-0.1019036845942868,0.4665302389117418,1
sample_08453.html,0.14378006016274705,0.19239102106859504,0.6153023457663196,-0.04144409778406435,-0.2522162870610621,0.12646444740168616,-0.10977361938621372,0.3729648156875613,-0.36447118461329375,0.32951809108015756,-0.02613359816672435,-0.08526180686954186,0.9090382969186821,0
sample_01697.html,3.1142731450331653,1.791625769261492,-0.18089242613047862,2.464762335492918,1.1649486065900103,2.1004840768435833,0.5684261156270678,0.30044246383573636,-0.30269333945362553,-0.2192362716197862,-0.02613359816672435,0.11415130186696694,-0.1345189729096478,0
sample_01185.html,-0.4337710460473632,-0.4805110314497277,-0.18089242613047862,-0.4678366243758642,0.032346375642393004,-0.29392862183131047,-0.44887348689285445,0.07838010835644696,-0.4601954181797232,-0.2113445978358125,-0.004278164271089811,-0.10364022835686888,-0.7605958204824363,1
sample_03624.html,-0.41281802917090343,-0.46303305605964135,0.6153023457663196,-0.38092208058616883,0.6522910800014451,-0.2208167837038328,-0.10977361938621372,0.6182181700950649,1.7842005172713797,-0.23655133646226018,-0.013277460581056975,-0.10016714083170472,-1.0817932823109355,1
sample_00370.html,0.41724379324269695,0.7167302827711842,0.13758548262824066,0.2816735003046857,1.3112586370582187,-0.29392862183131047,0.9075259831337085,0.6301852462361638,-0.2731617748526903,-0.21302060731735967,-0.02613359816672435,0.010682236013118029,-0.003279887310810398,0
sample_04370.html,-0.3827316459636791,-0.39312115449929613,-0.4993703348891979,-0.3983049893441079,0.413983891747841,-0.2817433154767308,-0.10977361938621372,0.2579016500313576,-0.4555150313040648,-0.13368209225710082,-0.0107062330639235,-0.09770703716804677,1.3287569199870384,1
sample_00534.html,0.01430116100308512,-0.27951431446373515,0.5356828685766397,0.8409941526924903,0.6121919845345176,0.17520567282000463,-0.44887348689285445,0.6212423176766352,0.8152600676089532,7.0593066265217015,-0.02613359816672435,0.1148748617680428,-1.2248707438408948,0
sample_09121.html,-0.36930022488902536,-0.4717720437546845,0.3764439141972801,-0.3236607340894283,-0.44121157386901283,-0.07459310744887743,0.22932624812042704,0.19757589702634773,1.9323653842476427,-0.11927507035611927,-0.004278164271089811,0.6902496951035719,-0.5806740680080741,1
sample_06801.html,0.18299980970073593,0.20986899645868135,0.05796600543856084,0.4831107370878621,1.047688834071368,0.4737456785072051,-0.10977361938621372,0.640209445975882,1.7688482819041524,-0.13970906675034656,-0.02613359816672435,-0.053569883202418914,-0.608694107008444,0
sample_03849.html,-0.436457330262294,-0.4805110314497277,-0.4993703348891979,-0.44329604730583255,0.08141459285252393,-0.2878359686540206,-0.10977361938621372,0.5802138199425655,1.118117521455742,-0.2577733902948308,-0.02613359816672435,-0.10320609241622336,-0.050332612266764935,1
sample_00002.html,-0.43054750498944633,-0.4717720437546845,-0.4197508576995181,-0.31854811386650506,0.7566485843684918,-0.11114902651261627,0.22932624812042704,0.20140659945443204,-0.9136773518743525,-0.25586429340194267,-0.02613359816672435,-0.1034955163766537,0.6252879873374461,1
sample_02868.html,0.5730482777086802,1.1274627044382124,5.472090454336788,1.770468509219939,0.9792522016307152,-0.13551963922177548,0.22932624812042704,0.584826977444735,0.17686200637306837,0.41214202870027045,-0.02613359816672435,-0.03041596636799119,-0.31650616419154426,0
sample_06069.html,0.22275681608171097,1.1711576429134283,0.13758548262824066,0.7407867963231944,1.1775515412581048,0.30315138954309057,-0.10977361938621372,0.6354187621582954,-1.250652339236379,-0.225740520336254,-0.02613359816672435,-0.03924339716111676,1.7109295653609935,0
sample_00156.html,1.0469088132224638,-0.27951431446373515,-0.26051190332015844,1.8522704327867112,1.0130284185201275,5.756075983217467,-0.10977361938621372,0.5050857712338243,-1.4300387997901451,-0.1937853461814575,-0.02613359816672435,-0.04575543627079956,1.2345631660179437,0
sample_00205.html,-0.436457330262294,-0.4805110314497277,-0.4993703348891979,-0.44329604730583255,0.08141459285252393,-0.2878359686540206,-0.10977361938621372,0.5999430921349004,1.1452345139466225,-0.2577511914937507,-0.02613359816672435,-0.10364022835686888,-0.05738966182850032,1
sample_09590.html,-0.4455906965930585,-0.4805110314497277,-0.4993703348891979,-0.4003500374332772,0.6503718380299822,-0.29392862183131047,-0.10977361938621372,0.2590028420263382,0.01668177013015776,-0.2657316604820448,-0.02613359816672435,-0.1034955163766537,-0.44674540484109465,1
sample_06906.html,-0.3316922458799949,-0.4805110314497277,-0.5789898120788778,-0.251061526923918,0.9587346890817228,-0.025851882030558975,0.5684261156270678,-1.9925510562714843,-0.7752074553832343,-0.2694943572651209,-0.01584868809819045,-0.10320609241622336,0.19082866226766135,1
sample_00747.html,-0.4520377787088923,-0.4805110314497277,-0.5789898120788778,-0.49237720144589586,-2.256016803315404,-0.3365771940723391,-0.44887348689285445,-1.9925510562714843,-1.3950323556491044,-0.2694943572651209,-0.027419211925291086,-0.10364022835686888,-1.3133725301468988,1
sample_04175.html,-0.2145702541090144,-0.42807710527946874,-0.34013138050983827,0.30928164950847126,1.0274998816105945,0.12037179422439637,-0.44887348689285445,-0.011016283059568914,-1.4361274604561058,-0.2557532993965422,-0.022276756891024138,-0.08670892667169361,1.216643009489168,0
sample_00056.html,-0.4343083028903494,-0.4717720437546845,-0.4197508576995181,-0.44840866752875586,-1.7608662430834565,-0.22690943688112258,-0.10977361938621372,0.40139478109889704,0.22469931739013027,-0.2675630615711526,-0.02613359816672435,-0.10175897261407163,-0.46512826784994166,1
sample_09013.html,-0.20489963093526373,-0.12221253595295842,-0.4993703348891979,-0.23163357007680963,0.747604730693623,-0.14161229239906528,-0.10977361938621372,0.49222899952715093,-0.17042087252252885,-0.2260735023524554,-0.02613359816672435,-0.07657908805663147,0.42646341701817797,0
sample_06575.html,0.7949353538619598,-0.12221253595295842,5.631329408716148,1.1232107889978544,0.9649067411796497,1.2596979383775901,0.5684261156270678,0.3089569198436563,-0.30945822441199794,0.6586708140952634,-0.011991846822490236,-0.07064589686780937,-0.04956683239036389,1
sample_07242.html,-0.06951090650275414,-0.06977860978269951,1.9688334579908764,0.07819121543233994,0.10920281379207725,-0.3304845408950493,-0.10977361938621372,0.6663154613399379,1.0434246119596673,6.286888243539262,0.009863587073144301,-2.6450522804796216e-05,-1.2255126138162926,0
sample_06512.html,0.85349634974745,1.686757916920974,1.0930192089043984,0.7193137913869168,1.1209867968350526,-0.2817433154767308,-0.10977361938621372,0.6356710775893902,0.06334651492454225,-0.19442911141278027,-0.018419915615323922,0.0931680647357668,0.24866585103799949,0
sample_06460.html,-0.3875669575505544,-0.39312115449929613,-0.4993703348891979,-0.4320482828154014,-0.15475618873451347,-0.31829923454046966,-0.10977361938621372,0.10496632853403152,-0.5573006373911298,-0.2213895553245554,-0.0107062330639235,-0.09857530904933781,1.5847137198745047,1
sample_02707.html,-0.44344166922111394,-0.4805110314497277,-0.5789898120788778,-0.4453410953950019,0.7087154325574094,-0.31220658136317986,-0.10977361938621372,-1.9925510562714843,-0.9948514366552005,-0.2694832578645808,-0.002992550512523074,-0.10103541271299576,0.37730302428064155,1
sample_02025.html,-0.44720246712201694,-0.4717720437546845,-0.4993703348891979,-0.4688591484204489,-0.3020765113450368,-0.3304845408950493,-0.44887348689285445,0.2641027143297212,-0.19301960530861462,-0.2634562833713351,-0.0107062330639235,-0.10320609241622336,-0.014161155735352524,1
sample_09469.html,-0.4520377787088923,-0.4805110314497277,-0.5789898120788778,-0.4872645812229726,-0.7067890193140784,-0.3365771940723391,-0.44887348689285445,-1.9925510562714843,0.22606251694284138,-0.2694943572651209,-0.027419211925291086,-0.10364022835686888,-0.8721332970100784,1
sample_02768.html,1.1516738976047627,0.7953811720265725,-0.1012729489407988,0.8491743450491676,1.012091398796063,0.07163056880607792,1.58572571814699,0.6978342017888963,-0.5824341136449964,-0.1812097253695838,-0.02613359816672435,-0.016234192306904205,0.31102773291895436,1
sample_09830.html,-0.3085902016315905,-0.2358193759885194,-0.4993703348891979,-0.049624290140741566,0.15339476640498773,-0.19035351781738374,0.22932624812042704,0.5648423941005405,-1.2800447000475645,-0.2047626533155644,-0.004278164271089811,-0.0883007584540605,2.4130021778835316,1
sample_01107.html,0.02665806839176655,0.061306205642947774,1.3318776404734378,0.09761917227944832,0.18296548320441577,0.11427914104710657,-0.44887348689285445,0.14467995150163906,-0.9183742218507215,1.873744390015333,-0.02613359816672435,-0.07715793597749217,-1.076502105290389,0
sample_03849.html,0.11369367695552271,0.4108657134446739,0.45606339138695995,-0.17743979571382307,0.669626768522459,-0.29392862183131047,0.22932624812042704,0.6363125939548581,0.008557537941938297,-0.18489472634887955,-0.02613359816672435,-0.031284238249282226,-0.9293256692943255,0
sample_01655.html,-0.4520377787088923,-0.4805110314497277,-0.5789898120788778,-0.49237720144589586,-2.256016803315404,-0.3365771940723391,-0.44887348689285445,-1.9925510562714843,-1.3950323556491044,-0.2694943572651209,-0.027419211925291086,-0.10364022835686888,-1.3133725301468988,1
sample_01167.html,1.1586582365635827,0.6380793935157958,-0.1012729489407988,1.5168825461629454,1.8092777225320162,2.399024082530784,0.22932624812042704,0.6014004559076143,0.13702579999221084,0.130139559179286,-0.02613359816672435,0.007787996408814562,0.30695418188582124,0
sample_04758.html,1.0200459710731562,0.49825559039510536,1.650355549232157,0.8369040565141517,1.2014218528670668,1.673998354433297,-0.44887348689285445,0.5304299801482173,0.06677445652987402,0.06636240367617359,-0.02613359816672435,0.3844732809089107,0.8176564789374383,0
sample_08945.html,-0.2591625720768648,-0.09599557286782896,-0.021653471751118984,-0.3349084985798595,0.5649977098753585,-0.31220658136317986,-0.44887348689285445,0.4932599425984919,0.03003166798508805,0.42693752962015363,-0.02613359816672435,-0.09408923766266744,-0.7515805798873306,0
sample_09275.html,-0.4278612207745156,-0.44555508066955507,-0.34013138050983827,-0.4453410953950019,-0.1127607432492588,-0.30611392818589006,-0.10977361938621372,0.3141310704850437,-0.38570764487623393,-0.23670672806982082,-0.008135005546790024,-0.10219310855471715,0.8818982216028974,0
sample_02746.html,-0.4477397239650031,-0.4805110314497277,-0.5789898120788778,-0.4688591484204489,-0.6502400691274753,-0.30002127500860026,-0.10977361938621372,-1.9925510562714843,-0.14469037377730304,-0.2694943572651209,-0.02613359816672435,-0.1034955163766537,-0.6095858697734594,1
sample_09671.html,-0.45150052186590617,-0.4805110314497277,-0.5789898120788778,-0.4790843888662954,-0.5478938590302147,-0.3304845408950493,-0.10977361938621372,-1.9925510562714843,0.25355764994408636,-0.2694943572651209,-0.013277460581056975,-0.10364022835686888,-0.3504966943414447,1
sample_03691.html,0.4333614985322814,0.4895166027000622,1.0133997317147188,0.3225744620880718,0.8866676593409332,0.39454118720243764,0.22932624812042704,0.691044072457075,1.3375829362325313,0.4556627782177963,-0.02613359816672435,-0.04995208369703959,-0.37473898069188405,1
sample_01344.html,0.9211907119637048,1.4945001876300248,0.7745413001456792,0.2775834041263471,-0.11969859779636892,-0.03194453520784878,-0.44887348689285445,0.5107776416580458,-0.011389261963739008,-0.1583560596576262,-0.02613359816672435,0.2331045496038394,0.08108198628317748,0
sample_02021.html,-0.25325274680401716,-0.13095152364800158,0.3764439141972801,-0.19891280065010075,0.23623552446867022,-0.19035351781738374,0.22932624812042704,0.7032832799695565,0.6926544152149999,-0.21209935707253572,-0.0209911431324574,-0.08410411102782048,-0.7353966482656021,1
sample_09454.html,-0.3993866080962497,-0.4805110314497277,-0.4197508576995181,-0.47397176864337215,-1.3405640182814873,-0.275650662299441,-0.10977361938621372,0.08992445431052198,-1.1637976464539472,-0.16941106259551342,0.017577269624544724,-0.07310600053146732,2.737489210298287,0
sample_03396.html,0.2576785108758107,-0.2183414005984331,0.05796600543856084,0.06796597498649341,1.4057023693069526,1.4729407995827335,-0.10977361938621372,0.49982178004341943,0.28367640022264473,0.057471783843595615,-0.02613359816672435,-0.07903919172028942,0.43455952880426507,0
sample_06793.html,-0.13183270028914743,-0.11347354825791527,0.6153023457663196,-0.25208405096850267,0.8869403763868601,-0.17816821146280412,-0.10977361938621372,0.8105695933626916,1.6466611035319583,0.439446554028787,-0.02613359816672435,-0.06587040152070865,-1.2237084366360944,0
sample_00704.html,-0.4520377787088923,-0.4805110314497277,-0.4993703348891979,-0.49237720144589586,-1.3476059645985698,-0.3365771940723391,-0.44887348689285445,0.5066666776569252,0.17399741806025684,-0.2541549857187754,-0.027419211925291086,-0.10364022835686888,-0.00900667855824197,0
sample_07090.html,-0.44397892606410005,-0.46303305605964135,-0.4197508576995181,-0.4494311915733405,0.0980677135814707,-0.3365771940723391,-0.10977361938621372,0.79598791282932,1.5259990639023413,-0.24189014812202297,0.0304334072102121,-0.10306138043600818,-0.006358821495488134,0
sample_05760.html,-0.18770741195970694,-0.15716848673313102,-0.5789898120788778,-0.34308869093653666,1.100821226869268,-0.30611392818589006,-0.10977361938621372,-1.9925510562714843,0.3163179842141385,-0.2694943572651209,0.0008642907631771383,-0.058345378549519634,-0.20849749927324426,1
sample_08013.html,-0.436457330262294,-0.4805110314497277,-0.4993703348891979,-0.44329604730583255,0.08141459285252393,-0.2878359686540206,-0.10977361938621372,0.592842417746162,1.1490339162992738,-0.2577178932921306,-0.02613359816672435,-0.10364022835686888,-0.052747760173057975,1
sample_08428.html,-0.4396808713202109,-0.4717720437546845,-0.4197508576995181,-0.4606789560637717,-0.06910182189221813,-0.30002127500860026,-0.10977361938621372,0.40139478109889704,0.34554521530869836,-0.2675630615711526,-0.02613359816672435,-0.10233782053493232,-0.33737770749743107,1
sample_06027.html,0.5547815450471512,1.2935034706440323,0.21720495981792048,0.15079042259785022,0.9786641933508861,-0.01975922885326917,-0.10977361938621372,0.6928967252261831,-0.19730756511825537,-0.17976680329937764,-0.02613359816672435,-0.09510222152417365,0.127930958720942,0
sample_06595.html,-0.35962960171527464,-0.4805110314497277,-0.5789898120788778,-0.3962599412549386,-0.1958023509493816,-0.16598290510822453,0.22932624812042704,-1.9925510562714843,-0.26705429033636424,-0.26932786625702015,-0.0107062330639235,-0.09394452568245226,0.12877749385058535,0
sample_01283.html,-0.440218128163197,-0.4805110314497277,-0.4993703348891979,-0.41466537405746234,-1.105832534939457,-0.245187396412992,-0.44887348689285445,0.8103084325440937,1.4490353259557562,-0.20056707991142647,-0.02613359816672435,-0.10335080439643853,-0.6954254706306408,1
sample_09085.html,1.4691926918095768,-0.42807710527946874,-0.5789898120788778,1.524040214475038,0.4391393624506973,4.708139636723621,-0.10977361938621372,-1.9925510562714843,0.20450710443228015,-0.26943886026242064,-0.022276756891024138,0.4413450891334738,0.31652738208986303,0
sample_02666.html,-0.19576626460449917,-0.42807710527946874,-0.4993703348891979,-0.41773294619121626,-1.0664311837816758,-0.31220658136317986,-0.10977361938621372,0.1399067559930037,2.4980162860699573,-0.24191234692310307,-0.02613359816672435,0.5089255838939597,-1.1466511195020574,1
sample_03749.html,-0.05661674227108656,-0.04356164669757005,0.854160777335359,0.0321776334260306,0.8383968148846662,-0.13551963922177548,-0.10977361938621372,0.6416707289476257,1.434875876356085,-0.047084569243650946,-0.02613359816672435,0.1582884558325948,-0.7439256885210398,0
sample_08723.html,-0.42410042287361255,-0.4717720437546845,-0.4993703348891979,-0.3461562630702906,0.20541232108518084,-0.19644617099467354,-0.44887348689285445,0.4045671707329657,-0.40103916885789426,-0.2677517513803334,-0.02613359816672435,-0.10132483667342611,0.5464940541666239,0
sample_06588.html,0.7949353538619598,-0.12221253595295842,5.631329408716148,1.1232107889978544,0.9649067411796497,1.2596979383775901,0.5684261156270678,0.30896097887535745,-0.30948782498107436,0.658837305103364,-0.011991846822490236,-0.07064589686780937,-0.04963109500631971,1
sample_09399.html,-0.37037473857499764,-0.3756431791092098,-0.4197508576995181,-0.3676292680065683,0.6297095308493702,-0.25128004959028183,-0.10977361938621372,0.20862571065894445,0.6530615592455306,-0.2649769012453216,-0.02613359816672435,-0.09785174914826195,0.5219023976965319,1
sample_01847.html,-0.4520377787088923,-0.4805110314497277,-0.5789898120788778,-0.483174485044634,-0.7179667058248038,-0.3365771940723391,-0.44887348689285445,-1.9925510562714843,0.5549298504953988,-0.2694943572651209,-0.027419211925291086,-0.10364022835686888,-0.4315231178309071,0
sample_09038.html,-0.4520377787088923,-0.4805110314497277,-0.5789898120788778,-0.4872645812229726,-0.7067890193140784,-0.3365771940723391,-0.44887348689285445,-1.9925510562714843,0.22606251694284138,-0.2694943572651209,-0.027419211925291086,-0.10364022835686888,-0.8721332970100784,1
sample_08252.html,-0.3171863111193689,-0.3057312775488646,0.5356828685766397,-0.32877335431235155,1.8023758955587692,-0.30002127500860026,-0.10977361938621372,0.6377886792829968,0.45681264975798114,-0.12922013324000176,0.013720428348844514,-0.06702809736243004,-0.6160848945379693,1
sample_09371.html,-0.43538281657632166,-0.4717720437546845,-0.4197508576995181,-0.4494311915733405,-1.8285293515827974,-0.22690943688112258,-0.10977361938621372,0.4066228702510142,0.20549469220527664,-0.2642110426080583,-0.02613359816672435,-0.10233782053493232,-0.4970429029906451,1
sample_03829.html,-0.375210050161873,-0.42807710527946874,-0.34013138050983827,-0.3297958783569362,0.15343190224007477,-0.245187396412992,-0.44887348689285445,0.5465335926756818,-0.19932665611488368,-0.26113650865846516,-0.02613359816672435,-0.07122474478867005,0.187715399929644,0
sample_06496.html,0.016450188375029717,0.6031234427356232,-0.4197508576995181,-0.04860176609615691,0.1599525721375402,-0.32439188771775945,0.22932624812042704,0.4964661217293489,-0.594160030804895,-0.2527453618501893,-0.004278164271089811,-0.06456799369877209,0.5257508405277799,0
sample_04611.html,0.00839133573023748,0.2186079841537245,-0.5789898120788778,0.10170926845778692,0.3329495389173085,-0.11724167968990606,-0.10977361938621372,-1.9925510562714843,-0.08627714895340217,-0.26903928184297893,-0.02613359816672435,-0.06326558587683553,-0.1218928747238222,0
sample_05083.html,3.9212329231983616,3.9064607914619347,-0.34013138050983827,1.4248553821503267,1.5013787302788137,-0.1537975987536449,-0.10977361938621372,0.24579047243851895,0.21883861071950417,-0.24789492381418862,-0.009420619305356762,0.3452563342705987,-0.5905985287921688,0
sample_09409.html,1.1602700070925411,0.7953811720265725,-0.26051190332015844,0.8481518210045829,0.3786928876727241,1.929889787879469,-0.10977361938621372,0.5601127351056066,-0.47366324964601164,-0.2509361595621616,-0.02613359816672435,0.11849266127342213,0.4125031231453526,0
sample_07165.html,0.4672086796404088,-0.2969922898538215,0.13758548262824066,0.5761604251450655,1.3146260130841139,1.076918343058896,-0.44887348689285445,0.5600000343425258,1.1765936169098294,3.858339405376889,-0.01970552937389066,1.5460763460961067,-1.1056717788920474,0
sample_01316.html,0.14163103279080247,-0.2358193759885194,0.45606339138695995,0.7704399936161493,0.7090132156864132,0.9611579326903897,-0.10977361938621372,0.7525046452723284,-0.02825859151697159,-0.18947877877191913,-0.02613359816672435,0.013142339676775973,0.9443479903359844,0
sample_01911.html,-0.4520377787088923,-0.4805110314497277,-0.5789898120788778,-0.486242057178388,-0.7123121087648986,-0.3365771940723391,-0.44887348689285445,-1.9925510562714843,0.011481041558787767,-0.2694943572651209,-0.027419211925291086,-0.10364022835686888,-0.7502781960856892,1
sample_09792.html,-0.4520377787088923,-0.4805110314497277,-0.5789898120788778,-0.49237720144589586,-2.256016803315404,-0.3365771940723391,-0.44887348689285445,-1.9925510562714843,-1.3950323556491044,-0.2694943572651209,-0.027419211925291086,-0.10364022835686888,-1.3133725301468988,1
sample_07404.html,-0.11302871078463221,-0.11347354825791527,0.05796600543856084,-0.024061189026125265,0.7501380220556247,0.3640779213159886,-0.44887348689285445,0.5636452283402209,-0.44083012847065517,-0.22720564120754025,-0.02613359816672435,-0.08309112716631427,0.7471258394403886,0
sample_07379.html,0.09274066007906288,0.07004519333799093,0.05796600543856084,1.608909710175564,1.3164476614511371,2.9229922557777073,-0.10977361938621372,0.5349627974689871,-2.036712747896234,-0.2324334588619026,-0.02613359816672435,0.32572021694155034,2.892789815120311,0
sample_05576.html,-0.3273941911361057,-0.3406872283290372,-0.4993703348891979,-0.3931923691211846,0.4911933928541008,-0.2817433154767308,-0.10977361938621372,0.343253371727165,0.013881530544676085,-0.25871683934073486,-0.004278164271089811,-0.09582578142524951,-0.2023741806974135,1
sample_00883.html,-0.32255887954923035,-0.2358193759885194,1.3318776404734378,-0.1467640743762835,-0.15117022483653425,-0.2695580091221512,-0.10977361938621372,0.558675707275926,0.10110013650870837,-0.15632486935879752,-0.02613359816672435,-0.09915415697019851,-0.007969115664552575,0
sample_03356.html,-0.4520377787088923,-0.4805110314497277,-0.4993703348891979,-0.4852195331338033,-1.1172037129588293,-0.3365771940723391,-0.44887348689285445,0.042651901014697575,-1.404305182620459,-0.2501481021238182,-0.027419211925291086,-0.10364022835686888,2.3544702905478476,1
sample_00365.html,0.09757597166593823,0.7866421843315294,0.13758548262824066,0.3726781402727197,1.0149053164343613,0.132557100578976,-0.10977361938621372,0.6380432699081763,-0.9417395771873679,-0.225740520336254,-0.02613359816672435,-0.06500212963941761,1.2880972627495655,0
sample_08765.html,-0.3999238649392358,-0.4542940683645982,-0.26051190332015844,-0.415687898102047,-0.32638593664129023,-0.32439188771775945,-0.10977361938621372,0.5053284309276664,1.148069839026117,-0.25998217100230026,-0.014563074339623712,0.008656268290105601,-0.8928724037866735,1
sample_01975.html,0.23081566872650322,0.27104191032398345,-0.4197508576995181,0.29496631288428615,0.9925662160790678,0.5895060888757114,0.22932624812042704,-0.5191631178363302,0.5699137255141861,-0.23264434747216348,-0.02613359816672435,-0.08265699122566875,0.7824311652422835,1
sample_02984.html,-0.3800453617487483,-0.4368160929745119,-0.18089242613047862,-0.345133739025706,0.6986758879304402,-0.2208167837038328,-0.10977361938621372,0.47871591055520474,-0.11742929514095626,-0.2510804517691822,-0.024847984408157612,-0.08974787825621224,0.5766000010974838,1
sample_08281.html,1.0146734026432949,1.0400728274877808,2.207691889559916,0.1405651821520037,0.14374230774854035,-0.21472413052654296,0.22932624812042704,0.7047201427190005,0.25614233970484995,-0.06014856367928674,-0.02613359816672435,0.04020347997701338,-0.2180806211349737,0
sample_01089.html,-0.37574730700485914,-0.4018601421943393,-0.021653471751118984,-0.30321025319773526,-1.407644611358537,-0.3304845408950493,-0.44887348689285445,0.48788110460192957,1.476651577944954,-0.20339742704913857,-0.008135005546790024,-0.08699835063212395,-0.8020681279765822,1
sample_05485.html,0.06910135898767233,0.2360859595438108,0.6153023457663196,0.1538579947316042,0.8282446454819128,-0.03803718838513859,0.22932624812042704,0.5606119396833119,0.4405038743829913,1.0258500833605717,-0.02613359816672435,-0.08598536677061773,-1.068842298727057,0
sample_06902.html,0.13303492330302408,-0.1659074744281742,-0.4993703348891979,0.07819121543233994,0.8402811314874162,0.7722856841944056,-0.10977361938621372,0.4651115671705676,-1.053811760853219,-0.26511009405180214,-0.02613359816672435,-0.046334284191660254,-0.07702556110370903,0
sample_02914.html,1.054967665867256,1.4682832245448953,-0.021653471751118984,0.1559030428207735,1.3298378310081351,-0.06240780109429781,-0.10977361938621372,0.5132730503509866,0.14236073154383347,0.4541199615427297,-0.02613359816672435,-0.022746231416587003,0.28451293064001815,0
sample_03887.html,8.235405372377139,1.0750287782679535,-0.26051190332015844,3.6877010928161615,1.0053171187606447,7.260961318008049,-0.44887348689285445,0.37422452986401183,0.3901608101727578,5.368412848850339,-0.02613359816672435,1.6683579693779282,-0.7499770913757077,0
sample_06231.html,-0.26883319525061544,-0.34942621602408036,-0.4197508576995181,0.06592092689732411,0.04757189240186262,-0.12333433286719588,5.994023995733319,0.27859440088656146,-0.30630820112055973,0.06001354656726647,-0.02613359816672435,-0.07556610419512526,0.7187015417804649,1
sample_02156.html,-0.17105244982713633,-0.46303305605964135,-0.4993703348891979,-0.3850121767645074,0.9914422332922512,-0.17207555828551432,-0.10977361938621372,0.5827616183051927,1.5686931093057512,-0.2647993108366808,-0.008135005546790024,-0.06500212963941761,-0.7980435333489906,1
sample_01949.html,-0.44075538500618316,-0.4717720437546845,-0.4197508576995181,-0.4300032347262321,0.06882610191676533,-0.16598290510822453,-0.10977361938621372,0.19651814395351747,-0.49663897960599557,-0.2650323982480218,-0.02613359816672435,-0.10364022835686888,0.5916931761811528,1
sample_04745.html,-0.42947299130347405,-0.4805110314497277,-0.4197508576995181,-0.4576113839300177,-1.6325976031243559,-0.2208167837038328,-0.44887348689285445,0.3952496212226696,0.002711666319458583,-0.24695147476828458,-0.011991846822490236,-0.057332394688013426,0.728711021131946,0
sample_01476.html,-0.13827978240498123,-0.2183414005984331,2.8446477070773546,0.16715080731120466,0.8748679899850106,0.016796690210469666,0.22932624812042704,0.7617261307086853,1.41545753480499,0.9358672431824073,-0.02613359816672435,-0.07469783231383421,-0.7495921154122378,0
sample_01247.html,0.2077136244780988,0.821598135111702,0.21720495981792048,0.10068674441320227,0.8782259912110498,-0.20863147734925316,0.22932624812042704,0.4766607922166955,-0.7071476922188776,-0.2155845688421106,-0.02613359816672435,-0.04459774042907817,1.3179707612771236,0
sample_09538.html,-0.3821943891206929,-0.2882533021587783,-0.5789898120788778,-0.37376441227407625,1.0323694481918972,-0.31829923454046966,-0.44887348689285445,-1.9925510562714843,0.09068490010149319,-0.2694943572651209,-0.02613359816672435,-0.10204839657450197,0.2126711069222219,1
sample_01512.html,-0.13398172766109204,-0.2008634252083468,-0.18089242613047862,0.583318093457158,1.5785514770825388,0.1386497537562658,-0.10977361938621372,0.5361900257969883,0.5174812010379741,2.0807815082888372,-0.02613359816672435,-0.08468295894868118,-0.9165753222283904,0
sample_03902.html,0.03310515050760034,0.34095381188432866,-0.1012729489407988,-0.23061104603222496,0.5468964490359075,-0.32439188771775945,-0.10977361938621372,0.7105752032111478,0.22979088307987303,-0.23784996632544572,-0.017134301856757187,-0.07730264795770733,-0.21260811636788343,0
sample_04263.html,-0.44344166922111394,-0.4805110314497277,-0.5789898120788778,-0.3850121767645074,0.0595402354823181,-0.2634653559448614,1.58572571814699,-1.9925510562714843,0.039198919164220844,-0.2694943572651209,-0.02613359816672435,-0.10060127677235024,-0.38186106209139314,1
sample_00954.html,-0.10120906023893694,0.026350254862775167,-0.34013138050983827,0.3552952315147806,-0.6244959845375643,-0.12333433286719588,0.22932624812042704,0.5246991527302705,-1.3980100003677247,-0.23341020610942675,-0.024847984408157612,-0.07730264795770733,1.2998290819023943,0
sample_04081.html,-0.13881703924796737,0.24482494723885398,0.21720495981792048,0.3593853276931192,0.07545732541330273,-0.03803718838513859,0.22932624812042704,0.41275232031507514,0.016864297101649994,-0.1463243094722148,-0.02613359816672435,-0.07498725627426457,0.4161851533107332,0
sample_06168.html,-0.3821943891206929,-0.2882533021587783,-0.5789898120788778,-0.37376441227407625,1.0507309202880626,-0.31829923454046966,-0.44887348689285445,-1.9925510562714843,0.12941597393539547,-0.2694943572651209,-0.02613359816672435,-0.10204839657450197,0.25303746900681584,1
sample_03008.html,-0.4498887513369477,-0.4717720437546845,-0.34013138050983827,-0.46272400415294096,-0.6158305687620326,-0.3365771940723391,-0.10977361938621372,0.79214704485737,2.147414255063748,-0.23863802376378906,0.01500604210741125,-0.10364022835686888,-0.43924150259133543,0
sample_06056.html,-0.43162201867541866,-0.46303305605964135,-0.4993703348891979,-0.4115978019237084,-0.13107916878381357,-0.31220658136317986,0.22932624812042704,0.5766664835670271,0.30305040658471905,-0.21536258083130966,-0.0209911431324574,-0.10045656479213506,-0.5630497880884486,1
sample_02502.html,-0.425712193402571,-0.4717720437546845,-0.4197508576995181,-0.42898071068164745,-1.6926612432945323,-0.19644617099467354,-0.10977361938621372,0.40139478109889704,0.36317298380148666,-0.2675630615711526,-0.02613359816672435,-0.09958829291084402,-0.6058447920552966,1
sample_01368.html,0.1169172180134396,0.7779031966364862,0.13758548262824066,0.6722776853360227,0.657174212184606,0.8210269096127242,-0.10977361938621372,0.6320619259481839,-1.6034315249304802,-0.22505235750277106,-0.02613359816672435,-0.06514684161963279,1.8501809697183766,0
sample_04465.html,-0.436457330262294,-0.4805110314497277,-0.5789898120788778,-0.41466537405746234,0.42914483866489467,-0.23300209005841238,-0.10977361938621372,-1.9925510562714843,-1.089610874500559,-0.26943886026242064,-0.02613359816672435,-0.10320609241622336,0.25224883411605653,1
sample_03565.html,-0.4477397239650031,-0.4805110314497277,-0.5789898120788778,-0.39932751338869255,1.5349271298420195,-0.32439188771775945,-0.10977361938621372,-1.9925510562714843,-0.5574196499619002,-0.2694943572651209,-0.002992550512523074,-0.10364022835686888,0.5641598851020845,1
sample_01868.html,-0.4520377787088923,-0.4805110314497277,-0.26051190332015844,-0.4617014801083563,-0.6935759838145575,-0.3365771940723391,-0.10977361938621372,0.8225030038171792,2.429013128692105,-0.2248525682930502,-0.027419211925291086,-0.10364022835686888,-1.4335693974340011,0
sample_07984.html,-0.45042600817993383,-0.4805110314497277,-0.5789898120788778,-0.483174485044634,-1.3751335685245674,-0.32439188771775945,-0.10977361938621372,-1.9925510562714843,0.21004684256597803,-0.2694943572651209,-0.014563074339623712,-0.1034955163766537,-0.8478573474268543,1
sample_08463.html,0.39736529005220944,-0.052300634392613204,5.312851499957429,0.7898679504632578,0.45524827241438526,0.9246020136266508,0.22932624812042704,0.7062946479131608,0.8696850593076578,0.8962534826549782,-0.02613359816672435,-0.00943272923679106,-0.5320590665772255,0
sample_01639.html,0.00839133573023748,0.5856454673455369,-0.4993703348891979,0.11704712912655671,-0.01514084940010769,0.132557100578976,-0.10977361938621372,0.41018090868118773,0.7911963654493235,-0.2658648532885254,-0.02613359816672435,0.04888619878992378,0.7417220431306096,1
sample_04642.html,-0.18770741195970694,-0.15716848673313102,-0.5789898120788778,-0.34308869093653666,1.100821226869268,-0.30611392818589006,-0.10977361938621372,-1.9925510562714843,0.3163179842141385,-0.2694943572651209,0.0008642907631771383,-0.058345378549519634,-0.20849749927324426,1
sample_04029.html,-0.3676884543600669,-0.4805110314497277,-0.4197508576995181,-0.23163357007680963,0.9469725249812943,0.05944526245149831,0.22932624812042704,0.5060503467092068,-0.7514230646569265,-0.2631233013551337,-0.02613359816672435,-0.061818466074683796,0.8123931503542382,0
sample_03825.html,-0.44344166922111394,-0.4805110314497277,-0.5789898120788778,-0.3850121767645074,0.06768487749222998,-0.2634653559448614,1.58572571814699,-1.9925510562714843,0.03821242837621074,-0.2694943572651209,-0.02613359816672435,-0.10060127677235024,-0.3839080134999771,1
sample_01120.html,-0.03351469802268215,-0.27951431446373515,1.9688334579908764,-0.33593102262444413,-0.5209742060299923,-0.3365771940723391,-0.10977361938621372,0.6746188996511387,1.1318342861114747,2.1000389682258196,0.012434814590277775,0.03875636017486165,-1.2211447246176454,1
sample_05999.html,-0.19522900776151303,-0.11347354825791527,2.207691889559916,-0.17334969953548446,-1.3427401467259945,-0.2878359686540206,-0.44887348689285445,0.7825156783027607,1.5102422419312842,4.981942821446428,-0.02613359816672435,-0.07440840835340387,-1.4052867148145545,0
sample_06004.html,-0.4450534397500724,-0.4717720437546845,-0.4197508576995181,-0.44431857135041725,-1.2567046833686406,-0.3304845408950493,-0.10977361938621372,0.2937847259405157,-0.1463352512638143,-0.26673060653064906,0.009863587073144301,-0.1034955163766537,-0.4398808432610943,1
sample_09402.html,-0.44397892606410005,-0.46303305605964135,-0.4197508576995181,-0.45045371561792513,-0.011938246988211425,-0.3365771940723391,-0.10977361938621372,0.8157877403147926,1.6138088469213003,-0.24029183444425614,0.020148497141678202,-0.10335080439643853,-0.09353444331178005,0
sample_01919.html,0.9673948004605136,-0.4105991298893824,-0.4197508576995181,-0.44738614348417116,-1.5628519082726062,-0.32439188771775945,-0.44887348689285445,0.5277646198950702,2.3124769938035663,-0.23034677156037367,0.03429024848591231,2.958465272996198,-1.494938396475006,1
sample_07276.html,0.5569305724190957,1.2235915690836872,0.6949218229559994,1.9841760345381314,0.13728021823802725,0.7844709905489853,0.9075259831337085,0.49776547652591696,-1.2034601197687846,-0.13395957727060198,-0.02613359816672435,0.058871325424770735,1.5533238635032953,0
sample_00633.html,-0.45042600817993383,-0.4805110314497277,-0.4197508576995181,-0.4279581866370628,-0.2610753518031188,-0.3304845408950493,-0.10977361938621372,0.3402545819265323,1.2925855545418126,-0.2620466595027491,0.01500604210741125,-0.10364022835686888,-0.372997997039691,0
sample_00991.html,-0.436457330262294,-0.4542940683645982,-0.4993703348891979,-0.4555663358408484,-0.13554332371994163,-0.32439188771775945,-0.10977361938621372,0.2287021509586939,0.048499757878979026,-0.26673060653064906,-0.0209911431324574,-0.10060127677235024,0.5383973426482718,1
sample_05259.html,-0.3096647153175628,-0.3406872283290372,-0.4993703348891979,-0.37376441227407625,0.06381297614258408,-0.2695580091221512,-0.10977361938621372,0.3316516123233787,-2.690270503033452,-0.26031515301850167,-0.02613359816672435,-0.0910502860781488,3.566025188243186,1
sample_00589.html,-0.4488142376509754,-0.4805110314497277,-0.4197508576995181,-0.4903321533567266,-2.256016803315404,-0.3304845408950493,-0.44887348689285445,-0.3596074767925978,-4.339656543765288,-0.12772171416709535,0.006006745797444088,-0.10364022835686888,-1.5365467910426651,1
sample_03246.html,-0.3821943891206929,-0.2882533021587783,-0.5789898120788778,-0.37376441227407625,1.040445547575992,-0.31829923454046966,-0.44887348689285445,-1.9925510562714843,-0.7859385487893512,-0.2694943572651209,-0.02613359816672435,-0.10204839657450197,0.24576877914384063,1
sample_02550.html,0.7326135600755664,0.821598135111702,2.7650282298876747,0.868602301896276,0.9206234206045812,0.6138767015848706,2.6030253206669123,0.38608105516934693,-0.02839443997470606,0.2602356329091816,-0.02613359816672435,0.12659653216547184,0.4659419276351359,0
sample_01780.html,-0.016322479047125377,0.07878418103303408,0.5356828685766397,-0.13551630988585234,0.6258066345219071,-0.23909474323570218,2.942125188173553,0.606771388988492,0.25074650231070567,-0.20669394900953264,-0.011991846822490236,-0.06384443379769622,0.044189990548394446,1
sample_06088.html,-0.3821943891206929,-0.2882533021587783,-0.5789898120788778,-0.37376441227407625,1.0374716769572125,-0.31829923454046966,-0.44887348689285445,-1.9925510562714843,-0.6979193214654048,-0.2694943572651209,-0.02613359816672435,-0.10204839657450197,0.25167159181103677,1
sample_05556.html,-0.42302590918764027,-0.44555508066955507,-0.5789898120788778,-0.4749942926879568,-0.6596462939419805,-0.3365771940723391,-0.44887348689285445,-1.9925510562714843,-0.43554962385491824,-0.2694943572651209,0.02529095217594515,-0.10146954865364127,0.044188243502231335,0
sample_00707.html,-0.2999940921438121,-0.2532973513786057,-0.5789898120788778,-0.38807974889826136,-0.08497203176785267,-0.31220658136317986,-0.10977361938621372,-1.9925510562714843,-0.22325049526374105,-0.2694943572651209,-0.02613359816672435,-0.10219310855471715,-0.22297064245855447,1
sample_08617.html,-0.37897084806277603,-0.4018601421943393,-0.18089242613047862,-0.30730034937607387,-0.04246327965407274,-0.25128004959028183,-0.10977361938621372,0.7137674835571408,0.39560685394318074,-0.21911417821384568,-0.013277460581056975,-0.09915415697019851,0.10091693148206186,1
sample_02047.html,0.39199272162234794,1.7828867815664489,0.13758548262824066,1.2275082415454888,1.4682458075528748,0.17520567282000463,-0.10977361938621372,0.6368150258511898,-1.311221085483204,-0.22547413472329286,-0.02613359816672435,0.0017100932397772833,1.962428490134753,0
sample_01545.html,-0.34727269432659325,-0.4018601421943393,-0.18089242613047862,-0.4197779942803856,-0.2631465164032487,-0.2573727027675716,-0.10977361938621372,-0.2585840400503138,0.7457792350711915,-0.24818350822822985,0.01500604210741125,-0.0975623251878316,0.30476266892606735,0
sample_01178.html,-0.4026101491541666,-0.42807710527946874,-0.34013138050983827,-0.4340933309045707,-0.09870350944517399,-0.30611392818589006,0.22932624812042704,-0.09619757640460459,-1.410420129724798,-0.1899671523956812,-0.01584868809819045,-0.10074598875256541,2.348623148680029,1
sample_03670.html,0.10509756746774432,0.2535639349338971,-0.1012729489407988,0.04853801813938503,-0.09877769027426339,-0.2208167837038328,-0.10977361938621372,0.7435963646268189,0.05871802882920202,-0.2276385178286021,-0.02613359816672435,-0.07556610419512526,-0.39557709544282843,0
sample_03310.html,0.1169172180134396,0.24482494723885398,-0.26051190332015844,0.17737604775705118,1.714291075517487,-0.08068576062616724,-0.10977361938621372,0.4435938962925243,-0.12715002159756036,0.3724061747669007,-0.02613359816672435,-0.03533617369530708,0.1303089623397816,0
sample_01228.html,-0.07542073177560178,0.15743507028842244,-0.4993703348891979,-0.12426854539542116,0.6747750839976583,-0.10505637333532646,0.5684261156270678,0.4273150748848469,0.05519510531953161,4.482947071367517,-0.02613359816672435,0.07435550730779428,-1.3280457622685196,0
sample_06671.html,-0.2134957404230421,0.061306205642947774,-0.4993703348891979,-0.26946695972644175,0.6409848351888243,0.08381587516065754,-0.44887348689285445,-0.27413377148357904,-1.123452606419415,-0.18677052504014754,-0.014563074339623712,-0.10103541271299576,1.5551886136422544,0
sample_01534.html,0.8132020865234888,-0.3232092529389509,1.3318776404734378,0.2111193412283447,0.8531831816204113,0.8514901754991732,-0.44887348689285445,0.5702794816296598,-0.32380436489096165,-0.1163781268151669,-0.02613359816672435,-0.06109490617360793,0.2727554012257439,0
sample_08644.html,0.842751212887727,1.7042358923110605,0.13758548262824066,0.4115340539669365,0.5443812289935239,-0.23300209005841238,0.5684261156270678,0.704352388135017,-0.11414069895489178,-0.1907885080356447,-0.02613359816672435,-0.06196317805489897,-0.2231134308882458,0
sample_00343.html,-0.4520377787088923,-0.4805110314497277,-0.5789898120788778,-0.4872645812229726,-1.1872981709558512,-0.3365771940723391,-0.44887348689285445,-1.9925510562714843,0.1297452702879306,-0.2694943572651209,-0.027419211925291086,-0.10364022835686888,-0.693695855816166,1
sample_04647.html,1.0275675668749624,1.73045285539619,-0.26051190332015844,0.9902826632018495,0.1983531512985962,0.07163056880607792,1.58572571814699,0.56544056962094,1.2296942773454835,-0.2450867754775566,-0.02613359816672435,0.051491014433796896,-0.7156726535357346,1
sample_07565.html,-0.37359827963291453,-0.38438216680425297,-0.4993703348891979,-0.4115978019237084,-0.08512317921927076,-0.32439188771775945,0.22932624812042704,-0.03534409926889036,-0.06584518039881664,-0.26772955257925335,0.007292359556010826,-0.09625991736589504,-0.44631909950197457,1
sample_06206.html,-0.4429044123781278,-0.4805110314497277,-0.5789898120788778,-0.44329604730583255,-0.06936590903517763,-0.275650662299441,-0.10977361938621372,-1.9925510562714843,-0.37220232536430614,-0.2694943572651209,-0.02613359816672435,-0.10364022835686888,-0.09724673388122487,1
sample_00957.html,-0.42678670708854327,-0.4542940683645982,-0.4993703348891979,-0.4023950855224465,1.2875023673459491,-0.29392862183131047,-0.10977361938621372,0.15981255285214338,-0.02144594136018214,-0.26774065197979335,-0.017134301856757187,-0.10306138043600818,0.2476659800133965,1
sample_01135.html,-0.4214141386586818,-0.46303305605964135,-0.5789898120788778,-0.44431857135041725,0.4193564817469748,-0.2817433154767308,-0.10977361938621372,-1.9925510562714843,-0.40759853651152433,-0.2694832578645808,-0.013277460581056975,-0.09799646112847712,-0.5908011731094343,0
sample_06948.html,-0.27957833211033845,-0.4018601421943393,-0.4993703348891979,-0.11404330494957464,0.36555361513330725,0.010704037033179861,-0.10977361938621372,0.07723708405844265,-1.5569228404134616,-0.26885059203379813,-0.02613359816672435,-0.10277195647557784,2.0996185886221683,0
sample_00645.html,-0.42678670708854327,-0.44555508066955507,-0.4197508576995181,-0.4719267205542028,-1.6251759410766895,-0.3365771940723391,-0.44887348689285445,0.46374294033693686,-0.0348682505245885,-0.18338520787543308,0.05357445486441338,-0.09828588508890747,0.6650730915183758,1
sample_04957.html,0.14915262859260855,0.13995709489833613,3.6408424789741525,-0.12017844921708255,0.3935148096086965,-0.19644617099467354,-0.44887348689285445,0.48052383192101555,-0.08349776495808484,3.0494372928193143,-0.02613359816672435,-0.0807757354828715,-1.0167502060758895,1
sample_04145.html,1.213995691391156,0.9526829505373493,0.9337802545250389,0.9279086964821858,1.0709899838973682,0.30924404272038036,1.58572571814699,0.5919528464762946,0.09291720017318475,0.2791712102305025,-0.02613359816672435,0.031086625223457464,0.3075534578327495,0
sample_06922.html,0.8346923602429348,1.4682832245448953,1.1726386860940783,0.5925208098584199,0.5081426857968305,-0.03194453520784878,0.5684261156270678,0.6560755245508525,0.8505963746205963,0.29232399987045865,-0.02613359816672435,0.12804365196762357,-0.634660245528551,0
sample_07153.html,-0.30160586267277056,-0.2183414005984331,-0.1012729489407988,-0.3931923691211846,0.6901805084956996,-0.23909474323570218,-0.10977361938621372,0.1892001079316711,-0.45980028470238554,-0.239792361419954,-0.017134301856757187,-0.09177384597922467,0.7712621948201157,1
sample_09143.html,0.7293900190176495,1.1886356183035145,0.6153023457663196,0.28474107243843966,0.4069332307427791,0.010704037033179861,0.9075259831337085,0.6649989119801344,0.4386699446668719,-0.11115030916080457,-0.02613359816672435,0.07131655572327564,-0.7903311459112117,0
sample_07994.html,0.6762015915620209,1.4158492983746365,0.21720495981792048,0.5352594633616794,0.32041673962203543,-0.17207555828551432,-0.10977361938621372,0.6963438564414934,-0.06758492906113725,-0.17799089921297004,-0.017134301856757187,0.11936093315471318,0.2260541063393958,0
sample_00890.html,-0.4520377787088923,-0.4805110314497277,-0.5789898120788778,-0.4749942926879568,-1.1424317293512656,-0.3365771940723391,-0.44887348689285445,-1.9925510562714843,1.1161728014060899,-0.2694943572651209,-0.027419211925291086,-0.10364022835686888,0.22526682736506198,0
sample_09755.html,-0.38702970070756826,-0.4105991298893824,-0.5789898120788778,-0.3850121767645074,0.1571716116444706,-0.14161229239906528,-0.10977361938621372,-1.9925510562714843,-0.2976542513625954,-0.26932786625702015,-0.018419915615323922,-0.10204839657450197,0.23000168752157238,0
sample_00814.html,-0.3096647153175628,-0.3406872283290372,-0.4993703348891979,-0.37376441227407625,0.06381297614258408,-0.2695580091221512,-0.10977361938621372,0.3316516123233787,-2.6900671462226167,-0.26031515301850167,-0.02613359816672435,-0.0910502860781488,3.566025188243186,1
sample_03852.html,0.16204679282427611,0.4108657134446739,0.13758548262824066,-0.06496215080951134,-0.1972044285742906,0.016796690210469666,-0.44887348689285445,0.18430635384069038,-0.4920525523270728,-0.09203714143084293,-0.02613359816672435,-0.06833050518436659,0.5312295251447308,0
sample_06946.html,0.298510030942758,0.7167302827711842,0.3764439141972801,0.47595306877576954,1.264351813868791,0.004611383855890054,-0.10977361938621372,0.7303525593921736,0.3500189029169176,-0.16450512755681246,-0.018419915615323922,-0.06543626558006313,0.06851427072957955,0
sample_07063.html,0.669754509446187,1.3546763845093344,0.13758548262824066,0.27962845221551635,0.8439520620791768,-0.06850045427158762,-0.10977361938621372,0.5840534745747763,0.5812192733918796,-0.20896932612024235,-0.02613359816672435,0.15307882454484856,-0.04538060991736664,1
sample_06411.html,-0.389715984922499,-0.4542940683645982,-0.5789898120788778,-0.43511585494915533,0.2510668757091484,-0.2573727027675716,-0.10977361938621372,-1.9925510562714843,-0.21186611897190485,-0.2694943572651209,-0.005563778029656549,-0.10161426063385645,-0.16806557080690165,0
sample_08163.html,-0.030291156964765253,0.15743507028842244,0.7745413001456792,-0.05166933822991087,-0.3381370847462808,-0.31220658136317986,0.22932624812042704,0.6146359396417427,0.5617992992387145,-0.05778439136425664,-0.01584868809819045,-0.015221208445397993,-0.28345042107784085,0
sample_07124.html,0.6509505199416719,1.2235915690836872,0.21720495981792048,0.16612828326662,0.7745765507002765,-0.275650662299441,0.22932624812042704,0.4739243396741112,-0.1595090675778225,-0.052245790494772994,-0.02613359816672435,-0.05646412280672238,-0.32224240774097773,0
sample_07903.html,-0.4488142376509754,-0.4805110314497277,-0.5789898120788778,-0.4555663358408484,-0.22928345543765558,-0.32439188771775945,-0.10977361938621372,-1.9925510562714843,-0.7179694310910276,-0.2694943572651209,-0.008135005546790024,-0.10364022835686888,-0.3609124531894597,1
sample_09434.html,-0.42195139550166794,-0.44555508066955507,-0.5789898120788778,-0.4688591484204489,0.32103522205746726,-0.31220658136317986,-0.10977361938621372,-1.9925510562714843,0.5085048947738157,-0.26943886026242064,-0.02613359816672435,-0.10175897261407163,-0.5993294962936854,1
sample_02396.html,-0.4520377787088923,-0.4805110314497277,-0.4993703348891979,-0.49237720144589586,-2.256016803315404,-0.3365771940723391,-0.44887348689285445,0.32146681233332947,-0.8329860769671793,-0.2532337354739514,-0.027419211925291086,-0.10364022835686888,0.7857714262425866,0
sample_07476.html,-0.40959448811298654,-0.4805110314497277,-0.4197508576995181,-0.4678366243758642,-1.5251115318287682,-0.23300209005841238,-0.44887348689285445,-0.06746472711592172,-0.7011358771538184,-0.23570778202121656,-0.013277460581056975,-0.08309112716631427,1.5146438442464942,0
sample_03222.html,-0.4520377787088923,-0.4805110314497277,-0.5789898120788778,-0.486242057178388,-1.0200836873138628,-0.3365771940723391,-0.44887348689285445,-1.9925510562714843,0.19333343166059386,-0.2694943572651209,-0.027419211925291086,-0.10364022835686888,0.25538278721721513,1
sample_01690.html,-0.21940556569588973,-0.12221253595295842,-0.4197508576995181,-0.29912015701939665,-0.20397685545159813,-0.20253882417196337,-0.10977361938621372,0.44759352338463665,-0.6914331402209718,-0.25799537830563174,-0.013277460581056975,-0.09958829291084402,0.6203473799010817,0
sample_02848.html,-0.4450534397500724,-0.4805110314497277,-0.5789898120788778,-0.42898071068164745,0.2621742996695351,-0.30002127500860026,-0.10977361938621372,-1.9925510562714843,-0.5791593765509528,-0.26943886026242064,-0.008135005546790024,-0.10364022835686888,0.036300929807954324,1
sample_01162.html,-0.41765334075777877,-0.4368160929745119,-0.18089242613047862,-0.4453410953950019,0.3090864824829112,-0.31220658136317986,-0.10977361938621372,0.8578588270453675,1.9657351705643276,3.3241696549865676,-0.008135005546790024,0.07305309948585773,-1.0960322300467802,0
sample_02913.html,-0.3805826185917345,-0.46303305605964135,-0.34013138050983827,-0.21322813727428588,-0.5857789392645881,0.05944526245149831,-0.10977361938621372,-0.27279344183015797,-0.847950644020162,-0.2669303957403699,-0.02613359816672435,-0.09437866162309778,1.001926785763732,0
sample_02548.html,-0.4520377787088923,-0.4805110314497277,-0.5789898120788778,-0.4913546774013112,-2.256016803315404,-0.3365771940723391,-0.44887348689285445,-1.9925510562714843,-0.834531934820573,-0.2694943572651209,-0.027419211925291086,-0.10364022835686888,-1.2476211570692826,1
sample_02253.html,1.0023164952546133,2.1149683139780886,0.6949218229559994,0.3195068899543178,1.7167229821738157,-0.2634653559448614,-0.10977361938621372,0.619912968286601,-0.7061750218966534,-0.17895654705995417,-0.02613359816672435,-0.06644924944156934,0.09643720525365837,0
sample_09938.html,-0.3338412732519395,-0.3406872283290372,-0.34013138050983827,-0.2725345318601957,0.3960054965023625,-0.245187396412992,-0.10977361938621372,0.7762094588647204,-0.1773757985420488,-0.24924905068007439,-0.02613359816672435,-0.0975623251878316,0.1420138326536614,1
sample_05888.html,-0.4106690017989588,-0.4368160929745119,-0.5789898120788778,-0.42693566259247817,0.3935148096086965,-0.29392862183131047,-0.10977361938621372,-1.9925510562714843,0.03741058900244925,-0.26943886026242064,-0.02613359816672435,-0.10118012469321093,-0.34326946423069915,1
sample_06297.html,-0.37306102278992836,-0.4105991298893824,0.45606339138695995,-0.3236607340894283,-0.03948094264627615,-0.20863147734925316,-0.10977361938621372,0.3623852122312254,-0.0045792538412133005,-0.1298860972724046,-0.02613359816672435,-0.10118012469321093,0.5627723523564772,1
sample_00502.html,-0.3150372837474243,-0.3581652037191235,-0.26051190332015844,-0.26230929141434917,0.8239634384326296,-0.09287106698074685,-0.10977361938621372,0.9523492299308359,2.3846649844330794,2.7993899974531264,-0.02613359816672435,-0.07136945676888523,-1.395479645102496,1
sample_07764.html,-0.33115498903700874,-0.34942621602408036,-0.4993703348891979,-0.4003500374332772,0.4618700726624893,-0.2817433154767308,-0.10977361938621372,0.3316516123233787,0.10328636063585998,-0.26031515301850167,-0.004278164271089811,-0.09582578142524951,-0.3917082617145721,1
sample_09269.html,0.5429618945014558,0.32347583649424233,0.3764439141972801,0.5996784781705125,0.4921315268954605,0.4493750657980459,-0.10977361938621372,0.5990968602535113,0.6392559439560063,0.1026796422432087,-0.02613359816672435,-0.018404872010131804,0.07994944405144024,0
sample_06298.html,-0.40637094705506965,-0.4368160929745119,-0.26051190332015844,-0.4044401336116158,0.4762214498961508,-0.2695580091221512,-0.44887348689285445,0.709380172812242,1.0861315688248716,-0.0954002597944773,-0.02613359816672435,-0.10233782053493232,0.6969872833787095,1
sample_02893.html,-0.28495090054019995,-0.38438216680425297,-0.18089242613047862,-0.3911473210320153,0.9467137187333441,-0.2817433154767308,0.22932624812042704,0.22367667837584237,0.4871378031695344,-0.25502073896089905,-0.006849391788223287,-0.0813545834037322,0.05758308111280886,1
sample_01498.html,-0.4477397239650031,-0.4805110314497277,-0.5789898120788778,-0.4811294369554647,-1.3794800297524312,-0.31220658136317986,-0.44887348689285445,-1.9925510562714843,-0.3285527339348354,-0.2694943572651209,-0.009420619305356762,-0.10364022835686888,-0.8320052633125152,1
sample_04750.html,-0.31127648584652123,-0.270775326768692,-0.021653471751118984,-0.2612867673697645,1.3166146818679432,-0.30002127500860026,-0.10977361938621372,0.5128188548997996,1.5071481288230373,-0.2501592015243583,-0.02613359816672435,-0.09886473300976815,-0.3852927301114706,1
sample_04124.html,0.3468631468115114,0.34095381188432866,-0.18089242613047862,-0.04757924205157226,0.932194927438179,0.07163056880607792,0.5684261156270678,0.30023730697294676,0.023656972346363023,-0.2303578709609137,-0.0209911431324574,-0.04937323577617889,0.40448380316449545,1
sample_07152.html,-0.42678670708854327,-0.46303305605964135,-0.5789898120788778,-0.3942148931657693,0.7983500741624102,-0.29392862183131047,0.22932624812042704,-1.9925510562714843,0.3604327693804387,-0.2694943572651209,-0.02613359816672435,-0.08960316627599707,0.4081704616984427,1
sample_08408.html,1.501965359231732,2.604351624900505,1.9688334579908764,1.1201432168641003,1.366106969481877,-0.30002127500860026,0.9075259831337085,0.582264854487339,-1.2833418635318754,0.22355211412432496,-0.02613359816672435,0.02356160225226845,-0.19179071845539586,0
sample_02010.html,1.256976238830048,2.010100461637571,1.1726386860940783,0.6242190552405441,0.36915538537987985,-0.31829923454046966,-0.10977361938621372,0.7070355993881052,0.17091799579555667,-0.1239146197818591,-0.02613359816672435,0.07681561097145223,-0.26094313409460296,0
sample_00021.html,-0.18824466880269308,-0.44555508066955507,1.3318776404734378,0.2387274904321303,1.7248329471139774,-0.20863147734925316,0.22932624812042704,0.6374831332440687,0.2502071565088784,0.03696009164558801,-0.004278164271089811,-0.0590689384505955,0.42964516617332177,1
sample_03331.html,-0.3972375807243051,-0.4018601421943393,-0.4993703348891979,-0.46988167246503354,-1.6071519193828185,-0.3304845408950493,-0.44887348689285445,0.3836153900508069,-0.11131348538410567,-0.267651856775473,0.026576565934511888,-0.09611520538567987,-0.9489455452879335,0
sample_08025.html,0.24908240138803228,0.6905133196860547,-0.021653471751118984,0.16306071113286605,0.5995065177136896,-0.18426086464009395,-0.44887348689285445,0.4378411583574051,-0.17467954592311155,0.4257387943618285,-0.02613359816672435,-0.10074598875256541,0.09315922514530497,0
sample_09922.html,-0.25647628786193405,-0.3406872283290372,-0.1012729489407988,-0.2704894837710264,0.6297933892819284,-0.03194453520784878,0.22932624812042704,-0.19649009757927088,-0.9561688953941916,-0.1950950754451831,-0.02613359816672435,-0.09235269390008537,1.5760247336315347,0
sample_08509.html,-0.23391150045651576,-0.3581652037191235,-0.4197508576995181,-0.3492238352040446,0.820260095742144,-0.31829923454046966,0.22932624812042704,0.7499911190234173,0.9437782630767945,-0.19995661288172387,-0.02613359816672435,0.028915945520229865,0.45066263998446177,1
sample_04462.html,1.3064038683847736,0.30599786110415605,-0.18089242613047862,0.7990706668645196,1.229776861609257,1.8141293775109626,-0.10977361938621372,0.7457294790073677,1.0359373005853176,-0.20834775968999972,-0.017134301856757187,0.3986550549699977,0.289709349962702,0
sample_08096.html,-0.34727269432659325,-0.3319482406339941,1.1726386860940783,-0.3297958783569362,-0.2628166482034216,-0.32439188771775945,-0.44887348689285445,0.6767254380557097,0.8624919974180633,0.5297623762231528,-0.02613359816672435,-0.08960316627599707,-1.0201770110495578,0
sample_02138.html,-0.4026101491541666,-0.4105991298893824,-0.5789898120788778,-0.3308184024015209,-0.47015014573399455,-0.2634653559448614,-0.10977361938621372,-1.9925510562714843,-0.18541402041206495,-0.2694943572651209,-0.02613359816672435,-0.10002242885148954,-0.40644389206706405,1
sample_09213.html,-0.25325274680401716,-0.26203633907364887,2.207691889559916,-0.29093996466271943,-1.2256096471257738,-0.30611392818589006,-0.44887348689285445,0.5654247845516066,0.30253162281369655,10.936771211181862,-0.002992550512523074,-0.06673867340199968,-1.1553834429199994,0
sample_07370.html,-0.3424373827397179,-0.4018601421943393,-0.4993703348891979,-0.38194460463075347,0.28020454094961544,-0.31829923454046966,0.22932624812042704,0.0472756464719266,-2.5899471753591077,-0.2359519688330976,-0.02613359816672435,-0.03779627735896503,3.781625313025904,1
sample_09971.html,0.3114041951744256,0.59438445504058,0.9337802545250389,-0.07518739125535787,-0.1006379824383659,-0.3365771940723391,-0.10977361938621372,0.6967757558646019,0.21424835944361853,-0.1829856294559914,-0.01584868809819045,-0.020286127752929057,-0.13021778436899,0
sample_02749.html,-0.3800453617487483,-0.42807710527946874,-0.5789898120788778,-0.42080051832497023,-0.9834293402519998,-0.20863147734925316,-0.44887348689285445,-1.9925510562714843,1.4452148311053836,-0.2692390710526998,-0.009420619305356762,-0.07310600053146732,-1.3259717968326967,0
sample_09787.html,0.1770899844278883,0.15743507028842244,1.0133997317147188,0.5004936458458012,0.8387201122460932,0.5590428229892624,-0.10977361938621372,0.5318244454375924,0.05591065369113963,-0.19843599500773737,-0.022276756891024138,-0.047781403993811984,0.12959113496926125,0
sample_02269.html,-0.36500217014513614,-0.3406872283290372,-0.4993703348891979,-0.3113904455544125,0.7306061231544955,-0.31220658136317986,-0.10977361938621372,0.05463107171078042,-0.21104573900681042,-0.2531893378717912,-0.018419915615323922,-0.09987771687127438,-0.5979879473676111,1
sample_04627.html,-0.4310847618324325,-0.46303305605964135,-0.5789898120788778,-0.4688591484204489,-0.36259086863695095,-0.29392862183131047,-0.44887348689285445,-1.9925510562714843,0.00037260849284860803,-0.26943886026242064,-0.014563074339623712,-0.10277195647557784,-0.20074867158154033,1
sample_02019.html,0.3506239447124145,0.6817743319910116,0.2968244370076003,0.12624984552781857,-0.4589474960934213,-0.1598902519309347,0.22932624812042704,0.542895402935321,0.23680704197734467,-0.14871068058832498,-0.0209911431324574,0.061910277009289374,0.06860167518836803,0
sample_06466.html,-0.2408958394153357,-0.3669041914141667,-0.4197508576995181,-0.3533139313823832,0.10904868069703597,-0.31829923454046966,0.22932624812042704,0.7505234479216636,0.9893611334660168,-0.19985671827686344,-0.02613359816672435,0.02529814601485053,0.38304135385534466,1
sample_06283.html,-0.22048007938186204,-0.3669041914141667,0.05796600543856084,-0.08950272787954298,1.0264032662143128,-0.19644617099467354,0.22932624812042704,0.6482271333106477,0.7455103321198354,11.94078968583293,-0.02613359816672435,-0.08743248657276947,-1.2074318463794302,1
sample_03978.html,-0.4520377787088923,-0.4805110314497277,-0.4993703348891979,-0.4872645812229726,-2.1943599619359246,-0.3365771940723391,-0.44887348689285445,0.26829661949702877,2.409307212269133,-0.2686175046224571,-0.027419211925291086,-0.10364022835686888,-1.4251382178390148,1
sample_00221.html,-0.3085902016315905,-0.2358193759885194,-0.4993703348891979,-0.049624290140741566,0.15339476640498773,-0.19035351781738374,0.22932624812042704,0.5648423941005405,-1.2800689264202383,-0.2047626533155644,-0.004278164271089811,-0.0883007584540605,2.413020560981218,1
sample_03370.html,0.3979025468951956,0.04382823025286147,0.7745413001456792,0.027065013203107335,0.22486032521731852,0.4128191467343071,-0.10977361938621372,0.6187030131777133,0.016088430006244065,-0.08947317990609199,-0.02613359816672435,-0.05067564359811545,0.22141732848352128,0
sample_04830.html,-0.36446491330215,-0.3669041914141667,-0.1012729489407988,-0.34717878711487526,0.45255463442720567,-0.1537975987536449,-0.44887348689285445,0.35984480994873,-0.22856342788873307,-0.24911585787359383,-0.02613359816672435,-0.0975623251878316,0.5787476684136065,0
sample_03801.html,-0.32202162270624424,-0.38438216680425297,-0.18089242613047862,-0.3318409264461055,1.2297267778916823,-0.21472413052654296,-0.10977361938621372,0.13792231481568878,-0.9020017363687701,-0.17908973986643476,-0.02613359816672435,-0.10161426063385645,1.258863352607267,1
sample_03123.html,0.2942119761988688,0.27978089801902656,1.8095945036115169,-0.044511669917818304,-0.04709711362272837,-0.0014812693213997515,0.22932624812042704,0.516865588122966,0.16264705087810127,-0.10604458491238276,-0.02613359816672435,0.03398086482776093,-0.04235128402112705,0
sample_04401.html,-0.4343083028903494,-0.4542940683645982,-0.4197508576995181,-0.48010691291088003,-0.9849892936246056,-0.3365771940723391,-0.44887348689285445,0.3700312306382789,0.04141433699747306,-0.2455751491013187,0.044575158554446215,-0.10175897261407163,1.0557614005107283,0
sample_06339.html,-0.36500217014513614,-0.39312115449929613,-0.34013138050983827,-0.39932751338869255,1.042213321124207,-0.25128004959028183,-0.10977361938621372,0.1492868830512371,-0.14632669169081716,-0.2630789037529735,-0.01970552937389066,-0.0910502860781488,0.1748779091580794,0
sample_08786.html,0.09596420113697979,0.07004519333799093,1.0930192089043984,0.026042489158522683,-0.44147923409460477,0.08381587516065754,-0.10977361938621372,0.6558872787017161,0.5709666714467083,0.3140899243294916,-0.02613359816672435,-0.04430831646864782,-0.8376285094806363,0
sample_03494.html,3.140598730339487,3.5044673574899496,0.3764439141972801,1.7469504561944922,0.8140825205063171,0.10209383469252695,0.5684261156270678,0.3816738857575112,-0.5200130773464716,-0.15776779142900368,-0.02613359816672435,-0.061818466074683796,0.667982679564151,0
sample_09578.html,-0.24626840784519718,-0.15716848673313102,-0.34013138050983827,0.031155109381445945,-0.19691856379549097,-0.19644617099467354,4.637624525706757,0.46328462904702666,0.12440222207743715,-0.2383605387502879,0.00472113203887735,-0.09365510172202192,-0.3106734550110583,1
sample_09887.html,0.23780000768532314,0.08752316872807724,0.5356828685766397,0.38392590476315086,1.2481724293922354,0.5955987420530012,0.22932624812042704,0.3241893131682667,-0.7079147525333999,-0.002675867682921276,-0.02613359816672435,0.0017100932397772833,0.643100322435109,0
sample_05052.html,0.6020601472299323,0.5419505288703211,0.7745413001456792,0.27144825985883914,-0.42020531812057377,0.40063384037972744,-0.10977361938621372,0.534941658944686,1.529709762400883,-0.08716450459376213,-0.02613359816672435,0.14671149741538092,-0.5886273783268121,0
sample_05101.html,-0.36715119751708075,-0.3669041914141667,-0.4197508576995181,-0.3768319844078302,0.49421784378838035,-0.29392862183131047,-0.44887348689285445,0.5592233124079524,0.5302459964567225,-0.20592809037226936,-0.02613359816672435,-0.07542139221491008,-1.2444971908141014,1
sample_07141.html,0.36620439315901276,0.4021267257496307,0.854160777335359,0.005592008266829643,-0.6172542241723975,-0.13551963922177548,0.5684261156270678,0.6554981365164865,0.029399848408915522,-0.1591330176954295,-0.02613359816672435,-0.031573662209712576,0.26734734160182055,0
sample_00369.html,0.8239472233832118,1.1536796675233418,-0.021653471751118984,0.798048142819935,0.848939388985539,-0.25128004959028183,0.22932624812042704,0.6228546126501417,0.6641626404519905,3.199967362943437,-0.02613359816672435,0.08144639433833777,-1.148942227130768,0
sample_00044.html,-0.10873065604074303,-0.27951431446373515,0.45606339138695995,-0.029173809249048523,0.5446542730673529,0.3336146554295396,-0.10977361938621372,0.5992750629123688,0.6078849286628693,0.09507655287327622,-0.02613359816672435,-0.04836025191467268,-0.6640972823814586,0
sample_01616.html,-0.4520377787088923,-0.4805110314497277,-0.5789898120788778,-0.48828710526755725,-0.4857802989613899,-0.3365771940723391,-0.44887348689285445,-1.9925510562714843,-2.374105694263592,-0.2694943572651209,-0.027419211925291086,-0.10364022835686888,-0.06926926283400898,0
sample_08657.html,0.13572120751795483,0.35843178727441494,1.729975026421837,-0.1212009732616672,1.1726564180518728,-0.3365771940723391,-0.44887348689285445,0.647256931512377,-0.03720482597202624,-0.12321535754783611,-0.01584868809819045,-0.07021176092716384,0.2859713230564958,0
sample_05078.html,-0.40637094705506965,-0.42807710527946874,-0.4993703348891979,-0.4576113839300177,-1.08925059122776,-0.32439188771775945,-0.10977361938621372,0.5788950284047242,0.4392964029220513,-0.2152293880248291,-0.01584868809819045,-0.09886473300976815,-0.5764669592070668,1
sample_02755.html,-0.3290059616650642,-0.4717720437546845,-0.5789898120788778,-0.4381834270829093,-0.30942215151764696,-0.17816821146280412,-0.10977361938621372,-1.9925510562714843,-0.5914513353891108,-0.2691724746494595,-0.024847984408157612,-0.09669405330654056,-0.8162181197723448,1
sample_09571.html,-0.43806910079125244,-0.4542940683645982,-0.5789898120788778,-0.4719267205542028,-0.5750991103420575,-0.32439188771775945,-0.44887348689285445,-1.9925510562714843,1.9716372588047744,-0.2694943572651209,-0.008135005546790024,-0.10175897261407163,-1.5138952423743894,0
sample_03374.html,-0.0028910579724716508,-0.13095152364800158,-0.34013138050983827,-0.3113904455544125,0.3220941686843042,-0.07459310744887743,-0.10977361938621372,0.6480101159183866,0.9262630874750322,-0.20633876819225114,-0.02613359816672435,0.2765181436683914,-0.5711804496680605,0
sample_09069.html,-0.155472001380538,0.2186079841537245,-0.18089242613047862,-0.368651792051153,-0.7397151513966914,-0.32439188771775945,-0.10977361938621372,0.3978794867972895,-0.09601293191521582,0.49271257722047457,-0.01970552937389066,-0.0948127975637433,-1.3840005348733984,0
sample_09508.html,-0.4396808713202109,-0.4717720437546845,-0.4197508576995181,-0.37376441227407625,-0.36608358719037215,-0.30002127500860026,-0.10977361938621372,0.4069755869965004,-0.9342605653027215,-0.2675630615711526,-0.02613359816672435,-0.10262724449536266,0.6789590837786363,1
sample_06596.html,-0.42624945024555716,-0.44555508066955507,-0.4993703348891979,-0.44431857135041725,-1.4819323785720873,-0.31220658136317986,-0.10977361938621372,0.19676104058605198,-0.27661334798672277,-0.25820626691589266,-0.018419915615323922,-0.10146954865364127,0.09627247444566438,1
sample_02337.html,-0.3832689028066652,-0.38438216680425297,-0.5789898120788778,-0.3645616958728144,-0.13947244889635443,-0.31829923454046966,-0.44887348689285445,-1.9925510562714843,-1.4326368465019141,-0.2694832578645808,-0.02613359816672435,-0.09278682984073088,1.717449437340539,0
sample_04915.html,-0.3273941911361057,-0.3406872283290372,-0.4993703348891979,-0.3931923691211846,0.4911933928541008,-0.2817433154767308,-0.10977361938621372,0.343253371727165,0.014132124662091834,-0.25871683934073486,-0.004278164271089811,-0.09582578142524951,-0.20254721649351112,1
sample_03309.html,-0.44182989869215544,-0.4717720437546845,-0.5789898120788778,-0.4852195331338033,-1.166913891996537,-0.3304845408950493,-0.44887348689285445,-1.9925510562714843,0.1320617626698404,-0.2694832578645808,0.04714638607157969,-0.10262724449536266,-0.2803217482281457,0
sample_00168.html,1.29297244731012,2.263531104793822,2.128072412370236,0.4943585015782933,1.0244805783377346,-0.3304845408950493,0.5684261156270678,0.6456273269049989,0.6597377351996312,0.131782270459213,-0.01584868809819045,0.12891192384891462,-0.34995106835691425,0
sample_02726.html,-0.4117435154849311,-0.46303305605964135,-0.4197508576995181,-0.4115978019237084,-0.20615861604330565,-0.2695580091221512,-0.44887348689285445,0.5943858596950885,0.5740490988322527,-0.17970020689613736,-0.009420619305356762,-0.1019036845942868,-0.21501332957883088,1
sample_06524.html,-0.4520377787088923,-0.4805110314497277,-0.4993703348891979,-0.49237720144589586,-2.256016803315404,-0.3365771940723391,-0.44887348689285445,0.7677315754121663,1.3168908740825558,-0.267185681952791,-0.027419211925291086,-0.10364022835686888,-1.0168014571092276,1
sample_01955.html,-0.33867658483881485,-0.3406872283290372,-0.26051190332015844,-0.35433645542696784,0.28513245778712515,-0.3365771940723391,-0.10977361938621372,0.7920010585777522,1.398427669481651,0.24209921242674418,0.01500604210741125,-0.084538246968466,-1.1433206106698888,1
sample_00135.html,-0.39777483756729126,-0.46303305605964135,0.05796600543856084,-0.3113904455544125,-0.01273690968546693,-0.19035351781738374,0.5684261156270678,0.6801858766802135,1.6681068664703707,-0.14574714064413233,-0.01970552937389066,-0.08945845429578189,-0.42515531709350113,1
sample_07591.html,-0.057153999114072714,0.03508924255781832,-0.021653471751118984,-0.36967431609573764,-1.6207229474817333,-0.3365771940723391,-0.44887348689285445,0.6969065290293537,0.4341956699399289,-0.2038525024712805,-0.01584868809819045,-0.06760694528329073,-0.6436278595592246,1
sample_02497.html,-0.39455129650937437,-0.34942621602408036,-0.4993703348891979,-0.38807974889826136,-0.09932334238471953,-0.3304845408950493,-0.10977361938621372,0.6201962678215219,0.5783163395310796,-0.19145447206804755,-0.0209911431324574,-0.08540651884975704,-1.0989156645507403,1
sample_04067.html,1.6249971762755602,2.5693956741203325,2.605789275508315,0.8512193931383368,0.37409044232658206,-0.11114902651261627,0.5684261156270678,0.6306498917518598,1.1352271035965609,-0.0415015707720071,-0.02613359816672435,0.19475587484681847,-0.7172625046571587,0
sample_09783.html,0.06211702002885239,0.533211541175278,1.0133997317147188,0.047515494094800374,-0.07438338306924026,-0.18426086464009395,-0.10977361938621372,0.6260222018480351,0.19841172795212403,0.11814110719549474,-0.02613359816672435,-0.07715793597749217,-0.9617910542191271,0
sample_05291.html,-0.41819059760076494,-0.4805110314497277,-0.4993703348891979,-0.17743979571382307,2.388172855107519,-0.1598902519309347,-0.10977361938621372,0.33689601188840573,-0.7560091108236946,-0.26755196217061256,-0.02613359816672435,-0.10364022835686888,1.6207048786343503,1
sample_02006.html,-0.3096647153175628,-0.3406872283290372,-0.4993703348891979,-0.37376441227407625,0.06381297614258408,-0.2695580091221512,-0.10977361938621372,0.3316516123233787,-2.6902040839400905,-0.26031515301850167,-0.02613359816672435,-0.0910502860781488,3.566025188243186,1
sample_00678.html,-0.43162201867541866,-0.46303305605964135,-0.5789898120788778,-0.46988167246503354,-0.5190038326404544,-0.30002127500860026,-0.44887348689285445,-1.9925510562714843,0.07776651133405947,-0.26943886026242064,-0.0107062330639235,-0.1024825325151475,-0.3122874518749758,1
sample_05123.html,-0.14848766242171807,-0.4105991298893824,-0.021653471751118984,-0.08336758361203508,0.5771670903304943,0.1508350601108454,-0.44887348689285445,0.43825298353820885,-0.24722751500873327,-0.24165706071068196,-0.02613359816672435,-0.08280170320588393,0.5499664909430604,0
sample_09051.html,0.02773258207773885,0.35843178727441494,-0.26051190332015844,0.13136246575074184,0.13126408577645723,-0.31220658136317986,0.22932624812042704,0.5908981575839743,0.5428108135723897,-0.25186850920752557,-0.02613359816672435,-0.07542139221491008,-0.5742718478537229,0
sample_09059.html,-0.3128882563754797,-0.42807710527946874,0.2968244370076003,-0.2551516231022566,-0.10308311555650651,-0.13551963922177548,0.9075259831337085,0.5081182811004402,0.5920020229455104,0.2709132562287072,-0.02613359816672435,0.36175350001512846,-0.6726285129634291,1
sample_03427.html,-0.18770741195970694,-0.15716848673313102,-0.5789898120788778,-0.34308869093653666,1.100821226869268,-0.30611392818589006,-0.10977361938621372,-1.9925510562714843,0.3163179842141385,-0.2694943572651209,0.0008642907631771383,-0.058345378549519634,-0.20849749927324426,1
sample_05653.html,-0.4520377787088923,-0.4805110314497277,-0.4993703348891979,-0.49237720144589586,-2.256016803315404,-0.3365771940723391,-0.44887348689285445,0.7462580960279406,1.2350733303543104,1.9288640130972086,-0.027419211925291086,-0.10364022835686888,-1.5522005723798307,1
sample_01680.html,-0.1280719023882444,-0.11347354825791527,0.6153023457663196,-0.24799395479016403,1.084608334144908,-0.17207555828551432,-0.10977361938621372,0.8123706109759005,1.64966222527435,0.45368708492166787,-0.02613359816672435,-0.06746223330307555,-1.211717859086253,0
sample_07899.html,0.41939282061464156,1.1711576429134283,-0.4197508576995181,0.22338962976336052,-1.6093031028656948,-0.17816821146280412,2.6030253206669123,-0.1305381765697507,-0.11280681156205759,-0.2687062998267775,-0.02613359816672435,-0.09872002102955299,-0.8835702825663918,1
sample_05145.html,-0.4391436144772247,-0.4717720437546845,-0.4993703348891979,-0.44431857135041725,-0.2405252454732331,-0.30611392818589006,-0.10977361938621372,0.35946574105664564,-0.2697645359515882,-0.25012590332273815,-0.02613359816672435,-0.10364022835686888,0.42519030275859804,1
sample_00147.html,-0.41228077232791727,-0.4368160929745119,-0.4197508576995181,-0.38398965271992275,-0.13830127719450253,-0.2878359686540206,-0.10977361938621372,0.28278578906579,-0.18350321419405602,-0.26562066647664434,-0.0107062330639235,-0.10291666845579302,-0.16241306813437698,1
sample_00471.html,-0.42678670708854327,-0.4805110314497277,-0.5789898120788778,-0.44431857135041725,0.5350425838893469,-0.2634653559448614,-0.10977361938621372,-1.9925510562714843,0.3093108561296938,-0.2694166614613405,-0.02613359816672435,-0.10161426063385645,-0.462573564853125,1
sample_05264.html,-0.2408958394153357,-0.3669041914141667,-0.4197508576995181,-0.3533139313823832,0.10904868069703597,-0.31829923454046966,0.22932624812042704,0.752012212383036,0.9906129220904033,-0.19997881168280396,-0.02613359816672435,0.02529814601485053,0.3834661598638024,1
sample_03250.html,0.5596168566340265,0.2360859595438108,0.05796600543856084,0.39108357307524344,1.8316805933281872,0.37017057449327845,-0.10977361938621372,0.6561670197864775,0.0674516310275901,0.10025997292547836,-0.02613359816672435,0.042663583640671326,0.06543858292172744,0
sample_08523.html,-0.3075156879456182,-0.4193381175844256,-0.4197508576995181,0.4647053042853384,0.4624979480659934,-0.01975922885326917,0.22932624812042704,0.01103597297513129,-0.2636151136477034,-0.2609367194487443,-0.02613359816672435,-0.0503862196376851,0.4178201147286083,1
sample_08552.html,0.16741936125413762,0.4458216642248465,-0.34013138050983827,0.004569484222244991,0.619933261851678,-0.19644617099467354,-0.10977361938621372,0.4506323689336289,-0.7568002224053074,-0.26262382833083153,-0.0209911431324574,-0.045031876369723695,1.0489118583126678,0
sample_07102.html,-0.43592007341930783,-0.39312115449929613,-0.5789898120788778,-0.4811294369554647,-1.1520452959116716,-0.3365771940723391,-0.44887348689285445,-1.9925510562714843,-1.238117076338313,-0.2694943572651209,0.0021499045217438758,-0.10306138043600818,-0.3445866327364374,1
sample_01561.html,-0.425712193402571,-0.4717720437546845,-0.4197508576995181,-0.4300032347262321,-1.6893667702664803,-0.19644617099467354,-0.10977361938621372,0.40139478109889704,0.37023804093351226,-0.2675630615711526,-0.02613359816672435,-0.09958829291084402,-0.6042411601294365,1
sample_04822.html,0.3388042941667192,0.5856454673455369,0.6949218229559994,-0.053714386319080175,0.7685348192212716,-0.2817433154767308,0.22932624812042704,0.6714795819003592,0.2895141114098584,-0.15341682641730509,-0.02613359816672435,-0.031284238249282226,-0.7160763646136553,0
sample_04529.html,-0.2946215237139506,-0.2882533021587783,0.5356828685766397,-0.3277508302677669,0.7115794823618603,-0.23300209005841238,0.22932624812042704,0.665824081079919,0.4638544513232982,-0.1650822963848949,-0.02613359816672435,-0.06095019419339275,-0.7752108003484087,1
sample_08545.html,0.41187122481283545,0.9177269997571766,1.0930192089043984,0.3900610490306588,0.4229701279512459,-0.25128004959028183,1.2466258506403491,0.5399621679532464,-0.05135731512470025,-0.0061166818503359715,-0.02613359816672435,-0.057042970727583076,-0.18609144970386257,0
sample_01832.html,-0.35318251959944086,-0.3756431791092098,0.05796600543856084,-0.33899859475819805,0.39919805794645474,-0.12333433286719588,0.22932624812042704,0.6215423815951168,0.47088059381418573,-0.19983451947578335,-0.02613359816672435,-0.0975623251878316,-0.36464766396155224,1
sample_01216.html,-0.375210050161873,-0.3057312775488646,-0.4197508576995181,0.2407725385212996,-0.5134860543650044,-0.25128004959028183,-0.10977361938621372,0.4452678293132099,-1.375687437414764,-0.2604927434271424,-0.02613359816672435,-0.10306138043600818,-0.164047051727907,0
sample_08213.html,-0.30697843110263207,-0.2969922898538215,0.45606339138695995,-0.3604715996944758,-0.0022730160753715195,-0.275650662299441,-0.10977361938621372,0.4844103494336966,-0.05211314550605812,-0.1550817364983122,-0.02613359816672435,-0.05299103528155823,-1.2020882318986739,0
sample_08539.html,-0.4520377787088923,-0.4805110314497277,-0.5789898120788778,-0.48828710526755725,-0.4857802989613899,-0.3365771940723391,-0.44887348689285445,-1.9925510562714843,-2.374105694263592,-0.2694943572651209,-0.027419211925291086,-0.10364022835686888,-0.06926926283400898,0
sample_05141.html,-0.3676884543600669,-0.4105991298893824,-0.34013138050983827,-0.3594490756498911,0.005223862389740331,-0.13551963922177548,0.22932624812042704,0.4319144826598945,0.27696038002275813,-0.2611143098573851,-0.022276756891024138,-0.0969834772669709,-0.06175207521081514,0
sample_08638.html,-0.02545584537788991,-0.061039622087656356,-0.18089242613047862,1.1866072797621028,0.051895679695192085,0.21176159188374347,0.22932624812042704,0.17273414768350273,-0.7741285165716978,-0.2276385178286021,-0.02613359816672435,-0.034323189833800866,-0.3402039588336934,0
sample_05265.html,0.543499151344442,0.4108657134446739,1.4114971176631177,0.25713292323465403,-0.10404857459589455,0.24222485777019248,0.22932624812042704,0.5771864105697313,0.4299308189173168,-0.06530978493040879,-0.02613359816672435,0.2562584664382671,-0.38601858867927813,0
sample_04262.html,0.2163097339658772,0.8565540858918747,-0.1012729489407988,0.09966422036861762,0.7799012129435603,-0.18426086464009395,-0.10977361938621372,0.7903812087557689,0.5623559083911358,-0.1547043568799506,-0.011991846822490236,-0.06384443379769622,-0.1720565022017082,0
sample_06103.html,-0.19415449407554072,-0.27951431446373515,-0.5789898120788778,3.4647908510967076,1.7873239397741452,0.2726881236566415,-0.10977361938621372,-1.9925510562714843,-1.6577952786010686,-0.2694832578645808,-0.02613359816672435,-0.08338055112674461,1.5486234618767039,1
sample_02191.html,-0.4482769808079893,-0.4805110314497277,-0.5789898120788778,-0.48010691291088003,-1.1549127552848037,-0.3304845408950493,-0.44887348689285445,-1.9925510562714843,-0.009292516790417756,-0.2694943572651209,0.008577973314577563,-0.10364022835686888,-0.6834184134811709,0
sample_03508.html,-0.4321592755184048,-0.4717720437546845,-0.34013138050983827,-0.42898071068164745,-0.417209385230558,-0.30611392818589006,-0.44887348689285445,0.5290528871260975,-1.2868096133318425,-0.24359945580519027,0.006006745797444088,-0.09090557409793362,-1.4163594933964865,1
sample_09235.html,-0.3886414712365267,-0.38438216680425297,-0.5789898120788778,-0.46272400415294096,-0.20730834319329128,-0.3365771940723391,-0.44887348689285445,-1.9925510562714843,-1.298336360764447,-0.2694943572651209,0.040718317278746,-0.10146954865364127,1.9916220748010625,1
sample_05478.html,-0.24250760994429416,-0.20960241290338993,-0.4993703348891979,-0.31752558982192036,0.8298338557395974,-0.3365771940723391,-0.10977361938621372,0.01660112101228969,0.024221177991065417,-0.2653542808636832,0.0008642907631771383,-0.08395939904760531,-0.14945186302667832,1
sample_01530.html,0.23081566872650322,0.27104191032398345,-0.4197508576995181,0.29496631288428615,0.9925662160790678,0.5895060888757114,0.22932624812042704,-0.5191631178363302,0.5699137255141861,-0.23264434747216348,-0.02613359816672435,-0.08265699122566875,0.7824311652422835,1
sample_00586.html,-0.022232304319973018,0.24482494723885398,-0.4993703348891979,-0.19277765638259284,-0.1683554744665847,-0.3304845408950493,-0.44887348689285445,0.6784488024111349,1.2450337197046903,0.35129511493973054,-0.009420619305356762,-0.02737701478347255,-0.8607328951219275,1
sample_02101.html,-0.14741314873574576,-0.26203633907364887,0.3764439141972801,-0.09972796832538951,0.402870387490907,0.10818648786981676,2.942125188173553,0.6570376184818543,0.2575972688331734,-0.21531818322914947,-0.014563074339623712,-0.06225260201532931,0.22131147573875656,1
sample_09030.html,-0.4520377787088923,-0.4805110314497277,-0.5789898120788778,-0.48828710526755725,-0.4857802989613899,-0.3365771940723391,-0.44887348689285445,-1.9925510562714843,-2.374105694263592,-0.2694943572651209,-0.027419211925291086,-0.10364022835686888,-0.06926926283400898,0
sample_06878.html,-0.43538281657632166,-0.46303305605964135,-0.4197508576995181,-0.4749942926879568,-0.9381150702721435,-0.3365771940723391,-0.44887348689285445,0.5803923037233554,0.4559887316300433,-0.21183297145957458,0.0780011162771814,-0.10089070073278059,-0.75193097998196,1
sample_08479.html,-0.43484555973333555,-0.4717720437546845,-0.4197508576995181,-0.4647690522421103,-1.7339416059357657,-0.2817433154767308,-0.10977361938621372,0.3955316321606848,0.4146232689502813,-0.2675408627700725,-0.02613359816672435,-0.09843059706912263,-0.4730976144879382,1
sample_06267.html,-0.33437853009492563,-0.3319482406339941,-0.26051190332015844,-0.3349084985798595,0.5056911029617353,-0.3365771940723391,-0.10977361938621372,0.8051244504035547,1.4218711785609213,0.24176623041054274,0.01500604210741125,-0.08786662251341498,-1.1330224645340947,1
sample_02962.html,-0.15815828559546874,-0.4018601421943393,-0.4993703348891979,-0.43613837899374003,-0.22310991960202498,-0.30611392818589006,-0.10977361938621372,0.27357711822556674,0.7439115589037676,-0.22810469265128408,-0.02613359816672435,0.24034014861459804,-1.2542869465164237,1
sample_05419.html,-0.2715194794655462,-0.39312115449929613,-0.021653471751118984,-0.342066166891952,-0.1473362223870795,-0.07459310744887743,-0.44887348689285445,0.43723810617260345,0.4299162954541064,-0.22899264469448788,-0.02613359816672435,-0.09148442201879432,0.3621837086928156,0
sample_06459.html,6.179323434269146,9.988796227211969,-0.1012729489407988,6.1458488959976645,-0.36158315638141797,-0.31220658136317986,-0.10977361938621372,0.7551039540096166,-0.9351014815477973,-0.2338652815315687,-0.017134301856757187,0.7107987962941265,1.0224214494917254,0
sample_01201.html,-0.3821943891206929,-0.2882533021587783,-0.5789898120788778,-0.37376441227407625,1.0298242566479083,-0.31829923454046966,-0.44887348689285445,-1.9925510562714843,-0.2285732750027962,-0.2694943572651209,-0.02613359816672435,-0.10204839657450197,0.2305492430794769,1
sample_03413.html,-0.41872785444375105,-0.44555508066955507,-0.4993703348891979,-0.41466537405746234,-0.8807664702485071,-0.30002127500860026,-0.10977361938621372,0.40973863008096567,0.42220264208583586,-0.25702973045864763,-0.014563074339623712,-0.10045656479213506,-0.37157295495220827,1
sample_09513.html,-0.4375318439482663,-0.4717720437546845,-0.4197508576995181,-0.459656432019187,-1.6752975454393244,-0.2695580091221512,-0.10977361938621372,0.4069755869965004,0.18292307245893263,-0.2675630615711526,-0.02613359816672435,-0.1024825325151475,-0.30619825284995783,1
sample_04379.html,-0.10711888551178458,-0.3581652037191235,0.13758548262824066,0.4565251119286612,1.9470421081657416,0.6260620079394503,0.9075259831337085,0.5905903742223096,-0.7529048776426793,-0.20390799947398075,-0.02613359816672435,-0.017970736069486286,1.6820766938094687,0
sample_04352.html,-0.40637094705506965,-0.42807710527946874,-0.4993703348891979,-0.4565888598854331,-1.8627653575901897,-0.32439188771775945,-0.10977361938621372,0.5788950284047242,0.4477180699716204,-0.2152293880248291,-0.01584868809819045,-0.09886473300976815,-0.5868431748385684,1
sample_04311.html,-0.44397892606410005,-0.46303305605964135,-0.4197508576995181,-0.45045371561792513,0.01377132404590083,-0.3365771940723391,-0.10977361938621372,0.7927285467883388,1.5294110348483052,-0.2418457505198628,0.021434110900244937,-0.10335080439643853,-0.024354818080464906,0
sample_07110.html,-0.3273941911361057,-0.3406872283290372,-0.4993703348891979,-0.3931923691211846,0.4911933928541008,-0.2817433154767308,-0.10977361938621372,0.343253371727165,0.012446231267424893,-0.25871683934073486,-0.004278164271089811,-0.09582578142524951,-0.202201092750684,1
sample_09311.html,-0.14526412136380115,0.08752316872807724,0.13758548262824066,-0.04144409778406435,0.8132026882725863,-0.32439188771775945,0.22932624812042704,0.5243445492147851,-0.5864462049061212,-0.2282711836593848,-0.02613359816672435,-0.09047143815728811,1.0987807825706175,0
sample_03499.html,-0.30268037635874284,-0.3319482406339941,-0.4993703348891979,-0.36660674396198367,0.1450017406474816,-0.2695580091221512,-0.10977361938621372,0.343253371727165,-2.671847559479453,-0.25871683934073486,-0.02613359816672435,-0.0910502860781488,3.551261852867586,1
sample_06245.html,0.45324000172276896,0.17491304567850874,1.9688334579908764,1.5393780751438078,1.4766228816160532,0.3336146554295396,0.22932624812042704,0.2898719300818133,-0.1937051668488269,-0.06586475495741116,-0.02613359816672435,0.2698613925784934,0.5925949649051195,0
sample_03038.html,-0.3042921468877013,-0.46303305605964135,-0.34013138050983827,-0.16414698313422257,-0.029638492890947093,0.07772322198336773,-0.10977361938621372,0.018987433517669402,-0.7084761255877612,-0.2504477859383995,-0.011991846822490236,-0.10118012469321093,0.7220071617236379,1
sample_08326.html,-0.25325274680401716,-0.13095152364800158,0.3764439141972801,-0.19891280065010075,0.23623552446867022,-0.19035351781738374,0.22932624812042704,0.7032832799695565,0.6926544152149999,-0.21209935707253572,-0.0209911431324574,-0.08410411102782048,-0.7353966482656021,1
sample_00122.html,2.900982178367664,4.518189930114955,2.128072412370236,1.3512336509402318,1.4403860401756643,-0.2817433154767308,-0.10977361938621372,0.5903114677638037,1.4277417477961045,1.8295576764654042,-0.02613359816672435,0.04512368730432927,-0.9040935378782344,0
sample_05764.html,-0.4310847618324325,-0.46303305605964135,-0.5789898120788778,-0.4688591484204489,-0.36259086863695095,-0.29392862183131047,-0.44887348689285445,-1.9925510562714843,0.00037260849284860803,-0.26943886026242064,-0.014563074339623712,-0.10277195647557784,-0.20074867158154033,1
sample_08832.html,0.3205375615051901,0.35843178727441494,0.21720495981792048,0.1129570329482181,0.33149680224795997,0.053352609274208505,1.2466258506403491,0.5566183865728478,-0.1020078518664239,-0.15745700821388234,-0.02613359816672435,-0.03880926122047124,-0.039962745974677055,0
sample_09595.html,0.1367957212039271,-0.061039622087656356,-0.26051190332015844,0.28474107243843966,0.7607970423138767,0.44328241262075607,-0.44887348689285445,0.49443524979336007,0.16777779386736047,4.316278472858165,-0.02613359816672435,0.21530497603737309,-0.4566616649383489,0
sample_01839.html,-0.019546020105042274,0.27978089801902656,-0.26051190332015844,-0.040421573739479695,0.36773431591236966,-0.32439188771775945,0.5684261156270678,0.7379457152232153,-0.2566343492540983,-0.23615175804281846,-0.017134301856757187,-0.07542139221491008,0.46672392635800675,0
sample_07412.html,-0.45150052186590617,-0.4805110314497277,-0.5789898120788778,-0.4453410953950019,0.7830303673111095,-0.3304845408950493,-0.10977361938621372,-1.9925510562714843,0.14380787362379846,-0.2694943572651209,-0.013277460581056975,-0.10364022835686888,-0.7402359139868466,1
sample_05149.html,-0.3467354374836071,-0.3581652037191235,-0.5789898120788778,-0.2940075367964734,0.2513359591117207,-0.17207555828551432,0.22932624812042704,-1.9925510562714843,-0.33447195934685076,-0.26943886026242064,-0.02613359816672435,-0.10146954865364127,0.18766712148231515,1
sample_01416.html,-0.12753464554525823,-0.11347354825791527,0.6153023457663196,-0.24799395479016403,1.084608334144908,-0.17207555828551432,-0.10977361938621372,0.8146343213027117,1.6505948607947087,0.4534539975103269,-0.02613359816672435,-0.06644924944156934,-1.210676489196447,0
sample_02089.html,-0.3800453617487483,-0.4018601421943393,-0.5789898120788778,-0.28071472421687294,0.9747383747899258,-0.30611392818589006,0.22932624812042704,-1.9925510562714843,-0.5401263073852499,-0.2694943572651209,-0.02613359816672435,-0.09669405330654056,0.029433174001760178,1
sample_02366.html,-0.4396808713202109,-0.4717720437546845,-0.4197508576995181,-0.46579157628669493,-1.7247823961965245,-0.2878359686540206,-0.10977361938621372,0.40139478109889704,0.29993066625912085,-0.2675630615711526,-0.02613359816672435,-0.10262724449536266,-0.43320073846554163,1
sample_03869.html,0.016987445218015866,-0.26203633907364887,-0.4993703348891979,-0.11608835303874394,0.3471625651802331,0.21785424506103326,0.22932624812042704,0.36575273447347895,-0.1305305121644934,-0.2638336629896967,-0.02613359816672435,-0.04618957221144508,-0.24687848680767543,1
sample_04103.html,0.7288527621746634,0.8915100366720472,4.5962762052503106,1.1549090343799786,1.7212570181277305,0.5285795571028133,1.2466258506403491,0.2082223749720747,-1.072090044018437,2.5349911771886573,-0.02613359816672435,0.0014206692793469367,1.8155555186647576,0
sample_05568.html,-0.12001304974345216,-0.3319482406339941,-0.34013138050983827,0.19884905269332886,-0.15407294266235316,0.26050281730206193,-0.44887348689285445,0.5049867192076024,0.14332456675927055,-0.23710630648926254,-0.02613359816672435,0.1836130523702501,0.34198503891289306,0
sample_06776.html,0.49622054916166086,0.131218107203293,-0.18089242613047862,0.609903718616359,0.5682250392302846,1.3267171233277781,-0.10977361938621372,0.5959155378365202,-0.242211976043778,-0.21615063826965303,-0.0209911431324574,0.03890107215507682,0.5206915121782704,0
sample_05054.html,-0.4477397239650031,-0.4805110314497277,-0.4993703348891979,-0.4760168167325414,-1.3361070942956352,-0.31220658136317986,-0.10977361938621372,0.3391934432522604,0.2523025137129338,-0.2680514351949147,-0.008135005546790024,-0.10364022835686888,-0.7381459904577129,1
sample_02667.html,-0.3612413722442331,-0.4805110314497277,-0.4993703348891979,-0.34717878711487526,1.1503276251315622,-0.03194453520784878,0.22932624812042704,0.1808024340529173,1.0923801086149987,-0.26859530582137703,-0.011991846822490236,-0.07947332766093494,0.13643348038014252,1
sample_03088.html,0.008928592573223629,0.4807776150050191,0.5356828685766397,-0.045534193962402957,0.21138637595670146,-0.2573727027675716,-0.10977361938621372,0.5896319635227056,0.3758907015687462,-0.14546965563063116,0.007292359556010826,-0.04242706072585057,-0.09314225752347273,0
sample_02108.html,-0.4520377787088923,-0.4805110314497277,-0.26051190332015844,-0.4617014801083563,-0.6935759838145575,-0.3365771940723391,-0.10977361938621372,0.8164489138522025,2.4289307363642956,-0.22494136349737057,-0.027419211925291086,-0.10364022835686888,-1.4335803621043235,0
sample_07665.html,0.019136472589960464,-0.12221253595295842,0.5356828685766397,0.027065013203107335,-0.020689725606603065,0.32752200225224976,0.9075259831337085,0.5247897681853398,-0.23593948798984746,-0.22365383303472508,-0.02613359816672435,-0.05328045924198857,0.4418755062525659,0
sample_07391.html,-0.4396808713202109,-0.4717720437546845,-0.34013138050983827,-0.4555663358408484,-1.679248018270447,-0.2878359686540206,-0.10977361938621372,0.41172914281227757,0.39525999553052277,-0.2664198233155277,-0.02613359816672435,-0.10262724449536266,-0.6077979896656784,1
sample_03671.html,-0.21725653832394515,-0.1484294990380879,-0.4197508576995181,-0.061894578675757386,0.6863875117115046,-0.2573727027675716,-0.44887348689285445,0.3672348248379899,-0.3745333824107415,-0.26102551465306467,-0.0107062330639235,-0.08366997508717497,-0.09549916621177527,1
sample_05351.html,-0.4488142376509754,-0.4805110314497277,-0.5789898120788778,-0.4606789560637717,-0.10792279542121562,-0.32439188771775945,-0.10977361938621372,-1.9925510562714843,-0.7371812047038714,-0.2694943572651209,-0.008135005546790024,-0.10364022835686888,-0.32138339557269197,1
sample_06755.html,-0.2951587805569368,-0.4105991298893824,-0.021653471751118984,-0.19686775256093145,-0.1408380992466311,-0.07459310744887743,-0.10977361938621372,0.6461939182063592,-0.3821247039273745,-0.24272260316252653,-0.022276756891024138,-0.09785174914826195,0.718878006480599,0
sample_02451.html,0.4811773575580487,0.27104191032398345,3.6408424789741525,0.304169029285548,1.2100868023250344,0.4798383316844949,0.9075259831337085,0.5901497143794671,0.40299719802486594,0.7158438262770476,-0.02613359816672435,-0.005814929731411728,-0.4231606336555739,0
sample_02777.html,0.07071312951663078,-0.34942621602408036,-0.021653471751118984,0.2561103991900694,1.077958397385093,0.8393048691445936,-0.10977361938621372,0.6483434250544056,-0.05563930074380065,-0.10050598404289911,-0.02613359816672435,-0.09235269390008537,0.22478743268283508,0
sample_00125.html,-0.18770741195970694,-0.15716848673313102,-0.5789898120788778,-0.34308869093653666,1.100821226869268,-0.30611392818589006,-0.10977361938621372,-1.9925510562714843,0.3163179842141385,-0.2694943572651209,0.0008642907631771383,-0.058345378549519634,-0.20849749927324426,1
sample_04174.html,-0.43484555973333555,-0.4542940683645982,-0.34013138050983827,-0.4555663358408484,0.010583340992435686,-0.3304845408950493,-0.10977361938621372,0.20864743521808574,-0.9554016857249049,-0.24153496730474144,-0.0107062330639235,-0.10262724449536266,1.8450970653836622,1
sample_09334.html,-0.43860635763423855,-0.4805110314497277,-0.5789898120788778,-0.4647690522421103,-0.5589217001450579,-0.30611392818589006,-0.44887348689285445,-1.9925510562714843,-0.9289732444445892,-0.2694943572651209,-0.017134301856757187,-0.10364022835686888,0.38156242712762156,1
sample_07592.html,-0.4450534397500724,-0.4805110314497277,-0.4197508576995181,-0.4064851817007851,0.07446126504079426,-0.30002127500860026,-0.10977361938621372,0.478561713475935,-0.3775342080186869,-0.25880563454505523,-0.0107062330639235,-0.10364022835686888,-0.7205740828100076,1
sample_09122.html,-0.25379000364700327,-0.4018601421943393,-0.26051190332015844,0.13545256192908045,0.5261038515167344,0.5346722102801031,-0.10977361938621372,0.310361886663732,-0.34491409763707165,-0.2614916894757467,-0.02613359816672435,-0.09293154182094605,0.11364287205234479,1
sample_07096.html,4.259167477436649,5.662997318165608,3.3223645702154334,2.9126278670209955,0.8583025127337831,1.2231420193138514,0.22932624812042704,0.6486939554578167,-0.12058449692255734,-0.01933606789353243,-0.02613359816672435,0.524988613697844,-0.2331767948799674,0
sample_03482.html,-0.3273941911361057,-0.3406872283290372,-0.4993703348891979,-0.3931923691211846,0.4911933928541008,-0.2817433154767308,-0.10977361938621372,0.343253371727165,0.016396757465000942,-0.25871683934073486,-0.004278164271089811,-0.09582578142524951,-0.20254721649351112,1
sample_05697.html,-0.4300102481464602,-0.44555508066955507,-0.5789898120788778,-0.4749942926879568,-0.6178988991203459,-0.3304845408950493,-0.44887348689285445,-1.9925510562714843,-0.5106172670277019,-0.2694943572651209,0.0008642907631771383,-0.10364022835686888,0.11803795780544193,0
sample_06763.html,-0.13075818660317515,-0.19212443751330363,0.45606339138695995,0.30621407737471734,0.9620713063166183,0.29096608318851097,4.298524658200116,0.7664343642310245,0.13351284720054457,-0.11546797597088301,-0.02613359816672435,-0.04097994092369884,0.45390691774705627,0
sample_03018.html,-0.216719281480959,-0.38438216680425297,-0.26051190332015844,-0.24594890670099476,-0.17175052674269914,0.1508350601108454,-0.44887348689285445,0.5306056158093949,-0.29766960657733377,-0.2512913403794431,-0.02613359816672435,-0.09437866162309778,0.47180712665919317,0
sample_03118.html,-0.3461981806406209,-0.4193381175844256,-0.34013138050983827,-0.274579579949365,-0.07752282670355648,-0.11114902651261627,-0.10977361938621372,0.5845639876342212,-0.1299778815139618,-0.24642980294290234,-0.022276756891024138,-0.10002242885148954,0.0777853362486629,0
sample_08158.html,-0.12592287501629978,-0.061039622087656356,0.6949218229559994,-0.2173182334526245,-0.1718248650296675,-0.18426086464009395,-0.10977361938621372,0.6714936025532807,0.4215642405997405,-0.20568390356038832,-0.02613359816672435,-0.020430839733144232,-0.43156625944101,0
sample_06154.html,-0.3875669575505544,-0.4105991298893824,-0.5789898120788778,0.07307859520941667,0.27573484470737125,-0.245187396412992,0.5684261156270678,-1.9925510562714843,-0.2689409628846545,-0.2694943572651209,-0.017134301856757187,-0.07701322399727699,-0.5310211647044297,1
sample_08454.html,-0.3601668585582608,-0.39312115449929613,-0.34013138050983827,-0.42182304236955487,-0.7074794539440088,-0.2573727027675716,-0.44887348689285445,0.2577605651781773,-0.9385093349374364,-0.24963752969897607,-0.014563074339623712,-0.09727290122740126,1.4609314445049695,0
sample_01385.html,-0.43538281657632166,-0.4717720437546845,-0.4197508576995181,-0.4494311915733405,-1.8285293515827974,-0.22690943688112258,-0.10977361938621372,0.4066228702510142,0.20549469220527664,-0.2642110426080583,-0.02613359816672435,-0.10233782053493232,-0.4970429029906451,1
sample_08650.html,-0.4520377787088923,-0.4805110314497277,-0.5789898120788778,-0.4903321533567266,-0.8904318828435148,-0.3365771940723391,-0.44887348689285445,-1.9925510562714843,-0.5840803610752018,-0.2694943572651209,-0.027419211925291086,-0.10364022835686888,0.08441973101549954,0
sample_00518.html,-0.4520377787088923,-0.4805110314497277,-0.5789898120788778,-0.4903321533567266,-1.114558160185379,-0.3365771940723391,-0.44887348689285445,-1.9925510562714843,-1.60279190543054,-0.2694943572651209,-0.027419211925291086,-0.10364022835686888,0.2457020263352195,0
sample_06497.html,-0.3096647153175628,-0.3406872283290372,-0.4993703348891979,-0.37376441227407625,0.06381297614258408,-0.2695580091221512,-0.10977361938621372,0.3316516123233787,-2.6902995834359387,-0.26031515301850167,-0.02613359816672435,-0.0910502860781488,3.5660843661725488,1
sample_07905.html,3.379678025468323,5.08622413029276,0.05796600543856084,1.9800859383597926,1.080828672831825,-0.31220658136317986,-0.44887348689285445,0.21947310581855947,-0.7289713046833727,-0.1649380041778743,0.0021499045217438758,-0.061384330134038274,0.5661424044051592,0
sample_02244.html,-0.3521080059134686,-0.4368160929745119,-0.26051190332015844,-0.03939904969489504,-0.14211488279259193,-0.08068576062616724,0.9075259831337085,0.15795834784328142,-0.8041229161342315,-0.2006669745162869,-0.02613359816672435,-0.09727290122740126,0.788800217594851,0
sample_06439.html,-0.09691100549504775,-0.13095152364800158,1.0930192089043984,0.5690027568329729,-0.6977319573456147,0.010704037033179861,-0.10977361938621372,0.5118027525417325,0.1216569270193485,-0.1278327081724958,-0.0209911431324574,-0.03519146171509191,0.11702437116469253,0
sample_08291.html,-0.4477397239650031,-0.46303305605964135,-0.5789898120788778,-0.4606789560637717,-0.820801453215054,-0.3365771940723391,-0.44887348689285445,-1.9925510562714843,0.2856914045639365,-0.2694943572651209,-0.00042132299538959916,-0.10364022835686888,-0.5573545479732169,1
sample_07878.html,-0.4396808713202109,-0.4717720437546845,-0.5789898120788778,-0.48010691291088003,-1.3697623290295469,-0.32439188771775945,-0.10977361938621372,-1.9925510562714843,-0.37836881531254524,-0.2694943572651209,-0.014563074339623712,-0.1019036845942868,-0.7212890549334405,1
sample_03265.html,-0.3037548900447152,-0.1484294990380879,-0.4993703348891979,-0.3318409264461055,-0.14096558562373657,-0.2817433154767308,-0.44887348689285445,0.4819105175614744,-0.2463924854014074,-0.2650101994469417,-0.018419915615323922,-0.08873489439470603,0.21490200664659417,0
sample_09035.html,2.7473267212736254,3.8452878775966326,2.526169798318635,1.5608510800800854,1.5411660530898212,0.29705873636580077,0.9075259831337085,0.6775790577632181,0.12732320726396387,0.7104495176145845,-0.02613359816672435,0.23599878920814285,0.29396738385559856,0
sample_06301.html,-0.4337710460473632,-0.46303305605964135,-0.26051190332015844,-0.4606789560637717,-0.07026198971077695,-0.31220658136317986,-0.44887348689285445,0.27073757210414384,-0.6199538482446006,-0.24584153471427983,-0.02613359816672435,-0.10335080439643853,1.5223558666298511,0
sample_03011.html,-0.3096647153175628,-0.3406872283290372,-0.4993703348891979,-0.37376441227407625,0.06381297614258408,-0.2695580091221512,-0.10977361938621372,0.3316516123233787,-2.690445765698258,-0.26031515301850167,-0.02613359816672435,-0.0910502860781488,3.5661435571395677,1
sample_08778.html,-0.4369945871052801,-0.4805110314497277,-0.5789898120788778,-0.47703934077712606,-0.5884027022900539,-0.31829923454046966,-0.44887348689285445,-1.9925510562714843,-0.3429858375123891,-0.2694610590635007,0.05228884110584664,-0.09929886895041368,-0.24739553424601493,0
sample_01145.html,-0.44720246712201694,-0.4717720437546845,-0.4993703348891979,-0.4688591484204489,-0.3020765113450368,-0.3304845408950493,-0.44887348689285445,0.2641027143297212,-0.190191392605962,-0.2634562833713351,-0.0107062330639235,-0.10320609241622336,-0.014161155735352524,1
sample_07639.html,-0.44397892606410005,-0.46303305605964135,-0.4197508576995181,-0.4494311915733405,0.02710308884204182,-0.3365771940723391,-0.10977361938621372,0.7969599460471571,1.5444828849729606,-0.2418457505198628,0.0304334072102121,-0.10306138043600818,-0.024793691721833107,0
sample_01273.html,-0.45096326502292,-0.4805110314497277,-0.5789898120788778,-0.20198037278385472,-0.44910118862006365,-0.3304845408950493,-0.10977361938621372,-1.9925510562714843,-1.892757918744376,-0.2694943572651209,-0.01584868809819045,-0.1034955163766537,1.178423389046984,1
sample_02813.html,-0.45096326502292,-0.4805110314497277,-0.4993703348891979,-0.4913546774013112,-2.256016803315404,-0.3304845408950493,-0.44887348689285445,0.9259615532104425,2.202244487437147,0.0500462848823039,-0.013277460581056975,-0.10364022835686888,-1.5444713402880013,1
sample_08419.html,1.1710151439522642,0.9701609259274356,2.526169798318635,0.8921203549217229,1.014530845262353,0.4737456785072051,-0.44887348689285445,0.7536069098033169,1.8154719052120145,1.4795491798355493,-0.0209911431324574,-0.06066077023296241,-1.1418347218328289,0
sample_04380.html,-0.28226461632526917,-0.1659074744281742,-0.18089242613047862,-0.4197779942803856,-1.8442038897637725,-0.32439188771775945,-0.44887348689285445,0.5542848890615292,0.2571166014278292,1.682668209718417,-0.008135005546790024,-0.03316549399207948,-1.2157105114519067,0
sample_06235.html,-0.3821943891206929,-0.2882533021587783,-0.5789898120788778,-0.37376441227407625,1.0455802247764663,-0.31829923454046966,-0.44887348689285445,-1.9925510562714843,0.02507780481221077,-0.2694943572651209,-0.02613359816672435,-0.10204839657450197,0.23395628296371732,1
sample_04403.html,-0.4520377787088923,-0.4805110314497277,-0.4993703348891979,-0.49237720144589586,-2.256016803315404,-0.3365771940723391,-0.44887348689285445,0.7833707220700753,1.4728356950666746,-0.267185681952791,-0.027419211925291086,-0.10364022835686888,-1.0168014571092276,1
sample_05479.html,-0.38917872807951287,-0.4018601421943393,-0.4197508576995181,-0.4576113839300177,-0.8796367463051897,-0.3304845408950493,-0.10977361938621372,0.21629013308473186,-2.1230371643161003,-0.26557626887448416,-0.02613359816672435,-0.0997330048910592,2.8929209087708356,1
sample_04236.html,-0.4369945871052801,-0.4542940683645982,-0.18089242613047862,-0.4259131385478935,-0.11447809393985285,-0.31829923454046966,-0.44887348689285445,0.5320911694601647,0.16062637105579805,5.639282619629656,-0.002992550512523074,-0.10204839657450197,-0.48007416954959015,0
sample_04155.html,0.26197656561969984,0.8652930735869178,-0.4993703348891979,-0.02815128520446387,1.3859636918746419,-0.3304845408950493,-0.10977361938621372,0.09948790248600842,-0.007425448342376274,-0.2647438138339806,-0.011991846822490236,-0.07064589686780937,-0.16652496291949356,1
sample_05417.html,-0.43538281657632166,-0.4717720437546845,-0.4197508576995181,-0.4494311915733405,-1.8285293515827974,-0.22690943688112258,-0.10977361938621372,0.4066228702510142,0.20549469220527664,-0.2642110426080583,-0.02613359816672435,-0.10233782053493232,-0.4970429029906451,1
sample_08093.html,1.5148595234633995,2.2547921170987792,0.2968244370076003,0.44629987148281464,0.8849825451229684,-0.2634653559448614,0.22932624812042704,0.36021096908077943,-0.9081678040035395,-0.22001322965758954,-0.02613359816672435,-0.05950307439124102,0.8760511449233684,0
sample_01020.html,-0.09476197812310315,0.2011300087636382,-0.4993703348891979,-0.22243085367554774,1.9232146614362218,-0.3304845408950493,-0.10977361938621372,-0.020962626589919413,0.7021130266367398,-0.2514467319870038,-0.0209911431324574,-0.08656421469147843,-0.24605060856653552,1
sample_01644.html,0.7712960527705692,1.555673101495327,0.7745413001456792,0.2786059281709317,0.5795949333623379,-0.31220658136317986,-0.44887348689285445,0.3132443012094284,-0.5410472237068381,-0.19215373430207053,-0.011991846822490236,-0.04546601231036921,0.6758309715482322,0
sample_04544.html,-0.18770741195970694,-0.15716848673313102,-0.5789898120788778,-0.34308869093653666,1.100821226869268,-0.30611392818589006,-0.10977361938621372,-1.9925510562714843,0.3163179842141385,-0.2694943572651209,0.0008642907631771383,-0.058345378549519634,-0.20849749927324426,1
sample_04318.html,-0.4160415702288203,-0.4805110314497277,-0.18089242613047862,-0.34411121498112135,0.4355708642651104,-0.2208167837038328,0.22932624812042704,0.3781548810348203,0.2031693441159232,-0.23650693886009996,-0.02613359816672435,-0.10219310855471715,-0.17362227276892855,1
sample_02141.html,-0.12753464554525823,-0.11347354825791527,0.6153023457663196,-0.24799395479016403,1.084608334144908,-0.17207555828551432,-0.10977361938621372,0.8118986087080116,1.650544342833494,0.45366488612058775,-0.02613359816672435,-0.06688338538221486,-1.2117098670019395,0
sample_07121.html,3.0003746943201017,-0.4805110314497277,-0.4197508576995181,-0.3635391718282297,0.22751194011909953,-0.22690943688112258,0.22932624812042704,0.5424413497444558,2.410945366216206,-0.19068861343078428,-0.0209911431324574,8.72986846793774,-1.3971614247500113,1
sample_04669.html,2.6602911127098694,2.4033549079145127,0.05796600543856084,0.5240116988712482,-0.01857828812595671,-0.2573727027675716,0.22932624812042704,0.7132027741704783,0.37436035085993546,-0.2219445253515578,-0.017134301856757187,0.49040245042641756,-0.38914879997260954,0
sample_05185.html,-0.4396808713202109,-0.44555508066955507,-0.5789898120788778,-0.4617014801083563,-0.044233893500176924,-0.3365771940723391,-0.10977361938621372,-1.9925510562714843,-0.415431720042075,-0.2694943572651209,0.03943270352017926,-0.10364022835686888,-0.4858781437319899,1
sample_01488.html,-0.4520377787088923,-0.4805110314497277,-0.5789898120788778,-0.4903321533567266,-1.114558160185379,-0.3365771940723391,-0.44887348689285445,-1.9925510562714843,-1.60279190543054,-0.2694943572651209,-0.027419211925291086,-0.10364022835686888,0.2457020263352195,0
sample_02804.html,-0.353719776442427,-0.31447026524390775,-0.1012729489407988,-0.42898071068164745,-0.3988213088089629,-0.3365771940723391,-0.10977361938621372,0.6564221493500768,0.7800932241771589,-0.21570666224805113,-0.006849391788223287,-0.07397427241275835,-1.069348238080837,0
sample_04770.html,0.2034155697342096,0.07004519333799093,1.4114971176631177,1.0761746829469603,1.261515724949956,1.1378448748317942,0.5684261156270678,0.5707907103604832,-0.2858226811580118,-0.13226136898797475,-0.02613359816672435,-0.06384443379769622,0.9640167966598182,0
sample_08476.html,-0.4396808713202109,-0.4717720437546845,-0.4197508576995181,-0.46579157628669493,-1.7247823961965245,-0.2878359686540206,-0.10977361938621372,0.40139478109889704,0.29993066625912085,-0.2675630615711526,-0.02613359816672435,-0.10262724449536266,-0.43320073846554163,1
sample_09537.html,-0.3854179301786098,-0.42807710527946874,-0.18089242613047862,-0.3768319844078302,-0.1862199549928879,-0.2817433154767308,0.22932624812042704,0.710993199479621,0.42477719889842147,-0.24661849275208317,-0.02613359816672435,-0.06890935310522729,0.28765166856163854,1
sample_02379.html,0.9776026804772505,0.4370826765298033,0.6949218229559994,0.8716698740300298,0.3692629896717622,1.204864059781982,-0.10977361938621372,0.6043139584605798,0.16731985928705267,-0.14036393138220934,-0.023562370649590873,0.25813972218106435,-0.13495681657603942,0
sample_03688.html,0.015912931532043567,-0.22708038829347624,1.4114971176631177,-0.05780448249741878,-0.06520202021767882,0.19957628552916384,-0.44887348689285445,0.5388762861791533,0.05208678548317734,-0.1512191451103757,-0.01584868809819045,-0.058490090529734806,0.32006271252817203,0
sample_08042.html,1.296733245211023,0.6206014181257095,-0.34013138050983827,1.5997069937743023,0.8678007111176717,3.5870914521022956,-0.10977361938621372,0.5795063307171167,-0.5540585188624163,-0.21867020219224378,-0.017134301856757187,0.09070796107210886,0.8697470852956009,0
sample_02094.html,-0.3666139406740946,-0.2969922898538215,-0.4993703348891979,-0.2592417192805952,0.7807143314852952,-0.31220658136317986,6.33312386323996,-0.41650874953288364,0.014849125380022036,-0.2629457109464929,-0.011991846822490236,-0.09336567776159158,0.09704478618869046,1
sample_08447.html,1.8775078924790503,-0.052300634392613204,0.6949218229559994,2.140622213359583,1.8257043401024373,3.0874938915645322,1.2466258506403491,0.3126567767630029,-0.7207408477822362,-0.0340316742085552,-0.02613359816672435,0.09562816839942476,0.6565151598129567,0
sample_00791.html,-0.4488142376509754,-0.4805110314497277,-0.5789898120788778,-0.46988167246503354,-0.4298780888433753,-0.31829923454046966,-0.10977361938621372,-1.9925510562714843,-1.0897108829652162,-0.2694943572651209,-0.014563074339623712,-0.10364022835686888,-0.0949130191863865,1
sample_07475.html,-0.4488142376509754,-0.4805110314497277,-0.5789898120788778,-0.46988167246503354,-1.3776551777231834,-0.31829923454046966,-0.10977361938621372,-1.9925510562714843,-0.9810199005889653,-0.2694943572651209,-0.014563074339623712,-0.10364022835686888,-0.5946486641916527,1
sample_04817.html,-0.3993866080962497,-0.4105991298893824,-0.26051190332015844,-0.4300032347262321,-1.676180096849499,-0.29392862183131047,-0.10977361938621372,0.56722902220049,0.5619785198047537,-0.18369599109055443,-0.013277460581056975,-0.08960316627599707,-1.1774638378695101,1
sample_01330.html,-0.3096647153175628,-0.3406872283290372,-0.4993703348891979,-0.37376441227407625,0.06381297614258408,-0.2695580091221512,-0.10977361938621372,0.3316516123233787,-2.690270503033452,-0.26031515301850167,-0.02613359816672435,-0.0910502860781488,3.566025188243186,1
sample_08305.html,-0.4450534397500724,-0.4717720437546845,-0.5789898120788778,-0.4903321533567266,-2.256016803315404,-0.3365771940723391,-0.44887348689285445,-1.9925510562714843,-0.516126160827655,-0.2694832578645808,0.057431296140113594,-0.1034955163766537,-1.2434021448865817,1
sample_06322.html,-0.0877776391642832,-0.3232092529389509,0.21720495981792048,-0.16721455526797654,-0.31124021468989355,0.10818648786981676,-0.10977361938621372,0.6970883760772001,0.8016532409345686,-0.19800311838667553,-0.02613359816672435,-0.0357703096359526,-0.06930563789964421,0
sample_09705.html,-0.4520377787088923,-0.4805110314497277,-0.5789898120788778,-0.49237720144589586,-2.256016803315404,-0.3365771940723391,-0.44887348689285445,-1.9925510562714843,-1.3950323556491044,-0.2694943572651209,-0.027419211925291086,-0.10364022835686888,-1.3133725301468988,1
sample_03287.html,-0.4520377787088923,-0.4805110314497277,-0.4993703348891979,-0.49237720144589586,-2.256016803315404,-0.3365771940723391,-0.44887348689285445,0.9273642729971794,2.1933882546775947,2.6385263854262195,-0.027419211925291086,-0.10364022835686888,-1.5523465941486896,1
sample_04132.html,-0.21833105200991745,-0.13969051134304472,0.6153023457663196,-0.2786696761277036,-0.5136990585384669,-0.30611392818589006,0.5684261156270678,0.697090173995189,0.17764689398117184,-0.19362995457389684,-0.01970552937389066,-0.09061615013750328,-0.23942230238595402,0
sample_08386.html,5.517960260553196,2.604351624900505,-0.18089242613047862,5.528244373068535,0.7146236700356289,11.087147513346046,-0.10977361938621372,0.6525983710668594,-0.3514443591373939,-0.14231742587725768,-0.017134301856757187,1.1226490919865098,1.009950277795128,0
sample_04041.html,-0.14526412136380115,-0.27951431446373515,0.21720495981792048,-0.10790816068206673,0.749179279200371,-0.07459310744887743,-0.44887348689285445,0.5739203893675635,0.40153754877099995,0.4271706170314946,-0.008135005546790024,-0.06905406508544246,-0.003047425869850388,0
sample_00797.html,-0.42947299130347405,-0.4368160929745119,-0.18089242613047862,-0.45454381179626374,-0.6078452377889428,-0.32439188771775945,-0.10977361938621372,0.25643026948996334,-0.5526432073726533,-0.22006872666028976,-0.009420619305356762,-0.10233782053493232,1.243599436355297,1
sample_04686.html,-0.4477397239650031,-0.4805110314497277,-0.5789898120788778,-0.4300032347262321,0.08068687704177235,-0.29392862183131047,-0.10977361938621372,-1.9925510562714843,-0.3675467597052923,-0.2694943572651209,-0.02613359816672435,-0.10364022835686888,-0.2749856173630431,1
sample_07740.html,-0.4520377787088923,-0.4805110314497277,-0.4993703348891979,-0.49237720144589586,-2.256016803315404,-0.3365771940723391,-0.44887348689285445,0.7651249521638047,1.400427259381315,-0.267185681952791,-0.027419211925291086,-0.10364022835686888,-1.0168014571092276,1
sample_08226.html,-0.3940140396663882,-0.39312115449929613,-0.4993703348891979,-0.4535212877516791,-1.634366999699936,-0.3365771940723391,-0.10977361938621372,0.13059704099652633,-0.34457964081994774,-0.22384252284390588,0.02529095217594515,-0.09929886895041368,1.3918697579273238,1
sample_09415.html,-0.22048007938186204,-0.3406872283290372,0.7745413001456792,0.12829489361698787,0.453683377286817,0.2787807768339313,-0.44887348689285445,0.4252918937457647,0.6387473060085734,-0.13954257574224585,-0.02613359816672435,-0.07006704894694868,-0.7973729414131645,0
sample_07204.html,-0.16997793614116402,0.00013329177764570985,-0.34013138050983827,-0.15698931482213002,-0.06044456364601836,-0.2573727027675716,-0.44887348689285445,0.48784185823225984,-0.6012724436972795,-0.24185684992040282,-0.02613359816672435,-0.09625991736589504,0.37215142842593446,0
sample_05828.html,-0.4520377787088923,-0.4805110314497277,-0.5789898120788778,-0.4872645812229726,-0.8476279032632241,-0.3365771940723391,-0.44887348689285445,-1.9925510562714843,0.43211687566412993,-0.2694943572651209,-0.027419211925291086,-0.10364022835686888,-0.899351793838335,1
sample_04810.html,-0.3096647153175628,-0.3406872283290372,-0.4993703348891979,-0.37376441227407625,0.06381297614258408,-0.2695580091221512,-0.10977361938621372,0.3316516123233787,-2.6902092289541852,-0.26031515301850167,-0.02613359816672435,-0.0910502860781488,3.566025188243186,1
sample_09532.html,0.8690767981940484,0.7167302827711842,0.5356828685766397,1.9371399284872373,0.5826247923691439,1.5521452908875009,0.22932624812042704,0.20735853388473785,0.03939345374368308,-0.1097517846927586,-0.02613359816672435,-0.002341842206247569,-0.13548052625758303,0
sample_00309.html,-0.3521080059134686,-0.3319482406339941,0.6949218229559994,0.0618308307189855,0.8789951063317573,-0.3365771940723391,-0.10977361938621372,0.8393135860528773,1.6322013684550218,2.5914316289347985,0.024005338417378414,-0.0888796063749212,-0.44477534953900444,0
sample_09132.html,-0.2983823216148537,-0.34942621602408036,-0.4197508576995181,-0.3747869363186609,0.4840634396949633,-0.17207555828551432,-0.10977361938621372,0.5556578613896241,-0.017212665994640698,-0.26297900914811306,-0.004278164271089811,-0.08945845429578189,-0.2204443224430598,1
sample_00507.html,0.07823472531843687,0.7254692704662273,0.13758548262824066,0.3563177555593653,0.9305482753351263,0.10209383469252695,-0.10977361938621372,0.637567115386806,-0.9335213029997846,-0.22578491793841418,-0.02613359816672435,-0.06080548221317758,1.4059919273610553,0
sample_01119.html,0.4322869848463091,-0.1659074744281742,0.45606339138695995,0.29087621670594754,0.7963853813686498,0.5042089443936542,0.5684261156270678,0.6657680314842802,-0.28951218158046527,-0.15583649573503544,-0.02613359816672435,-0.030994814288851882,-0.5906775239615898,0
sample_03811.html,-0.4477397239650031,-0.4805110314497277,-0.4993703348891979,-0.48419700908921864,-1.2792309526931431,-0.31829923454046966,-0.44887348689285445,0.28704593753334845,0.3564502812634727,-0.2681957274019353,-0.011991846822490236,-0.10364022835686888,-0.8495846415382166,1
sample_08995.html,-0.2408958394153357,-0.3669041914141667,-0.4197508576995181,-0.3533139313823832,0.10904868069703597,-0.31829923454046966,0.22932624812042704,0.7540383261239688,0.9928423251946998,-0.19887997102933927,-0.02613359816672435,0.02833709759936917,0.3775742075656653,1
sample_08015.html,-0.43538281657632166,-0.46303305605964135,-0.4197508576995181,-0.4872645812229726,-2.256016803315404,-0.3365771940723391,-0.44887348689285445,0.5768655800430114,0.4098140301150341,-0.2149519030113279,0.0780011162771814,-0.10089070073278059,-0.9024666598082783,1
sample_02626.html,-0.38380615964965137,-0.3756431791092098,-0.4993703348891979,-0.36558421991739903,0.15666389477063947,-0.2634653559448614,0.9075259831337085,0.3172216944213166,-0.5283947585207351,-0.26673060653064906,-0.02613359816672435,-0.09929886895041368,-0.28056606090016767,1
sample_07955.html,-0.45150052186590617,-0.4805110314497277,-0.4993703348891979,-0.4913546774013112,-2.256016803315404,-0.3304845408950493,-0.44887348689285445,0.934766537811058,2.281314297504527,-0.19098829724536556,-0.01970552937389066,-0.10364022835686888,-1.5198422527019813,1
sample_02081.html,-0.33437853009492563,-0.44555508066955507,-0.4993703348891979,-0.29298501275188876,0.944376086953857,0.028981996565049278,0.22932624812042704,0.26645270675539034,-0.5311447093273146,-0.2674631669662922,-0.02613359816672435,-0.08482767092889634,0.7136067249260595,0
sample_09015.html,5.450265898336942,2.980128095787361,-0.18089242613047862,5.261365597431941,0.6642276105343288,8.83286583774882,-0.10977361938621372,0.6610859578386167,-0.17944209594427163,-0.14851089137860415,-0.01970552937389066,1.2893572931943893,0.9255850013724192,0
sample_02361.html,0.3221493320341486,-0.07851759747774266,-0.18089242613047862,0.468795400463677,1.7209223474626025,0.760100377839826,0.9075259831337085,0.5697233394217484,-0.4036715594400209,-0.14800031895376195,-0.02613359816672435,0.033402016906900235,0.9936064784118149,0
sample_04029.html,-0.35640606065735775,-0.4018601421943393,-0.26051190332015844,-0.05064681418532622,-0.4653568977752883,0.10818648786981676,0.9075259831337085,0.555819397256473,-0.46287527010057566,-0.21135569723635256,-0.02613359816672435,-0.10175897261407163,0.43041089389909115,1
sample_05869.html,-0.4396808713202109,-0.4717720437546845,-0.4197508576995181,-0.4576113839300177,-1.7369248937469068,-0.2878359686540206,-0.10977361938621372,0.40139478109889704,0.4207746663421604,-0.2675630615711526,-0.02613359816672435,-0.10262724449536266,-0.6101852760969669,1
sample_09476.html,-0.43054750498944633,-0.4717720437546845,-0.4197508576995181,-0.31854811386650506,0.7566485843684918,-0.11114902651261627,0.22932624812042704,0.20140659945443204,-0.9136773518743525,-0.25586429340194267,-0.02613359816672435,-0.1034955163766537,0.6252879873374461,1
sample_07932.html,0.49031072388881325,1.2410695444737734,1.2522581632837582,0.3829033807185662,0.8717999353304727,-0.16598290510822453,0.22932624812042704,0.21243244392219904,-0.4187686711203649,0.14004022446100828,-0.02613359816672435,-0.0357703096359526,1.154444280859597,0
sample_08063.html,-0.3886414712365267,-0.34942621602408036,-0.5789898120788778,-0.3962599412549386,-0.2717076466144955,-0.3365771940723391,-0.44887348689285445,-1.9925510562714843,-0.2849623539438469,-0.26943886026242064,0.02529095217594515,-0.10175897261407163,-0.09688459989445511,1
sample_02791.html,-0.44666521027903083,-0.4805110314497277,-0.5789898120788778,-0.4913546774013112,-0.7582785026615807,-0.3304845408950493,-0.44887348689285445,-1.9925510562714843,0.3121331461434506,-0.2694943572651209,0.06514497869151402,-0.09900944498998333,-0.4687805330422591,0
sample_00039.html,-0.4343083028903494,-0.4717720437546845,-0.4197508576995181,-0.44022847517207864,0.06416672343532498,-0.2817433154767308,-0.10977361938621372,0.3600250372681366,0.7576068988761842,-0.25508733536413936,-0.02613359816672435,-0.10320609241622336,0.4836908606022667,1
sample_02142.html,-0.39777483756729126,-0.4105991298893824,-0.4993703348891979,-0.45045371561792513,0.3786490719899367,-0.3304845408950493,-0.44887348689285445,0.6193976732411247,1.356477534404424,-0.19893546803203951,-0.02613359816672435,-0.09987771687127438,-0.7315382837766667,1
sample_07750.html,-0.4520377787088923,-0.4805110314497277,-0.4993703348891979,-0.49237720144589586,-2.256016803315404,-0.3365771940723391,-0.44887348689285445,0.3846034797493076,-0.23466497426567157,-0.2668526999365896,-0.027419211925291086,-0.10364022835686888,-1.3353013101722975,1
sample_02393.html,-0.40959448811298654,-0.4368160929745119,-0.4993703348891979,-0.4709041965096182,-1.116755684733174,-0.30002127500860026,-0.44887348689285445,0.0897710476742671,-0.020192798242595608,-0.26883949263325807,-0.011991846822490236,-0.10045656479213506,-1.001466081454122,0
sample_08621.html,0.30925516780248097,0.2623029226289403,2.0484529351805563,0.11193450890363345,0.9164045184266898,-0.31220658136317986,-0.44887348689285445,0.7420561611637112,1.306560718388896,3.0144519823170848,-0.002992550512523074,0.10373203929147445,-1.1667699597024508,0
sample_02810.html,-0.11249145394164607,-0.24455836368356254,-0.18089242613047862,0.28678612052760893,0.44843141213492,0.14474240693355558,0.22932624812042704,0.5616797995508657,0.5127355126545993,-0.12837657879895814,-0.02613359816672435,-0.07296128855125214,-0.2806134918997307,0
sample_04553.html,-0.4520377787088923,-0.4805110314497277,-0.4993703348891979,-0.4913546774013112,-2.256016803315404,-0.3365771940723391,-0.44887348689285445,0.7000137396451677,1.3455024493914685,0.5708412576218682,-0.027419211925291086,-0.10364022835686888,-1.5509804301244359,1
sample_04147.html,1.4691926918095768,1.616846015360629,2.207691889559916,2.7214158706836655,1.1712993915484915,0.37017057449327845,0.5684261156270678,0.6702109932045993,1.1548791596017145,5.258994958326551,-0.02613359816672435,0.24743103564514154,-0.7390927982145249,0
sample_02870.html,0.10670933799670276,-0.13095152364800158,1.1726386860940783,0.39108357307524344,0.5207574540301172,0.4798383316844949,-0.10977361938621372,0.5207062808185469,-0.11435348056632048,0.5183077948658239,-0.02613359816672435,-0.03996695706219262,0.4479635840390018,0
sample_08426.html,2.0940224002024683,0.6905133196860547,0.2968244370076003,0.2448626346996382,0.9072420444645014,-0.22690943688112258,-0.44887348689285445,0.5136415764423109,0.7822346933769023,0.3580879480702396,-0.017134301856757187,0.1148748617680428,-0.4931759336474732,0
sample_02890.html,0.5440364081874282,0.7429472458563137,1.9688334579908764,0.026042489158522683,0.006802522969551577,-0.2695580091221512,0.22932624812042704,0.5547726623183775,0.46396639529362427,-0.08763067941644412,-0.02613359816672435,0.040782327897874074,-0.4689514306624558,0
sample_09153.html,-0.4445161829070862,-0.4805110314497277,-0.5789898120788778,-0.4811294369554647,-1.1549127552848037,-0.29392862183131047,-0.44887348689285445,-1.9925510562714843,-0.04462842466433212,-0.26939446266026046,-0.013277460581056975,-0.0910502860781488,-1.0659906239578236,0
sample_06236.html,-0.38111987543472065,-0.34942621602408036,-0.5789898120788778,-0.368651792051153,0.6850522325636024,-0.275650662299441,-0.10977361938621372,-1.9925510562714843,-0.34172507472678265,-0.2694943572651209,-0.02613359816672435,-0.10016714083170472,-1.2377794854130675,1
sample_09350.html,-0.4391436144772247,-0.46303305605964135,-0.4993703348891979,-0.4453410953950019,-0.13902459024072258,-0.31220658136317986,-0.10977361938621372,0.3498149853427134,-0.288761666168623,-0.25054768054325993,-0.02613359816672435,-0.10320609241622336,0.4753483631565463,1
sample_08510.html,0.08468180743427066,0.12247911950824984,-0.34013138050983827,-0.14574155033169886,-0.4669513828719099,-0.06850045427158762,-0.10977361938621372,0.4977496715498493,-0.06743030052943488,-0.21572886104913122,-0.02613359816672435,-0.054293443103494786,-0.1948083756477845,0
sample_05016.html,0.26520010667761673,0.6555573689058821,-0.021653471751118984,-0.0025881840898475724,0.3308725786560274,-0.2817433154767308,-0.10977361938621372,0.660314837950427,-0.32408350636886496,-0.21451902639026607,-0.02613359816672435,-0.05458286706392513,0.006051581677480225,0
sample_04426.html,0.43121247116033684,0.07878418103303408,1.0133997317147188,0.7101110749856548,1.4339589305385143,0.8332122159673038,1.58572571814699,0.5912584214094554,-0.0763197466982926,0.01188654582562092,-0.02613359816672435,0.07507906720887014,0.28124119556981503,0
sample_04440.html,0.5225461344679821,1.0925067536580397,0.13758548262824066,0.043425397916461765,0.5695409389469607,-0.23909474323570218,0.22932624812042704,0.6653574949003825,0.40344389237168005,-0.25029239433083883,-0.00042132299538959916,-0.0007500104238806627,-0.23259226452416248,0
sample_03367.html,7.675046485142585,4.8677494379166815,-0.1012729489407988,9.904647283890844,-0.17109536873367198,6.8649388614842115,-0.44887348689285445,0.7455671886267315,-0.25545533760085304,-0.08938438470177161,-0.013277460581056975,2.621286359094844,-0.29536043893930924,0
sample_03335.html,-0.3590923448722885,-0.3319482406339941,-0.4197508576995181,-0.30627782533148923,0.07760230142211468,-0.30611392818589006,-0.10977361938621372,-0.09300980226354155,-1.272879407843654,-0.2041299874847817,-0.011991846822490236,-0.09915415697019851,2.062371642650137,0
sample_05435.html,0.011614876788154375,0.1836520333735519,-0.1012729489407988,-0.12631359348459045,-0.12202928326097578,-0.3365771940723391,-0.44887348689285445,0.579574187919446,1.0446343314673048,0.050456962702285654,-0.002992550512523074,-0.0547275790441403,-0.6184261580367514,0
sample_08091.html,0.20287831289122346,0.7866421843315294,0.9337802545250389,0.1467003264195116,-0.1461300889800816,-0.17816821146280412,-0.10977361938621372,0.630627294209585,0.1994036753391671,0.0943439924376331,-0.02613359816672435,-0.07831563181921355,-0.870539573704248,0
sample_00677.html,-0.40637094705506965,-0.42807710527946874,-0.4993703348891979,-0.4565888598854331,-1.0073421109835639,-0.32439188771775945,-0.10977361938621372,0.5788950284047242,0.44299662856157346,-0.2152293880248291,-0.01584868809819045,-0.09886473300976815,-0.5670464951657199,1
sample_01687.html,-0.39455129650937437,-0.34942621602408036,-0.4993703348891979,-0.38807974889826136,-0.1264089741573199,-0.3304845408950493,-0.10977361938621372,0.6233067339167083,0.5821368936083416,-0.19133237866210703,-0.0209911431324574,-0.08482767092889634,-1.1012920645376543,1
sample_01701.html,-0.27098222262256005,-0.2358193759885194,-0.5789898120788778,0.2786059281709317,1.1690951326483452,0.24222485777019248,0.5684261156270678,-1.9925510562714843,0.4665067395650379,-0.2691724746494595,-0.02613359816672435,-0.03475732577444639,0.2696840679956417,1
sample_03891.html,0.21416070659393258,-0.2969922898538215,-0.26051190332015844,0.30621407737471734,0.367420326734003,0.760100377839826,0.22932624812042704,0.6319972853828185,-0.788697012817448,-0.26113650865846516,-0.023562370649590873,-0.05487229102435548,0.753724067744117,0
sample_05241.html,0.44786743329290746,-0.3669041914141667,-0.5789898120788778,0.6794353536481152,0.7467041564124082,1.9847236664750771,0.22932624812042704,-1.9925510562714843,-0.5658043465573396,-0.2693500650581003,-0.02613359816672435,0.11936093315471318,0.2767698655931212,0
sample_05321.html,-0.4520377787088923,-0.4805110314497277,-0.5789898120788778,-0.49237720144589586,-2.256016803315404,-0.3365771940723391,-0.44887348689285445,-1.9925510562714843,-1.4078000403100033,-0.2694943572651209,-0.027419211925291086,-0.10364022835686888,-1.3155472897162082,1
sample_00110.html,-0.4375318439482663,-0.4805110314497277,-0.5789898120788778,-0.4811294369554647,-2.256016803315404,-0.30002127500860026,-0.44887348689285445,-1.9925510562714843,2.553043816085941,-0.2694610590635007,-0.011991846822490236,-0.09307625380116123,-1.4165401953354493,1
sample_04824.html,-0.23015070255561274,-0.3319482406339941,-0.34013138050983827,-0.1897100842488389,0.9443899250789667,0.163020366465425,-0.10977361938621372,0.5364819507742734,-0.19815039722443376,-0.262035560102209,-0.017134301856757187,-0.09495750954395848,0.011712180735581702,0
sample_08096.html,-0.4455906965930585,-0.4717720437546845,-0.4993703348891979,-0.4760168167325414,-1.4247911990232913,-0.31829923454046966,-0.10977361938621372,0.2173557760218134,0.010108937372073088,-0.2684621130148965,-0.017134301856757187,-0.1034955163766537,-0.9156985266946829,1
sample_01694.html,-0.4520377787088923,-0.4805110314497277,-0.5789898120788778,-0.4872645812229726,-0.7067890193140784,-0.3365771940723391,-0.44887348689285445,-1.9925510562714843,0.22606251694284138,-0.2694943572651209,-0.027419211925291086,-0.10364022835686888,-0.8721332970100784,1
sample_01607.html,-0.43592007341930783,-0.46303305605964135,-0.4197508576995181,-0.4749942926879568,-1.3540485959489172,-0.30611392818589006,-0.44887348689285445,-0.13027532270766715,-0.45309430732280404,-0.26251283432543104,0.008577973314577563,-0.09394452568245226,0.6884884513767044,0
sample_06710.html,-0.3827316459636791,-0.39312115449929613,-0.4993703348891979,-0.3983049893441079,0.413983891747841,-0.2817433154767308,-0.10977361938621372,0.2579016500313576,-0.4555150313040648,-0.13368209225710082,-0.0107062330639235,-0.09770703716804677,1.3287569199870384,1
sample_00725.html,0.2001920286762927,-0.3669041914141667,0.13758548262824066,0.4595926840624151,1.0375962140271286,1.89333386881573,1.2466258506403491,0.45419437802902357,0.31492680639409176,-0.19056652002484376,-0.02613359816672435,0.037888088293570606,0.5321568155276156,0
sample_06209.html,-0.048020632783308176,-0.1833854498182605,-0.34013138050983827,0.01888482084643012,0.5412122256705157,0.3397073086068294,-0.10977361938621372,0.4206157387121149,0.6675378134743256,-0.1946289006225011,-0.02613359816672435,-0.04097994092369884,-0.3781341302320886,0
sample_07594.html,-0.07380896124664334,-0.26203633907364887,-0.021653471751118984,0.027065013203107335,0.8187592375226326,0.5407648634573929,-0.44887348689285445,0.6537874304165002,-0.5898027884105658,-0.2362516526476789,-0.02613359816672435,-0.06529155359984795,0.32235950457574186,0
sample_09797.html,-0.3316922458799949,-0.4805110314497277,-0.5789898120788778,-0.251061526923918,0.9895532959063678,-0.025851882030558975,0.5684261156270678,-1.9925510562714843,-0.8152459730915832,-0.2694943572651209,-0.01584868809819045,-0.10320609241622336,0.18452475909178928,1
sample_09828.html,-0.28226461632526917,-0.2532973513786057,0.3764439141972801,-0.30627782533148923,1.3310212420320209,-0.31220658136317986,-0.10977361938621372,0.2685172526320022,-0.1497348206142441,-0.24106879248205945,-0.00042132299538959916,-0.10320609241622336,0.34590654477920235,1
sample_06836.html,-0.41872785444375105,-0.44555508066955507,-0.4993703348891979,-0.41466537405746234,-0.8807664702485071,-0.30002127500860026,-0.10977361938621372,0.40973863008096567,0.42220264208583586,-0.25702973045864763,-0.014563074339623712,-0.10045656479213506,-0.37157295495220827,1
sample_08243.html,-0.37574730700485914,-0.39312115449929613,-0.4993703348891979,-0.3983049893441079,0.413983891747841,-0.2817433154767308,-0.10977361938621372,0.5514749384278239,0.7188653856593303,-0.17874565844969328,-0.0107062330639235,-0.09683876528675574,-0.8604762357878423,1
sample_09296.html,0.691244783165633,1.1187237167431694,4.198178819301911,0.11806965317114136,0.10607421658317515,-0.30002127500860026,0.5684261156270678,0.5452477652334464,0.26849603871214206,-0.00484025078823052,-0.02613359816672435,-0.008709169335715194,0.07095013547432956,0
sample_05234.html,-0.2913979826560337,-0.31447026524390775,-0.1012729489407988,-0.3676292680065683,0.2558394421810931,-0.32439188771775945,-0.10977361938621372,0.606130109561717,0.5953686106440272,-0.11723278065675055,-0.02613359816672435,-0.03186308617014292,0.12700133459728674,1
sample_00173.html,0.4768793028141595,0.646818381210839,0.13758548262824066,0.20600672100542144,0.1691744622246528,-0.31829923454046966,0.22932624812042704,0.5741617162812597,1.5547413246293196,-0.16157488581423993,-0.02613359816672435,0.2671118649544051,-0.7670959664855285,0
sample_02183.html,-0.267221424721657,-0.1833854498182605,-0.021653471751118984,-0.29298501275188876,-0.051175187896329855,-0.22690943688112258,-0.10977361938621372,0.2808624052416456,-0.54881337527448,-0.019546956503793334,-0.02613359816672435,-0.07918390370050458,1.210054950558628,0
sample_06858.html,0.4580753133096443,0.31473684879919916,0.854160777335359,0.3174618418651485,1.4400886143549243,0.5590428229892624,-0.10977361938621372,0.443980666177648,-0.40216819559192857,0.00692511378421973,-0.02613359816672435,0.039190496115507165,1.1078408335960421,0
sample_00526.html,0.055132681070032455,-0.24455836368356254,-0.021653471751118984,0.27962845221551635,0.6601163550408253,0.3640779213159886,-0.10977361938621372,0.4636269384546533,0.18747148380037934,-0.2404028284496566,-0.02613359816672435,-0.08439353498825083,-0.22239182259692444,0
sample_07625.html,-0.4520377787088923,-0.4805110314497277,-0.4993703348891979,-0.49237720144589586,-2.256016803315404,-0.3365771940723391,-0.44887348689285445,0.9232460794527544,2.171276469922167,3.1649265554385075,-0.027419211925291086,-0.10364022835686888,-1.5523844033566976,1
sample_01492.html,-0.44344166922111394,-0.4805110314497277,-0.5789898120788778,-0.3850121767645074,0.0595402354823181,-0.2634653559448614,1.58572571814699,-1.9925510562714843,0.039198919164220844,-0.2694943572651209,-0.02613359816672435,-0.10060127677235024,-0.38186106209139314,1
sample_04587.html,-0.4278612207745156,-0.4542940683645982,-0.5789898120788778,-0.3553589794715525,-1.437510991661678,-0.30002127500860026,-0.44887348689285445,-1.9925510562714843,-0.20068821534027992,-0.2694943572651209,-0.0107062330639235,-0.10291666845579302,-0.48353401194846246,1
sample_03652.html,-0.353719776442427,-0.4368160929745119,0.05796600543856084,-0.32468325813401294,-0.06095255304310078,-0.20863147734925316,-0.44887348689285445,0.5103627814285384,0.32409010482215606,-0.20331973124535824,-0.01584868809819045,-0.10204839657450197,-0.1696050444180694,0
sample_07031.html,-0.4090572312700004,-0.4105991298893824,-0.4197508576995181,-0.43920595112749394,-0.32108915049861114,-0.29392862183131047,-0.44887348689285445,0.5272207455763916,-0.1587067209128807,-0.2675741609716927,-0.02613359816672435,-0.09900944498998333,0.08828932092791618,0
sample_09706.html,-0.07864427283351867,0.17491304567850874,-0.4197508576995181,-0.19277765638259284,0.8191935184642622,-0.275650662299441,0.22932624812042704,0.4791555517558819,0.594346264412448,-0.26462172042804005,-0.0209911431324574,-0.10074598875256541,-0.22646258357125992,0
sample_05719.html,-0.007189112716360844,0.1661740579834656,0.5356828685766397,-0.1897100842488389,-0.47727779152960176,-0.31220658136317986,0.22932624812042704,0.7291596954286088,0.04717694076421769,-0.20852535009864046,-0.01584868809819045,-0.058490090529734806,-0.020304878245849825,0
sample_08108.html,-0.4036846628401389,-0.39312115449929613,-0.34013138050983827,-0.4688591484204489,-1.5435377130570114,-0.3365771940723391,-0.44887348689285445,-0.282212968200045,-3.0789572519587702,-0.1921426349015305,0.022719724658811676,-0.0975623251878316,4.250292597266952,1
sample_09625.html,-0.4488142376509754,-0.4805110314497277,-0.5789898120788778,-0.30525530128690453,2.286888437991056,-0.31829923454046966,-0.10977361938621372,-1.9925510562714843,-1.784163149161725,-0.2694943572651209,-0.008135005546790024,-0.10320609241622336,1.9463321715743396,1
sample_00888.html,-0.4520377787088923,-0.4805110314497277,-0.5789898120788778,-0.4903321533567266,-1.114558160185379,-0.3365771940723391,-0.44887348689285445,-1.9925510562714843,-1.60279190543054,-0.2694943572651209,-0.027419211925291086,-0.10364022835686888,0.2457020263352195,0
sample_07832.html,0.08253278006232606,0.4807776150050191,0.7745413001456792,0.8420166767370749,1.0875841124264487,0.3457999617841192,1.9248255856536307,0.6904134042908049,-0.4398546178328451,-0.1860823622066646,-0.017134301856757187,-0.06587040152070865,0.6882063164590168,0
sample_09301.html,2.6173105652709774,2.551917698730246,-0.5789898120788778,1.0526566299215134,2.514214556175867,-0.16598290510822453,0.22932624812042704,-1.9925510562714843,-1.569760706362713,-0.2694943572651209,-0.009420619305356762,0.28433259060001076,2.387828650739853,1
sample_03426.html,-0.19093095301762383,-0.4105991298893824,-0.26051190332015844,-0.009745852401940137,0.43352033875923635,0.19957628552916384,-0.44887348689285445,0.2360614915123367,-0.9073566454075516,-0.24328867259006895,-0.02613359816672435,-0.07151416874910041,1.0869890944925569,0
sample_03157.html,0.4698949638553396,0.4370826765298033,5.312851499957429,1.0547016780106826,0.5283315110800865,0.827119562790014,-0.44887348689285445,0.4043578883208508,-0.5348385976897159,0.9840608403272932,-0.02613359816672435,-0.05805595458908929,1.265597381156034,0
sample_01689.html,-0.015785222204139228,0.04382823025286147,-0.18089242613047862,-0.2766246280385343,0.31225168259254127,-0.30002127500860026,0.22932624812042704,0.4521575049409028,-0.34821546365541545,-0.25631936882408457,-0.02613359816672435,-0.0677516572635059,0.2995278276254525,0
sample_07709.html,1.4208395759408234,0.8390761105017883,0.2968244370076003,1.221373097277981,0.08182269944985361,1.1500301811863738,-0.10977361938621372,0.4677771930086832,-0.03754079436235933,-0.12139505585926832,-0.02613359816672435,0.32933801644692967,-0.06812157084375248,0
sample_09555.html,-0.3273941911361057,-0.3406872283290372,-0.4993703348891979,-0.3931923691211846,0.4911933928541008,-0.2817433154767308,-0.10977361938621372,0.343253371727165,0.015338298281638785,-0.25871683934073486,-0.004278164271089811,-0.09582578142524951,-0.20254721649351112,1
sample_08364.html,0.20395282657719577,-0.07851759747774266,0.13758548262824066,3.1703039262563277,1.6815839007273659,1.2536052852003003,-0.44887348689285445,0.2293009494142219,-1.3402002357405063,-0.19602742509054707,-0.02613359816672435,-0.042137636765420226,2.405298277961067,0
sample_01538.html,-0.3526452627564547,-0.4717720437546845,-0.4993703348891979,-0.4463636194395865,-0.5466415662404656,-0.19644617099467354,-0.10977361938621372,-0.085044844469538,1.783007837082191,-0.26487700664046115,-0.005563778029656549,-0.03649386953702847,-0.9649673927462287,1
sample_05555.html,-0.44075538500618316,-0.4717720437546845,-0.4197508576995181,-0.4617014801083563,-1.6268144901550612,-0.30002127500860026,-0.10977361938621372,0.40139478109889704,0.3770290320745129,-0.2675630615711526,-0.02613359816672435,-0.10277195647557784,-0.5938060664347057,1
sample_07523.html,-0.4520377787088923,-0.4805110314497277,-0.4993703348891979,-0.49237720144589586,-2.256016803315404,-0.3365771940723391,-0.44887348689285445,0.7696887909742189,1.3590066616180827,2.126355646906272,-0.027419211925291086,-0.10364022835686888,-1.5522331665246654,1
sample_08003.html,-0.41228077232791727,-0.42807710527946874,-0.5789898120788778,-0.45454381179626374,0.2550375455412518,-0.32439188771775945,-0.10977361938621372,-1.9925510562714843,2.2213177525324164,-0.26943886026242064,-0.02613359816672435,-0.10060127677235024,-1.0375945658649843,1
sample_04144.html,-0.2999940921438121,-0.44555508066955507,-0.4197508576995181,-0.2633318154589338,0.33288373363615187,0.06553791562878812,-0.10977361938621372,0.40789164150609464,-0.20864391612838082,-0.2660424436971661,-0.017134301856757187,-0.09452337360331296,0.49611518799390847,0
sample_00249.html,2.4158392491511718,2.752914415716239,0.3764439141972801,1.2673866792842903,1.241783672860696,-0.16598290510822453,1.9248255856536307,0.4568685142388682,0.2434314021288376,-0.0736010371338242,-0.02613359816672435,0.8336592674968086,-0.17902161019969418,0
sample_03963.html,-0.4520377787088923,-0.4805110314497277,-0.5789898120788778,-0.48828710526755725,-0.7716853688097949,-0.3365771940723391,-0.44887348689285445,-1.9925510562714843,-0.12639889074108857,-0.2694943572651209,-0.027419211925291086,-0.10364022835686888,-0.23330880116654734,0
sample_09481.html,0.8728375960949514,-0.061039622087656356,3.003886661456714,1.5966394216405482,1.4702506097132007,2.466043267480972,-0.10977361938621372,0.5085936403234942,1.0909559645935307,-0.04436521611133933,-0.02613359816672435,-0.04430831646864782,0.319290452935778,0
sample_09550.html,0.936233903567317,0.3671707749694581,1.8892139808011965,2.3809153638369764,1.3137333116968342,2.6244522500905068,0.5684261156270678,0.6633662888320764,1.155611314677974,1.1700312963757875,-0.02613359816672435,0.19765011445112193,-0.1977869589793456,0
sample_02997.html,0.68748398526473,1.5207171507151542,1.5707360720424772,0.5311693671833407,1.1072091113264022,-0.22690943688112258,0.5684261156270678,0.550300620257785,0.1977426108863895,0.02276395835486738,-0.02613359816672435,-0.011313984979588314,0.17439091352127745,0
sample_05166.html,-0.28495090054019995,-0.38438216680425297,-0.18089242613047862,-0.3911473210320153,0.9467137187333441,-0.2817433154767308,0.22932624812042704,0.4454530056410051,0.7031130803823267,-0.25739601067646917,-0.006849391788223287,-0.0813545834037322,-0.3973001001647306,1
sample_03964.html,-0.26023708576283705,-0.061039622087656356,0.45606339138695995,-0.29503006084105804,0.24790624187800092,-0.30002127500860026,-0.44887348689285445,0.5709917911980182,0.4718989229176425,-0.11360327668015505,-0.02613359816672435,-0.10146954865364127,-0.4499153418781505,0
sample_03826.html,-0.4520377787088923,-0.4805110314497277,-0.26051190332015844,-0.4617014801083563,-0.6935759838145575,-0.3365771940723391,-0.10977361938621372,0.8150784434607528,2.430267443472059,-0.2250856557043912,-0.027419211925291086,-0.10364022835686888,-1.4334800894771544,0
sample_09323.html,0.2856158667110904,0.9788999136224787,0.6153023457663196,1.2029676644754572,0.4355708642651104,0.05944526245149831,0.5684261156270678,0.6227647910367983,0.100986323028755,-0.13258325160363613,-0.02613359816672435,0.042229447700025805,-0.5784728289555012,0
sample_04707.html,-0.3687629680460392,-0.39312115449929613,-0.4197508576995181,-0.3870572248536767,-0.990113088063232,-0.18426086464009395,-0.44887348689285445,0.3163168046765501,-0.3355302820508602,-0.26492140424262134,-0.01584868809819045,-0.09987771687127438,0.097990550932868,0
sample_07021.html,-0.4310847618324325,-0.4805110314497277,-0.5789898120788778,-0.45454381179626374,-0.3135030600330648,-0.2817433154767308,-0.10977361938621372,-1.9925510562714843,-0.47716670295970354,-0.26943886026242064,-0.004278164271089811,-0.10320609241622336,-0.5148003104354327,1
sample_01033.html,0.07017587267364463,0.03508924255781832,-0.1012729489407988,0.0015019120884910355,0.7410155423946291,0.163020366465425,0.5684261156270678,0.7423019661215912,0.9112713121042701,0.015460552799516185,-0.02613359816672435,0.0022889411606379765,-0.30733787452995337,0
sample_05934.html,-0.4520377787088923,-0.4805110314497277,-0.5789898120788778,-0.49237720144589586,-2.256016803315404,-0.3365771940723391,-0.44887348689285445,-1.9925510562714843,-0.3474320798952742,-0.2694943572651209,-0.027419211925291086,-0.10364022835686888,-0.9964869868515372,1
sample_00661.html,-0.4498887513369477,-0.4805110314497277,-0.5789898120788778,-0.4872645812229726,-1.4990077710513754,-0.3304845408950493,-0.44887348689285445,-1.9925510562714843,-0.29140068243707,-0.2694943572651209,-0.004278164271089811,-0.10364022835686888,-0.8721332970100784,1
sample_06992.html,-0.23176247308457118,0.04382823025286147,-0.021653471751118984,-0.31752558982192036,0.9090377788983321,-0.31220658136317986,-0.10977361938621372,0.6612510676925886,-0.10694876752635396,-0.2498373189086969,-0.02613359816672435,-0.0699223369667335,0.8136569687637111,1
sample_04228.html,-0.24250760994429416,-0.20960241290338993,-0.4993703348891979,-0.31752558982192036,0.8298338557395974,-0.3365771940723391,-0.10977361938621372,0.01660112101228969,0.024221177991065417,-0.2653542808636832,0.0008642907631771383,-0.08395939904760531,-0.14945186302667832,1
sample_04144.html,-0.3983120944102774,-0.4193381175844256,-0.18089242613047862,-0.43920595112749394,-0.46714623094074237,-0.2634653559448614,-0.44887348689285445,0.6684156990203006,0.505661004971157,-0.2581951675153526,-0.002992550512523074,-0.09987771687127438,-0.35187457922018084,1
sample_03707.html,0.7256292211167465,1.1274627044382124,0.5356828685766397,0.1855562401137284,0.5204719707838698,-0.31220658136317986,-0.10977361938621372,0.6823685010513794,0.794853790648773,0.1570889036905211,-0.02613359816672435,0.10749455077706896,-0.4159138861709015,0
sample_04501.html,-0.4520377787088923,-0.4805110314497277,-0.4993703348891979,-0.49237720144589586,-2.256016803315404,-0.3365771940723391,-0.44887348689285445,0.7208950194135604,1.1347912554956765,-0.26707468794739053,-0.027419211925291086,-0.10364022835686888,-1.0345429846866518,1
sample_07792.html,0.9195789414347464,1.8964936216020098,0.45606339138695995,0.4381196791261374,1.1780810297117035,-0.2817433154767308,1.2466258506403491,0.37864922642720716,-0.06242007653399519,-0.15964359012027168,-0.02613359816672435,0.010537524032902855,0.28718928802301535,1
sample_09273.html,-0.17696227509998397,-0.13969051134304472,0.5356828685766397,-0.21629570940803983,-0.35221860945619304,-0.17207555828551432,0.22932624812042704,0.6942213771124246,0.7021201518889912,-0.21529598442806938,-0.02613359816672435,-0.09090557409793362,-0.18393393895599972,0
sample_02479.html,-0.41228077232791727,-0.44555508066955507,-0.4197508576995181,-0.40546265765620043,0.5378511964083473,-0.275650662299441,0.5684261156270678,0.8376824398874073,0.028773083718962585,-0.261336297868186,-0.02613359816672435,-0.09915415697019851,0.3034003640485621,0
sample_08731.html,0.2721844456364367,1.0925067536580397,2.287311366749596,0.3235969861326564,1.0778309231201322,-0.23300209005841238,-0.10977361938621372,-0.5273193269108368,-1.0609897842631781,-0.0033751299169442624,-0.02613359816672435,-0.06760694528329073,2.5625958869241305,0
sample_05403.html,-0.42195139550166794,-0.44555508066955507,-0.5789898120788778,-0.4688591484204489,0.32103522205746726,-0.31220658136317986,-0.10977361938621372,-1.9925510562714843,0.5085048947738157,-0.26943886026242064,-0.02613359816672435,-0.10175897261407163,-0.5993294962936854,1
sample_09022.html,-0.43054750498944633,-0.4717720437546845,-0.4993703348891979,-0.44840866752875586,-0.4802532427832406,-0.30002127500860026,-0.10977361938621372,0.15641832936714456,1.0097295232428287,-0.25876123694289505,-0.011991846822490236,-0.10364022835686888,0.526540205527383,1
sample_02427.html,-0.13613075503303662,0.04382823025286147,-0.18089242613047862,-0.30730034937607387,-0.051689390823549196,-0.245187396412992,-0.10977361938621372,0.4642264647198122,-0.07855612827515837,-0.24227862714092463,-0.02613359816672435,-0.08092044746308667,-0.2295574888869065,0
sample_09228.html,-0.4310847618324325,-0.4717720437546845,12.558223924218295,0.1702183794449586,-1.522464386308314,-0.2573727027675716,-0.44887348689285445,-0.2107556368357033,2.041559349690971,-0.26555407007340404,-0.01970552937389066,-0.10118012469321093,-1.3843941808793943,1
sample_02262.html,0.46183611121054735,-0.2969922898538215,0.21720495981792048,0.12113722530489532,1.0293557286176596,0.8332122159673038,0.5684261156270678,0.6969404690404757,-0.006161639234610344,-0.18670392863690727,-0.02613359816672435,0.012708203736130455,0.1265296060579252,0
sample_00363.html,-0.11410322447060452,-0.11347354825791527,1.0930192089043984,0.017862296801845468,-0.0072601794677822915,0.163020366465425,-0.44887348689285445,0.6806562092100612,0.7646626779872985,0.32666554514136537,-0.02613359816672435,-0.02375921527809322,-0.9515659841560524,0
sample_06941.html,-0.4520377787088923,-0.4805110314497277,-0.4993703348891979,-0.49237720144589586,-2.133050866281579,-0.3365771940723391,-0.44887348689285445,0.34730770883734885,-0.6068667040449028,-0.26855090821921684,-0.027419211925291086,-0.10364022835686888,-1.1973460836913783,0
sample_08304.html,0.8239472233832118,1.6605409538358447,-0.1012729489407988,0.4708404485528463,0.3957327612882186,-0.2817433154767308,0.9075259831337085,0.28539762108114775,0.26201806167937497,1.3384203019688468,-0.02613359816672435,-0.07455312033361905,-0.9844262667020119,1
sample_05077.html,-0.3574805743433301,-0.39312115449929613,-0.4197508576995181,-0.40750770574536976,0.5802944278763668,-0.2208167837038328,-0.44887348689285445,0.7601920356998633,1.3231024717444542,0.08268962187058332,-0.02613359816672435,-0.07918390370050458,-0.7302430315739152,0
sample_01894.html,-0.3800453617487483,-0.38438216680425297,-0.5789898120788778,-0.3870572248536767,0.2673466395833824,-0.30611392818589006,-0.10977361938621372,-1.9925510562714843,0.6645229536687737,-0.2694943572651209,-0.002992550512523074,-0.06876464112501211,-0.453523696238547,1
sample_06222.html,0.705750717926259,1.2498085321688166,-0.34013138050983827,0.4647053042853384,0.7840759179061115,-0.1598902519309347,-0.10977361938621372,0.07105523412856302,0.12445491083288349,-0.2611698068600853,-0.02613359816672435,-0.017102464188195245,-0.16562806331725213,0
sample_01288.html,-0.43538281657632166,-0.4717720437546845,-0.4197508576995181,-0.4494311915733405,-1.8285293515827974,-0.22690943688112258,-0.10977361938621372,0.4066228702510142,0.20549469220527664,-0.2642110426080583,-0.02613359816672435,-0.10233782053493232,-0.4970429029906451,1
sample_03713.html,-0.3359903006238841,-0.4105991298893824,-0.18089242613047862,-0.22754347389847102,0.3347482226583289,-0.06850045427158762,0.22932624812042704,0.19354097189540212,-0.9183859642252309,-0.19412942759819898,-0.02613359816672435,-0.09249740588030053,1.2245937253139774,0
sample_09798.html,0.12819961171614874,-0.10473456056287211,0.6153023457663196,0.4156241501452751,0.5554095303698585,0.699173846066928,-0.44887348689285445,0.5811675428489793,0.7637454414580734,1.8131638618677544,-0.02613359816672435,-0.025785183001105643,-0.6420587513515732,0
sample_07332.html,-0.4455906965930585,-0.46303305605964135,-0.5789898120788778,-0.4790843888662954,-1.4376286611456532,-0.3365771940723391,-0.10977361938621372,-1.9925510562714843,0.29865487271912594,-0.2694943572651209,0.012434814590277775,-0.1034955163766537,-0.8574914986817364,1
sample_01402.html,-0.45096326502292,-0.4805110314497277,-0.4993703348891979,-0.4913546774013112,-2.256016803315404,-0.3304845408950493,-0.44887348689285445,0.9257241882224257,2.20104874032514,0.0500462848823039,-0.013277460581056975,-0.10364022835686888,-1.5444713402880013,1
sample_03116.html,-0.3273941911361057,-0.3406872283290372,-0.4993703348891979,-0.3931923691211846,0.4911933928541008,-0.2817433154767308,-0.10977361938621372,0.343253371727165,0.014642984905403184,-0.25871683934073486,-0.004278164271089811,-0.09582578142524951,-0.20254721649351112,1
sample_02458.html,-0.3273941911361057,-0.3406872283290372,-0.4993703348891979,-0.3931923691211846,0.4911933928541008,-0.2817433154767308,-0.10977361938621372,0.343253371727165,0.01502291509784923,-0.25871683934073486,-0.004278164271089811,-0.09582578142524951,-0.20254721649351112,1
sample_02373.html,0.10509756746774432,0.8390761105017883,0.13758548262824066,0.3593853276931192,0.8729491477143165,0.14474240693355558,-0.10977361938621372,0.6360681072112205,-0.9094146124190874,-0.225740520336254,-0.02613359816672435,-0.06529155359984795,1.1997001557991118,0
sample_07681.html,-0.34512366695464863,-0.3057312775488646,-0.5789898120788778,-0.4167104221466316,0.3271010385358429,-0.31220658136317986,-0.10977361938621372,-1.9925510562714843,-0.20498177337846876,-0.2694943572651209,-0.006849391788223287,-0.09351038974180675,-0.5120731192241516,1
sample_06329.html,-0.34995897854152397,-0.39312115449929613,-0.4197508576995181,-0.3942148931657693,0.047161254366329036,-0.3304845408950493,-0.44887348689285445,0.5533141614341516,0.6798164771634521,-0.23281083848026418,-0.02613359816672435,-0.07759207191813769,-0.809401315133356,1
sample_06756.html,-0.4455906965930585,-0.4805110314497277,-0.5789898120788778,-0.4310257587708167,-0.21863447009113557,-0.31829923454046966,-0.10977361938621372,-1.9925510562714843,-0.09909754812056834,-0.2694943572651209,-0.006849391788223287,-0.10364022835686888,-0.3222133337637854,1
sample_03994.html,-0.42195139550166794,-0.4542940683645982,-0.5789898120788778,-0.31343549364358175,-0.06795104704173156,-0.2695580091221512,-0.44887348689285445,-1.9925510562714843,-1.037074466061085,-0.2694832578645808,-0.014563074339623712,-0.09365510172202192,1.5274193670298994,0
sample_01588.html,0.28937666461199346,-0.008605695917397443,-0.1012729489407988,0.41357910205610576,1.0359094949500158,1.1804934470728228,-0.44887348689285445,0.6283857478466623,-0.5013839109152282,-0.24459840185379453,-0.02613359816672435,-0.07947332766093494,-0.029461238450431353,0
sample_00700.html,-0.41872785444375105,-0.44555508066955507,-0.4993703348891979,-0.41466537405746234,-0.8807664702485071,-0.30002127500860026,-0.10977361938621372,0.40973863008096567,0.16405806970595405,-0.25702973045864763,-0.014563074339623712,-0.10045656479213506,-0.3289161631971167,1
sample_05030.html,-0.07112267703171259,-0.3669041914141667,0.2968244370076003,0.07819121543233994,0.314062145394104,0.571228129343842,0.5684261156270678,0.35054699578072385,-0.39956456867718565,-0.11473541553523989,-0.02613359816672435,-0.06847521716458177,1.1678315175155989,0
sample_01967.html,-0.3773590775338176,-0.39312115449929613,-0.4993703348891979,-0.4310257587708167,0.43817395185988695,-0.2634653559448614,-0.10977361938621372,0.2600015794001019,0.4797328351964366,-0.22650637897351728,-0.02613359816672435,-0.07614495211598594,0.8586242681825191,1
sample_04506.html,-0.44397892606410005,-0.4717720437546845,-0.5789898120788778,-0.4606789560637717,-1.7513441171580757,-0.31829923454046966,-0.44887348689285445,-1.9925510562714843,-0.12263708716260825,-0.2694832578645808,-0.013277460581056975,-0.10204839657450197,-0.863593970042531,0
sample_07618.html,-0.41819059760076494,-0.4368160929745119,-0.5789898120788778,-0.412620325968293,0.4285615238410655,-0.3304845408950493,-0.10977361938621372,-1.9925510562714843,-0.10776827196352286,-0.2694943572651209,-0.009420619305356762,-0.0910502860781488,-0.37230886555428294,1
sample_09014.html,-0.20489963093526373,-0.26203633907364887,-0.4197508576995181,-0.04655671800698761,0.7633677965388673,0.18739097917458425,-0.10977361938621372,0.46724749665468124,-0.625370324922013,-0.25825066451805284,-0.02613359816672435,-0.004512521909475168,0.29060845292913434,1
sample_05658.html,-0.18448387090179005,-0.4105991298893824,-0.1012729489407988,0.21009681718376003,0.8918097673420676,0.1386497537562658,4.637624525706757,0.6191420858226339,0.8315583649747585,0.7476103106226633,-0.02613359816672435,-0.06369972181748104,-0.5217570352193673,0
sample_08673.html,1.3348784810630396,1.966405523162355,1.0133997317147188,0.5270792710050022,1.1714833750236928,-0.2634653559448614,0.5684261156270678,0.6762569757878365,0.19126843982500885,-0.15228468756222027,-0.02613359816672435,-0.06413385775812656,-0.22379295361975649,0
sample_09774.html,-0.4520377787088923,-0.4805110314497277,-0.5789898120788778,-0.4903321533567266,-1.5475706150876394,-0.3365771940723391,-0.44887348689285445,-1.9925510562714843,-0.3962228794477768,-0.2694943572651209,-0.027419211925291086,-0.10364022835686888,-0.34612578040615694,0
sample_09916.html,-0.13075818660317515,0.008872279472688862,-0.26051190332015844,-0.06496215080951134,0.4980061955651533,-0.03803718838513859,-0.10977361938621372,0.6110630823471508,-0.5895837776754653,-0.23968136741455354,-0.01584868809819045,-0.06543626558006313,0.08419826032017776,0
sample_08983.html,-0.35640606065735775,-0.4193381175844256,-0.4993703348891979,-0.2612867673697645,0.5420651871116371,0.004611383855890054,-0.10977361938621372,-0.4748851297436713,-1.276218921128664,-0.19240902051449163,-0.02613359816672435,-0.09958829291084402,1.8746349876336617,1
sample_07346.html,0.02074824311891891,0.31473684879919916,1.0930192089043984,-0.10893068472665138,-0.44342386917704585,-0.2695580091221512,0.22932624812042704,0.7776083575295093,1.87139383335382,0.6835112725038894,-0.02613359816672435,-0.014208224583891779,-1.0829032563567893,0
sample_03357.html,-0.39025324176548515,-0.4105991298893824,-0.4197508576995181,-0.4565888598854331,-1.0212836253589406,-0.32439188771775945,-0.10977361938621372,0.5778486925723775,0.45071559689935964,-0.16101991578723757,-0.01584868809819045,-0.09568106944503435,-0.6853111163587399,1
sample_05563.html,-0.3316922458799949,-0.27951431446373515,-0.1012729489407988,-0.12426854539542116,-1.6058619275432626,-0.2817433154767308,-0.10977361938621372,0.6533060860638084,0.688599222229196,-0.028282184728810642,-0.011991846822490236,-0.04257177270606575,-0.8801568672674219,1
sample_06379.html,0.04277577368135102,0.4895166027000622,0.45606339138695995,0.05876325858523155,0.4529798978772424,-0.2634653559448614,-0.10977361938621372,0.5658135353995699,1.2972326275799633,-0.18594916940018405,-0.02613359816672435,-0.07628966409620112,-0.5658849832580536,0
sample_07475.html,-0.02169504747698687,-0.04356164669757005,-0.18089242613047862,0.42891696272487556,0.08031055271165334,0.4493750657980459,-0.10977361938621372,0.6330550656453349,-0.5871317638712511,-0.24319987738574855,-0.02613359816672435,-0.052556899340912705,0.38206204321730364,0
sample_03233.html,-0.061989310700948055,0.11374013181320669,0.854160777335359,-0.035308953516556434,1.0298193330611627,0.004611383855890054,0.22932624812042704,0.679208238988342,2.0825187579700875,0.9630940727071436,-0.02613359816672435,-0.034467901814016044,-0.9993698737738642,1
sample_09977.html,-0.4085199744270142,-0.4105991298893824,-0.5789898120788778,-0.4300032347262321,-1.4220658696099846,-0.2695580091221512,-0.44887348689285445,-1.9925510562714843,0.24285054857816843,-0.2694610590635007,-0.013277460581056975,-0.09452337360331296,-1.0333423337298682,1
sample_05306.html,-0.4031474059971527,-0.4193381175844256,-0.4993703348891979,-0.4606789560637717,-1.1404245471545424,-0.31220658136317986,-0.10977361938621372,0.2062614460757578,0.3547579759143038,-0.2679404411895142,-0.017134301856757187,-0.10089070073278059,-0.8941280345469641,1
sample_09324.html,-0.2715194794655462,-0.19212443751330363,-0.34013138050983827,-0.24083628647807148,0.1882491942870896,-0.04412984156242839,-0.10977361938621372,0.5601414245941437,-0.6481794959947903,-0.25984897819581965,-0.02613359816672435,-0.09307625380116123,0.3649840150897895,0
sample_00081.html,1.0598029774541313,0.061306205642947774,0.6153023457663196,6.633592865264544,1.0886294450028493,3.1910689955784584,0.22932624812042704,0.6066917576810501,-2.6439405678424404,-0.009302209805329578,-0.02613359816672435,0.14743505731645679,3.408617202468056,0
sample_04749.html,1.1135286617527462,-0.2532973513786057,1.8892139808011965,2.4882803885183646,1.6604243415657851,2.8925289898912583,0.5684261156270678,0.5588232778402854,0.5456661933915063,4.892814635109847,-0.01970552937389066,-0.07701322399727699,-0.7496853346664646,0
sample_01365.html,-0.10496985813983999,-0.2358193759885194,0.45606339138695995,0.030132585336861292,0.038481788503158525,-0.01975922885326917,-0.10977361938621372,0.6352531526938427,0.4011474495792277,-0.09849699254515053,-0.018419915615323922,0.008800980270320774,0.3151754551880734,0
sample_04568.html,-0.2704449657795739,-0.270775326768692,-0.18089242613047862,-0.36967431609573764,0.715125118874673,-0.2695580091221512,-0.10977361938621372,0.40195639231794184,-0.39542817820167836,0.5335361724067689,-0.0107062330639235,-0.08555123082997222,0.7571196866400073,0
sample_03028.html,-0.00020477375754090525,0.2972588734091129,-0.4993703348891979,-0.07211981912160391,-0.054953365471709134,-0.2817433154767308,-0.44887348689285445,0.35676052412248327,-1.0780771846465338,-0.24808361362336942,-0.02613359816672435,-0.06384443379769622,1.187618640585182,0
sample_07750.html,0.8121275728375166,1.678018929225931,-0.18089242613047862,0.42891696272487556,0.160980644908005,-0.2573727027675716,-0.10977361938621372,0.5689201585239534,-0.5409146301529169,-0.21589535205723195,-0.01970552937389066,-0.055306426965000995,0.6167138498232151,0
sample_04965.html,0.09757597166593823,-0.09599557286782896,-0.18089242613047862,0.013772200623506859,-0.03214378097482764,0.3640779213159886,0.22932624812042704,0.6439527321067765,-0.2756647907335584,-0.21500740001402815,-0.02613359816672435,-0.06861992914479693,0.7710961211333545,0
sample_09207.html,-0.3273941911361057,-0.3406872283290372,-0.4993703348891979,-0.3931923691211846,0.4911933928541008,-0.2817433154767308,-0.10977361938621372,0.343253371727165,0.014642984905403184,-0.25871683934073486,-0.004278164271089811,-0.09582578142524951,-0.20254721649351112,1
sample_09049.html,0.1453918306917055,0.30599786110415605,-0.26051190332015844,0.03729025364895385,-0.007209084386140767,-0.007573922498689558,0.5684261156270678,0.5331548620228034,-0.3374264463518801,-0.223631634233645,-0.02613359816672435,-0.07079060884802454,0.14624661260314045,0
sample_08397.html,-0.4488142376509754,-0.4805110314497277,-0.4993703348891979,-0.4852195331338033,-1.3384300946045464,-0.31829923454046966,-0.44887348689285445,-0.07134170978834635,-3.039051443683039,0.60635933935002,-0.017134301856757187,-0.10364022835686888,4.626342628098604,1
sample_03488.html,-0.4520377787088923,-0.4805110314497277,-0.5789898120788778,-0.4903321533567266,-1.114558160185379,-0.3365771940723391,-0.44887348689285445,-1.9925510562714843,-1.60279190543054,-0.2694943572651209,-0.027419211925291086,-0.10364022835686888,0.2457020263352195,0
sample_08919.html,-0.11786402237150756,-0.11347354825791527,0.6153023457663196,-0.25208405096850267,0.8744166854242634,-0.17816821146280412,-0.10977361938621372,0.8101477308179704,1.6828858653798662,0.43967964144012806,-0.02613359816672435,-0.043729468547787136,-1.2237691008584606,0
sample_00852.html,-0.43538281657632166,-0.46303305605964135,-0.4197508576995181,-0.4749942926879568,-0.9381150702721435,-0.3365771940723391,-0.44887348689285445,0.5803596770711748,0.4590260847779944,-0.21185517026065467,0.0780011162771814,-0.10089070073278059,-0.7516819476777661,1
sample_06694.html,0.6966173515954945,0.27978089801902656,0.13758548262824066,0.1855562401137284,-0.0613232088895865,0.4554677189753357,-0.10977361938621372,0.584639124389456,0.27524001142854315,-0.13101823612748942,-0.02613359816672435,0.04165059977916511,-0.2791618399524052,0
sample_08366.html,-0.24250760994429416,-0.20960241290338993,-0.4993703348891979,-0.31752558982192036,0.8298338557395974,-0.3365771940723391,-0.10977361938621372,0.01660112101228969,0.024221177991065417,-0.2653542808636832,0.0008642907631771383,-0.08395939904760531,-0.14945186302667832,1
sample_09981.html,-0.18770741195970694,-0.15716848673313102,-0.5789898120788778,-0.34308869093653666,1.100821226869268,-0.30611392818589006,-0.10977361938621372,-1.9925510562714843,0.3163179842141385,-0.2694943572651209,0.0008642907631771383,-0.058345378549519634,-0.20849749927324426,1
sample_09754.html,-0.4482769808079893,-0.4805110314497277,-0.4993703348891979,-0.486242057178388,-0.5386231751689184,-0.3304845408950493,-0.44887348689285445,0.9971004336311227,2.1879427645498297,-0.26525438625882275,0.012434814590277775,-0.10233782053493232,-1.014343676061491,0
sample_01007.html,-0.436457330262294,-0.4805110314497277,-0.4993703348891979,-0.44329604730583255,0.08141459285252393,-0.2878359686540206,-0.10977361938621372,0.5932207025071221,1.1274233970311434,-0.25766239628943033,-0.02613359816672435,-0.10320609241622336,-0.05240898966930544,1
sample_06639.html,0.006242308358292884,-0.06977860978269951,1.729975026421837,0.08228131161067855,0.7312436640493237,0.40063384037972744,0.5684261156270678,0.4031253390683988,0.056334821219484105,0.15884260897584856,-0.02613359816672435,-0.041992924785205055,0.7651508969648999,0
sample_07581.html,-0.25110371943207255,-0.1484294990380879,-0.4197508576995181,-0.3338859745352748,0.7787557795488049,-0.32439188771775945,-0.10977361938621372,0.5044565989858162,1.0915100578907115,-0.18596026880072408,0.0008642907631771383,-0.06037134627253206,-0.9871310722546207,0
sample_00732.html,-0.43538281657632166,-0.4717720437546845,-0.4197508576995181,-0.4494311915733405,-1.8285293515827974,-0.22690943688112258,-0.10977361938621372,0.4066228702510142,0.20549469220527664,-0.2642110426080583,-0.02613359816672435,-0.10233782053493232,-0.4970429029906451,1
sample_03171.html,-0.1817975866868593,-0.08725658517278581,0.05796600543856084,-0.2786696761277036,-0.19318122231534798,-0.31829923454046966,-0.44887348689285445,0.46309077095537493,0.17698585494807756,-0.2053509215441869,-0.02613359816672435,-0.07976275162136529,0.035963124090889115,0
sample_08004.html,-0.3805826185917345,-0.39312115449929613,-0.1012729489407988,-0.21834075749720913,-0.18452491487249276,-0.2878359686540206,-0.44887348689285445,0.6262131161706436,-0.21965693210109977,-0.2509139607610815,-0.01970552937389066,-0.08569594281018739,0.5070054784777409,0
sample_04883.html,-0.3542570332854132,-0.4805110314497277,-0.5789898120788778,-0.43511585494915533,-0.45622022873699175,-0.19644617099467354,-0.10977361938621372,-1.9925510562714843,-0.6646147903049588,-0.26943886026242064,-0.013277460581056975,-0.10233782053493232,-0.8344195376957269,1
sample_02111.html,-0.400461121782222,-0.4105991298893824,-0.4197508576995181,-0.3349084985798595,-0.43998470447060334,-0.30002127500860026,-0.10977361938621372,0.36653727878361775,-0.5767728213344666,-0.23655133646226018,-0.005563778029656549,-0.095391645484604,0.6127330356509654,1
sample_04167.html,-0.267221424721657,-0.22708038829347624,-0.4993703348891979,-0.3706968401403223,-0.14234111948393832,-0.3365771940723391,-0.44887348689285445,0.5809410008125943,-1.2603752957141063,-0.2152515868259092,0.007292359556010826,-0.07947332766093494,1.9940176531827962,1
sample_04898.html,-0.3096647153175628,-0.3406872283290372,-0.4993703348891979,-0.37376441227407625,0.06381297614258408,-0.2695580091221512,-0.10977361938621372,0.3316516123233787,-2.6902211515844425,-0.26031515301850167,-0.02613359816672435,-0.0910502860781488,3.566025188243186,1
sample_01481.html,-0.3273941911361057,-0.3406872283290372,-0.4993703348891979,-0.3931923691211846,0.4911933928541008,-0.2817433154767308,-0.10977361938621372,0.343253371727165,0.015119006862585958,-0.25871683934073486,-0.004278164271089811,-0.09582578142524951,-0.20254721649351112,1
sample_03997.html,-0.4477397239650031,-0.4805110314497277,-0.5789898120788778,-0.4688591484204489,-0.6502400691274753,-0.30002127500860026,-0.10977361938621372,-1.9925510562714843,-0.14469037377730304,-0.2694943572651209,-0.02613359816672435,-0.1034955163766537,-0.6095858697734594,1
sample_06288.html,-0.31396277006145196,-0.3406872283290372,-0.4993703348891979,-0.37376441227407625,0.05687775598690603,-0.2695580091221512,-0.10977361938621372,0.3316516123233787,-2.6988820617894023,-0.26031515301850167,-0.02613359816672435,-0.09683876528675574,3.571712814366185,1
sample_06939.html,-0.4520377787088923,-0.4805110314497277,-0.4993703348891979,-0.49237720144589586,-2.256016803315404,-0.3365771940723391,-0.44887348689285445,0.7697390010992521,1.3592723457167761,2.1264777403122124,-0.027419211925291086,-0.10364022835686888,-1.5522331665246654,1
sample_07784.html,-0.4520377787088923,-0.4805110314497277,-0.4993703348891979,-0.49237720144589586,-2.256016803315404,-0.3365771940723391,-0.44887348689285445,0.1734025682433012,-1.2776992997936711,-0.26876179682947776,-0.027419211925291086,-0.10364022835686888,-1.043312100375283,1
sample_07209.html,-0.3316922458799949,-0.3232092529389509,-0.1012729489407988,-0.3410436428473674,0.7129768362504082,-0.30611392818589006,-0.10977361938621372,0.6875963736570687,0.8976546357407401,-0.12537974065314536,-0.02613359816672435,-0.06688338538221486,-0.834931317920261,1
sample_00531.html,0.2458588603301154,0.6817743319910116,0.6949218229559994,-0.06496215080951134,0.24950778229880305,-0.2817433154767308,0.22932624812042704,0.6699059263838876,0.2287276599945731,-0.1330938240284783,-0.02613359816672435,-0.031573662209712576,-0.5598794599216548,0
sample_04913.html,-0.26883319525061544,-0.31447026524390775,-0.4993703348891979,0.3409798948905955,-0.4682325994627641,0.06553791562878812,-0.44887348689285445,0.09365611345192573,-0.6619265461914454,-0.26703029034523035,-0.02613359816672435,-0.08540651884975704,1.022488593430085,0
sample_04809.html,-0.4450534397500724,-0.4717720437546845,-0.18089242613047862,-0.4238680904587242,-0.19311001501773692,-0.3304845408950493,-0.10977361938621372,0.7811072676176309,1.6684660440759347,-0.23480873057747273,0.009863587073144301,-0.1034955163766537,-0.21051489431129225,0
sample_07797.html,-0.4450534397500724,-0.4805110314497277,-0.5789898120788778,-0.42898071068164745,0.2621742996695351,-0.30002127500860026,-0.10977361938621372,-1.9925510562714843,-0.4403829577336512,-0.26943886026242064,-0.008135005546790024,-0.10364022835686888,0.036300929807954324,1
sample_01294.html,0.8561826339623808,-0.44555508066955507,-0.4197508576995181,-0.11506582899415929,-1.9549501143259251,1.6374424353695582,-0.44887348689285445,0.3053540679555979,-0.015309263137753213,-0.25999327040284026,-0.009420619305356762,0.1371605067211795,-1.1311324604517181,1
sample_00159.html,0.041164003152392575,0.5681674919554506,-0.4197508576995181,0.014794724668091511,0.483260101709925,-0.19644617099467354,-0.10977361938621372,0.5984792732394041,0.3515422339518417,-0.24394353722193174,-0.02613359816672435,-0.031139526269067054,-0.18079367562840137,0
sample_05106.html,0.410259454283877,0.5157335657851917,0.45606339138695995,0.2520203030117308,0.8588741393381536,0.06553791562878812,-0.10977361938621372,0.5616103163082055,0.4786047663929559,-0.06825112607352135,-0.02613359816672435,0.10648156691556275,-0.045611715441901526,0
sample_03783.html,0.10348579693878587,0.2623029226289403,-0.34013138050983827,0.039335301738123156,-0.07742541478128474,-0.07459310744887743,-0.10977361938621372,0.38455339246339193,-0.7034050086252069,-0.25936060457205756,-0.0209911431324574,-0.07440840835340387,0.47173153431849285,0
sample_04112.html,-0.44344166922111394,-0.4805110314497277,-0.5789898120788778,-0.3850121767645074,0.0595402354823181,-0.2634653559448614,1.58572571814699,-1.9925510562714843,0.039198919164220844,-0.2694943572651209,-0.02613359816672435,-0.10060127677235024,-0.38186106209139314,1
sample_02103.html,0.522008877624996,-0.4105991298893824,-0.4197508576995181,0.3706330921835504,0.37508828318433446,1.7166469266743256,0.22932624812042704,0.5921221080982182,-1.0586525238438922,-0.261092111056305,-0.017134301856757187,-0.08873489439470603,0.6469225726115675,0
sample_07253.html,-0.44720246712201694,-0.4717720437546845,-0.4993703348891979,-0.4749942926879568,-0.5379821217521806,-0.3304845408950493,-0.44887348689285445,0.2641027143297212,-0.16764585844158522,-0.2634562833713351,-0.0107062330639235,-0.10320609241622336,0.015187120742341359,1
sample_03268.html,-0.33437853009492563,-0.38438216680425297,-0.4993703348891979,-0.3379760707136134,1.2997419679589177,-0.1537975987536449,-0.44887348689285445,0.5180392182968426,-1.1014513029876665,-0.26246843672327086,-0.02613359816672435,-0.09510222152417365,1.60208736385801,0
sample_09161.html,-0.24895469206012794,-0.46303305605964135,-0.5789898120788778,-0.47806186482171076,-0.4722282445368599,-0.32439188771775945,-0.44887348689285445,-1.9925510562714843,2.275925863471504,-0.2694943572651209,0.03557586224447905,0.3950372554646183,-1.5051251358237554,1
sample_04792.html,-0.33115498903700874,-0.34942621602408036,-0.4993703348891979,-0.4003500374332772,0.4618700726624893,-0.2817433154767308,-0.10977361938621372,0.3316516123233787,0.10220703556200413,-0.26031515301850167,-0.004278164271089811,-0.09582578142524951,-0.3915459689486119,1
sample_03798.html,0.052446396855101704,0.2535639349338971,-0.18089242613047862,0.19475895651499026,0.47007998701919906,-0.04412984156242839,-0.10977361938621372,0.6149347144777879,-0.016637101662665982,-0.1541493868529482,-0.02613359816672435,-0.08048631152244115,0.06678272634173069,0
sample_03817.html,-0.35049623538451014,-0.3581652037191235,-0.26051190332015844,-0.4064851817007851,0.17659037100367395,-0.3365771940723391,-0.10977361938621372,0.8029778834403105,1.3801669586768828,0.2419216220181034,0.01500604210741125,-0.09365510172202192,-1.1628579843640916,1
sample_01473.html,-0.3402883553677733,-0.34942621602408036,-0.26051190332015844,-0.36251664778364506,0.4755449442324137,-0.3365771940723391,-0.10977361938621372,0.8025403232216757,1.426639836676892,0.24096707357165933,0.01500604210741125,-0.08569594281018739,-1.1417977991855603,1
sample_08589.html,-0.2999940921438121,-0.3057312775488646,0.6153023457663196,-0.32161568600025897,0.9977598067504689,-0.22690943688112258,-0.10977361938621372,0.6658796553415822,0.48400374538729946,-0.15633596875933756,-0.02613359816672435,-0.06500212963941761,-0.7252373531868035,1
sample_04684.html,-0.09744826233803389,0.2623029226289403,1.0133997317147188,-0.19073260829342353,0.576126638948334,-0.2878359686540206,-0.10977361938621372,0.568254459845939,0.4424894584109546,-0.12853197040651881,-0.02613359816672435,-0.07122474478867005,0.01189105740243368,1
sample_06778.html,-0.42732396393152944,-0.4542940683645982,-0.4993703348891979,-0.4064851817007851,-0.2877933194289294,-0.2878359686540206,0.22932624812042704,0.42909417858217225,0.5523484748653354,-0.26454402462425974,-0.02613359816672435,-0.10204839657450197,0.16514588420508816,1
sample_09479.html,0.5837934145684032,0.8128591474166589,0.6949218229559994,-0.12324602135083651,0.25132324741605105,-0.31829923454046966,-0.44887348689285445,0.7374161742388478,0.06803344765897527,-0.1918651498880293,-0.02613359816672435,-0.04618957221144508,-0.3147247898750723,0
sample_05466.html,0.34954943102644215,0.533211541175278,0.7745413001456792,0.04649297005021572,0.3516904663329501,0.163020366465425,-0.10977361938621372,0.7126813944616919,-0.04136358876107403,-0.17715844417246648,-0.02613359816672435,-0.025061623100029778,0.14666315273646782,0
sample_05130.html,0.0588934789709355,0.5157335657851917,-0.34013138050983827,0.6835254498264539,0.8030480237680626,-0.16598290510822453,0.5684261156270678,0.13200153054050584,0.44128592940075373,-0.1861267598088248,-0.02613359816672435,-0.043295332607141614,-0.886290381291757,0
sample_08663.html,-0.2156447677949867,-0.11347354825791527,0.5356828685766397,-0.3563815035161372,-0.8190177521968,-0.3365771940723391,-0.44887348689285445,0.5779046363224527,0.36000547827747137,1.7401853033169425,-0.01584868809819045,-0.0655809775602783,-1.0063793880347727,0
sample_02184.html,2.9853315027164897,4.911444376391898,2.605789275508315,1.753085600462,1.750369744462638,0.07772322198336773,2.2639254531602715,0.6041484762050151,-0.22157773221285165,0.4565729290620802,-0.02613359816672435,0.13643694682010363,0.6378987532375414,0
sample_06284.html,0.00839133573023748,0.00013329177764570985,-0.1012729489407988,0.004569484222244991,1.3508723262215143,0.12646444740168616,-0.10977361938621372,0.6235943119429387,-0.019446505965447225,-0.05744030994751518,-0.013277460581056975,-0.08439353498825083,0.13209463908337196,0
sample_05343.html,0.12658784118719027,0.4545606519198896,0.21720495981792048,-0.10893068472665138,-0.21587344013186718,-0.1537975987536449,-0.44887348689285445,0.4136126869489611,-0.19515416813808759,-0.12718894294117308,-0.02613359816672435,-0.06977762498651832,0.5513777131131329,0
sample_04268.html,-0.3773590775338176,-0.4805110314497277,-0.4197508576995181,-0.025083713070709918,0.15693815611499262,0.08381587516065754,0.22932624812042704,0.04747006146661186,-0.9641803956369522,-0.25677444424622653,-0.02613359816672435,-0.10103541271299576,0.8891843297768721,1
sample_06785.html,-0.2693704520936016,-0.2969922898538215,-0.26051190332015844,-0.12426854539542116,0.6484543462634018,0.028981996565049278,0.22932624812042704,0.5624353552859213,0.6405179015797212,-0.16277362107256504,-0.02613359816672435,-0.09683876528675574,-0.7687192983125267,0
sample_06626.html,0.2001920286762927,0.32347583649424233,0.21720495981792048,-0.22754347389847102,0.2876146177310519,-0.275650662299441,-0.10977361938621372,0.7419462721054841,0.14062807465769603,-0.22256609178180042,-0.018419915615323922,-0.05602998686607686,-0.5305627085008447,0
sample_02683.html,-0.37897084806277603,-0.42807710527946874,-0.021653471751118984,-0.44738614348417116,-1.4030488821965292,-0.23909474323570218,-0.44887348689285445,0.6053824650542367,0.6600089995012987,-0.0626459288007974,-0.009420619305356762,-0.09061615013750328,-1.1462285429331063,0
sample_09882.html,0.06963861583065847,-0.052300634392613204,-0.18089242613047862,0.11806965317114136,0.8961328339627983,0.38844853402514784,-0.10977361938621372,0.5983651799759742,-0.11582722066959994,-0.21053434159638904,-0.017134301856757187,-0.046334284191660254,0.3200392577815491,0
sample_04284.html,-0.3273941911361057,-0.3406872283290372,-0.4993703348891979,-0.3931923691211846,0.4911933928541008,-0.2817433154767308,-0.10977361938621372,0.343253371727165,0.015084786596169244,-0.25871683934073486,-0.004278164271089811,-0.09582578142524951,-0.2023741806974135,1
sample_09029.html,-0.2591625720768648,-0.34942621602408036,-0.26051190332015844,-0.16721455526797654,-0.2460564379487347,0.3579852681386988,-0.10977361938621372,0.6437184677140277,-0.20931383661973757,-0.2555202119852012,-0.024847984408157612,-0.043440044587356785,0.27330330880041276,0
sample_02682.html,-0.3913277554514574,-0.4018601421943393,-0.34013138050983827,-0.22243085367554774,0.8994749258870157,-0.11724167968990606,-0.10977361938621372,0.5783113998518835,-0.359959663898431,-0.2559308898051829,-0.02613359816672435,-0.0997330048910592,0.8894528533796773,1
sample_09326.html,-0.4423671555351416,-0.4805110314497277,-0.5789898120788778,-0.46681410033127957,-1.6268144901550612,-0.2817433154767308,-0.10977361938621372,-1.9925510562714843,0.32490835261924705,-0.2694943572651209,-0.013277460581056975,-0.10364022835686888,-0.8594383469527045,1
sample_02002.html,-0.436457330262294,-0.4805110314497277,-0.4993703348891979,-0.44329604730583255,0.08141459285252393,-0.2878359686540206,-0.10977361938621372,0.5993968872717046,1.1363421296090568,-0.25769569449105045,-0.02613359816672435,-0.10320609241622336,-0.05240898966930544,1
sample_08370.html,-0.07219719071768489,0.20986899645868135,0.3764439141972801,-0.05882700654200343,0.48425134144891585,-0.18426086464009395,-0.44887348689285445,0.5647011247459195,0.5064313485153958,-0.12428089999968066,-0.02613359816672435,-0.08120987142351702,-0.4596892307507675,0
sample_02963.html,-0.375210050161873,-0.46303305605964135,-0.5789898120788778,-0.30627782533148923,0.6891955791840014,-0.013666575675979363,-0.10977361938621372,-1.9925510562714843,-0.7207251449314114,-0.2694610590635007,-0.02613359816672435,-0.10262724449536266,0.02431333788177983,1
sample_02718.html,-0.3376020711528425,-0.270775326768692,0.6153023457663196,-0.42284556641413956,-1.0831859072348968,-0.3365771940723391,-0.44887348689285445,0.6338012754113467,0.6970102001128446,1.2822795340372868,-0.008135005546790024,-0.06948820102608798,-1.1073744839805466,0
sample_05490.html,-0.205974144621236,-0.4805110314497277,-0.5789898120788778,-0.42693566259247817,-0.6778872259759202,-0.30002127500860026,-0.44887348689285445,-1.9925510562714843,2.324962858901145,-0.2694943572651209,1.6464499017286012,0.530053533005375,-1.424027031290973,0
sample_09746.html,-0.41765334075777877,-0.46303305605964135,-0.5789898120788778,-0.43920595112749394,0.4637761245085739,-0.2817433154767308,-0.44887348689285445,-1.9925510562714843,1.7293961464478045,-0.26943886026242064,-0.02613359816672435,-0.07600024013577078,-0.7574170439133014,1
sample_05035.html,-0.29730780792888134,-0.3057312775488646,0.05796600543856084,-0.36558421991739903,-0.7572405342690461,-0.31220658136317986,-0.10977361938621372,0.6818589211808016,0.8887000168182739,-0.21536258083130966,-0.02613359816672435,-0.03302078201186431,-0.14692958468514317,0
sample_08547.html,-0.4036846628401389,-0.4018601421943393,-0.4993703348891979,-0.4064851817007851,0.9518734680729665,-0.3365771940723391,-0.10977361938621372,0.42594168742850946,-0.354148975623084,-0.26529878386098293,0.01629165586597799,-0.10089070073278059,0.4939973378014802,1
sample_00167.html,-0.30268037635874284,-0.3319482406339941,-0.4993703348891979,-0.36660674396198367,0.1450017406474816,-0.2695580091221512,-0.10977361938621372,0.343253371727165,-2.6718350703311264,-0.25871683934073486,-0.02613359816672435,-0.0910502860781488,3.551261852867586,1
sample_08685.html,-0.28817444159811684,-0.34942621602408036,1.2522581632837582,-0.34411121498112135,-0.06379506139852963,-0.17207555828551432,-0.10977361938621372,0.6223135179913302,0.9824765561151905,-0.13492522511758612,-0.02613359816672435,0.011984643835054588,-0.4938974115622151,1
sample_07861.html,1.9726023536875985,2.8665212557518,0.45606339138695995,3.7030389534849313,1.9679766055139942,-0.3304845408950493,-0.10977361938621372,0.6241307955223174,0.3427513361760764,3.545547198757813,-0.0017069367539563366,0.595173924102203,0.3390670415777506,0
sample_02250.html,-0.267221424721657,-0.26203633907364887,0.05796600543856084,-0.3604715996944758,0.45935699041361283,-0.2878359686540206,-0.10977361938621372,0.5486251539330191,0.6121037191914331,-0.2477062340050078,-0.02613359816672435,-0.0103010011180821,-0.5115233342267402,1
sample_04919.html,-0.44344166922111394,-0.46303305605964135,-0.4197508576995181,-0.4606789560637717,-0.1453856826341867,-0.3365771940723391,-0.44887348689285445,0.8009284462895916,0.8885267292414623,-0.2555535101868213,0.009863587073144301,-0.10074598875256541,-0.28936628444062873,0
sample_09422.html,0.8126648296805027,1.3546763845093344,-0.1012729489407988,0.23463739425379168,0.1288355584084487,-0.17207555828551432,-0.44887348689285445,0.5854955300687229,0.17107684488687058,-0.17486086826067668,-0.023562370649590873,0.07146126770349082,-0.05255841426688504,0
sample_03202.html,-0.3827316459636791,-0.2882533021587783,-0.4993703348891979,-0.3717193641849069,1.0272830076069597,-0.31829923454046966,-0.44887348689285445,-0.4061239611480421,-0.28286358990613614,-0.2629013133443327,-0.02613359816672435,-0.10219310855471715,0.10994819535876853,1
sample_02971.html,-0.4520377787088923,-0.4805110314497277,-0.4993703348891979,-0.49237720144589586,-2.256016803315404,-0.3365771940723391,-0.44887348689285445,0.7650859014627686,1.4223913219753108,-0.267185681952791,-0.027419211925291086,-0.10364022835686888,-1.0168014571092276,1
sample_08421.html,-0.2870999279121445,-0.2183414005984331,-0.021653471751118984,-0.204025420873024,-0.8138172454908802,-0.3365771940723391,-0.10977361938621372,0.20633514177763257,-1.2983209720736426,-0.2593162069698974,0.0034355182803106135,-0.09582578142524951,0.9102967568507441,0
sample_06133.html,-0.4396808713202109,-0.4717720437546845,-0.4197508576995181,-0.4565888598854331,-1.679248018270447,-0.275650662299441,-0.10977361938621372,0.4066228702510142,0.3507834396509547,-0.2642110426080583,-0.02613359816672435,-0.10277195647557784,-0.642746957163268,1
sample_09120.html,0.0862935779632291,0.3322148241892855,1.650355549232157,0.2387274904321303,-0.22836531249081995,0.07163056880607792,-0.10977361938621372,0.591987390001341,0.6018262496781397,-0.12721114174225318,-0.02613359816672435,0.11140177424287864,-0.3668077952786597,0
sample_04367.html,-0.39777483756729126,-0.4717720437546845,-0.5789898120788778,-0.44431857135041725,-0.6312169287446057,-0.19644617099467354,-0.10977361938621372,-1.9925510562714843,0.49033152045454487,-0.2691502758483794,-0.013277460581056975,-0.10175897261407163,-0.805236722134871,0
sample_05399.html,-0.10496985813983999,0.10500114411816354,0.3764439141972801,0.2622455434575773,-0.05690991890435427,0.30924404272038036,-0.10977361938621372,0.5996704155132071,-0.37989508709126185,-0.1341482670797828,-0.02613359816672435,-0.08613007875083291,0.4641089502685619,0
sample_04762.html,-0.40153563546819426,-0.39312115449929613,-0.1012729489407988,-0.28378229635062685,0.10827595010118983,-0.20253882417196337,0.22932624812042704,0.6504193838017305,0.28542509729536647,-0.22114536851267436,-0.02613359816672435,-0.10204839657450197,-0.2817415752524548,0
sample_03087.html,-0.440218128163197,-0.4805110314497277,-0.5789898120788778,-0.48419700908921864,-2.256016803315404,-0.30611392818589006,-0.44887348689285445,-1.9925510562714843,-0.19975210603412946,-0.26943886026242064,-0.01584868809819045,-0.09437866162309778,-1.2002264804210399,1
sample_09140.html,1.0619520048260758,0.1486960825933793,0.13758548262824066,0.7111335990302395,0.9258645574992801,3.922187376853235,-0.10977361938621372,0.5033628025854369,-0.04981683919295852,-0.1334268060446797,-0.014563074339623712,-0.07817091983899838,0.5724094370843946,0
sample_05694.html,-0.3854179301786098,-0.4717720437546845,-0.4197508576995181,-0.4381834270829093,-1.1581622195838333,-0.22690943688112258,0.22932624812042704,0.5264002157167866,0.12073500126556672,-0.26190236729572847,-0.0107062330639235,-0.09351038974180675,-0.5625865470644019,0
sample_03064.html,-0.32793144797909185,-0.2882533021587783,1.1726386860940783,-0.19993532469468542,0.03876655107680744,-0.31829923454046966,-0.10977361938621372,0.6725333186681387,1.0686088405072212,0.22341892131784438,-0.011991846822490236,-0.06543626558006313,-0.2591654885483001,1
sample_04281.html,-0.17158970667012247,-0.1833854498182605,-0.4993703348891979,0.004569484222244991,0.18914041799273779,-0.13551963922177548,0.22932624812042704,0.43840860710493545,-0.7838535022141417,-0.256641251439746,-0.02613359816672435,-0.09264211786051571,0.29484148059411397,0
sample_06138.html,-0.11356596762761836,-0.17464646212321733,-0.4993703348891979,-0.13551630988585234,-0.22361540784126493,-0.31220658136317986,0.5684261156270678,0.14380948098621102,-0.3303551806968416,-0.26511009405180214,0.017577269624544724,-0.08005217558179563,-0.407021903593902,0
sample_07021.html,0.7503430358941094,-0.07851759747774266,0.05796600543856084,0.7612372772148874,0.8842197404295535,1.5826085567739498,0.9075259831337085,0.6202107453582747,-0.1937925342353103,-0.228315581261545,-0.02613359816672435,-0.09264211786051571,0.5896488583794717,0
sample_08174.html,-0.10819339919775688,-0.3232092529389509,-0.4197508576995181,0.1446552783303423,1.9493452445576458,0.0472599560969187,0.5684261156270678,0.5604054748024125,-1.0081007337765853,-0.2515910241940244,-0.02613359816672435,-0.07542139221491008,1.8397781311893744,1
sample_07607.html,-0.4477397239650031,-0.4717720437546845,-0.5789898120788778,-0.47703934077712606,-0.04322117287288624,-0.3304845408950493,-0.10977361938621372,-1.9925510562714843,-0.8193857626755011,-0.2694943572651209,-0.01584868809819045,-0.10364022835686888,-0.46743469472672444,1
sample_05228.html,-0.43162201867541866,-0.4542940683645982,-0.4993703348891979,-0.41057527787912373,-0.019248507586689778,-0.3365771940723391,-0.10977361938621372,0.29222178364587176,0.0822325123221225,-0.2639779551967173,0.09857093641424919,-0.10233782053493232,0.1976725200468629,1
sample_07604.html,0.9271005372365525,1.1274627044382124,-0.1012729489407988,0.46981792450826165,-0.3416138939978797,1.3571803892142271,-0.44887348689285445,0.6105361758491477,0.24170281902262963,-0.23652913766118008,-0.02613359816672435,0.34887413377597803,-0.7007064652403411,0
sample_07228.html,0.20180379920525116,-0.3581652037191235,0.21720495981792048,0.5015161698903858,1.4137702203206317,0.8758607882083325,0.9075259831337085,0.5610883170630016,-0.31336006353175383,-0.19374094857929733,-0.02613359816672435,0.10199549552889238,0.3368530386580607,0
sample_05269.html,0.21577247712289105,0.35843178727441494,0.5356828685766397,-0.17948484380299237,0.7104781190049281,-0.3304845408950493,-0.10977361938621372,0.6749796732832328,-0.008169281416093504,-0.1748164706585165,-0.017134301856757187,-0.03388905389315535,-0.9083904370294319,0
sample_01997.html,-0.10980516972671532,-0.11347354825791527,1.729975026421837,0.02501996511393803,1.3361559374007113,-0.20253882417196337,0.22932624812042704,0.5503013728294518,0.4526074994394574,0.8019196774651153,-0.02613359816672435,0.017194275122800827,0.3276147889239967,0
sample_08835.html,-0.4337710460473632,-0.46303305605964135,-0.4993703348891979,-0.4852195331338033,-2.256016803315404,-0.32439188771775945,-0.44887348689285445,0.5921335326216536,0.4645706614910134,-0.03662893393492629,0.01629165586597799,-0.10016714083170472,-1.251081560087446,1
sample_05652.html,-0.018471506419069975,0.12247911950824984,-0.18089242613047862,-0.22754347389847102,-0.003529190807438261,-0.2878359686540206,-0.10977361938621372,0.7201373802688121,0.2084453294625243,-0.23626275204821892,-0.02613359816672435,-0.058345378549519634,-0.023809113869986742,0
sample_04644.html,-0.44666521027903083,-0.4717720437546845,-0.5789898120788778,-0.48828710526755725,-0.8429332784412412,-0.3365771940723391,-0.44887348689285445,-1.9925510562714843,-0.27192404102656675,-0.2694943572651209,0.03429024848591231,-0.10364022835686888,-0.493285906292145,0
sample_08007.html,-0.36715119751708075,-0.34942621602408036,-0.34013138050983827,-0.3788770324969995,0.7227341012933548,-0.2878359686540206,-0.10977361938621372,0.4755870525795369,0.7491009056121264,-0.2509139607610815,-0.011991846822490236,-0.10320609241622336,0.409399313109337,0
sample_00466.html,-0.44720246712201694,-0.4805110314497277,-0.5789898120788778,-0.4709041965096182,-1.7676238810323097,-0.30611392818589006,-0.10977361938621372,-1.9925510562714843,0.5635534941117821,-0.2694943572651209,-0.02613359816672435,-0.10306138043600818,-0.5744062661070206,1
sample_07469.html,-0.4498887513369477,-0.4805110314497277,-0.5789898120788778,-0.48828710526755725,-0.9582870354502327,-0.32439188771775945,-0.44887348689285445,-1.9925510562714843,0.7170376953672096,-0.2694943572651209,-0.018419915615323922,-0.10364022835686888,-0.9911653668997151,1
sample_04712.html,-0.23176247308457118,0.04382823025286147,-0.021653471751118984,-0.31752558982192036,0.9090377788983321,-0.31220658136317986,-0.10977361938621372,0.6612510676925886,-0.10901392931735984,-0.2498373189086969,-0.02613359816672435,-0.0699223369667335,0.8165191649228972,1
sample_06171.html,-0.42302590918764027,-0.4805110314497277,0.05796600543856084,-0.25821919523601056,0.507576891190044,-0.20863147734925316,-0.10977361938621372,0.2289235026782272,-0.7740740690351557,-0.23837163815082793,-0.02613359816672435,-0.10364022835686888,1.1510212437690719,1
sample_03179.html,-0.3273941911361057,-0.3406872283290372,-0.4993703348891979,-0.3931923691211846,0.4911933928541008,-0.2817433154767308,-0.10977361938621372,0.343253371727165,0.016396757465000942,-0.25871683934073486,-0.004278164271089811,-0.09582578142524951,-0.20254721649351112,1
sample_03175.html,-0.4520377787088923,-0.4805110314497277,-0.5789898120788778,-0.4913546774013112,-2.256016803315404,-0.3365771940723391,-0.44887348689285445,-1.9925510562714843,-0.834531934820573,-0.2694943572651209,-0.027419211925291086,-0.10364022835686888,-1.2476211570692826,1
sample_06124.html,-0.3359903006238841,-0.4368160929745119,-0.4993703348891979,-0.251061526923918,0.5902617417295137,-0.09287106698074685,0.22932624812042704,0.40887463847929506,-0.2571258345794687,-0.2667528053317292,-0.02613359816672435,-0.09191855795943984,0.4622776417222033,0
sample_01877.html,-0.436457330262294,-0.4717720437546845,-0.4197508576995181,-0.44840866752875586,-1.4437906419954152,-0.32439188771775945,-0.10977361938621372,0.7880697033306806,2.0025835168757586,-0.24263380795820613,0.0304334072102121,-0.10074598875256541,-0.4836514290958143,1
sample_06194.html,-0.4300102481464602,-0.4717720437546845,-0.5789898120788778,-0.4463636194395865,-0.6362290128743584,-0.2573727027675716,-0.44887348689285445,-1.9925510562714843,-1.1374664737509026,-0.2694943572651209,-0.022276756891024138,-0.10074598875256541,0.7974713031334778,0
sample_00134.html,-0.09959728970997848,-0.2882533021587783,-0.4993703348891979,0.4043763856548439,-0.20152976016604593,-0.05631514791700801,-0.10977361938621372,0.5705970425966339,0.33260907392506445,-0.12186123068195032,-0.013277460581056975,-0.0671728093426452,0.3615769360925753,0
sample_01248.html,0.1717174159980268,0.5419505288703211,0.6153023457663196,-0.04655671800698761,-0.08192775930907253,-0.245187396412992,0.22932624812042704,0.6942019447409223,0.24819204143905743,-0.17244119894294635,-0.024847984408157612,-0.01941785587163802,-0.3647865671691792,0
sample_03418.html,-0.45150052186590617,-0.4805110314497277,-0.4993703348891979,-0.4913546774013112,-2.256016803315404,-0.3304845408950493,-0.44887348689285445,0.9304287370567772,2.2431851233675375,-0.14019744037410864,-0.01970552937389066,-0.10364022835686888,-1.5326077234511195,1
sample_00782.html,-0.3768218206908314,-0.3232092529389509,-0.34013138050983827,-0.37580946036324553,-0.041574217966220406,-0.2878359686540206,0.22932624812042704,0.5636389140211698,0.3706676264346569,-0.26527658505990287,-0.013277460581056975,-0.1034955163766537,-0.33347425878736037,1
sample_01854.html,1.1941171882006685,0.2186079841537245,1.1726386860940783,1.6508331960035347,0.17902207780961815,2.0334648918933955,0.9075259831337085,0.5944615625784287,-0.14735355204136763,-0.04116858875580568,-0.02613359816672435,0.08419592196242606,0.4123152896075001,0
sample_00430.html,-0.4171160839147926,-0.4805110314497277,-0.18089242613047862,-0.342066166891952,0.9859203308315934,-0.22690943688112258,-0.10977361938621372,-0.16122411392903999,-2.2476264076244465,-0.26710798614901066,-0.01584868809819045,-0.10335080439643853,2.9059031827337556,0
sample_03838.html,0.012152133631140524,-0.20960241290338993,0.13758548262824066,0.011727152534337554,0.10731360993901459,0.6930811928896381,-0.44887348689285445,0.14751194131799514,-0.7773843165117643,-0.195305964055444,-0.02613359816672435,-0.08670892667169361,0.7094905146761669,0
sample_04150.html,-0.44344166922111394,-0.4805110314497277,-0.5789898120788778,-0.44840866752875586,0.14701542706580994,-0.31220658136317986,-0.10977361938621372,-1.9925510562714843,-0.8587404029473501,-0.2694832578645808,-0.002992550512523074,-0.10074598875256541,0.10227005784838149,1
sample_03224.html,-0.44344166922111394,-0.4805110314497277,-0.5789898120788778,-0.3850121767645074,0.0595402354823181,-0.2634653559448614,1.58572571814699,-1.9925510562714843,0.039198919164220844,-0.2694943572651209,-0.02613359816672435,-0.10060127677235024,-0.38186106209139314,1
sample_01938.html,-0.3886414712365267,-0.39312115449929613,-0.5789898120788778,-0.4494311915733405,0.06108910624269174,-0.31220658136317986,-0.10977361938621372,-1.9925510562714843,-0.2891821796554278,-0.26930566745594003,-0.011991846822490236,-0.09872002102955299,-0.3518076178090327,1
sample_02311.html,-0.3676884543600669,-0.4542940683645982,-0.5789898120788778,-0.2858273444397962,0.44539417683210375,-0.08068576062616724,-0.10977361938621372,-1.9925510562714843,0.01953895250676549,-0.26928346865485997,-0.02613359816672435,-0.09799646112847712,-0.43245428039819866,1
sample_05080.html,0.5574678292620818,1.1798966306084713,0.21720495981792048,0.015817248712676164,0.20035468923597446,-0.32439188771775945,-0.10977361938621372,0.5235518591660286,-0.08415245126356644,-0.25736271247484904,-0.02613359816672435,0.018786106905167733,-0.16787818054941867,0
sample_07928.html,1.4283611717426297,1.4770222122399386,-0.18089242613047862,1.5056347816725142,0.652235006828407,2.7645832731681725,-0.10977361938621372,0.6094301105884755,-0.23377458296764522,-0.1908995020410452,-0.01970552937389066,0.28114892703527694,0.6486135438079265,0
sample_05328.html,3.527423657289514,3.81033192681646,1.0930192089043984,2.014851755875671,-0.062496106572031904,0.7540077246625362,-0.10977361938621372,0.7204612701207409,-0.32492529556678157,-0.1640944497368307,-0.02613359816672435,0.5718752952875601,0.14918204128694032,0
sample_00347.html,-0.4520377787088923,-0.4805110314497277,-0.5789898120788778,-0.4903321533567266,-1.4502732858151721,-0.3365771940723391,-0.44887348689285445,-1.9925510562714843,-0.509861189438462,-0.2694943572651209,-0.027419211925291086,-0.10364022835686888,-0.2187098185068599,0
sample_09946.html,-0.21833105200991745,-0.24455836368356254,0.13758548262824066,-0.2592417192805952,0.2502320158680062,-0.20863147734925316,-0.44887348689285445,0.4990983571764246,0.1112419918967422,0.2819571597660544,-0.02613359816672435,-0.08309112716631427,-0.6101575449985417,0
sample_04923.html,0.4801028438720764,0.131218107203293,-0.18089242613047862,0.5679802327883883,1.394410998207798,0.8514901754991732,-0.44887348689285445,0.610679717970203,0.5607483386945137,0.761129380480441,-0.017134301856757187,-0.07513196825447974,-0.26766821881002734,0
sample_08624.html,-0.4482769808079893,-0.4805110314497277,-0.5789898120788778,-0.4893096293121419,-0.36840986383437474,-0.32439188771775945,-0.44887348689285445,-1.9925510562714843,-0.16168452528659022,-0.2694832578645808,-0.013277460581056975,-0.10277195647557784,-0.240079713249609,0
sample_08840.html,0.1835370665437221,0.3671707749694581,1.0930192089043984,-0.17130465144631515,-0.26420255005932947,-0.30611392818589006,0.22932624812042704,0.6721370930841665,0.5260055443372874,-0.04043602832016255,-0.02613359816672435,-0.06601511350092382,-0.61152393066298,0
sample_05815.html,-0.4391436144772247,-0.4805110314497277,-0.4197508576995181,-0.4749942926879568,-1.044802351692958,-0.31220658136317986,-0.44887348689285445,0.5854814686312724,0.4359815408982671,-0.24795042081688884,-0.008135005546790024,-0.10118012469321093,-1.0356323070823386,0
sample_03750.html,-0.3709119954179838,-0.31447026524390775,-0.5789898120788778,-0.3706968401403223,0.013573841585635947,-0.32439188771775945,0.5684261156270678,-1.9925510562714843,1.081048562708126,-0.2694943572651209,-0.0209911431324574,-0.1034955163766537,0.15091853998480415,1
sample_01879.html,-0.3821943891206929,-0.2882533021587783,-0.5789898120788778,-0.37376441227407625,1.0349185882949992,-0.31829923454046966,-0.44887348689285445,-1.9925510562714843,-0.7702275040533052,-0.2694943572651209,-0.02613359816672435,-0.10204839657450197,0.2499703599778838,1
sample_05491.html,-0.2699077089365878,-0.3669041914141667,0.7745413001456792,-0.1978902766055161,0.4324330860506651,0.14474240693355558,0.5684261156270678,0.6611960697551635,0.8397635525949595,-0.02631759083322225,-0.02613359816672435,-0.09843059706912263,-1.0077626444285774,0
sample_09412.html,-0.3236333932352027,-0.4193381175844256,0.21720495981792048,0.24793020683339217,0.10166287665321001,-0.16598290510822453,-0.10977361938621372,0.291922804401651,-0.4048247790706609,-0.20970188655588548,-0.02613359816672435,-0.09307625380116123,0.9976917372617726,1
sample_01510.html,-0.4520377787088923,-0.4805110314497277,-0.5789898120788778,-0.48828710526755725,-0.9957936717291966,-0.3365771940723391,-0.44887348689285445,-1.9925510562714843,-1.355071615721392,-0.2694943572651209,-0.027419211925291086,-0.10364022835686888,0.3789092637380887,1
sample_01017.html,-0.29086072581304756,-0.3232092529389509,-0.26051190332015844,-0.20709299300677797,-0.44048640160861,-0.20253882417196337,-0.10977361938621372,0.48243874664349096,0.3041845371315329,-0.18753638367741082,-0.02613359816672435,-0.04184821280498988,-0.32446289037666093,0
sample_06569.html,-0.3381393279958287,-0.2358193759885194,0.13758548262824066,-0.0169035207140327,0.36481495599998515,-0.20863147734925316,1.2466258506403491,0.4706734160306443,-0.02630897366111138,-0.15711292679714087,-0.02613359816672435,-0.09351038974180675,0.5080384260405216,1
sample_07641.html,-0.44344166922111394,-0.4805110314497277,-0.5789898120788778,-0.44738614348417116,0.6504347000600212,-0.31220658136317986,-0.10977361938621372,-1.9925510562714843,-0.9968399614269563,-0.2694832578645808,-0.002992550512523074,-0.10074598875256541,0.28401358834115287,1
sample_08480.html,0.43980858064811523,0.6905133196860547,9.13458640506206,1.1048053561953306,0.9300195378344871,0.32752200225224976,-0.10977361938621372,0.4952303903125709,0.4341797353317115,1.0529548194793674,-0.02613359816672435,-0.023325079337447697,0.44455473192030887,0
sample_01726.html,1.066250059569965,1.3634153722043776,0.6153023457663196,0.5822955694125733,0.37000091602034096,0.1569277132881352,0.22932624812042704,0.5700490854552792,-0.09985674413426869,-0.1474453489267596,-0.02613359816672435,0.006775012547308349,-0.060953675114263826,0
sample_05042.html,-0.23391150045651576,-0.3581652037191235,-0.4197508576995181,-0.3512688832932139,0.8240346699545295,-0.31829923454046966,0.22932624812042704,0.7506092328376914,0.9438359371912463,-0.19998991108334402,-0.02613359816672435,0.028915945520229865,0.45125627062550444,1
sample_01543.html,-0.436457330262294,-0.4805110314497277,-0.5789898120788778,-0.41466537405746234,0.42914483866489467,-0.23300209005841238,-0.10977361938621372,-1.9925510562714843,-1.0887089365342655,-0.26943886026242064,-0.02613359816672435,-0.10320609241622336,0.25224883411605653,1
sample_07877.html,-0.3096647153175628,-0.3406872283290372,-0.4993703348891979,-0.37376441227407625,0.06381297614258408,-0.2695580091221512,-0.10977361938621372,0.3316516123233787,-2.690270503033452,-0.26031515301850167,-0.02613359816672435,-0.0910502860781488,3.566025188243186,1
sample_05241.html,-0.38380615964965137,-0.3756431791092098,-0.4993703348891979,-0.36558421991739903,0.15666389477063947,-0.2634653559448614,0.9075259831337085,0.3172216944213166,-0.5283947585207351,-0.26673060653064906,-0.02613359816672435,-0.09929886895041368,-0.28056606090016767,1
sample_00131.html,-0.15815828559546874,-0.4105991298893824,-0.34013138050983827,-0.35433645542696784,0.08592306612543707,-0.29392862183131047,0.22932624812042704,0.7496560134259991,1.937460820285826,-0.19907976023906013,-0.02613359816672435,0.27290034416301207,0.10291384435949592,1
sample_07922.html,-0.20328786040630525,-0.17464646212321733,-0.4993703348891979,-0.1508541705546221,0.3952671462287259,-0.18426086464009395,-0.10977361938621372,0.24876567178780673,-0.2478997917002412,-0.2593051075693574,-0.0107062330639235,-0.08801133449363016,-0.2505334507951852,1
sample_02306.html,-0.27689204789540767,-0.3232092529389509,1.3318776404734378,-0.1876650361596696,-0.05479935349811296,-0.23909474323570218,-0.10977361938621372,0.6723066338859018,1.2325356281171607,1.5408400696176912,-0.006849391788223287,-0.06659396142178452,-0.8296168947556183,1
sample_02430.html,-0.26883319525061544,-0.08725658517278581,0.05796600543856084,0.11704712912655671,0.5445437073561368,-0.11114902651261627,-0.10977361938621372,0.534837460784852,-1.209762285644255,-0.23244455826244262,-0.02613359816672435,-0.07672380003684665,1.6639628367967705,0
sample_06849.html,0.4865499259879102,1.2235915690836872,0.6949218229559994,0.0853488837444325,0.4026676907524281,-0.17207555828551432,-0.44887348689285445,0.6841540210290787,0.851177846190975,0.3989559408586941,-0.02613359816672435,-0.03041596636799119,-0.99642140743213,0
sample_07760.html,-0.44935149449396156,-0.4805110314497277,-0.5789898120788778,44.07637832986533,1.299081510886665,-0.30611392818589006,-0.44887348689285445,-1.9925510562714843,-0.5412626705282717,-0.2694943572651209,-0.004278164271089811,-0.10364022835686888,-0.24717416785195656,0
sample_09407.html,-0.4337710460473632,-0.46303305605964135,-0.4993703348891979,-0.48828710526755725,-0.9915621547527916,-0.3365771940723391,-0.44887348689285445,0.5175549160947341,0.48162458323160523,-0.26636432631282747,0.08700041258714855,-0.09872002102955299,-1.0055610142462665,1
sample_06412.html,-0.26346062682075394,-0.3581652037191235,-0.1012729489407988,-0.22243085367554774,-0.17528421462494628,-0.2208167837038328,-0.10977361938621372,0.7472455453122292,0.2739719405598528,-0.23877121657026965,-0.02613359816672435,-0.06427856973834174,-0.20537251608074425,1
sample_08026.html,0.0271953252347527,0.6293404058207527,0.13758548262824066,0.19987157673791353,1.0874170193367754,0.028981996565049278,-0.10977361938621372,0.6369691219401973,-0.722024781156843,-0.22578491793841418,-0.02613359816672435,-0.08005217558179563,0.9553880574341606,0
sample_01147.html,0.3506239447124145,1.0400728274877808,0.6153023457663196,0.17533099966788188,1.0309028915656566,-0.25128004959028183,0.22932624812042704,0.6009929626264315,0.15634978280884135,-0.032533255135648795,-0.02613359816672435,-0.04893909983553337,-0.08559732576419583,0
sample_09210.html,-0.3145000269044381,-0.2882533021587783,-0.5789898120788778,-0.3308184024015209,0.3625134850279515,-0.17207555828551432,-0.44887348689285445,-1.9925510562714843,0.33551934419485185,-0.2694610590635007,-0.02613359816672435,-0.09770703716804677,-0.020848913636112434,0
sample_00274.html,-0.4520377787088923,-0.4805110314497277,-0.4993703348891979,-0.4893096293121419,-1.2220532489725586,-0.3365771940723391,-0.44887348689285445,0.32882637380317103,-0.44881314830506697,-0.2678294471841138,-0.027419211925291086,-0.10364022835686888,0.11082971052464799,1
sample_04180.html,-0.35049623538451014,-0.2882533021587783,1.0930192089043984,-0.21834075749720913,0.0796420773997307,-0.31220658136317986,-0.10977361938621372,0.6626875313362842,0.9912332207491297,0.18444892602173793,-0.02613359816672435,-0.0883007584540605,-0.1955877538014106,1
sample_05004.html,0.6966173515954945,1.2323305567787302,0.2968244370076003,0.38392590476315086,0.13880794725014767,-0.1477049455763551,-0.10977361938621372,0.7093241654577226,-0.6342294649492897,-0.19777003097533452,-0.02613359816672435,-0.0531357472617734,0.7547803396769414,0
sample_00153.html,-0.2806528457963107,-0.42807710527946874,0.21720495981792048,-0.16107941100046863,0.12740358195480114,0.07163056880607792,0.22932624812042704,0.5701333302698051,0.009635964312129845,-0.2391596955891713,-0.02613359816672435,-0.09119499805836398,-0.31789809062787494,1
sample_08750.html,-0.45096326502292,-0.4805110314497277,-0.5789898120788778,-0.4811294369554647,-1.4745881252400244,-0.3304845408950493,-0.44887348689285445,-1.9925510562714843,-0.5193348522152468,-0.2694943572651209,-0.004278164271089811,-0.10364022835686888,-0.8128703360434137,1
sample_08762.html,-0.3376020711528425,-0.3232092529389509,0.21720495981792048,-0.3461562630702906,0.32711051023285465,-0.30611392818589006,-0.10977361938621372,0.5652637283885047,0.535839834490876,-0.20634986759279117,-0.02613359816672435,-0.06095019419339275,-0.5209262104675345,1
sample_04595.html,-0.4429044123781278,-0.4805110314497277,-0.26051190332015844,-0.4023950855224465,-0.9299489352617876,-0.2817433154767308,-0.44887348689285445,0.1615517843314901,-0.34521322175229613,-0.24888277046225282,-0.011991846822490236,-0.1019036845942868,0.7215839984600797,0
sample_04659.html,-0.2500292057461002,-0.42807710527946874,-0.18089242613047862,-0.28378229635062685,0.15909358490452197,0.07163056880607792,-0.44887348689285445,0.5715056053766654,0.24569959884541356,-0.1851389131607606,-0.01584868809819045,-0.10016714083170472,0.6789913128690488,0
sample_03876.html,-0.4498887513369477,-0.4805110314497277,-0.5789898120788778,-0.4790843888662954,-1.3476059645985698,-0.32439188771775945,-0.10977361938621372,-1.9925510562714843,0.27527684025315774,-0.2694943572651209,-0.002992550512523074,-0.10277195647557784,-0.792065571621464,1
sample_08819.html,-0.15708377190949643,-0.4105991298893824,-0.26051190332015844,-0.16516950717880724,-0.05500383072183615,0.1386497537562658,-0.10977361938621372,0.5264737929493152,-1.3538343454100512,-0.2620133613011289,-0.024847984408157612,-0.09828588508890747,1.4350472085520025,0
sample_05406.html,-0.45096326502292,-0.4805110314497277,-0.5789898120788778,-0.20198037278385472,-0.44910118862006365,-0.3304845408950493,-0.10977361938621372,-1.9925510562714843,-1.892757918744376,-0.2694943572651209,-0.01584868809819045,-0.1034955163766537,1.178423389046984,1
sample_05621.html,0.6633074273303532,0.6118624304306663,0.7745413001456792,0.7356741761002712,0.4139958646026952,1.107381608945345,-0.10977361938621372,0.6658510527629347,-0.7907759152466962,-0.08230296715722137,-0.02613359816672435,-0.05414873112327961,1.3551932746781867,0
sample_05824.html,-0.31933533849131346,-0.3756431791092098,-0.18089242613047862,-0.2868498684843808,0.2715618233329073,0.016796690210469666,0.22932624812042704,0.8668687971166443,-0.4316418594711842,-0.25991557459905995,-0.02613359816672435,-0.09929886895041368,0.46252886435293034,0
sample_04865.html,-0.303217633201729,-0.3232092529389509,-0.18089242613047862,-0.12529106944000581,-0.3529649234648494,-0.13551963922177548,0.22932624812042704,0.4371371032864085,-0.6973278560012808,-0.2383161411481277,-0.0209911431324574,-0.10146954865364127,0.5439190906493779,0
sample_06070.html,-0.41228077232791727,-0.4193381175844256,-0.5789898120788778,-0.4044401336116158,0.7458025647110539,-0.31220658136317986,1.58572571814699,-1.9925510562714843,-0.01497698999027728,-0.2694943572651209,-0.011991846822490236,-0.09032672617707294,-0.020179807993290638,1
sample_04720.html,2.1493598550300415,1.2585475198638598,6.507143657802626,2.323654017340236,0.8474644325870758,1.2596979383775901,-0.10977361938621372,0.5491573920371354,1.004837444015481,1.6501580655366181,-0.009420619305356762,0.7073257087689623,-0.8328620721166101,0
sample_01335.html,-0.4251749365595848,-0.4805110314497277,-0.021653471751118984,-0.3676292680065683,0.36497184460790394,-0.25128004959028183,-0.10977361938621372,0.22346370107960747,0.6834026833164495,-0.16480481137139374,-0.002992550512523074,-0.09278682984073088,0.6962770569627645,1
sample_09372.html,0.04976011264017096,0.2623029226289403,1.4114971176631177,-0.019971092847786656,0.8452026833929829,0.18129832599729442,-0.44887348689285445,0.5915402444473186,-0.24850464501635405,0.07717321980217977,-0.02613359816672435,-0.08005217558179563,0.6907524406769128,0
sample_02266.html,-0.4520377787088923,-0.4805110314497277,-0.5789898120788778,-0.49237720144589586,-2.256016803315404,-0.3365771940723391,-0.44887348689285445,-1.9925510562714843,-1.4078000403100033,-0.2694943572651209,-0.027419211925291086,-0.10364022835686888,-1.3155472897162082,1
sample_06131.html,-0.3096647153175628,-0.3406872283290372,-0.4993703348891979,-0.37376441227407625,0.06381297614258408,-0.2695580091221512,-0.10977361938621372,0.3316516123233787,-2.6901914969386413,-0.26031515301850167,-0.02613359816672435,-0.0910502860781488,3.566025188243186,1
sample_03547.html,-0.4520377787088923,-0.4805110314497277,-0.5789898120788778,-0.4903321533567266,-1.114558160185379,-0.3365771940723391,-0.44887348689285445,-1.9925510562714843,-1.60279190543054,-0.2694943572651209,-0.027419211925291086,-0.10364022835686888,0.2457020263352195,0
sample_06493.html,-0.24143309625832185,-0.44555508066955507,-0.18089242613047862,-0.2531065750130873,-0.25013861823932704,0.1508350601108454,-0.44887348689285445,0.608779065694643,1.461228540694582,-0.24971522550275638,-0.0209911431324574,-0.09611520538567987,0.057592924544548965,0
sample_03450.html,-0.41872785444375105,-0.44555508066955507,-0.4993703348891979,-0.41466537405746234,-1.396574208167864,-0.30002127500860026,-0.10977361938621372,0.4123839510499752,0.46263417140384605,-0.25710742626242794,-0.014563074339623712,-0.10045656479213506,-0.4970730851687619,1
sample_02927.html,-0.43538281657632166,-0.4717720437546845,-0.4197508576995181,-0.4494311915733405,-1.8285293515827974,-0.22690943688112258,-0.10977361938621372,0.4066228702510142,0.20549469220527664,-0.2642110426080583,-0.02613359816672435,-0.10233782053493232,-0.4970429029906451,1
sample_01061.html,-0.43054750498944633,-0.44555508066955507,-0.26051190332015844,-0.4790843888662954,-1.569245721624481,-0.3365771940723391,-0.44887348689285445,0.5845584166617649,0.438471241029445,0.20501611522244578,0.044575158554446215,-0.09654934132632538,-1.1254316662942065,1
sample_02664.html,-0.3349157869379118,-0.3319482406339941,-0.26051190332015844,-0.34820131115945996,0.2761618825865796,-0.3365771940723391,-0.10977361938621372,0.8053397291125003,1.4354298666499812,0.24225460403430482,0.01500604210741125,-0.08627479073104809,-1.1456715741861734,1
sample_05196.html,0.5633776545349295,0.7866421843315294,0.2968244370076003,0.5822955694125733,0.9490500969058736,0.06553791562878812,-0.10977361938621372,0.5931686075542113,0.11751391858276786,1.0528993224766672,-0.02613359816672435,0.19924194623348884,-0.4273139230046304,0
sample_02384.html,-0.09261295075115855,-0.34942621602408036,-0.1012729489407988,-0.05473691036366482,0.005353365438907883,0.5590428229892624,-0.10977361938621372,0.6601378345509357,-0.4624591059274881,-0.2315233080176187,-0.017134301856757187,-0.08714306261233912,0.7125904655654339,0
sample_02844.html,-0.32202162270624424,-0.39312115449929613,-0.5789898120788778,-0.23163357007680963,0.6430234302323501,0.30315138954309057,-0.10977361938621372,-1.9925510562714843,-1.078720847025418,-0.2694610590635007,-0.02613359816672435,-0.09958829291084402,1.6613703245919456,0
sample_07390.html,1.375710001129987,0.6905133196860547,-0.18089242613047862,3.369696114950335,0.6389289863954353,3.099679197919112,-0.10977361938621372,0.6364092775652146,-0.48420347023945526,-0.1823751624262888,-0.01970552937389066,0.18925681959864188,1.0158390358670712,0
sample_02800.html,0.43980858064811523,0.7429472458563137,-0.34013138050983827,-0.17334969953548446,0.0462418335882468,-0.3304845408950493,-0.10977361938621372,0.3758349992443131,0.8024132558243853,-0.244476308447854,-0.0209911431324574,-0.07817091983899838,0.0390408848863527,0
sample_09329.html,0.7949353538619598,-0.12221253595295842,5.631329408716148,1.1232107889978544,0.9649067411796497,1.2596979383775901,0.5684261156270678,0.30896097887535745,-0.30948782498107436,0.658837305103364,-0.011991846822490236,-0.07064589686780937,-0.04963109500631971,1
sample_01850.html,1.4826241128842306,-0.2008634252083468,0.2968244370076003,0.20702924505000608,0.9207148733517505,1.6191644758376889,-0.44887348689285445,0.5079026969930572,0.5281501577123103,0.22964568502081098,-0.02613359816672435,0.6161571612334031,0.1905053935391923,0
sample_03808.html,-0.3085902016315905,-0.2358193759885194,-0.4993703348891979,-0.05269186227449552,0.14338751275529885,-0.19035351781738374,0.22932624812042704,0.5648423941005405,-1.2832898082466304,-0.2047626533155644,-0.004278164271089811,-0.0883007584540605,2.4159370198727244,1
sample_04193.html,-0.40959448811298654,-0.42807710527946874,0.13758548262824066,-0.459656432019187,-1.4443782505744753,-0.29392862183131047,-0.44887348689285445,0.6689956851262735,0.9238897398547867,-0.19295289114095396,-0.013277460581056975,-0.09828588508890747,-1.2797639642614858,0
sample_03780.html,-0.31396277006145196,-0.3406872283290372,-0.4993703348891979,-0.37376441227407625,0.05687775598690603,-0.2695580091221512,-0.10977361938621372,0.3316516123233787,-2.6987135535650224,-0.26031515301850167,-0.02613359816672435,-0.09683876528675574,3.5716534930225863,1
sample_00773.html,-0.4289357344604879,-0.46303305605964135,-0.4993703348891979,-0.47397176864337215,-1.5435377130570114,-0.31829923454046966,-0.10977361938621372,0.43619300261567,-0.22157088764455046,-0.26772955257925335,-0.006849391788223287,-0.10089070073278059,0.5328237178062468,0
sample_05047.html,-0.4520377787088923,-0.4805110314497277,-0.5789898120788778,-0.4913546774013112,-2.256016803315404,-0.3365771940723391,-0.44887348689285445,-1.9925510562714843,-0.8044734826651537,-0.2694943572651209,-0.027419211925291086,-0.10364022835686888,-1.074775684702108,1
sample_02338.html,-0.30268037635874284,-0.2882533021587783,-0.4993703348891979,-0.16823707931256118,0.8520667507557,-0.30611392818589006,-0.10977361938621372,0.13370032950012975,-0.6721231838767008,-0.14447070958202687,-0.005563778029656549,-0.10132483667342611,0.9103214762501867,1
sample_09744.html,-0.26775868156464316,-0.3581652037191235,0.45606339138695995,-0.16925960335714585,1.1451545221526105,0.132557100578976,0.22932624812042704,0.041300022542133864,-1.082842940644945,-0.08162590372427847,-0.02613359816672435,-0.09365510172202192,1.8563014330471201,0
sample_01024.html,-0.2070486583072083,-0.270775326768692,-0.021653471751118984,-0.16925960335714585,0.59689913030761,0.1508350601108454,-0.44887348689285445,0.10222580967679516,-0.43751828959329164,-0.197181762746712,-0.02613359816672435,-0.08439353498825083,1.000193246614219,0
sample_08616.html,1.0641010321980204,1.1449406798282988,0.13758548262824066,0.747944464635287,0.6283793509143096,-0.17816821146280412,-0.10977361938621372,0.6272132188550702,0.6557833927303394,1.9718741901898922,-0.02613359816672435,0.03282316898603954,-0.7653934699995562,0
sample_01608.html,0.34310234891060837,0.7779031966364862,0.3764439141972801,0.07001102307566272,-0.4358984181630201,-0.2573727027675716,-0.10977361938621372,0.5863704961074184,-0.48582032825731797,-0.19606072329216723,-0.02613359816672435,-0.05950307439124102,0.3547911741171271,0
sample_06499.html,-0.33921384168180096,-0.3756431791092098,-0.26051190332015844,-0.30730034937607387,0.6353371420512933,-0.19035351781738374,-0.44887348689285445,0.6270877005826748,0.5442227414042339,0.10965006578235847,-0.02613359816672435,-0.09770703716804677,-0.046255045634988154,0
sample_02976.html,-0.3198725953342996,-0.26203633907364887,-0.26051190332015844,-0.37580946036324553,0.7586209380936583,-0.2878359686540206,-0.10977361938621372,0.18616850940506738,0.433352989763595,-0.2537887055009538,-0.02613359816672435,-0.09799646112847712,0.034800517019956206,0
sample_04815.html,-0.3633903996161777,-0.3406872283290372,-0.1012729489407988,-0.4453410953950019,-1.226484519436325,-0.32439188771775945,-0.44887348689285445,0.6563980544329495,0.7980620906238809,0.6774509998090236,0.0021499045217438758,-0.09495750954395848,-1.3734457163658613,1
sample_03476.html,1.0544304090242698,1.3371984091192481,0.854160777335359,0.13954265810741906,0.4172813746438051,-0.2573727027675716,-0.44887348689285445,0.4453991656928867,0.05767654716231902,1.576857624370145,-0.02613359816672435,0.03745395235292509,-0.817421247884136,0
sample_03597.html,0.053520910541074,0.1836520333735519,0.05796600543856084,1.8931713945700974,-0.03757319509995917,0.1508350601108454,-0.44887348689285445,0.4897518448241413,0.42340716507773857,-0.18844653452169471,-0.02613359816672435,0.02312746631162293,-0.19446292986316993,0
sample_00913.html,-0.4520377787088923,-0.4805110314497277,-0.5789898120788778,-0.49237720144589586,-2.256016803315404,-0.3365771940723391,-0.44887348689285445,-1.9925510562714843,0.6240417613168179,-0.2694943572651209,-0.027419211925291086,-0.10364022835686888,-1.338863511223608,1
sample_06733.html,-0.3461981806406209,-0.34942621602408036,0.5356828685766397,-0.34002111880278274,1.4143300194158823,-0.29392862183131047,-0.10977361938621372,0.6354530740854802,0.5088231955256589,-0.11779885008429297,-0.02613359816672435,-0.07571081617534044,-0.6878725337493924,1
sample_04992.html,-0.18770741195970694,-0.15716848673313102,-0.5789898120788778,-0.34308869093653666,1.100821226869268,-0.30611392818589006,-0.10977361938621372,-1.9925510562714843,0.3163179842141385,-0.2694943572651209,0.0008642907631771383,-0.058345378549519634,-0.20849749927324426,1
sample_03706.html,0.1878351212876113,0.8303371228067451,-0.021653471751118984,0.6681875891576842,1.4007442023885135,-0.20253882417196337,1.2466258506403491,0.4709665349264643,-0.4231229161190969,-0.24043612665127675,-0.0107062330639235,-0.09032672617707294,0.48149365018599544,1
sample_06215.html,-0.03244018433670985,0.2186079841537245,-0.18089242613047862,-0.036331477561141086,0.7897686561090984,-0.31829923454046966,0.5684261156270678,0.7026338043090323,0.061037013890613424,-0.2164725208853144,-0.022276756891024138,-0.06601511350092382,0.2805678787634808,0
sample_00297.html,-0.4455906965930585,-0.4717720437546845,-0.5789898120788778,-0.46272400415294096,-0.6076184378828762,-0.32439188771775945,-0.10977361938621372,-1.9925510562714843,0.01726473267308925,-0.2694832578645808,-0.009420619305356762,-0.10364022835686888,-0.4101204333784543,1
sample_08234.html,-0.44182989869215544,-0.46303305605964135,-0.4993703348891979,-0.486242057178388,-0.8140948376749755,-0.3304845408950493,-0.44887348689285445,0.03474950134742731,0.06790380257409134,-0.26881729383217795,-0.0107062330639235,-0.10262724449536266,-0.8553946521562397,1
sample_03922.html,1.0146734026432949,-0.09599557286782896,0.13758548262824066,1.165134274825825,1.1715365715624084,2.307634284871437,0.9075259831337085,0.5707502778407604,0.1322565599076787,-0.10939660387547709,-0.02613359816672435,-0.023325079337447697,0.23433759534530796,0
sample_06449.html,0.5999111198579876,-0.24455836368356254,-0.1012729489407988,0.09455160014569436,0.2814340689637464,0.9611579326903897,-0.10977361938621372,0.665415246764579,0.1917327065322706,-0.06300110961807892,-0.02613359816672435,-0.03605973359638295,-0.3198298021779819,0
sample_09734.html,-0.43269653236139094,-0.44555508066955507,-0.26051190332015844,-0.45454381179626374,-1.8242177612189958,-0.3365771940723391,-0.44887348689285445,0.5623431079641596,1.112625018053542,-0.2198467386494888,0.02914779345164536,-0.09683876528675574,-0.6750414575055312,0
sample_08904.html,-0.37252376594694225,-0.4542940683645982,-0.4197508576995181,-0.3676292680065683,-0.31862174314670516,-0.1294269860444857,-0.44887348689285445,0.6940086838513029,0.2983723501583884,-0.2582395651175128,-0.02613359816672435,-0.10103541271299576,0.04273660459256366,0
sample_05278.html,1.2559017251440756,2.770392391106325,0.2968244370076003,1.679463869251905,0.8822034317319379,-0.29392862183131047,0.22932624812042704,0.7935292932381736,0.7165128704535128,-0.09625491363606095,-0.02613359816672435,0.09823298404329787,-0.34819678629362866,0
sample_03272.html,-0.1280719023882444,-0.4105991298893824,-0.4197508576995181,0.3348447506230876,-1.019383605360825,0.5285795571028133,0.22932624812042704,0.6115631021299073,-0.9662674224503184,-0.17511615447309778,-0.02613359816672435,-0.004512521909475168,0.4903789183691589,0
sample_04154.html,-0.23391150045651576,-0.3581652037191235,-0.4197508576995181,-0.3512688832932139,0.8240346699545295,-0.31829923454046966,0.22932624812042704,0.7511228751386809,0.9441234013345918,-0.20004540808604424,-0.02613359816672435,0.028915945520229865,0.45145423442357163,1
sample_00395.html,-0.39455129650937437,-0.34942621602408036,-0.4993703348891979,-0.38807974889826136,-0.15968409951595114,-0.3304845408950493,-0.10977361938621372,0.6288320490638271,0.5798054734753257,-0.1897340649843402,-0.0209911431324574,-0.08497238290911152,-1.1005512387385386,1
sample_08424.html,-0.19684077829047147,-0.4105991298893824,-0.18089242613047862,-0.0169035207140327,0.9052094267642947,0.2483175109474823,-0.10977361938621372,0.651305929247966,0.05471210231469494,-0.21317599892492034,-0.02613359816672435,-0.06847521716458177,0.2417725805352287,0
sample_06955.html,-0.4450534397500724,-0.4717720437546845,-0.4197508576995181,-0.44431857135041725,-1.2567046833686406,-0.3304845408950493,-0.10977361938621372,0.2937847259405157,-0.1713013291536993,-0.26673060653064906,0.009863587073144301,-0.1034955163766537,-0.4347807722305417,1
sample_00879.html,-0.3096647153175628,-0.3406872283290372,-0.4993703348891979,-0.37376441227407625,0.06381297614258408,-0.2695580091221512,-0.10977361938621372,0.3316516123233787,-2.690309147290967,-0.26031515301850167,-0.02613359816672435,-0.0910502860781488,3.5660843661725488,1
sample_05509.html,0.19374494656045893,-0.31447026524390775,-0.34013138050983827,0.29905640906262476,1.0761430109967844,0.796656296903565,0.22932624812042704,0.4377800131232856,-0.651157872036734,-0.25480985035063813,-0.02613359816672435,-0.0872877745925543,0.117402776148564,1
sample_08486.html,-0.23176247308457118,0.04382823025286147,-0.021653471751118984,-0.31752558982192036,0.9090377788983321,-0.31220658136317986,-0.10977361938621372,0.6612510676925886,-0.10690069589316331,-0.2498373189086969,-0.02613359816672435,-0.0699223369667335,0.8122284586592183,1
sample_02014.html,0.06265427687183854,-0.270775326768692,0.854160777335359,0.12011470126031067,0.6656742487389131,0.7479150714852464,0.5684261156270678,0.17082335365505208,-0.592400585339368,-0.12660067471255057,-0.02613359816672435,-0.08960316627599707,0.8749847427303294,0
sample_05254.html,6.728937184643977,4.789098548661293,-0.18089242613047862,12.40267352481115,0.9192002315117802,11.812173241443535,-0.10977361938621372,0.6018035876718387,-0.7226833815871603,-0.2009666583308682,-0.01970552937389066,1.6666214256153462,1.391255827652878,0
sample_01145.html,1.3601295526833885,1.7654088061763626,1.8095945036115169,0.45448006383949185,0.298596190453843,0.07772322198336773,0.22932624812042704,0.49543259418124486,0.4487268197695571,0.3286190396364137,-0.02613359816672435,0.045557823244974795,-0.09221044307328445,0
sample_06508.html,0.07232490004558922,-0.46303305605964135,0.21720495981792048,-0.2786696761277036,-0.275769514838734,-0.10505637333532646,-0.10977361938621372,0.9712365802925482,2.620646502172339,2.0815584663266407,-0.02613359816672435,1.1751795408046175,-1.0124166841435562,0
sample_05181.html,-0.3381393279958287,-0.3406872283290372,-0.26051190332015844,-0.35842655160530645,0.5810620895397329,-0.3365771940723391,-0.10977361938621372,0.7939924093340304,1.4000965261329494,0.24389731531423184,0.01500604210741125,-0.08410411102782048,-1.0974970369909613,1
sample_05746.html,-0.4455906965930585,-0.4805110314497277,-0.4197508576995181,-0.43716090303832467,0.11967713595860101,-0.2695580091221512,-0.10977361938621372,-0.16487051446905313,-0.2372702724087152,-0.2687173992273175,-0.02613359816672435,-0.10175897261407163,-0.3830194319234974,1
sample_02007.html,0.15882325176635922,-0.07851759747774266,2.0484529351805563,-0.3042327772423199,-0.43919512588173526,-0.3365771940723391,-0.10977361938621372,0.6935632604725728,1.1880552688412862,2.0512682022528512,0.012434814590277775,0.06625163641574458,-1.2177037216344877,1
sample_09737.html,0.7138095705710512,0.4458216642248465,4.198178819301911,0.9135933598580006,0.31670984807320635,0.7357297651306668,0.22932624812042704,0.6093708161951268,0.8275398720594612,0.9677114233318034,-0.02613359816672435,0.11545370968890349,-0.9702191699644993,0
sample_02333.html,-0.4520377787088923,-0.4805110314497277,-0.4993703348891979,-0.49237720144589586,-2.256016803315404,-0.3365771940723391,-0.44887348689285445,0.7696945066346477,1.3590381007957983,2.1264666409116724,-0.027419211925291086,-0.10364022835686888,-1.5522331665246654,1
sample_09182.html,2.1375402044843463,3.093734935822922,-0.021653471751118984,1.8389776202071109,1.2894870027856549,0.21785424506103326,-0.10977361938621372,0.6290050793704469,0.5046421041994682,-0.18056596013826104,-0.02613359816672435,0.2733344801036576,-0.18753729989340762,0
sample_06205.html,0.36620439315901276,0.5506895165653642,1.4114971176631177,0.5526423721196184,2.0718287912118236,0.2787807768339313,0.5684261156270678,0.5160369761291871,0.0429281247780275,0.9732722230023672,-0.02613359816672435,-0.008709169335715194,0.5543332589031249,0
sample_07604.html,-0.44666521027903083,-0.4805110314497277,-0.4993703348891979,-0.4565888598854331,-0.4427160960122403,-0.31829923454046966,-0.10977361938621372,0.4949145214180221,0.08305697379239113,-0.25920521296449694,-0.0017069367539563366,-0.10364022835686888,-0.30199308665998276,1
sample_07145.html,-0.42732396393152944,-0.44555508066955507,-0.5789898120788778,-0.37580946036324553,0.1594108625301242,-0.275650662299441,-0.44887348689285445,-1.9925510562714843,-0.8453724769424319,-0.2694943572651209,-0.017134301856757187,-0.10118012469321093,1.2927157748466744,0
sample_07501.html,-0.44397892606410005,-0.4805110314497277,-0.4993703348891979,-0.4637465281975256,-0.14343345929320636,-0.30002127500860026,-0.10977361938621372,0.16156460426845545,-0.4762510913073016,-0.2623463433173303,-0.0107062330639235,-0.10335080439643853,0.596437971033009,1
sample_08632.html,-0.28495090054019995,-0.38438216680425297,-0.18089242613047862,-0.3911473210320153,0.9467137187333441,-0.2817433154767308,0.22932624812042704,0.22367667837584237,0.4871378031695344,-0.25502073896089905,-0.006849391788223287,-0.0813545834037322,0.05758308111280886,1
sample_08109.html,0.012152133631140524,0.419604701139717,-0.26051190332015844,-0.05575943440824947,0.18625836348546343,-0.2695580091221512,0.9075259831337085,0.5196128675014228,0.6000895447628939,-0.2544102719311964,-0.02613359816672435,-0.055306426965000995,-0.9611209316389867,0
sample_02014.html,-0.4520377787088923,-0.4805110314497277,-0.4993703348891979,-0.48828710526755725,-2.256016803315404,-0.3365771940723391,-0.44887348689285445,0.6948797331186194,1.5103472434801892,-0.23345460371158694,-0.027419211925291086,-0.10364022835686888,-1.3340155493845216,1
sample_02811.html,-0.44397892606410005,-0.46303305605964135,-0.4197508576995181,-0.45045371561792513,0.0938156483518938,-0.3365771940723391,-0.10977361938621372,0.7944799980894377,1.5199588508315613,-0.2417125577133822,0.0304334072102121,-0.10306138043600818,-0.01638505423741438,0
sample_03266.html,-0.39240226913742976,-0.34942621602408036,-0.4197508576995181,-0.38807974889826136,0.008774634451827851,-0.3304845408950493,-0.10977361938621372,0.531020141508658,0.41009475784352994,-0.19115478825346627,-0.0209911431324574,-0.08540651884975704,-1.1009292917056455,1
sample_08179.html,-0.22638990465470968,-0.1659074744281742,-0.4197508576995181,-0.1784623197584077,1.3793327893499345,-0.10505637333532646,0.22932624812042704,0.5045702028348975,0.9587044227798193,-0.25495414255765875,-0.02613359816672435,-0.06963291300630316,-0.9758699386285188,1
sample_01975.html,-0.26883319525061544,-0.2358193759885194,0.2968244370076003,-0.4320482828154014,-1.3392719189287854,-0.3365771940723391,-0.44887348689285445,0.4151904699568787,-0.2203386567689375,0.24748242168866716,0.01500604210741125,-0.09249740588030053,-1.2915380123883622,0
sample_05752.html,-0.2607743426058232,-0.1833854498182605,0.6153023457663196,-0.18255241593674632,0.6260305820179402,-0.14161229239906528,-0.44887348689285445,0.6162580389247154,0.8704267447628776,2.3013709946217396,-0.02613359816672435,-0.07542139221491008,-1.2253289784042947,0
sample_09583.html,-0.436457330262294,-0.4805110314497277,-0.5789898120788778,-0.41466537405746234,0.42914483866489467,-0.23300209005841238,-0.10977361938621372,-1.9925510562714843,-1.0894847444027822,-0.26943886026242064,-0.02613359816672435,-0.10320609241622336,0.25224883411605653,1
sample_04509.html,-0.2989195784578398,-0.3057312775488646,-0.5789898120788778,0.06080830667440085,0.6124942370448475,-0.1477049455763551,0.5684261156270678,-1.9925510562714843,0.08145250964481546,-0.2694943572651209,-0.02613359816672435,-0.09915415697019851,-1.1142973238915113,1
sample_08781.html,0.0578189652849632,0.4895166027000622,-0.021653471751118984,0.16715080731120466,0.31614781428729205,-0.30611392818589006,-0.10977361938621372,0.5683391299848396,0.6546393352419166,-0.029036943965533864,-0.006849391788223287,-0.010879849038942794,-0.2302921869867932,0
sample_02178.html,1.2258153419368514,2.263531104793822,0.6949218229559994,0.6160388628838669,0.7280669816266924,-0.275650662299441,0.5684261156270678,0.6684992587518447,0.17196462762669906,-0.13107373313018966,-0.02613359816672435,0.09258921681490612,-0.40930272451050287,0
sample_08171.html,1.3391765358069287,0.2535639349338971,0.05796600543856084,1.2551163907492744,0.05771874457317356,1.4912187591146029,-0.10977361938621372,0.5214069328090184,0.33601245182196304,1.7554136808578877,-0.02613359816672435,0.3925771518009604,-0.8281852947261948,0
sample_06647.html,-0.20221334672033298,-0.4368160929745119,-0.021653471751118984,-0.12938116561834442,1.3740368813377326,0.2300395514156129,-0.10977361938621372,0.43206359623893636,0.04138543170057193,-0.19175415588262884,-0.02613359816672435,0.00156538125956211,0.5383101337543524,1
sample_05522.html,0.5144872818231899,0.2623029226289403,-0.1012729489407988,0.1109119848590488,0.6425095967255381,0.49811629121636436,0.22932624812042704,0.44419947808918747,-0.38395831175822853,-0.2017658151697516,-0.022276756891024138,-0.055595850925431345,-0.06885092350388643,0
sample_07585.html,-0.4332337892043771,-0.4717720437546845,-0.4197508576995181,-0.43920595112749394,-0.5498168799907667,-0.2573727027675716,-0.10977361938621372,0.40139478109889704,0.27503548295533803,-0.2675630615711526,-0.02613359816672435,-0.10132483667342611,-0.3732409407576299,1
sample_04096.html,-0.4520377787088923,-0.4805110314497277,-0.5789898120788778,-0.4872645812229726,-0.7067890193140784,-0.3365771940723391,-0.44887348689285445,-1.9925510562714843,0.22606251694284138,-0.2694943572651209,-0.027419211925291086,-0.10364022835686888,-0.8721332970100784,1
sample_07997.html,0.6547113178425749,1.1187237167431694,0.45606339138695995,0.12318227339406462,0.7468578776945357,-0.21472413052654296,0.9075259831337085,0.6307952211092419,0.5151821934637215,0.0019414829417384448,-0.02613359816672435,-0.05139920349919132,-0.5411840581768183,0
sample_02290.html,-0.4278612207745156,-0.4542940683645982,-0.5789898120788778,-0.45249876370709446,-0.30790964141511107,-0.32439188771775945,-0.10977361938621372,-1.9925510562714843,-0.6068170925125972,-0.2694943572651209,-0.014563074339623712,-0.1019036845942868,-0.30612715850124467,1
sample_07290.html,-0.4337710460473632,-0.4368160929745119,-0.5789898120788778,-0.4760168167325414,-0.31379160765187486,-0.3365771940723391,-0.44887348689285445,-1.9925510562714843,-0.7132330130033169,-0.2694943572651209,0.0021499045217438758,-0.10364022835686888,0.21164916314273735,1
sample_00142.html,-0.37359827963291453,-0.3406872283290372,-0.18089242613047862,-0.3911473210320153,-0.31756689648078734,-0.22690943688112258,-0.10977361938621372,0.6597238817771996,0.3269816439445355,-0.22975850333175116,-0.02613359816672435,-0.10204839657450197,0.11131716247947773,0
sample_01630.html,0.6058209451308353,1.2323305567787302,1.0133997317147188,0.23463739425379168,0.6360274676719232,-0.31829923454046966,-0.10977361938621372,0.7372660954259516,0.7339395044313419,-0.07902864399790738,-0.02613359816672435,0.16118269543689825,-0.5805129095183541,0
sample_00583.html,-0.4520377787088923,-0.4805110314497277,-0.5789898120788778,-0.4872645812229726,-0.7067890193140784,-0.3365771940723391,-0.44887348689285445,-1.9925510562714843,0.22606251694284138,-0.2694943572651209,-0.027419211925291086,-0.10364022835686888,-0.8721332970100784,1
sample_01578.html,-0.3821943891206929,-0.2882533021587783,-0.5789898120788778,-0.37376441227407625,1.0298242566479083,-0.31829923454046966,-0.44887348689285445,-1.9925510562714843,-0.2285732750027962,-0.2694943572651209,-0.02613359816672435,-0.10204839657450197,0.2305492430794769,1
sample_07343.html,-0.3741355364759007,-0.44555508066955507,-0.4993703348891979,-0.41364285001287765,-1.035413089936848,-0.23300209005841238,-0.44887348689285445,0.5799765374946669,0.4098719797632737,-0.21535148143076963,-0.017134301856757187,-0.09872002102955299,-0.8192970539570225,1
sample_01510.html,-0.155472001380538,0.2186079841537245,-0.18089242613047862,-0.368651792051153,-0.7397151513966914,-0.32439188771775945,-0.10977361938621372,0.3979724614431527,-0.08329046054634556,0.48695198834018993,-0.01970552937389066,-0.0948127975637433,-1.3834794587987573,0
sample_02272.html,-0.43538281657632166,-0.4717720437546845,-0.4197508576995181,-0.44329604730583255,-0.5229898364475154,-0.2634653559448614,-0.10977361938621372,0.40139478109889704,0.28761655656448565,-0.2675630615711526,-0.02613359816672435,-0.10204839657450197,-0.354609449611985,1
sample_08152.html,1.4176160348829066,0.935204975147263,0.6949218229559994,1.3727066558765095,0.32192307253086794,1.0891036494134756,0.5684261156270678,0.27097419034685516,-0.7821207036984892,0.1028683320523895,-0.02613359816672435,-0.034467901814016044,1.1205996551396338,0
sample_01095.html,-0.3574805743433301,-0.4193381175844256,0.7745413001456792,-0.3492238352040446,0.042240834946274584,-0.20863147734925316,-0.10977361938621372,0.6150972301443942,0.6935705599094011,0.034329533717596776,-0.0017069367539563366,-0.09915415697019851,-0.7991521645160773,1
sample_01844.html,-0.37897084806277603,-0.4717720437546845,-0.18089242613047862,-0.15698931482213002,0.8529063525014203,-0.20253882417196337,0.22932624812042704,-0.2983747855912968,-0.8103824412247207,-0.1592662105019101,-0.002992550512523074,-0.10103541271299576,1.642709785544424,1
sample_03789.html,-0.3096647153175628,-0.3406872283290372,-0.4993703348891979,-0.37376441227407625,0.06381297614258408,-0.2695580091221512,-0.10977361938621372,0.3316516123233787,-2.6902543804442396,-0.26031515301850167,-0.02613359816672435,-0.0910502860781488,3.566025188243186,1
sample_05580.html,-0.4488142376509754,-0.4805110314497277,-0.5789898120788778,-0.46988167246503354,-0.4298780888433753,-0.31829923454046966,-0.10977361938621372,-1.9925510562714843,-1.077727390640248,-0.2694943572651209,-0.014563074339623712,-0.10364022835686888,-0.09693478183984239,1
sample_08916.html,-0.3676884543600669,-0.4542940683645982,-0.5789898120788778,-0.2858273444397962,0.44539417683210375,-0.08068576062616724,-0.10977361938621372,-1.9925510562714843,0.01953895250676549,-0.26928346865485997,-0.02613359816672435,-0.09799646112847712,-0.43245428039819866,1
sample_08054.html,-0.3230961363922165,-0.2358193759885194,-0.34013138050983827,-0.3727418882294916,-0.5767641426244139,-0.31829923454046966,-0.44887348689285445,0.5476703283877307,-0.08777296781085797,-0.24805031542174927,-0.011991846822490236,-0.10016714083170472,0.18717595379497404,0
sample_04110.html,-0.43592007341930783,-0.4805110314497277,-0.4993703348891979,0.031155109381445945,1.977399908452267,-0.275650662299441,-0.10977361938621372,0.2773733654950843,-2.294547393691357,-0.2684510136143564,-0.014563074339623712,-0.10306138043600818,2.776183779581342,1
sample_07919.html,-0.3295432185080503,-0.3406872283290372,-0.021653471751118984,-0.23879123838890218,1.4800981647374434,-0.2634653559448614,-0.10977361938621372,0.7116872089326881,0.8413545078616831,-0.08517771189709364,-0.013277460581056975,-0.09683876528675574,-0.4544011045421773,1
sample_00296.html,-0.25432726048998944,-0.2969922898538215,0.854160777335359,-0.29503006084105804,-0.026464341906519594,-0.17207555828551432,0.22932624812042704,0.5240542313421569,0.13281106006783536,-0.1895675739762395,-0.02613359816672435,-0.09568106944503435,0.015898924714896387,1
sample_09481.html,-0.42678670708854327,-0.4717720437546845,-0.34013138050983827,-0.44022847517207864,-0.46774732639272143,-0.245187396412992,-0.10977361938621372,0.7103324721443799,0.8069371111826481,-0.2578510860986111,-0.02613359816672435,-0.10277195647557784,-0.6899641260987417,1
sample_08554.html,-0.4138925428568757,-0.4368160929745119,-0.4993703348891979,-0.43920595112749394,0.5028605614050882,-0.275650662299441,-0.10977361938621372,0.35754486596656765,0.1821439736354546,-0.2646772174307403,-0.02613359816672435,-0.09814117310869229,-0.9427669209671474,1
sample_09336.html,-0.4520377787088923,-0.4805110314497277,-0.4993703348891979,-0.4903321533567266,-1.1508941274164883,-0.3365771940723391,-0.44887348689285445,0.8352568470252505,1.8698850901591582,-0.25206829841724643,-0.027419211925291086,-0.10364022835686888,-1.3206861868920878,0
sample_07518.html,-0.440218128163197,-0.4805110314497277,-0.5789898120788778,-0.48419700908921864,-2.256016803315404,-0.30611392818589006,-0.44887348689285445,-1.9925510562714843,-0.22645869738572902,-0.26943886026242064,-0.011991846822490236,-0.0959704934054647,-1.2020031351053397,1
sample_08208.html,-0.4520377787088923,-0.4805110314497277,-0.5789898120788778,-0.49237720144589586,-2.256016803315404,-0.3365771940723391,-0.44887348689285445,-1.9925510562714843,-0.14314776052739323,-0.2694943572651209,-0.027419211925291086,-0.10364022835686888,-1.420902100249105,1
sample_06658.html,-0.27098222262256005,-0.3581652037191235,0.7745413001456792,-0.3410436428473674,-1.6904691994921304,-0.1477049455763551,-0.10977361938621372,0.7696742964439123,1.2629430373771708,-0.15125244331199586,-0.004278164271089811,-0.07006704894694868,-1.146709502134285,1
sample_00259.html,0.3457886331255391,0.8041201597216157,0.3764439141972801,0.5025386939349705,1.3661306608365502,-0.0502224947397182,-0.10977361938621372,0.7311422959612848,0.31985780026257765,-0.16467161856491316,-0.018419915615323922,-0.057042970727583076,0.1373222575214913,0
sample_09237.html,-0.4520377787088923,-0.4805110314497277,-0.5789898120788778,-0.4872645812229726,-0.7067890193140784,-0.3365771940723391,-0.44887348689285445,-1.9925510562714843,0.22606251694284138,-0.2694943572651209,-0.027419211925291086,-0.10364022835686888,-0.8721332970100784,1
sample_08156.html,-0.3827316459636791,-0.2882533021587783,-0.4993703348891979,-0.3717193641849069,1.0272830076069597,-0.31829923454046966,-0.44887348689285445,-0.4061239611480421,-0.28286358990613614,-0.2629013133443327,-0.02613359816672435,-0.10219310855471715,0.10994819535876853,1
sample_01083.html,-0.42732396393152944,-0.4805110314497277,-0.4993703348891979,-0.40546265765620043,-2.052792901914536,-0.10505637333532646,-0.10977361938621372,0.3391934432522604,0.2686126538814507,-0.2680514351949147,-0.02613359816672435,-0.09886473300976815,-0.6952918737497927,1
sample_09714.html,1.4568357844208955,2.883999231141886,-0.4197508576995181,0.4728854966420156,1.5603765259558513,-0.32439188771775945,0.22932624812042704,0.5324397533733737,-0.8046698146519423,-0.22944772011662984,-0.014563074339623712,0.0002629734376255504,0.7826498328411495,0
sample_07580.html,-0.44344166922111394,-0.4805110314497277,-0.5789898120788778,-0.3850121767645074,0.0595402354823181,-0.2634653559448614,1.58572571814699,-1.9925510562714843,0.039198919164220844,-0.2694943572651209,-0.02613359816672435,-0.10060127677235024,-0.38186106209139314,1
sample_01927.html,-0.3273941911361057,-0.3406872283290372,-0.4993703348891979,-0.3931923691211846,0.4911933928541008,-0.2817433154767308,-0.10977361938621372,0.343253371727165,0.016396757465000942,-0.25871683934073486,-0.004278164271089811,-0.09582578142524951,-0.20254721649351112,1
sample_07302.html,2.215979703560324,3.4345554559296048,0.2968244370076003,1.5690312724367625,0.6284476452411643,-0.04412984156242839,0.22932624812042704,0.5502026048383432,0.15195413048946965,-0.11458002392767923,-0.005563778029656549,-0.03041596636799119,-0.18733350826224401,1
sample_06916.html,-0.44075538500618316,-0.4805110314497277,-0.5789898120788778,-0.459656432019187,-0.05868085372228814,-0.2878359686540206,-0.10977361938621372,-1.9925510562714843,-1.0061420078552301,-0.2694832578645808,-0.008135005546790024,-0.10364022835686888,-0.43351692774575273,1
sample_01359.html,-0.44344166922111394,-0.4805110314497277,-0.5789898120788778,-0.4729492445987875,0.4127608013385202,-0.31220658136317986,-0.44887348689285445,-1.9925510562714843,-1.3410129728618396,-0.2694943572651209,-0.017134301856757187,-0.10364022835686888,0.5851104626903658,1
sample_04432.html,-0.3950885533523605,-0.3756431791092098,-0.34013138050983827,-0.4647690522421103,-1.6251759410766895,-0.3365771940723391,-0.44887348689285445,0.4922069880197159,-0.050093966956637016,0.7511621187954785,0.0008642907631771383,-0.09018201419685776,-1.5238889461597707,0
sample_09707.html,-0.1893191824886654,-0.2358193759885194,3.561223001784473,0.05365063836230829,0.8664207563247215,-0.11114902651261627,-0.10977361938621372,0.6571291802351038,0.623861994833368,0.11781922457983336,-0.02613359816672435,-0.06355500983726588,-0.4543204535901988,0
sample_06366.html,-0.4520377787088923,-0.4805110314497277,-0.5789898120788778,-0.48828710526755725,-0.6043607312695036,-0.3365771940723391,-0.44887348689285445,-1.9925510562714843,-2.336230371722912,-0.2694943572651209,-0.027419211925291086,-0.10364022835686888,-0.023037975516175,0
sample_03773.html,0.6847977010497992,-0.20960241290338993,0.854160777335359,1.659013388360212,1.3069560157374314,1.1561228343636636,-0.10977361938621372,0.7213498237195023,0.11186365534899796,0.41874617202159864,-0.02613359816672435,-0.024916911119814603,-0.2183202924007711,0
sample_01043.html,-0.4488142376509754,-0.4805110314497277,-0.5789898120788778,-0.46988167246503354,-0.4298780888433753,-0.31829923454046966,-0.10977361938621372,-1.9925510562714843,-1.0897108829652162,-0.2694943572651209,-0.014563074339623712,-0.10364022835686888,-0.0949130191863865,1
sample_03724.html,-0.4343083028903494,-0.4717720437546845,-0.4197508576995181,-0.44022847517207864,0.06416672343532498,-0.2817433154767308,-0.10977361938621372,0.3600250372681366,0.7619291871056908,-0.25508733536413936,-0.02613359816672435,-0.10320609241622336,0.4866278016543872,1
sample_03631.html,-0.4332337892043771,-0.4717720437546845,-0.4197508576995181,-0.43920595112749394,-0.5498168799907667,-0.2573727027675716,-0.10977361938621372,0.4132812903160362,0.31287655432861566,-0.267651856775473,-0.02613359816672435,-0.10132483667342611,-0.7518343318236965,1
sample_03911.html,-0.4520377787088923,-0.4805110314497277,-0.5789898120788778,-0.4903321533567266,-1.044802351692958,-0.3365771940723391,-0.44887348689285445,-1.9925510562714843,-0.30824990059887347,-0.2694943572651209,-0.027419211925291086,-0.10364022835686888,0.07711162831259054,0
sample_06760.html,-0.436457330262294,-0.4805110314497277,-0.4993703348891979,-0.44329604730583255,0.08141459285252393,-0.2878359686540206,-0.10977361938621372,0.5789469034124965,1.1354876761572277,-0.2577955890959109,-0.02613359816672435,-0.10320609241622336,-0.050072654405222496,1
sample_01252.html,-0.3370648143098564,-0.270775326768692,-0.021653471751118984,-0.3717193641849069,-0.4768447036342072,-0.2695580091221512,-0.10977361938621372,0.717778885725426,0.6859413769602188,-0.24879397525793245,-0.006849391788223287,-0.0888796063749212,-0.14536367070368544,1
sample_02389.html,-0.3821943891206929,-0.2882533021587783,-0.5789898120788778,-0.37376441227407625,1.0349185882949992,-0.31829923454046966,-0.44887348689285445,-1.9925510562714843,-0.7702275040533052,-0.2694943572651209,-0.02613359816672435,-0.10204839657450197,0.2499703599778838,1
sample_05144.html,-0.41872785444375105,-0.44555508066955507,-0.4993703348891979,-0.41466537405746234,-0.8807664702485071,-0.30002127500860026,-0.10977361938621372,0.40973863008096567,0.16405806970595405,-0.25702973045864763,-0.014563074339623712,-0.10045656479213506,-0.3289161631971167,1
sample_06257.html,0.5209343639390237,0.8478150981968314,-0.34013138050983827,0.2673581636805005,0.47637894411129506,0.2787807768339313,-0.10977361938621372,0.5671134422438701,-1.1117594829304343,-0.2612586020644057,-0.022276756891024138,-0.08873489439470603,1.139470830588734,0
sample_05816.html,1.1581209797205965,-0.09599557286782896,0.2968244370076003,1.1109405004628385,1.4514736365554781,3.2824587932378053,-0.10977361938621372,0.6217898587186877,-1.4696132825486226,-0.22547413472329286,-0.02613359816672435,-0.006104353691842075,1.5458087097547393,0
sample_05379.html,-0.0614520538579619,0.1486960825933793,-0.26051190332015844,-0.07927748743369648,0.4282333150050372,-0.32439188771775945,-0.44887348689285445,0.5709458367443797,-0.6723888860009706,-0.26236854211841043,-0.013277460581056975,-0.09003730221664259,0.5753217239253622,0
sample_09081.html,0.5940012945851401,0.7429472458563137,-0.021653471751118984,0.8082733832657815,0.8522973478190723,0.08990852833794734,0.9075259831337085,0.4719828781074651,0.2899649104375832,-0.17122026488354114,-0.01970552937389066,-0.04358475656757196,0.06439726518255309,1
sample_09422.html,-0.440218128163197,-0.4805110314497277,-0.5789898120788778,-0.48419700908921864,-2.256016803315404,-0.30611392818589006,-0.44887348689285445,-1.9925510562714843,-0.19975210603412946,-0.26943886026242064,-0.01584868809819045,-0.09437866162309778,-1.2002264804210399,1
sample_04424.html,-0.06467559491587879,0.131218107203293,0.21720495981792048,-0.1978902766055161,0.1084704590299757,-0.31220658136317986,-0.44887348689285445,0.6173736472796554,0.5262798652614438,-0.14621331546681432,-0.01584868809819045,-0.0764343760764163,-0.6316012459228542,0
sample_05621.html,-0.3467354374836071,-0.3581652037191235,-0.5789898120788778,-0.2940075367964734,0.2513359591117207,-0.17207555828551432,0.22932624812042704,-1.9925510562714843,-0.33252878434647837,-0.26943886026242064,-0.02613359816672435,-0.10146954865364127,0.18732363134639052,1
sample_05479.html,1.4267494012136712,2.20235819092852,0.2968244370076003,0.9892601391572649,1.0711448982257306,0.5773207825211318,1.58572571814699,0.2049199569764395,-0.1799725062111095,-0.12853197040651881,-0.02613359816672435,0.008800980270320774,0.6050298527996876,0
sample_04011.html,0.8105158023085581,1.5381951261052407,1.3318776404734378,0.7223813635206707,0.4445057752561277,-0.03194453520784878,1.58572571814699,0.6266325442674049,0.6407130850798789,0.37304993999822345,-0.02613359816672435,0.0633573968114411,-0.5135437279261129,0
sample_05905.html,0.14001926226184402,0.4108657134446739,-0.4197508576995181,0.9626745139980639,0.3160670989562361,0.4554677189753357,-0.44887348689285445,0.28413005054202356,0.6618176290354967,-0.24518667008241704,-0.0017069367539563366,0.07377665938693359,-0.11161777916725531,1
sample_09468.html,-0.10228357392490924,-0.3057312775488646,-0.18089242613047862,0.04547044600563107,0.1522028708238687,0.40063384037972744,0.22932624812042704,0.5889108716857583,0.07005833516547605,-0.15532592331019324,-0.02613359816672435,-0.08714306261233912,0.24972939798395108,0
sample_09615.html,-0.11087968341268763,-0.09599557286782896,0.13758548262824066,0.19066886033665165,-0.08057187740334827,0.06553791562878812,-0.10977361938621372,0.533280528867412,1.588572472960624,-0.20566170475930823,-0.022276756891024138,0.000552397398055897,0.15331182373874208,1
sample_05768.html,0.6778133620909793,1.8353207077367077,1.9688334579908764,1.671283676895228,0.23482215226899986,0.9063240540947815,0.22932624812042704,0.5871237135294752,-0.5004035127715347,-0.18318541866571222,-0.02613359816672435,0.19953137019391917,1.2821739027334655,0
sample_09108.html,1.8162606123786291,0.3671707749694581,-0.18089242613047862,2.4351091381999628,1.0505942952979195,5.317404954452601,-0.10977361938621372,0.5870434646277364,-0.8397816672048638,-0.2053509215441869,-0.01970552937389066,0.08057812245704674,1.1653246757610574,0
sample_01320.html,-0.4520377787088923,-0.4805110314497277,-0.5789898120788778,-0.48828710526755725,-0.48966239268064643,-0.3365771940723391,-0.44887348689285445,-1.9925510562714843,-2.0929177960178302,-0.2694943572651209,-0.027419211925291086,-0.10364022835686888,0.020914824625828363,0
sample_08455.html,0.09005437586413215,-0.061039622087656356,0.2968244370076003,0.11602460508197206,0.23539571076042115,0.4371897594434663,-0.10977361938621372,0.5900959263830702,-0.2930351025150533,-0.19229802650909117,-0.02613359816672435,-0.0720930166699611,0.37057559278678925,0
sample_08684.html,-0.440218128163197,-0.4805110314497277,-0.5789898120788778,-0.48419700908921864,-2.256016803315404,-0.30611392818589006,-0.44887348689285445,-1.9925510562714843,-0.24369068605556432,-0.26943886026242064,-0.011991846822490236,-0.0948127975637433,-1.2020031351053397,1
sample_04842.html,-0.44129264184916933,-0.4542940683645982,-0.4197508576995181,-0.4719267205542028,-0.7458908189697567,-0.3304845408950493,-0.44887348689285445,0.6163763723225761,0.5200102200981837,-0.25354451868907274,-0.02613359816672435,-0.10277195647557784,-0.26294726983453237,0
sample_00588.html,1.854943105073632,3.0150840465675333,0.3764439141972801,4.450504030076312,0.2436964359206414,0.07163056880607792,0.22932624812042704,0.5321624452799822,0.4160692445180413,-0.09961803199969532,-0.022276756891024138,0.15409180840635478,-0.37204735621144625,0
sample_09692.html,0.13948200541885786,0.6817743319910116,2.128072412370236,0.3552952315147806,0.9612080132162246,-0.18426086464009395,-0.10977361938621372,0.6115499646562514,0.5522002969143656,-0.023220858082549024,-0.02613359816672435,-0.052556899340912705,-0.1493359712853046,0
sample_03979.html,-0.24250760994429416,-0.20960241290338993,-0.4993703348891979,-0.31752558982192036,0.8298338557395974,-0.3365771940723391,-0.10977361938621372,0.01660112101228969,0.024221177991065417,-0.2653542808636832,0.0008642907631771383,-0.08395939904760531,-0.14945186302667832,1
sample_00878.html,-0.4251749365595848,-0.44555508066955507,-0.5789898120788778,-0.39216984507659997,0.358353187461302,-0.30002127500860026,-0.10977361938621372,-1.9925510562714843,-0.05745604693687177,-0.2694832578645808,-0.017134301856757187,-0.10291666845579302,0.5885025223056402,0
sample_09541.html,-0.4520377787088923,-0.4805110314497277,-0.5789898120788778,-0.4903321533567266,-0.6655331777094177,-0.3365771940723391,-0.44887348689285445,-1.9925510562714843,-0.6516391703371995,-0.2694943572651209,-0.027419211925291086,-0.10364022835686888,0.28452891480864495,0
sample_07467.html,0.32322384572012086,-0.10473456056287211,0.05796600543856084,1.2551163907492744,0.47555714721801395,0.8210269096127242,0.22932624812042704,0.5259709231048263,0.5588773174954037,2.3989458247692963,-0.02613359816672435,-0.06659396142178452,-0.6437239862111708,0
sample_03938.html,-0.4251749365595848,-0.4542940683645982,-0.5789898120788778,-0.41364285001287765,2.293365649513998,-0.31829923454046966,-0.10977361938621372,-1.9925510562714843,-1.218418241391197,-0.2694943572651209,-0.0107062330639235,-0.09886473300976815,1.1697781050334084,1
sample_02425.html,-0.3999238649392358,-0.4018601421943393,-0.4993703348891979,-0.4259131385478935,0.6971209065931582,-0.3365771940723391,-0.10977361938621372,0.4788581713623059,0.20694799903185931,-0.19384084318415776,0.007292359556010826,-0.10103541271299576,-0.04403660991160059,1
sample_05357.html,0.9179671709057879,1.1362016921332556,0.7745413001456792,0.260200495368408,-0.1703681313526287,-0.21472413052654296,-0.10977361938621372,0.633899649152008,0.37334371101035574,-0.21676110529935563,-0.02613359816672435,0.22890790217759938,-0.5505700245752723,0
sample_04470.html,-0.35640606065735775,-0.4018601421943393,-0.26051190332015844,-0.05064681418532622,-0.47072778601811766,0.10818648786981676,0.9075259831337085,0.555819397256473,-0.46139434036799315,-0.21135569723635256,-0.02613359816672435,-0.10175897261407163,0.42472011266287263,1
sample_00345.html,-0.1903936961746377,0.03508924255781832,0.13758548262824066,-0.11608835303874394,1.2427741192542212,-0.1477049455763551,0.9075259831337085,-0.023642865427688314,-1.3586227441056236,-0.17556013049469968,-0.02613359816672435,-0.09220798191987019,2.0824706264974964,0
sample_07572.html,0.013763904160098971,0.08752316872807724,2.446550321128955,0.04035782578270781,-0.35926621214476473,0.351892614961409,-0.44887348689285445,0.6265975302636845,0.47178376781990083,0.16546895109825688,-0.02613359816672435,0.005906740666017309,-0.7048087773468763,0
sample_03249.html,1.5481694477285408,1.3109814460341187,1.0930192089043984,2.1866357953658926,0.022758353594771644,2.0334648918933955,-0.44887348689285445,0.41106154037071063,-1.3629811427118308,0.1630159835789064,-0.02613359816672435,0.03658568047163405,0.04422769545513912,0
sample_09862.html,0.08038375269038146,0.34095381188432866,-0.5789898120788778,0.22952477403086843,0.5141947368229635,-0.07459310744887743,-0.10977361938621372,-1.9925510562714843,0.20418982341295977,-0.2694943572651209,-0.02613359816672435,-0.0851170948893267,-0.9822347667799157,1
sample_08814.html,-0.41872785444375105,-0.4805110314497277,-0.34013138050983827,-0.38807974889826136,0.33801744186506427,-0.13551963922177548,-0.10977361938621372,-0.022983372795511166,-0.5055204018189376,-0.2460413239240007,-0.02613359816672435,-0.10219310855471715,0.5760287300397978,0
sample_05381.html,-0.3521080059134686,-0.39312115449929613,-0.26051190332015844,-0.4013725614778618,-0.05788687236888822,-0.30611392818589006,-0.10977361938621372,0.691750939718456,1.1085785674715678,0.01651499585082069,0.0008642907631771383,-0.0932209657813764,-1.3476353126697735,1
sample_05162.html,-0.14042880977692582,-0.09599557286782896,-0.18089242613047862,-0.2173182334526245,0.30507474642482546,-0.08068576062616724,-0.44887348689285445,0.5143617088717658,0.26645262091463773,-0.15759020102036292,-0.02613359816672435,-0.0851170948893267,-0.2938904690825867,0
sample_08494.html,-0.18340935721581775,0.026350254862775167,-0.4993703348891979,-0.29093996466271943,-0.9227742398408071,-0.245187396412992,-0.44887348689285445,0.5386488056130703,0.022508084003866217,-0.2543991725306564,-0.022276756891024138,-0.08207814330480806,0.3466399130379796,0
sample_09552.html,-0.3010686058297844,-0.3406872283290372,0.5356828685766397,-0.2060704689621933,1.019774580212051,-0.07459310744887743,-0.10977361938621372,0.3345212535430001,0.014110493972206479,-0.25387750070527415,-0.011991846822490236,-0.10233782053493232,0.2572277853044043,1
sample_06937.html,5.644752875497928,6.825282681606348,0.21720495981792048,3.0997497671799867,1.6442443333137868,0.6138767015848706,-0.10977361938621372,0.8260549337930672,-0.6887330172535964,-0.20109985113734874,-0.02613359816672435,-0.008419745375284848,1.25390282362958,0
sample_08286.html,-0.36446491330215,-0.4018601421943393,-0.26051190332015844,-0.3962599412549386,-0.10680725479912669,-0.17816821146280412,-0.44887348689285445,0.5618764970225875,0.5915855420373222,-0.19086620383942504,-0.013277460581056975,-0.09915415697019851,-0.6050314768780689,0
sample_01484.html,0.1717174159980268,0.5856454673455369,0.21720495981792048,0.013772200623506859,0.537445845323895,0.25441016412477213,0.5684261156270678,0.5113976674898841,-0.06615856789395778,-0.1877139740860516,-0.02613359816672435,-0.07817091983899838,0.09211411344767188,0
sample_03392.html,0.3726514752748466,0.27104191032398345,1.4114971176631177,0.33586727466767224,0.47376617285697764,0.40063384037972744,-0.10977361938621372,0.5457397689141235,-0.060713139568166645,-0.06200216356947466,-0.02613359816672435,-0.07918390370050458,0.037887156460472936,0
sample_08307.html,-0.27742930473839383,-0.24455836368356254,-0.26051190332015844,-0.3747869363186609,-0.22925128558182062,-0.30611392818589006,-0.10977361938621372,0.17074590480544438,-0.41602546702896676,-0.1730405665721089,-0.02613359816672435,-0.09090557409793362,1.086838887635501,1
sample_07957.html,0.11852898854239804,0.08752316872807724,2.128072412370236,0.3256420342218257,-0.17849793598550828,-0.2634653559448614,-0.10977361938621372,0.5313946124306219,0.49328169162192514,0.12523362414058503,-0.02613359816672435,0.2119766004924241,-0.23341633576918552,0
sample_08506.html,0.7712960527705692,1.7217138677011468,0.6949218229559994,2.1794781270538,-0.5443047944232393,-0.23300209005841238,0.5684261156270678,0.6144220034235454,-0.816929548912334,-0.1887684171373561,-0.02613359816672435,0.022548618390762238,0.6289537204304093,0
sample_06399.html,-0.25325274680401716,-0.3756431791092098,0.05796600543856084,0.14567780237492697,-0.1284831365132175,0.23613220459290268,0.5684261156270678,0.5967818852302736,-0.09997074559521706,-0.03461994243717771,-0.02613359816672435,-0.08916903033535155,0.3343416989115319,0
sample_09464.html,-0.44397892606410005,-0.4805110314497277,-0.34013138050983827,-0.4749942926879568,-0.5653632959070494,-0.30611392818589006,-0.44887348689285445,0.4952608859731087,0.27885269972616106,-0.26217985230922963,0.00472113203887735,-0.10364022835686888,-0.45758338824129646,1
sample_04165.html,-0.43538281657632166,-0.4717720437546845,-0.4197508576995181,-0.4494311915733405,-1.8285293515827974,-0.22690943688112258,-0.10977361938621372,0.4066228702510142,0.20549469220527664,-0.2642110426080583,-0.02613359816672435,-0.10233782053493232,-0.4970429029906451,1
sample_04597.html,-0.4498887513369477,-0.4805110314497277,-0.5789898120788778,-0.4535212877516791,1.0472953347203249,-0.3304845408950493,-0.10977361938621372,-1.9925510562714843,0.748100496505206,-0.2694943572651209,0.0034355182803106135,-0.10364022835686888,-0.42433674774012614,0
sample_05021.html,-0.33437853009492563,-0.3319482406339941,-0.26051190332015844,-0.34002111880278274,0.01414514116210497,-0.3365771940723391,-0.10977361938621372,0.8019331581113311,1.4292341160435051,0.23910237428093137,0.01500604210741125,-0.08540651884975704,-1.1499108468893033,1
sample_00015.html,-0.4321592755184048,-0.4717720437546845,-0.34013138050983827,-0.42489061450330884,-0.3225478221187722,-0.30611392818589006,-0.44887348689285445,0.5315055002242809,-1.2859927844050056,-0.24374374801221088,0.006006745797444088,-0.09119499805836398,-1.4148596281901216,1
sample_00005.html,-0.33115498903700874,-0.34942621602408036,-0.4993703348891979,-0.4003500374332772,0.4618700726624893,-0.2817433154767308,-0.10977361938621372,0.3316516123233787,0.10303679655129429,-0.26031515301850167,-0.004278164271089811,-0.09582578142524951,-0.3918705153675585,1
sample_04084.html,-0.27850381842436617,-0.3057312775488646,0.05796600543856084,-0.368651792051153,0.3066579853952638,-0.31829923454046966,-0.10977361938621372,0.6421964031702152,0.5385985637524334,-0.2382717435459675,-0.02613359816672435,-0.0422823487456354,-0.441387435898953,1
sample_08445.html,-0.10658162866879843,0.11374013181320669,-0.021653471751118984,-0.13756135797502164,-0.2828519217745731,-0.21472413052654296,-0.44887348689285445,0.3247476383195425,-0.9566191948559853,-0.2530672444658507,-0.022276756891024138,-0.0910502860781488,1.216455306327895,0
sample_03606.html,-0.43806910079125244,-0.4717720437546845,-0.4993703348891979,-0.4555663358408484,-1.7649839180135536,-0.245187396412992,-0.10977361938621372,0.3391934432522604,0.11032388241467624,-0.2680514351949147,-0.02613359816672435,-0.10045656479213506,-0.5562162430966727,1
sample_05810.html,0.06050524949989394,-0.3581652037191235,0.21720495981792048,-0.19686775256093145,0.27529993393422714,0.1508350601108454,-0.10977361938621372,0.5770233365435015,0.061124744363677375,-0.23256665166838314,-0.014563074339623712,-0.06225260201532931,-0.31886191252829077,1
sample_05325.html,-0.4520377787088923,-0.4805110314497277,-0.4993703348891979,-0.4893096293121419,-1.2220532489725586,-0.3365771940723391,-0.44887348689285445,0.37207412769844644,-0.33892487119245146,-0.2678294471841138,-0.027419211925291086,-0.10364022835686888,0.11082971052464799,1
sample_08290.html,-0.13344447081810587,-0.4018601421943393,-0.34013138050983827,-0.08643515574578904,0.9265705986274201,0.1386497537562658,0.22932624812042704,0.5430049987333628,-0.5941829335853546,-0.23586317362877723,-0.02613359816672435,-0.08222285528502322,0.5865823490828047,0
sample_00197.html,-0.3096647153175628,-0.3406872283290372,-0.4993703348891979,-0.37376441227407625,0.06381297614258408,-0.2695580091221512,-0.10977361938621372,0.3316516123233787,-2.690309147290967,-0.26031515301850167,-0.02613359816672435,-0.0910502860781488,3.5660843661725488,1
sample_04404.html,-0.4300102481464602,-0.4805110314497277,-0.4197508576995181,-0.44840866752875586,0.018632345509247382,-0.29392862183131047,-0.10977361938621372,0.3990997429129435,0.0014972833380833316,-0.26620893470526685,-0.006849391788223287,-0.1034955163766537,-0.24918019405228628,1
sample_09812.html,-0.400461121782222,-0.4805110314497277,-0.5789898120788778,-0.36558421991739903,0.03349143356066756,-0.245187396412992,-0.10977361938621372,-1.9925510562714843,-1.3355601875264023,-0.26939446266026046,-0.0017069367539563366,-0.1034955163766537,1.0061440378626116,1
sample_05854.html,-0.33921384168180096,-0.4105991298893824,-0.4197508576995181,-0.4279581866370628,0.5333227865455605,-0.1598902519309347,-0.44887348689285445,0.47805991859510477,0.2594098974699198,-0.265309883261523,-0.02613359816672435,-0.07701322399727699,-0.213447650275216,0
sample_01515.html,-0.3096647153175628,-0.3406872283290372,-0.4993703348891979,-0.37376441227407625,0.06381297614258408,-0.2695580091221512,-0.10977361938621372,0.3316516123233787,-2.6904106003766994,-0.26031515301850167,-0.02613359816672435,-0.0910502860781488,3.5660843661725488,1
sample_07987.html,-0.4520377787088923,-0.4805110314497277,-0.5789898120788778,-0.4872645812229726,-0.8796367463051897,-0.3365771940723391,-0.44887348689285445,-1.9925510562714843,-0.9433137454936896,-0.2694943572651209,-0.027419211925291086,-0.10364022835686888,0.2145568216151383,1
sample_09585.html,1.8898647998677316,0.4545606519198896,-0.18089242613047862,2.551676879282613,1.555255971515883,4.8909192320423145,-0.10977361938621372,0.6021904755407784,-0.6538718798469493,-0.20920241353158336,-0.017134301856757187,0.1577096079117341,1.2793243922154496,0
sample_02415.html,1.2107721503332391,0.9614219382323924,0.05796600543856084,0.5669577087438036,0.7799735224463218,0.918509360449361,0.5684261156270678,0.5954845249913885,0.29400247956129494,-0.10406889161625432,-0.02613359816672435,0.3765141219970762,-0.12854451831210542,0
sample_02226.html,-0.26292336997776783,-0.4717720437546845,-0.1012729489407988,-0.42489061450330884,-1.506706165320876,-0.29392862183131047,-0.10977361938621372,0.3414966888391553,2.0134137921451694,-0.07193612705281709,0.03429024848591231,0.3950372554646183,-0.22143369815302583,1
sample_07798.html,1.382694340088807,1.7129748800061035,1.3318776404734378,0.6221740071513748,-0.03424781793517444,-0.025851882030558975,0.22932624812042704,0.7309044920540505,0.5263555057239095,0.176734842646405,-0.02613359816672435,0.19736069049069158,-0.39098246833505423,0
sample_08984.html,0.016450188375029717,-0.3669041914141667,-0.18089242613047862,0.08023626352150924,1.3483483551547173,0.49202363803907456,0.22932624812042704,0.48119841191576085,-0.40275971255769477,-0.18244175882952907,-0.02613359816672435,-0.06442328171855691,0.6446830289199853,0
sample_08830.html,-0.1893191824886654,-0.2882533021587783,-0.18089242613047862,-0.22243085367554774,0.16895133229837503,-0.10505637333532646,-0.10977361938621372,0.2507268327675149,-0.3662960629157298,-0.1977145339726343,-0.004278164271089811,-0.08497238290911152,0.8577096373654874,1
sample_03595.html,-0.31020197216054896,-0.3057312775488646,0.45606339138695995,-0.3512688832932139,1.0044485387091693,-0.2878359686540206,-0.10977361938621372,0.649881823802103,0.4024661748884832,-0.19264210792583264,-0.02613359816672435,-0.06326558587683553,-0.7057934855753019,1
sample_06908.html,-0.28548815738318606,-0.2969922898538215,-0.26051190332015844,-0.3154805417327511,0.04645156142661753,-0.21472413052654296,-0.10977361938621372,0.7817780128955849,1.7819418895599968,-0.1728518767629281,-0.008135005546790024,-0.0883007584540605,-0.4735859269281916,1
sample_07075.html,-0.4520377787088923,-0.4805110314497277,-0.5789898120788778,-0.486242057178388,-1.0200836873138628,-0.3365771940723391,-0.44887348689285445,-1.9925510562714843,0.19333343166059386,-0.2694943572651209,-0.027419211925291086,-0.10364022835686888,0.25538278721721513,1
sample_09825.html,-0.4450534397500724,-0.4805110314497277,-0.4993703348891979,-0.4453410953950019,-1.7788717150280011,-0.20253882417196337,-0.10977361938621372,0.3703367708508456,0.06748986584704698,-0.26836221841003605,-0.02613359816672435,-0.10175897261407163,-0.5270958127290304,1
sample_06414.html,-0.14956217610769035,-0.11347354825791527,0.6153023457663196,-0.23367861816597893,1.0161093847207188,-0.17207555828551432,0.22932624812042704,0.806294401715805,1.59246187958386,0.45198887663904064,-0.02613359816672435,-0.07238244063039144,-1.2034599108522333,0
sample_09795.html,-0.43538281657632166,-0.4717720437546845,-0.4197508576995181,-0.4494311915733405,-1.8285293515827974,-0.22690943688112258,-0.10977361938621372,0.4066228702510142,0.20549469220527664,-0.2642110426080583,-0.02613359816672435,-0.10233782053493232,-0.4970429029906451,1
sample_06621.html,0.9394574446252338,-0.017344683612440594,0.05796600543856084,1.6477656238697809,0.8053566045689269,2.965640828018736,1.2466258506403491,0.5734189280459173,-0.06366315880570018,-0.1998456188763234,-0.02613359816672435,0.019654378786458773,0.33200614590692495,0
sample_08363.html,0.17225467284101295,0.5419505288703211,0.2968244370076003,-0.1528992186437914,1.3724198252598052,-0.3304845408950493,0.22932624812042704,0.5891887866917841,-0.042034768467593304,-0.17510505507255772,-0.017134301856757187,-0.03316549399207948,-0.47587131102506924,0
sample_04968.html,0.00839133573023748,0.00013329177764570985,-0.34013138050983827,-0.08541263170120439,-0.4154536087614861,-0.1477049455763551,-0.44887348689285445,0.5828737611941797,0.3277570346497469,-0.2633008917637744,-0.022276756891024138,-0.03663858151724364,0.2283350837078919,0
sample_02405.html,-0.4520377787088923,-0.4805110314497277,-0.4993703348891979,-0.4852195331338033,-1.1503438605789718,-0.3365771940723391,-0.44887348689285445,0.0077581451373332526,-1.681566737264921,-0.24999271051625757,-0.027419211925291086,-0.10364022835686888,2.66111621375388,1
sample_03808.html,0.5891659829982646,-0.26203633907364887,-0.1012729489407988,0.9544943216413867,0.5379863618850761,1.4120142678098353,1.9248255856536307,0.6516982196104145,-0.21904330290508675,-0.2331660192975457,-0.01584868809819045,0.5999494194493037,0.5411925513209934,0
sample_01063.html,-0.42678670708854327,-0.44555508066955507,-0.4197508576995181,-0.3829671286753381,-1.007595418317904,-0.2817433154767308,-0.44887348689285445,0.19429896936136978,-0.7225372122002529,-0.2665752149230884,-0.017134301856757187,-0.10262724449536266,0.6136338595882448,0
sample_04359.html,-0.4375318439482663,-0.4805110314497277,-0.5789898120788778,-0.45147623966250977,0.24583599780085408,-0.29392862183131047,-0.44887348689285445,-1.9925510562714843,-1.3504057394335323,-0.2694943572651209,-0.017134301856757187,-0.10364022835686888,1.0492797288689284,1
sample_02537.html,-0.41228077232791727,-0.44555508066955507,-0.5789898120788778,0.015817248712676164,1.6241579101563435,-0.275650662299441,0.22932624812042704,-1.9925510562714843,-1.8078278680962352,-0.2694166614613405,-0.02613359816672435,-0.08945845429578189,2.0972843915339854,1
sample_05924.html,0.5708992503367356,0.7866421843315294,-0.18089242613047862,0.5618450885208803,-0.5121447373130608,0.5224869039255235,-0.10977361938621372,0.06892634531654183,0.04112757070138515,-0.2089138291175421,-0.02613359816672435,0.13252972335429394,0.6987728427833781,0
sample_08923.html,-0.4026101491541666,-0.42807710527946874,-0.34013138050983827,-0.4340933309045707,-0.12160492216570515,-0.30611392818589006,0.22932624812042704,-0.10704674957547404,-1.8830343468220214,-0.18915689615625775,-0.01584868809819045,-0.10074598875256541,2.8987863294350773,1
sample_01151.html,0.09166614639309059,-0.1484294990380879,-0.18089242613047862,0.5137864584254017,1.1707805496699224,1.3206244701504883,0.22932624812042704,0.60733076094268,-0.4621502093755816,-0.14792262314998164,-0.02613359816672435,-0.04242706072585057,0.6733346642213012,0
sample_05058.html,0.20287831289122346,0.5157335657851917,0.2968244370076003,0.3327997025339183,1.0946836519907057,-0.21472413052654296,1.2466258506403491,0.7103448546187178,-0.2549765139543127,-0.1866928292363672,-0.02613359816672435,-0.06659396142178452,0.5354569726921147,0
sample_01012.html,-0.4144297996998619,-0.4805110314497277,-0.021653471751118984,-0.39523741721035394,0.36773112436228944,-0.20253882417196337,-0.10977361938621372,0.5123878949774493,0.1542322824735557,-0.2040633910815414,-0.02613359816672435,-0.10320609241622336,0.07737019114473408,1
sample_09197.html,-0.4235631660306264,-0.4542940683645982,-0.4197508576995181,-0.30934539746524314,1.6194174953720168,-0.275650662299441,-0.10977361938621372,0.3969467688943972,-0.6163367565565432,-0.2274498280194213,-0.02613359816672435,-0.1024825325151475,0.896788348201905,1
sample_09491.html,-0.39455129650937437,-0.34942621602408036,-0.4197508576995181,-0.38807974889826136,-0.007775932749499899,-0.3304845408950493,-0.10977361938621372,0.5194389108033574,0.39488834422712366,-0.1921204361004504,-0.0209911431324574,-0.08540651884975704,-1.1010924710323453,1
sample_06610.html,-0.4106690017989588,-0.4368160929745119,-0.34013138050983827,-0.43920595112749394,-0.35752830108885425,-0.3365771940723391,-0.10977361938621372,0.43486440045647184,0.047088224034698936,-0.25765129688889027,0.06900181996721423,-0.09568106944503435,-0.019640453122226342,0
